6.582340669469995191e+02 6.515126927789882529e+02 6.507441355584737721e+02 6.701245702101402912e+02 7.156056238398161895e+02 7.611140038454044543e+02 7.677614074541703530e+02 7.783615689182743154e+02 7.845676186686955589e+02 7.926126329465593017e+02 7.837363272074410361e+02 7.716509758215784132e+02 7.494929274921828437e+02 7.119265974433569681e+02 6.767015054835551382e+02 6.726296837943807532e+02 6.659736108676933100e+02 6.701774964256602516e+02 6.712815205143597268e+02 6.867260083549333558e+02 7.003014005655927576e+02 6.985170054418501877e+02 6.853142104309389424e+02 6.608458638376042700e+02
6.855941755549372374e+02 6.761474417004029647e+02 6.786927666074077479e+02 6.952457329628588241e+02 7.261786011105735952e+02 7.599048311306436290e+02 7.856097422147622638e+02 7.997074267695599019e+02 8.029702127471781523e+02 7.985978959389178726e+02 7.867146370003925995e+02 7.673278031673008854e+02 7.274695584632570444e+02 6.970748847279022584e+02 6.732524661303737048e+02 6.675164029735142321e+02 6.560978720884195354e+02 6.538284671017710252e+02 6.752405916832602770e+02 6.993713111413878778e+02 7.129232697345437373e+02 7.060484896947336892e+02 7.011178913954460086e+02 6.898089770080699736e+02
7.037932223017110118e+02 6.906228533879977931e+02 6.954837850498657872e+02 7.201083421429560758e+02 7.340794784897245790e+02 7.536100122052907864e+02 7.842202656376927052e+02 8.010125552582619548e+02 8.005291594381550340e+02 7.882418627412755541e+02 7.780188790135498493e+02 7.559977911434364160e+02 7.113965080473788021e+02 6.862898432176154984e+02 6.719864505744803864e+02 6.662022837402553250e+02 6.495458194406716075e+02 6.403276484533259918e+02 6.801230453024757026e+02 7.141451950944014015e+02 7.288789187862984136e+02 7.023364782034515201e+02 7.068201845450643077e+02 7.098128102929232455e+02
7.265052780227366611e+02 7.280021826337001585e+02 7.239741421170887179e+02 7.332571994407801412e+02 7.366017996847718905e+02 7.432687477578321023e+02 7.516120398310441715e+02 7.461935061724832394e+02 7.476543755891677847e+02 7.294431996074289373e+02 7.106752335057261689e+02 6.979590222843810352e+02 6.983146341063669524e+02 6.990373756081628471e+02 6.751965302318960767e+02 6.551274319515709976e+02 6.503878329661296220e+02 6.557248645766094342e+02 6.767642743570436323e+02 6.880974871802361577e+02 7.172007731239392569e+02 7.266469390796777361e+02 7.323407787918877148e+02 7.304134192579377896e+02
7.575104397823838553e+02 7.675847998606024021e+02 7.574063820279762922e+02 7.414587186237951073e+02 7.355947325675227830e+02 7.341995472782173238e+02 7.319278745155552315e+02 7.256146485219352371e+02 7.254297139581044576e+02 7.116866756441057760e+02 7.009729162096984965e+02 6.983264806123847848e+02 7.329672578424899712e+02 7.416286408723460681e+02 7.180976633120315000e+02 6.735123330739837684e+02 6.715781234616678148e+02 6.868273015996703634e+02 6.939485892854220310e+02 6.876470050219844552e+02 7.094883947788858904e+02 7.581760647318889141e+02 7.637686932432645790e+02 7.571425881548964298e+02
7.800595613928957164e+02 7.940531944512320024e+02 7.730662168154536857e+02 7.465277539377584617e+02 7.342423101192148351e+02 7.275721200055364761e+02 7.216323218999111759e+02 7.144739841913044529e+02 7.126928262670302274e+02 7.061069623441592285e+02 7.007224754262487068e+02 7.054208813021676860e+02 7.396636380117998897e+02 7.647011481470334502e+02 7.499175239799881183e+02 7.002163693907667721e+02 6.919853309531474679e+02 7.080444374202443214e+02 7.104271269283559604e+02 6.873441295650929987e+02 7.027770071219974852e+02 7.706283814430553321e+02 7.812898918071051639e+02 7.751351342178268169e+02
7.757879446043465350e+02 7.421211346853680197e+02 7.248370446596093188e+02 7.188105641311783529e+02 7.025997715769575507e+02 6.924103665675289676e+02 6.998963718279455861e+02 7.025857771004159531e+02 6.979103094892234367e+02 6.984336125094540648e+02 7.281269256345666463e+02 7.648404169067687235e+02 7.675149687237526450e+02 7.633525087631034012e+02 7.714003247715334055e+02 7.753565105602642689e+02 7.547054211141604583e+02 7.105314785700876428e+02 7.044907245134506866e+02 7.245923288557888782e+02 7.314240532278922728e+02 7.529051539175926564e+02 7.662879446065397815e+02 7.918609937430929904e+02
7.246856086960737002e+02 6.958186740433860678e+02 6.891341098100321005e+02 7.086745754248154299e+02 6.963690628920116978e+02 6.841500917689501193e+02 6.884470217399714329e+02 6.853134384878611627e+02 6.839597092064292383e+02 6.818612465689376450e+02 7.133639667175905288e+02 7.546072199254350608e+02 7.517182864157358608e+02 7.531750893632233783e+02 7.734680419584830133e+02 8.357224202875554511e+02 8.190664602247469475e+02 7.642808123094384882e+02 7.451411323718316453e+02 7.648034737341361051e+02 7.617718386612714312e+02 7.397053201376724019e+02 7.476525489045379800e+02 7.636654293030084091e+02
6.855864361519634258e+02 6.699273806789358332e+02 6.822503461513563252e+02 7.021269603981095315e+02 6.964910217652550273e+02 6.850067784070927246e+02 6.792457519179176870e+02 6.753061585727812144e+02 6.822911460526642031e+02 6.799835750160059433e+02 6.924926201456167973e+02 7.174625532465214519e+02 7.424643793583175011e+02 7.539658824466066562e+02 7.909294088613606846e+02 8.444044656332335990e+02 8.561547789814950420e+02 8.151685697227261471e+02 7.953813665673711739e+02 7.950134281638777338e+02 7.625274168602811642e+02 7.416274103619691687e+02 7.351164049350221603e+02 7.325464443236784291e+02
6.747092972800918460e+02 6.776932610600066482e+02 6.497318032552735758e+02 6.405974820545603734e+02 6.691696531835141286e+02 6.880209201526623701e+02 6.742051614768797663e+02 6.613809490421772352e+02 6.643800862361636064e+02 6.741683835805199578e+02 6.720666084478107223e+02 6.518063806296134999e+02 6.726229243269769995e+02 7.210145778125641982e+02 7.574430868918512942e+02 7.735162570619063445e+02 7.972866650925752765e+02 8.569313057212356171e+02 8.749841739075209262e+02 8.163063923322692972e+02 7.735239678570934529e+02 7.364722277619193846e+02 6.910241712323926322e+02 6.673713430595255431e+02
7.350743961015182322e+02 7.572537399052188221e+02 7.459214118355419032e+02 7.108455968068667516e+02 7.199956448386809598e+02 7.292171675691873816e+02 7.218689641560040400e+02 7.206837511788802431e+02 7.210991466237132954e+02 7.351007414489640723e+02 7.321109445255553965e+02 7.095186940917210450e+02 7.047145423274751010e+02 7.124583353224004441e+02 7.166226879207232514e+02 7.085988467184645287e+02 7.285799661526533555e+02 7.724092295798562873e+02 8.072379289704256280e+02 7.813669307343268429e+02 7.571197673149135881e+02 7.037959710344973701e+02 6.708418162365049966e+02 6.661071749557135036e+02
7.376165551595156558e+02 7.818740347887080588e+02 7.900535922557933191e+02 7.593837893216721113e+02 7.353635864158345612e+02 7.212072370671870658e+02 7.454675324204059734e+02 7.535909221348111942e+02 7.490921790644410976e+02 7.539923853281507036e+02 7.672809738016896972e+02 7.595231079398658949e+02 7.066030469451997078e+02 6.850855359701090492e+02 6.683722886081131946e+02 7.061699358144994676e+02 6.943288182028323945e+02 6.943097559792023503e+02 7.062212190083871519e+02 7.234562282808137752e+02 7.280435500865366976e+02 6.839278457403966058e+02 6.680488064820830232e+02 6.868135659015113106e+02
7.729588074481391686e+02 8.198638500273971204e+02 8.790672080510464639e+02 8.733924859457879393e+02 8.278699925763274905e+02 7.894487136736267985e+02 7.886893469464203008e+02 8.025410089826090143e+02 8.164074648704367974e+02 8.189444852622672215e+02 8.172767726269934201e+02 8.398541834818497591e+02 8.287107282443803342e+02 7.809923167978217862e+02 7.041045670054777474e+02 6.807989219936175687e+02 6.600731013946709709e+02 6.357897612632434630e+02 6.167239109078994943e+02 6.044203969698655783e+02 6.205827951645309213e+02 6.625964831764356404e+02 7.241530557679393496e+02 7.623420639834714621e+02
7.806978990466155892e+02 8.120815364466144501e+02 8.477014915115850044e+02 8.216921062948231338e+02 8.061920570722780894e+02 7.716246473247954327e+02 7.270507898635841002e+02 7.277148123213090685e+02 7.481684607793904433e+02 7.611196688913870503e+02 7.517467715896272011e+02 7.591995596773718944e+02 8.427093467804332931e+02 8.270486633743919356e+02 7.570356523305952123e+02 6.829618726239135640e+02 6.760846411891907337e+02 6.807670787764890292e+02 6.508610079779805346e+02 6.150965813833782931e+02 6.247501843773992505e+02 6.963655294577489485e+02 7.534840781884561238e+02 7.773463987072857435e+02
7.708479874979556143e+02 7.488335699010193593e+02 7.229934721896358951e+02 6.945726160706926748e+02 7.388104913217450758e+02 7.378124310561620405e+02 6.788169052467870870e+02 6.546436486929975445e+02 6.700348502882819730e+02 7.002825683301949766e+02 6.859146665080751291e+02 6.809530119748345669e+02 7.883547458178843499e+02 8.286319361143742981e+02 7.893738094811388919e+02 6.979563857374291729e+02 6.936106514530738423e+02 7.159417747452413323e+02 6.733919356583999161e+02 6.331182559067021884e+02 6.552147231995513721e+02 7.301840371659872062e+02 7.655349642867839748e+02 7.577409993597967741e+02
6.501793600287337540e+02 5.526550704107856973e+02 5.515402920410218712e+02 5.837241116688886677e+02 5.885885750900056337e+02 5.820504931839154779e+02 5.988538066371147579e+02 6.134859410510291582e+02 5.754510183579496925e+02 5.847681384869703152e+02 6.349861763512781181e+02 6.496796620917159544e+02 6.320864175288487559e+02 6.270425198748969251e+02 7.164921185365927840e+02 7.630486087585762789e+02 7.203930421670658006e+02 6.434749213423175433e+02 6.439408086679911776e+02 7.027485277770241510e+02 7.160382792791499469e+02 7.055183996777922175e+02 7.122274079884755338e+02 7.222865722844121592e+02
5.889198569371608301e+02 5.367225503666292070e+02 5.517326232315264178e+02 6.160279219643288116e+02 6.435410247279191935e+02 6.694582650360382559e+02 7.647419876055597570e+02 7.933111626938543850e+02 7.650585897937087339e+02 7.056442109315216840e+02 7.096483977624249064e+02 6.990212439195745446e+02 6.213782808610964139e+02 6.024558472301931715e+02 6.625332966889653790e+02 7.818653558725960693e+02 7.689326342949493664e+02 7.343445069685087674e+02 7.981140061087778577e+02 8.506833408081088237e+02 8.421544742304810143e+02 7.218499512782271950e+02 7.043005268062707955e+02 6.879159692697645596e+02
5.431442270759263238e+02 5.346496981349522457e+02 5.641604168166512636e+02 6.090010554706504990e+02 6.559747117950273605e+02 7.111591885356687044e+02 8.035902400032889545e+02 8.596098282261202712e+02 8.546529775790643271e+02 7.613525508164352686e+02 7.080307976548735951e+02 6.609709152696748333e+02 6.377469933381690907e+02 6.006577121650819890e+02 6.270747008556974151e+02 6.960765823932231342e+02 7.696259560606054038e+02 8.341270724636372051e+02 9.076374854485175092e+02 9.208843994672345161e+02 8.574528785389409222e+02 7.723003075130283150e+02 7.010640563953668334e+02 6.288073831633527107e+02
6.448597525904717713e+02 6.965754126195935214e+02 6.869829774154355846e+02 6.950797117240826992e+02 7.945988351593863399e+02 8.698207124892661568e+02 8.965442939846896024e+02 8.550916012796360519e+02 9.281120293713673846e+02 9.129290477486219970e+02 8.436546898457683028e+02 7.232153907117083236e+02 7.136248293905221090e+02 7.449092099008070136e+02 7.371525375411680443e+02 7.825550452912101491e+02 8.795864881056539843e+02 9.660015129509308736e+02 9.363649891657523767e+02 8.571226489708868712e+02 8.718221742401569827e+02 8.269606992635759752e+02 7.318298314425223907e+02 6.354425834893621641e+02
7.237542246429653687e+02 7.511217907870849331e+02 7.345995498568454423e+02 7.167279705650970527e+02 7.602209477486292144e+02 7.843590019971643414e+02 7.598804853496288843e+02 7.173039676181183495e+02 7.533809096949298691e+02 8.299433244319887990e+02 8.367747068675826085e+02 7.713363417301183063e+02 7.112855549420370380e+02 7.228965937036708738e+02 7.164073525024550690e+02 8.030322086797962129e+02 7.987721628926927906e+02 7.836817092551561927e+02 7.002869318363666480e+02 6.814398129810655291e+02 7.067594474773196680e+02 6.900175892899490009e+02 6.803796883963473192e+02 6.712704817326196007e+02
7.749066221522006117e+02 7.776288164809976706e+02 7.538794918943563061e+02 7.534648255243064341e+02 6.942107888411512704e+02 6.205441523934255201e+02 5.838390951920191583e+02 5.476942975802772935e+02 5.543832987883959049e+02 6.464443276917796766e+02 7.753615593760978300e+02 8.109042371455053626e+02 7.334657053183227617e+02 7.203904914827858192e+02 7.101557705914723329e+02 7.417863529784866614e+02 6.470872677303980254e+02 5.413437847506099843e+02 5.149132294158769128e+02 5.343336252642121735e+02 5.481456623515218780e+02 5.543136278351566943e+02 6.496584090730580101e+02 7.473169589028137807e+02
6.916564031040348937e+02 6.912607654647457593e+02 6.621083080232365319e+02 5.963180216954006028e+02 5.333229317818465915e+02 5.023762672952634603e+02 5.329882637204470939e+02 5.382099236251416414e+02 5.260769265207648004e+02 5.136185884883440167e+02 5.796338018402117314e+02 6.710413883746590500e+02 7.101766957433837888e+02 7.060026937933428144e+02 6.415522677746100726e+02 5.633942034819698392e+02 5.029626746425591364e+02 4.939580655511992404e+02 5.093836733488288360e+02 5.041033954934841859e+02 5.123780614168487091e+02 5.334800019002989302e+02 5.970951246417222364e+02 6.530451995416106001e+02
6.438606528934643620e+02 6.473349581654182430e+02 6.206156848092706468e+02 5.453437648843123497e+02 5.127038417839750082e+02 4.954399034883170998e+02 5.244732432553679473e+02 5.355721114504460729e+02 5.343051987506729574e+02 5.098849922425396812e+02 5.558923874828566341e+02 6.379969034184163093e+02 7.092063500476489253e+02 6.911192501750879273e+02 6.293564125682347594e+02 5.357010574959458609e+02 4.947097688643209494e+02 4.886701481990893399e+02 4.816999677576737895e+02 4.844553288273114617e+02 4.998924536216451884e+02 5.391272433232001049e+02 5.711487702355371994e+02 5.973141050550224236e+02
6.068419519987559170e+02 6.045928212772128063e+02 5.707133531016870620e+02 5.363027135857887515e+02 5.163897968886603849e+02 4.951804243739196636e+02 4.961683444309022093e+02 5.141082816187838489e+02 5.246713140260349064e+02 5.178097366936432309e+02 5.475413539589418406e+02 6.240748394321466321e+02 6.645276472381600570e+02 6.455164638203901859e+02 5.994302290027271738e+02 5.338765567828017993e+02 4.960196835367176504e+02 4.766392264753691848e+02 4.647997215582762465e+02 4.773210780308136236e+02 5.016510181740344478e+02 5.335106977505223540e+02 5.544526990778470008e+02 5.713473640610029634e+02
5.796012578604859300e+02 5.685438181235683714e+02 5.736945179780702802e+02 5.659574257610362338e+02 5.418487656459095660e+02 5.092851002427128151e+02 4.977129202608597325e+02 5.135488094414807847e+02 5.311864130926866210e+02 5.511651720329374484e+02 5.670356442772380205e+02 5.961817914741606046e+02 6.412314201514492424e+02 6.440297852442764679e+02 6.198952268785371871e+02 5.268357402962187734e+02 4.943100319228955755e+02 4.848166499830969087e+02 5.007221553857246477e+02 5.148300241534377619e+02 5.112445973832433310e+02 5.355793074572121668e+02 5.720685356139567830e+02 5.917942592601314118e+02
5.521320485395226569e+02 5.594511186915419785e+02 5.832287475879226122e+02 5.743489833702763008e+02 5.553621711648648898e+02 5.292766207700287850e+02 5.188682159614081684e+02 5.243573256204088011e+02 5.299028150193976217e+02 5.572275186997002265e+02 5.606878290451985549e+02 5.716980277427292094e+02 6.328350986747735760e+02 6.438702933842170069e+02 6.236834794805859019e+02 5.245651478178642719e+02 5.170753383556491372e+02 5.196146502700801193e+02 5.514274819028524917e+02 5.624886235686551572e+02 5.610138184756044666e+02 5.828888403532077973e+02 5.942078742058350826e+02 5.886662350153740135e+02
5.290009179721237160e+02 5.493650883711513870e+02 5.864382366674824425e+02 5.717660198998057695e+02 5.649641253530335234e+02 5.524197597154824280e+02 5.488326815008341555e+02 5.417240091803935229e+02 5.329263818693441408e+02 5.474407343205523375e+02 5.462566768926645864e+02 5.468967212162195892e+02 6.130171714607727154e+02 6.237812034285393565e+02 5.990341416287229777e+02 5.449903112798079974e+02 5.602500933852514891e+02 5.725357918104620012e+02 5.886909007235364015e+02 6.018972649444167473e+02 6.077250311854979827e+02 6.253757126766390684e+02 6.000268783854436379e+02 5.577202025186410310e+02
5.126094065020500921e+02 5.175632800635274862e+02 5.530192928015931102e+02 6.007603775539050730e+02 6.245151792619536764e+02 6.062541936792833894e+02 5.714955023148927467e+02 5.587786617134881908e+02 5.420685380650935485e+02 5.470070087898885731e+02 5.432978884161182123e+02 5.497529674998780820e+02 5.813449621898905662e+02 5.610288840315113248e+02 5.705323613155208022e+02 5.966234717108631003e+02 6.399863762809368382e+02 6.316602125966848007e+02 6.221304829997712886e+02 6.356787315943577141e+02 6.443377981506027936e+02 6.338188250021461272e+02 5.767336925676040664e+02 5.364013474765075671e+02
5.106237656978196924e+02 5.184745600494298969e+02 5.460282219962854242e+02 6.237043200148450524e+02 6.592440947588020208e+02 6.550004308038207910e+02 6.039829826413707679e+02 5.895777687757952208e+02 5.710605870781702151e+02 5.702796870578430344e+02 5.615076255385414470e+02 5.535406807618802532e+02 5.658117408645890691e+02 5.648991002298505464e+02 5.979794752943420235e+02 6.450099194944402825e+02 6.761195167303000062e+02 6.744656627220662131e+02 6.622449239009093844e+02 6.554385069412137454e+02 6.348170043152463222e+02 6.079095452038640133e+02 5.631579916919904463e+02 5.333250986324553651e+02
5.244020437644278445e+02 5.362209332292397903e+02 5.569434187079539242e+02 6.243722046076992456e+02 6.729866369622386628e+02 6.840499792096205738e+02 6.403007469817391666e+02 6.203443714907529056e+02 5.961573433826573591e+02 5.914459012238583000e+02 5.810825318187714856e+02 5.621651964414343183e+02 5.614500826157036499e+02 5.829882135258249036e+02 6.426928203920178930e+02 6.622584282307924468e+02 6.861134648090767314e+02 6.961306671534996440e+02 7.155442097051400197e+02 6.783333492653607664e+02 6.183814995313791769e+02 5.767863989421391580e+02 5.488341292445130648e+02 5.339663931081186092e+02
5.711949476346836718e+02 5.939464675880386721e+02 5.984999297283402484e+02 6.012994302149710393e+02 6.274526122560394015e+02 6.820039090699092412e+02 6.822379043345132459e+02 6.553753863422421091e+02 6.155558856923026951e+02 6.123801849216583832e+02 6.309329594789783187e+02 6.191271698828646777e+02 6.135550579923110490e+02 6.312469351116806138e+02 6.806978248818796828e+02 7.231140978977647364e+02 7.272749180758855800e+02 7.181241315407729644e+02 6.979793619889771890e+02 6.549287347726698272e+02 6.139985359091735972e+02 5.636637391075621508e+02 5.412674724960694448e+02 5.414161035993502082e+02
6.006317584196445978e+02 6.131317740908579026e+02 6.137167371256057322e+02 6.060252158734160730e+02 6.281058408383865981e+02 6.724711009875992431e+02 6.838977457019454960e+02 6.773551924045335682e+02 6.582916702666975652e+02 6.642434933392165703e+02 6.774626882931198679e+02 6.613577854504047764e+02 6.505685128939485367e+02 6.438282834602059665e+02 6.612502578465258694e+02 7.215370128623163737e+02 7.349589507721044583e+02 7.196367099872740027e+02 6.692302516334834763e+02 6.425122888348206516e+02 6.216425083378817362e+02 5.778122678448833085e+02 5.643164505803990778e+02 5.653030152836253137e+02
6.136475186621926241e+02 6.163039984910695921e+02 6.133284308600690338e+02 6.270878043400081197e+02 6.366012950537246979e+02 6.622859413631240386e+02 6.639916320542021140e+02 6.849437711963572610e+02 6.938109553153328761e+02 7.091396820057079822e+02 7.139210240934080502e+02 6.904127347413054849e+02 6.764373452401459872e+02 6.518320747397877994e+02 6.437921992287242574e+02 7.077021120606661952e+02 7.365448808124601783e+02 7.212108988882503127e+02 6.489805668608844371e+02 6.266415478726212314e+02 6.138784651349956221e+02 5.979721433956684677e+02 5.965123974655519987e+02 6.014725177560829934e+02
6.224858295940093740e+02 6.224918746947859063e+02 6.258135850399368110e+02 6.337277960832902863e+02 6.179675422400168827e+02 6.196062156252338582e+02 6.452279542599868591e+02 7.046668039626999871e+02 7.529305035675921545e+02 7.656185140597592635e+02 7.357935802233708955e+02 6.907081192857224323e+02 6.672881792111064669e+02 6.542580847264533759e+02 6.396505108934077271e+02 6.515179857151601936e+02 6.551906511354106897e+02 6.810134793189766924e+02 6.650133276785946919e+02 6.424973396478546874e+02 6.108008676907186327e+02 6.136431316296470868e+02 6.285036342725669556e+02 6.260517968789904444e+02
6.548172524985884593e+02 6.543362322446938606e+02 6.463224835879491366e+02 6.296810080983702846e+02 6.104903720813222208e+02 6.156801301669221402e+02 6.607216715687850410e+02 7.116707533712880149e+02 7.496699550638149958e+02 7.457685352160045795e+02 7.093132930276788102e+02 6.720663453942692058e+02 6.583749386111064723e+02 6.528541373389965656e+02 6.390171503704514180e+02 6.350133799924367395e+02 6.277923192187947734e+02 6.486879507117654384e+02 6.694723744922428068e+02 6.685240861677198154e+02 6.459226801254142174e+02 6.337058515102916090e+02 6.430196554865161715e+02 6.456839116751085612e+02
6.906072386070949278e+02 6.852008766266446855e+02 6.614133925961193654e+02 6.230830384731793856e+02 6.099503765893574609e+02 6.281795756823410102e+02 6.723022619564623028e+02 7.093067278027000384e+02 7.315865835268060664e+02 7.217906362690788455e+02 6.856151959659728163e+02 6.631168718739596670e+02 6.594361497655659150e+02 6.505934739285122532e+02 6.266959060469815768e+02 6.167402412829731020e+02 5.995968816166123361e+02 6.165367437201624625e+02 6.542308190159060359e+02 6.888032695124555858e+02 6.892499684998368821e+02 6.501865291311463579e+02 6.500814396673421243e+02 6.539895946647709479e+02
6.896294676426496153e+02 6.651580253082756826e+02 6.462541602627583188e+02 6.444811715220140513e+02 6.539361698724279677e+02 6.624818769684446806e+02 6.788769390806721731e+02 6.945221408255841880e+02 6.984448816449022388e+02 6.825253254121760165e+02 6.618891549906882119e+02 6.564534316900308113e+02 6.593588604228598342e+02 6.492371980562666067e+02 6.129779207592408738e+02 5.831664223545274126e+02 5.747696005975822118e+02 5.961948413363836607e+02 6.230317170801572502e+02 6.511830771785338356e+02 6.878973700484342544e+02 7.007277828467566678e+02 7.098858210465166394e+02 7.005874461448471493e+02
6.827596930674175155e+02 6.593474784730212832e+02 6.514351570825054978e+02 6.779732246323476375e+02 6.879712375508455580e+02 6.915072632395845176e+02 6.971838595768682580e+02 6.955221871661209434e+02 6.832739488455068795e+02 6.627904434682631063e+02 6.592421599076768643e+02 6.668543050281847400e+02 6.658374380589318662e+02 6.535930625719910267e+02 6.217310845536189845e+02 5.900163191515613335e+02 5.866016393897040189e+02 6.027158701375885812e+02 6.228394913524849699e+02 6.409757232318403339e+02 6.745262091075583157e+02 7.265606198582050865e+02 7.452735120827848050e+02 7.365048541700132319e+02
6.937531897865151223e+02 6.702218736999097928e+02 6.721227667322076513e+02 6.880625925223429249e+02 6.982389481836810319e+02 6.964006206398976246e+02 7.252199471348112638e+02 6.986094135511651757e+02 6.625482090733796667e+02 6.313845692282931168e+02 6.498709260382826187e+02 6.754776930896302929e+02 6.657174214303347526e+02 6.503219785660324987e+02 6.218289455693002310e+02 6.087961126846860225e+02 6.010838596784457195e+02 6.026073651959424069e+02 6.188725942900579184e+02 6.373923099247854225e+02 6.781776007807141013e+02 7.321347015113674388e+02 7.606927708538464685e+02 7.527441530230526041e+02
7.240960166877116535e+02 7.238312573174456475e+02 7.034880463747196018e+02 6.898058856541086925e+02 7.127018132736734515e+02 7.189120209611760401e+02 7.171589838702390125e+02 6.568114414579931690e+02 6.237412594990594243e+02 6.178829698106322894e+02 6.348060806358963646e+02 6.616764239699646168e+02 6.603568836169533824e+02 6.513587775480609707e+02 6.403936849425327864e+02 6.415870445317386839e+02 6.339637676964852062e+02 6.083967815915659685e+02 6.109731040866097374e+02 6.446217476891176830e+02 6.892077204893550970e+02 7.258054278133121215e+02 7.219977995735245031e+02 7.292364356857660823e+02
7.526241884616897551e+02 7.517773485339571380e+02 7.344424629849668236e+02 7.140300560372661494e+02 7.258485882900301931e+02 7.126462008971114983e+02 6.780251968405176513e+02 6.367172014307582231e+02 6.177510225310594478e+02 6.261446149457700585e+02 6.338135496075790343e+02 6.449407426311008749e+02 6.543139813031531276e+02 6.704123205120554303e+02 6.817379644129593999e+02 6.769127677409517219e+02 6.676128447663600127e+02 6.495828783348775914e+02 6.530965518060776276e+02 6.746752381773542311e+02 7.015333589698393553e+02 7.297452295005880387e+02 7.279096174806851423e+02 7.387233310097468575e+02
7.513818197335690456e+02 7.539225065196997093e+02 7.435655536357749043e+02 7.655816799421288579e+02 7.466525551846486906e+02 6.943673110678646481e+02 6.349625540950178220e+02 6.188265794582032413e+02 6.200968773881970719e+02 6.312360688093344834e+02 6.308008140489622519e+02 6.273348435032113457e+02 6.449004401191773468e+02 6.877556775659048753e+02 7.230325109332715101e+02 6.945858786869999904e+02 6.844580535799094605e+02 6.748138508287038348e+02 6.912761628563209797e+02 6.916202096397304331e+02 6.915857960678285963e+02 7.238503693688662679e+02 7.394796988492233822e+02 7.693614150754794991e+02
7.767592632425571537e+02 7.719738969312958261e+02 7.711316667636316424e+02 7.671185521090674229e+02 7.086513664870510638e+02 6.465357151366040398e+02 6.133064077648101602e+02 6.145506114450475934e+02 6.188270330436386075e+02 6.197105172211498711e+02 6.143301464674840418e+02 6.176595371261619221e+02 6.341851409616867841e+02 6.674636711171252728e+02 7.197267714286339242e+02 7.383722599785221519e+02 7.474614484030475978e+02 7.358251112731987860e+02 7.410816340327103262e+02 7.417903737618798914e+02 7.206324142635475027e+02 7.312790434611954424e+02 7.474310997162930335e+02 7.816956330621793541e+02
7.685930680880883301e+02 7.791148040916338005e+02 7.744866684284585290e+02 7.261556521854245148e+02 6.828453492880721569e+02 6.439181303093129145e+02 6.289160622023474616e+02 6.311881516300328485e+02 6.369003616126832412e+02 6.332540881170222065e+02 6.262116296383995859e+02 6.297626889103731855e+02 6.444431426161761465e+02 6.635993478989649930e+02 7.002736063869897407e+02 7.573874284498982661e+02 7.881090168904049733e+02 7.915870965091113476e+02 7.732656892087741198e+02 7.636445145961425851e+02 7.373053024550879400e+02 7.256663755128741968e+02 7.194565892313122504e+02 7.328880118764510598e+02
7.442565670462831804e+02 7.749846898294777020e+02 7.714699331356341645e+02 6.955042974039431556e+02 6.642205591784020271e+02 6.453514545184782492e+02 6.454955417869224448e+02 6.468022068361865422e+02 6.519568950770265019e+02 6.449879766016734948e+02 6.351597066778937233e+02 6.378087108429630234e+02 6.547771625840915704e+02 6.653829197577376817e+02 6.920402131857853192e+02 7.504994967701538826e+02 8.082435260228971856e+02 8.322260631864139668e+02 8.050858913175153475e+02 7.815705944066374968e+02 7.464859216664149244e+02 7.268219447226882721e+02 6.989695486417562051e+02 6.922870933234364657e+02
6.854253704688442213e+02 6.962163951741556502e+02 7.230907843087722995e+02 6.967677539517130754e+02 6.750634935266214143e+02 6.532861296023060049e+02 6.585927985676956951e+02 6.607334714056585199e+02 6.525703950344917530e+02 6.530355177179459361e+02 6.620478947150038493e+02 6.597183429606801610e+02 6.641152668897477724e+02 6.900129858264619997e+02 7.114386972998277088e+02 7.419288175276146831e+02 7.682993180646619749e+02 8.108438313921308236e+02 8.035751482880297090e+02 7.630101321455010748e+02 7.165648471459201119e+02 6.946363203410797951e+02 6.840001862386155835e+02 6.736586914680221980e+02
6.696746710164644583e+02 6.699909768424573713e+02 6.903373406617528190e+02 6.993763139899471071e+02 6.973372562967946351e+02 6.914342003582781899e+02 6.973663517181684028e+02 7.006671505881225812e+02 6.968137676966808840e+02 7.018732870974180287e+02 7.083243118593982217e+02 7.053269089799352969e+02 6.975352113132759087e+02 7.063962068230923705e+02 7.074186381715164771e+02 7.224006632144530613e+02 7.241430124258426986e+02 7.387119071970637378e+02 7.401557611181993934e+02 7.253501216968916196e+02 7.042828262902892220e+02 6.895126792476495439e+02 6.860285823797199782e+02 6.778624060922019225e+02
6.667201225599677628e+02 6.518104605820479946e+02 6.608775501614284167e+02 6.858834080357574976e+02 7.137022736530151406e+02 7.338662462787690401e+02 7.208117959905066527e+02 7.238248208947675266e+02 7.228332314853663547e+02 7.353664401354773190e+02 7.383201585019506865e+02 7.337189503369199883e+02 7.276844656131719375e+02 7.174826099673485942e+02 6.960756334620890584e+02 7.088071216208385295e+02 6.990263550616447219e+02 6.987246668316913656e+02 6.854932709945827582e+02 6.970367339451885300e+02 7.019371537822563596e+02 6.980299857203357305e+02 6.903051264344207993e+02 6.729214689774578346e+02
