-1.484415740274639778e-08
-4.205854376692945951e-09
2.398292486658970320e-08
2.834994008118870007e-08
8.815340614402181507e-09
-7.074985483499770064e-09
-3.548859459345258172e-09
-9.672945454636361868e-08
-2.915207200038411591e-07
-2.409004617857583435e-07
7.309970637834849435e-07
2.330398920743776728e-06
1.279745971648781078e-06
-4.672522222447859440e-06
-1.229098025131663889e-05
-6.640719245995526336e-06
2.145445957332257211e-05
5.813680300342771566e-05
4.181705288314978687e-05
-6.443861482490868548e-05
-2.069590935471958364e-04
-1.937399187743123370e-04
1.833894689139131532e-04
8.035070573661633230e-04
1.054358025609883386e-03
-1.802326268592250691e-04
-2.667070270620442839e-03
-5.533954482802010827e-03
-2.447395109082299396e-03
8.043364552959918201e-03
2.849863287220062019e-02
2.952806469864286548e-02
-2.588640251808177733e-03
-9.712086975978981296e-02
-1.537271097895587801e-01
-1.027162588393643328e-01
2.310660301751573942e-01
6.422583049818876288e-01
8.598403112443517848e-01
2.181437034349297532e-01
-1.411822758287622381e+00
-3.327668992942073078e+00
-4.493480647529333183e+00
-1.210288789862449033e+00
6.747626702844012669e+00
2.132352811299799455e+01
3.116737194180365478e+01
3.048411313585629046e+01
2.195408777586369098e+00
-6.034550596040850934e+01
-1.404598328239871137e+02
-2.391401770028160172e+02
-2.234293987868541080e+02
-4.160693819670601101e+01
4.016078188068757981e+02
1.268410262996166239e+03
2.519186605507252352e+03
4.190600335055018149e+03
6.075046670029223606e+03
8.054383830202736135e+03
9.988900084069506192e+03
1.150832553914726486e+04
1.261167807833825646e+04
1.316555682079170583e+04
1.312502368844894954e+04
1.261238567423396307e+04
1.165818153824843284e+04
1.046692305902250337e+04
9.096998734048298502e+03
7.616776835363474675e+03
6.249989411681145612e+03
5.010946390090786736e+03
3.972421529149029539e+03
3.193288111151604880e+03
2.613449112301897003e+03
2.269085178155882659e+03
2.057220402307282711e+03
1.914703345002805236e+03
1.833661953493408419e+03
1.797106864477692397e+03
1.803584593285785559e+03
1.831807481051825107e+03
1.836509911936819890e+03
1.821063568056956683e+03
1.774553182802781521e+03
1.700827203100489669e+03
1.608920848204110825e+03
1.502969909064918056e+03
1.406670497992135097e+03
1.325901741450686814e+03
1.258803882892206275e+03
1.190632527057353400e+03
1.120799593957417983e+03
1.049862915944884890e+03
9.864011035260411973e+02
9.315375384098526865e+02
8.862259358309963773e+02
8.421582298875932793e+02
7.957282921674470799e+02
7.395363918090586139e+02
6.717786032857204646e+02
5.981504152887328019e+02
5.218055626287746236e+02
4.508979503720794924e+02
3.855340133344293463e+02
3.269657613920677477e+02
2.738636905879965866e+02
2.247532880571070280e+02
1.793574583113460221e+02
1.383718108613638265e+02
1.021519822653283569e+02
7.132689925566687350e+01
4.643434552013270888e+01
2.704530810549868036e+01
1.348430276270302386e+01
4.595536144824478697e+00
-3.913584183352845636e-01
-2.462296727959599973e+00
-3.511890544202135533e+00
-3.298417413609907367e+00
-2.532719673998808929e+00
-1.977853322760904753e+00
-1.246668694171271463e+00
-6.371646481342627677e-01
-3.224943301854395483e-01
-8.377568232387298808e-02
3.616532218083277211e-02
7.058972510059033367e-02
7.082121114659488403e-02
5.180877259551684016e-02
3.682609014147383147e-02
2.032039075052904931e-02
8.714802595610008154e-03
4.138649375745745602e-03
1.254190678706990861e-03
9.692946441536026369e-06
-3.880050203882388633e-04
-2.005179307715214800e-04
5.095964386340172690e-05
3.639155260506250316e-05
1.246849285245504207e-04
1.668600573027153461e-04
1.118620639753228901e-04
8.437721543988298332e-05
6.454088682889474538e-05
3.845344201167066563e-05
2.156722177779800547e-05
1.473535274786065598e-05
1.068889528037134442e-05
6.097396754914785560e-06
3.215778822648135452e-06
2.283160777750029812e-06
1.211593884512994724e-06
6.221149289103734219e-07
5.416963087966198634e-07
3.145297411458299153e-07
1.359713371188731319e-07
9.229000835254901304e-08
4.323556983175460611e-08
1.088364920403807314e-08
8.368823778387487643e-10
-7.271153608081633550e-09
-5.278412716488614053e-09
-1.580029292195102750e-09
-1.771044307144862955e-09
-2.150672172753019958e-09
-8.370179151913542634e-10
-1.149724655869571128e-09
-1.224252129365598134e-09
-5.913098594225590645e-10
-4.039679409102007258e-10
-3.216180312480203137e-10
-1.058403875501926738e-10
-1.230468024129289558e-10
-1.443315104348966048e-10
-7.402323883454636025e-11
-3.606526404998173989e-11
-3.142597295952995927e-11
-2.931216080884343986e-11
-2.141469043842080122e-11
-5.706096933454114160e-12
-7.267689093601137970e-13
-2.582514882880718581e-12
-2.069520784550133683e-12
2.588734320342170295e-12
1.697606031798822426e-12
-2.048742548410882111e-12
-3.163779639067288619e-12
-2.006864316231533577e-12
-2.923733696679048634e-14
5.731730419884285241e-13
3.060930135905430587e-13
-5.790522079991152618e-14
1.807657108173146686e-14
6.329325819576195015e-14
1.922924058563715974e-15
-5.278497623471890162e-14
-5.024387453158710972e-14
-1.730066104367224256e-14
-7.756276886010428716e-15
3.510343860160870193e-16
4.318181429087094691e-15
4.670039906011109518e-15
4.765290801512571195e-16
-2.901230872006674248e-15
-1.845959393026215814e-15
6.556274816789459037e-16
2.516791585186931764e-15
1.816922484328227249e-15
-3.567189726184166934e-16
-1.778591492463016724e-15
-1.064310176341449194e-15
7.674760753857194716e-17
5.988340353300338370e-16
2.693620710202437432e-16
-3.210489485440710432e-17
-1.248954238071918770e-16
-3.135382192747396990e-17
4.009366956219891806e-17
3.305295555576848841e-17
-1.222812895862167263e-17
-2.176341980589439438e-17
-2.576238580280226811e-18
9.143887875779730338e-18
5.269115390532677342e-18
-1.456847466161108450e-18
-9.323330005268609687e-19
-6.420765655438234793e-19
2.442801057723568721e-19
8.710871798989874915e-19
-6.115569533997556530e-20
-7.506204531082408777e-19
-2.030217398116158258e-19
2.853178044195658748e-19
2.979272264229790669e-19
1.358823325434068219e-21
-1.506082461555316468e-19
-1.260416847741501570e-19
-3.833579292304798293e-20
3.611373734563262364e-20
4.161062423080995112e-20
8.166615175012795394e-21
-2.593070460529343452e-21
-3.070152707257535159e-21
-5.706875848198621157e-21
-3.174106151890997601e-21
1.672562883910702407e-22
1.879058725421024916e-22
-1.707011338602342505e-22
-2.471622267394294969e-22
2.637916950679364962e-23
2.521242005376928587e-22
4.101715048203876324e-22
3.735043441421266573e-22
4.231340472691117372e-23
-1.723954320455948390e-22
-9.792131691114912744e-23
-2.265264790673062160e-23
2.631173902804932739e-23
3.551402434911118193e-23
1.407229094609132052e-23
-9.438455306191199966e-24
-8.056378660102976114e-24
-3.621866905087702098e-24
-7.237134615859272493e-25
1.121075015522802863e-24
1.789772369182205975e-24
7.694586807256518396e-25
-4.339152248889562595e-25
-1.084266699210509022e-24
-8.038194454155623547e-25
-2.823857324628991223e-25
2.516224103992228516e-25
4.724844932081996480e-25
2.271668756442732724e-25
-5.865301720664783642e-26
-1.779655278877135623e-25
-1.275364727675466288e-25
-5.123219393599863919e-27
7.764579146404607794e-26
5.379321988538638576e-26
1.089652853751741224e-26
-1.586290010640620648e-26
-1.241939554373279205e-26
-6.224377655291820674e-27
-2.499000438927260844e-27
3.661487135354812917e-28
3.873526492199580406e-27
