5.701075928580283227e-08
7.217670542509879766e-08
9.245545692719261446e-08
1.168850560770978475e-07
1.486792934139878111e-07
1.891429241072901469e-07
2.390574041146079295e-07
3.035678890878753040e-07
3.855952013744676220e-07
4.864796244718767727e-07
6.161268772506562124e-07
7.802539069583821479e-07
9.814867823140448331e-07
1.238811018685699694e-06
1.563079630874065288e-06
1.959401074475595144e-06
2.463681328817305739e-06
3.096228226341792831e-06
3.866840666934134089e-06
4.842489753636832620e-06
6.060645793950494246e-06
7.539834232133586291e-06
9.403224278008904226e-06
1.171898010403413266e-05
1.452161570923077596e-05
1.803445320700068616e-05
2.237972567163244123e-05
2.762078949871036473e-05
3.415675446231945832e-05
4.220364134798002264e-05
5.187602274119888036e-05
6.387679419469719920e-05
7.858212074413258865e-05
9.619607031412874488e-05
1.179382698441498273e-04
1.444539841513135922e-04
1.761011267995630776e-04
2.149642048541974045e-04
2.621333335269912957e-04
3.182265400009044102e-04
3.867522609439984238e-04
4.695237815708578483e-04
5.675915078173101149e-04
6.867689247172111509e-04
8.300249696712258627e-04
9.991163544325494788e-04
1.203524177583376259e-03
1.448032129418774881e-03
1.735530501254907041e-03
2.081234094144067490e-03
2.492725494638053929e-03
2.974681737599821352e-03
3.551119647076954669e-03
4.233859422423253034e-03
5.030342004877352141e-03
5.977846981067190361e-03
7.094490580496451426e-03
8.391908842262934751e-03
9.926988454254614264e-03
1.172701829892595221e-02
1.380987883972546217e-02
1.626087105075346012e-02
1.912037716077445021e-02
2.241538350770427498e-02
2.627153429767755191e-02
3.074751688756771281e-02
3.588332773075089688e-02
4.186069277760254281e-02
4.876332597747589509e-02
5.664940927445083485e-02
6.577685615038718348e-02
7.626279933787501186e-02
8.819024572929180794e-02
1.019182205241002948e-01
1.176074227774885905e-01
1.353739890317742778e-01
1.557078141722841036e-01
1.788248312888210678e-01
2.048842407047811454e-01
2.345404893132025381e-01
2.680774354618946087e-01
3.057086290613897916e-01
3.482892052539788841e-01
3.961838569160677781e-01
4.496727174802105376e-01
5.098472374157215770e-01
5.771643985689151046e-01
6.519829879866818612e-01
7.356607841101130418e-01
8.287548814197919222e-01
9.317128922220836440e-01
1.046176999544740971e+00
1.172806030166469338e+00
1.312142700498193815e+00
1.466111810570082552e+00
1.635465673896205674e+00
1.820841619073329198e+00
2.024414410979051393e+00
2.247007460450715755e+00
2.489341322584451177e+00
2.753766798136329630e+00
3.041139174228642883e+00
3.352237502163327942e+00
3.689466471610117537e+00
4.053653482872001668e+00
4.445593757137359603e+00
4.867561800770235259e+00
5.320275850058787448e+00
5.804482430123070635e+00
6.322091497795006454e+00
6.873618592820629480e+00
7.459684021660535791e+00
8.081562686208741297e+00
8.739456509772423942e+00
9.433763229489338542e+00
1.016481711287320699e+01
1.093239776634619886e+01
1.173657314240433003e+01
1.257647444294431693e+01
1.345139222223817477e+01
1.436098491071179239e+01
1.530302564281321764e+01
1.627629039152410328e+01
1.728001068129695739e+01
1.831048630202781524e+01
1.936589015814877968e+01
2.044501774972456687e+01
2.154231788508882417e+01
2.265504478818232315e+01
2.378125257709024609e+01
2.491275487579538250e+01
2.604579622151750584e+01
2.717743766795568661e+01
2.829754421044780699e+01
2.940198332375754831e+01
3.048827862746687600e+01
3.154442288337432387e+01
3.256280547428549710e+01
3.353737715586179746e+01
3.444185458497820207e+01
3.526701253646285750e+01
3.599904116146233690e+01
3.663139768832053278e+01
3.717918083973230381e+01
3.764974238105237703e+01
3.808230215085481518e+01
3.848291088778948676e+01
3.886215196231105296e+01
3.922528097984988449e+01
3.957036471534450328e+01
3.989836902184988077e+01
4.020989260652237363e+01
4.050466829090762388e+01
4.078267616014097285e+01
4.104126249523795877e+01
4.127816889629409758e+01
4.149207275289561636e+01
4.167891431113211809e+01
4.183704644224485492e+01
4.196521088325601312e+01
4.205964469852595045e+01
4.211926422096022549e+01
4.214268477777276445e+01
4.212797316454329888e+01
4.207540250738261278e+01
4.198446314620755970e+01
4.185608861098447164e+01
4.169138160169196539e+01
4.149091913909695251e+01
4.125721772263134568e+01
4.099129721564485607e+01
4.069409762674133901e+01
4.036791878977930992e+01
4.001337406159862553e+01
3.963117955375052048e+01
3.922293101606235410e+01
3.878906303857924343e+01
3.833005546135127872e+01
3.784721211235663674e+01
3.734099424858754901e+01
3.681182472809164352e+01
3.626110036077817256e+01
3.568937142911856597e+01
3.509712053939059473e+01
3.448598916971779005e+01
3.385661361428663696e+01
3.320956359514932643e+01
3.254673315156842506e+01
3.186884041452167438e+01
3.117654506985473262e+01
3.047198758089530557e+01
2.975595457237338337e+01
2.902918783098763100e+01
2.829401136640968772e+01
2.755124834801745592e+01
2.680169893482082344e+01
2.604777994387721662e+01
2.529031360331082467e+01
2.453012452734099824e+01
2.376960971220460195e+01
2.300955311956959548e+01
2.225076321455708594e+01
2.149552161758699853e+01
2.074455033188226238e+01
1.999861444376782416e+01
1.925980442276578586e+01
1.852875484756031099e+01
1.780615880319374256e+01
1.709384311022476410e+01
1.639234006744993266e+01
1.570225047495696913e+01
1.502510182404929040e+01
1.436131672886483734e+01
1.371139271716842956e+01
1.307652564561337805e+01
1.245702015943783181e+01
1.185325811114702255e+01
1.126608763509395850e+01
1.069569918473931125e+01
1.014235763751019626e+01
9.606575412863875840e+00
9.088435014706153225e+00
8.588088252596955741e+00
8.105724603634858028e+00
7.641325482164727845e+00
7.194933628886307275e+00
6.766442386128723285e+00
6.355746486063567069e+00
5.962790826899601271e+00
5.587214756755692235e+00
5.228841799091330955e+00
4.887533378267446160e+00
4.562719399941375542e+00
4.254167997840723636e+00
3.961672361018874877e+00
3.684501861752071061e+00
3.422386447903916107e+00
3.175068116452139932e+00
2.941706436385386869e+00
2.722009342035186741e+00
2.515684714814012235e+00
2.321829964250996081e+00
2.140145481944280448e+00
1.970321003484168942e+00
1.811434997066539099e+00
1.663192840685091101e+00
1.525280537691296123e+00
1.396794435814241897e+00
1.277454712901223477e+00
1.166955617301851600e+00
1.064440240719281450e+00
9.696507187769269898e-01
8.822988659406805212e-01
8.015957227796444151e-01
7.273100832901514545e-01
6.591780795100774526e-01
5.964924106058143716e-01
5.390508550010184585e-01
4.866180290590796931e-01
4.385750059151702906e-01
3.947489243698442118e-01
3.549347498488967245e-01
3.186029465433247720e-01
2.856089254798084287e-01
2.557780234839777123e-01
2.286667273204852913e-01
2.041565642013380422e-01
1.821018453701686024e-01
1.621385347606123795e-01
1.441714479304554708e-01
1.280814711840798092e-01
1.135755155661732629e-01
1.005785410105771299e-01
8.899500916728406152e-02
7.859329828612299229e-02
6.931532382799636405e-02
6.108585967324677013e-02
5.372512455248990709e-02
4.718895119436876395e-02
4.141915762914450544e-02
3.627861735914726660e-02
3.173432307437858146e-02
2.774205089036183014e-02
2.419897457126332641e-02
2.108084156707380405e-02
1.835460251133845533e-02
1.594442394635994797e-02
1.383277964853857865e-02
1.199537722241124198e-02
1.037719457605884577e-02
8.965771416936963237e-03
7.743539901090042664e-03
6.671211981179250503e-03
5.740070127160697665e-03
4.937610752136465352e-03
4.236218608476340422e-03
3.629890430737900842e-03
3.109865608398913565e-03
2.657032147653136389e-03
2.267320038331323111e-03
1.934685388259158338e-03
1.646101917571146525e-03
1.398852602354553297e-03
1.188830973810032707e-03
1.007291765310636914e-03
8.524486842384697109e-04
7.215533940674020768e-04
6.088217596545035309e-04
5.130970400269023761e-04
4.325670857039630988e-04
3.634623943324365473e-04
3.050450612744021552e-04
2.561377323406853587e-04
2.143195389257459681e-04
1.791267184050782568e-04
1.498054472883053861e-04
1.248233817993887700e-04
1.038933326243559994e-04
8.653959559007100180e-05
7.180609892124482213e-05
5.951759236348294467e-05
4.937816582922375960e-05
4.079975977116451425e-05
3.367698324425097271e-05
2.782837470131301579e-05
2.289732530852415165e-05
1.882137029720932646e-05
1.549079758270112295e-05
1.269237957724498453e-05
1.038962541641050382e-05
8.517130309860470162e-06
6.949171713790447423e-06
5.664737163769479854e-06
4.625377439478448053e-06
3.757989283551276613e-06
3.050645538520673989e-06
2.481055515381457416e-06
2.007296735625673959e-06
1.622695222872529245e-06
1.314505675078191534e-06
1.059015738204681344e-06
8.525437960253321501e-07
6.879020122600955534e-07
5.518607140670691960e-07
4.424176690660621925e-07
3.555743808865508527e-07
2.840497346707842311e-07
2.267701715795936199e-07
1.815415065324503700e-07
1.444105558453013032e-07
1.148097967551920052e-07
9.155140054737639964e-08
7.251787927025372242e-08
5.741343505471632565e-08
4.560366815160161542e-08
3.596954531247903148e-08
2.835905830011561313e-08
2.243791654571964260e-08
1.762262767632240212e-08
1.383617171154803933e-08
1.090474498046788063e-08
8.528141962979934622e-09
6.667885271006815331e-09
5.234811183068522356e-09
4.076509401149498811e-09
3.174027185398421283e-09
2.482227441053333229e-09
1.924754343897789502e-09
1.492403485442480055e-09
1.162626357084755646e-09
8.976727520391367059e-10
6.931354264007950432e-10
5.378981211021514478e-10
4.135420797583843813e-10
3.179867545966636568e-10
2.458237753906021287e-10
1.881839815306805208e-10
1.440990474051395168e-10
1.109720825931504915e-10
8.458798374437534284e-11
6.450244487592909219e-11
4.948478904335290936e-11
3.755779170959344589e-11
2.852048408938030028e-11
2.179720988668328083e-11
1.647251837484340724e-11
1.245680579818885019e-11
9.484290635720178472e-12
7.136609815251628943e-12
5.374386009634437749e-12
4.076493896796891672e-12
3.054209628725206227e-12
2.290478036204576826e-12
1.730810571425103614e-12
1.291169625108180347e-12
9.642755755819717219e-13
7.259319335194545479e-13
5.391977637109732170e-13
4.010114766466925056e-13
3.007661016615836672e-13
2.224314020012427448e-13
1.647388315152123804e-13
1.230981605323264474e-13
9.064216777435528078e-14
6.685311281423320438e-14
4.976992512486298021e-14
3.648829346998644786e-14
2.680011667046649086e-14
1.987825347955977310e-14
1.451004757763996524e-14
1.061314460904331553e-14
7.843111062183828459e-15
5.700055575092489782e-15
4.151899141325718257e-15
3.057035805977147842e-15
2.212011027358334424e-15
1.604529906497737705e-15
1.177112167051366831e-15
8.480011238472407823e-16
6.125621563345190944e-16
4.477581586875460189e-16
3.211511908029002479e-16
2.310238846702973060e-16
1.682599327011209349e-16
1.201516313264517319e-16
8.607381539941465062e-17
6.246441870691669592e-17
4.440786810615130149e-17
3.168077487330003933e-17
2.290882264739160503e-17
1.621449490078463463e-17
1.151951677422839450e-17
8.300308708455130779e-18
5.848753858468344308e-18
4.137992083540682548e-18
2.971053779952601538e-18
2.084216879373037039e-18
1.468470526505969161e-18
1.050642635505979056e-18
7.337454140394711577e-19
5.148305601062678864e-19
3.670551190569634089e-19
2.551961811254684105e-19
1.783159958828644566e-19
1.266901666214210221e-19
8.768648433970710540e-20
6.101641300416439162e-20
4.320097879583993716e-20
2.976626876721816799e-20
2.062704546304809101e-20
1.455416038011799511e-20
9.982816357635903527e-21
6.889142120333077245e-21
4.844262677272522636e-21
3.307674016576866606e-21
2.273187362073309446e-21
1.593014891897873078e-21
1.082774766736160187e-21
7.410590409867074730e-22
5.175713643901873627e-22
3.501928510366687113e-22
2.386866590648920636e-22
1.661471148458537853e-22
1.119050327387715856e-22
7.596083593057482289e-23
5.270230154437627072e-23
3.533700093064950259e-23
2.389118094076164539e-23
1.652469817539603816e-23
1.103291859754153672e-23
7.432857839663073584e-24
5.128605261719419074e-24
3.413399910041887042e-24
2.295396399772379526e-24
1.584162220546712678e-24
1.055730923623817493e-24
7.131238245533017225e-25
4.979225884965981794e-25
3.377838641046965473e-25
2.326930706656753991e-25
