2.119641101366082756e-10
3.191742702553353951e-10
4.953806185479318638e-10
7.610655644951254864e-10
1.217228379932001994e-09
1.960749679746716570e-09
3.052420343255926362e-09
4.856607419867813568e-09
7.719762795195425108e-09
1.186281558342145015e-08
1.853219583045438107e-08
2.887333461591882022e-08
4.363889617444223123e-08
6.682595282892443193e-08
1.019832196840840653e-07
1.515083936117590430e-07
2.274185018852972598e-07
3.400194403246005254e-07
4.964561130435943191e-07
7.306069378118567362e-07
1.070534564873512657e-06
1.536163937522654428e-06
2.217088501228459210e-06
3.184983115324009001e-06
4.491883406705964142e-06
6.360139691998215178e-06
8.961541216375881980e-06
1.242340065032919507e-05
1.726394579568417244e-05
2.387020407038249330e-05
3.253426152660726580e-05
4.439311876516382761e-05
6.026784779884656538e-05
8.078943460450925648e-05
1.083066166026651561e-04
1.444542043199163696e-04
1.905133261637583658e-04
2.510329838150235793e-04
3.290721662966620653e-04
4.270620529273751274e-04
5.533319822537886195e-04
7.133481610426010630e-04
9.114940266204917246e-04
1.162420285728490077e-03
1.475500998957050575e-03
1.858350877353744709e-03
2.335605123657556997e-03
2.922541901136538941e-03
3.631742579449376805e-03
4.502593001661323036e-03
5.558914414458405832e-03
6.820502733164598465e-03
8.348028288931502380e-03
1.017753859693962780e-02
1.233920596553523576e-02
1.492401001028369374e-02
1.798514529827071814e-02
2.156744873946634528e-02
2.580408908592946027e-02
3.077183022024742795e-02
3.653578161816086606e-02
4.328687901170746866e-02
5.113385391784951856e-02
6.016946110858917285e-02
7.066262960497947387e-02
8.276475242825437340e-02
9.660571887066765617e-02
1.125578131558900019e-01
1.308281297432644930e-01
1.515954187569254485e-01
1.753656741133818031e-01
2.024167506457174304e-01
2.329900274505841418e-01
2.677594553451732584e-01
3.070898743658250218e-01
3.513004440888263802e-01
4.012688988456145633e-01
4.574630107992760930e-01
5.202950534716596076e-01
5.908803222372726038e-01
6.698031480595785236e-01
7.575826641919756188e-01
8.555985157864585133e-01
9.645602951389532498e-01
1.085103830870522978e+00
1.218886779201813209e+00
1.366744700103172283e+00
1.529433231925917402e+00
1.708881501869818687e+00
1.906040389676028068e+00
2.121778578255268055e+00
2.358262414172110244e+00
2.616532764515116849e+00
2.897551466865174952e+00
3.203652994684195843e+00
3.535925354547963195e+00
3.895387599392048372e+00
4.284432810322014618e+00
4.704134046417685511e+00
5.155513535842922934e+00
5.640870397001106262e+00
6.161181468525599669e+00
6.717399476432457384e+00
7.311535769833206189e+00
7.944372972774487174e+00
8.616704599232807738e+00
9.330026736854966529e+00
1.008481838805806774e+01
1.088161135804870305e+01
1.172113932569567929e+01
1.260346511452432594e+01
1.352875064022843787e+01
1.449672083358596453e+01
1.550691753099734527e+01
1.655902868671619288e+01
1.765155076130879053e+01
1.878342023916778203e+01
1.995376298991246600e+01
2.115968282891073571e+01
2.239946016893624048e+01
2.367159937586118446e+01
2.497173185668012607e+01
2.629747687570067427e+01
2.764669872087074864e+01
2.901358586451038235e+01
3.039514592130505122e+01
3.178863513923032258e+01
3.318695444340689704e+01
3.458660796994050912e+01
3.598433225286364490e+01
3.737202666497239534e+01
3.874585672503635436e+01
4.010218376339604873e+01
4.143231259214353202e+01
4.273228292909279702e+01
4.399827480626564835e+01
4.522150229072836680e+01
4.639812459999224359e+01
4.752437150910566288e+01
4.859193001769774156e+01
4.959733318434166449e+01
5.053710945124748122e+01
5.140397243903984048e+01
5.219507972961829978e+01
5.290749098912156256e+01
5.353549405976843900e+01
5.407707095257645591e+01
5.453005448124156374e+01
5.489073671664213094e+01
5.515809404580716091e+01
5.533088750217360285e+01
5.540768260267479661e+01
5.538849891170561790e+01
5.527310771944696910e+01
5.506243991657512993e+01
5.475757253984311035e+01
5.435931723350328326e+01
5.387092920695869225e+01
5.329445736873170603e+01
5.263169700874959034e+01
5.188797068402304546e+01
5.106613825131963580e+01
5.016884033007406174e+01
4.920306444367020049e+01
4.817226958296137695e+01
4.707974679513744576e+01
4.593364122771962599e+01
4.473776513830576107e+01
4.349582565444087834e+01
4.221656068163191122e+01
4.090388058298294993e+01
3.956165772826125959e+01
3.819865524987571348e+01
3.681864071477870937e+01
3.542540804637994256e+01
3.402722600168608835e+01
3.262751265281849555e+01
3.122976793413468855e+01
2.984133578235873685e+01
2.846512684995321507e+01
2.710417585155202147e+01
2.576458856094171423e+01
2.444866701412842147e+01
2.315886371940870703e+01
2.189986289556181021e+01
2.067331471739409565e+01
1.948103001218687069e+01
1.832621611651729765e+01
1.720988129668213773e+01
1.613318979013867960e+01
1.509793038684571975e+01
1.410452327125382688e+01
1.315352780453039472e+01
1.224546280473511040e+01
1.138024596525302456e+01
1.055790881907912215e+01
9.777910681832045370e+00
9.039771044747819673e+00
8.343093190931298864e+00
7.686520062580134649e+00
7.069283551033053392e+00
6.490668178524226839e+00
5.948749586729738859e+00
5.442578512531459189e+00
4.971229040107774999e+00
4.532442771528884862e+00
4.125183776236206690e+00
3.748414228981866270e+00
3.399743684786086462e+00
3.078127197254536540e+00
2.782498005797067631e+00
2.510495434803035941e+00
2.261124230919400624e+00
2.033353184435223948e+00
1.824970074712628287e+00
1.635069305472076406e+00
1.462700741744869415e+00
1.305877979615631901e+00
1.163808170585570068e+00
1.035650214878111930e+00
9.196846594723361301e-01
8.152405046079648221e-01
7.215986939766825259e-01
6.373185626710358154e-01
5.618493743530379447e-01
4.945953800049892601e-01
4.343847702361547380e-01
3.807780724533544880e-01
3.332956735791455793e-01
2.910101381083521899e-01
2.535797882369728584e-01
2.206286108083919395e-01
1.914408625678431231e-01
1.657571788935416346e-01
1.432898772579042357e-01
1.234992039893418603e-01
1.061925109804307404e-01
9.115453635147045819e-02
7.798667784176856188e-02
6.654861519470489650e-02
5.668247298470148465e-02
4.809940835799766251e-02
4.069901976743170446e-02
3.436760527675422616e-02
2.889949658274506075e-02
2.422406970054446010e-02
2.026083074356999775e-02
1.686586306533636656e-02
1.399038809711051871e-02
1.157843190663233879e-02
9.531225045624848458e-03
7.815797251667479587e-03
6.394025274690609897e-03
5.199639165547290977e-03
4.210880929004547947e-03
3.402390157383068745e-03
2.730810364696832811e-03
2.182198129411968765e-03
1.740147893500751733e-03
1.377236773361066157e-03
1.084923523068326073e-03
8.530139237551328385e-04
6.649541527921209050e-04
5.157622000477589700e-04
3.993998301650996297e-04
3.063111945205737228e-04
2.336983444171529848e-04
1.781309260138039707e-04
1.343106166725168229e-04
1.007415609013700991e-04
7.556129918876877498e-05
5.598509737796002509e-05
4.126407855981460178e-05
3.044506576680193079e-05
2.215292657474675627e-05
1.603528644007737092e-05
1.163360469526636356e-05
8.308245460466609779e-06
5.903055764361932427e-06
4.210247023596609296e-06
2.949607750890644607e-06
2.056238353345464508e-06
1.441579936058731095e-06
9.902883549795793828e-07
6.771005340271760724e-07
4.665778018220778249e-07
3.141480168263503020e-07
2.106054320759474135e-07
1.426428556661244898e-07
9.409922096756759355e-08
6.183696774454045104e-08
4.116941725612076703e-08
2.660069643576936122e-08
1.713121692254570525e-08
1.121328430221293199e-08
7.094355948098191671e-09
4.476902982743980766e-09
2.881754148470918153e-09
1.784908269594663859e-09
1.103661935779742971e-09
6.989292637313941621e-10
4.238003738257810246e-10
2.568146935066428045e-10
1.601174033604009826e-10
9.507963171511947887e-11
5.650418857579839465e-11
3.472752272616615967e-11
2.021961366777751430e-11
1.180579702686122619e-11
7.170923259004885413e-12
4.107286981911365670e-12
2.366902356521359557e-12
1.428655343482864113e-12
8.115334389191391515e-13
4.664885361322038743e-13
2.830569964919305486e-13
1.623172833263147492e-13
9.509610357592994883e-14
5.922320007988875522e-14
3.533435991265110132e-14
2.176432824878988926e-14
1.424551311243706355e-14
9.095759319085270259e-15
6.001941553615592870e-15
4.151617450056706346e-15
2.832338281142597281e-15
1.975481686091984256e-15
1.417776685762085921e-15
1.006370746343665287e-15
7.219448550888118010e-16
5.262633893542397224e-16
3.794014694665050979e-16
2.746391279215828192e-16
2.008525575703745356e-16
1.452056722170488679e-16
1.051147761229412175e-16
7.672105084059255503e-17
5.532692714772985708e-17
3.991269017429361597e-17
2.901770354505865320e-17
2.083350300460526462e-17
1.495905998844916610e-17
1.082689218470083533e-17
7.734552608807273163e-18
5.526324808631210355e-18
3.981998127915217398e-18
2.830793933896804787e-18
2.013191455080143954e-18
1.444699620818353589e-18
1.022408887637321310e-18
7.239794056744808545e-19
5.175086350782412418e-19
3.645811208517512778e-19
2.569655511704675195e-19
1.828380754381587249e-19
1.281025629393401942e-19
8.976117231140239345e-20
6.349817668880586676e-20
4.419071235954386925e-20
3.075282605402962093e-20
2.162034130755704023e-20
1.494247638370423059e-20
1.033112939115188027e-20
7.223763636892916372e-21
4.962516765838557907e-21
3.412268219540924213e-21
2.374920132296689622e-21
1.622885471238607139e-21
1.110262519178955884e-21
7.692165791189599098e-22
5.228495426504524115e-22
3.558060813189479651e-22
2.453312303132731178e-22
1.658291610058869852e-22
1.122334216433459180e-22
7.701292679382849222e-23
5.176464909248440927e-23
3.484474442914372062e-23
2.379664325544889953e-23
1.590649210216038819e-23
1.064993372456225780e-23
7.239110024823853602e-24
4.812262118544079856e-24
3.204806433510721468e-24
2.168281565314126083e-24
1.433487732725465996e-24
9.495912578829415775e-25
6.395021833639264071e-25
4.204770886862761565e-25
2.770661587078256485e-25
1.857345881474631774e-25
1.214560372091802759e-25
7.960898136365955605e-26
5.312311932162117247e-26
3.454896729913599107e-26
2.252572291048486577e-26
1.496294906577945508e-26
9.678076553353968715e-27
6.276662841323125611e-27
4.150367166013928067e-27
2.669753047670810272e-27
1.722265012661346956e-27
1.133647266997407022e-27
7.252138733356132190e-28
4.653461750937865027e-28
3.049123957409767732e-28
1.939801850300418658e-28
1.238056758855343182e-28
8.075354931640885914e-29
5.108919796914435780e-29
3.243231944513749588e-29
2.105829529503656493e-29
1.324853475882251136e-29
8.365194000872095744e-30
5.406899725187926745e-30
3.382697929090616440e-30
2.124345149287462678e-30
1.366873478927120879e-30
8.503693727126108317e-31
5.311515355961437947e-31
3.402179286745492537e-31
2.104727532004140422e-31
1.307529811522211966e-31
8.337407082351951458e-32
5.128906432063156351e-32
3.168996410985121216e-32
2.011626468619584127e-32
1.230530550819733533e-32
7.561836443140625955e-33
4.778646060559785793e-33
2.906683861610498030e-33
1.776508948394631873e-33
1.117642625259639236e-33
6.759905607288180552e-34
4.109053844136970913e-34
2.573602405213921138e-34
1.547821757929440281e-34
9.357301662014928313e-35
5.834726115195150292e-35
3.489305830069800081e-35
2.097944734054109930e-35
1.302387759130560011e-35
7.744534691397759658e-36
4.630974958131699012e-36
2.862208881607422395e-36
1.692350598836172060e-36
1.006436133949355199e-36
6.193041057337135656e-37
3.641033042177057465e-37
2.153455292873216828e-37
1.319315466032976512e-37
7.712563346903988333e-38
4.536509344530372925e-38
2.767170086204127324e-38
1.608471194934394337e-38
9.409022980409341898e-39
5.714339057182109305e-39
3.302697830672286815e-39
1.921341240096586530e-39
1.161822032074187633e-39
6.676765494603084227e-40
3.862802180901311223e-40
2.325720963154265774e-40
1.328944084948163168e-40
7.646113541365166575e-41
4.583780114279138413e-41
2.604338761690573922e-41
1.490155108274111171e-41
8.895273304119027302e-42
5.025484409459947338e-42
2.859877592036353119e-42
1.700173115844045144e-42
9.554114890287787817e-43
5.410516924866407663e-43
3.206540378770742915e-43
1.795876785174362240e-43
1.015392298869736828e-43
6.052122389485650608e-44
3.437299238218471678e-44
1.916160438105614656e-44
