6.922658066347334049e+00 6.932105350735541904e+00 6.941567034926251267e+00 6.951495939761681342e+00 6.961039032952258232e+00 6.969938276933486776e+00 6.980868940809219048e+00 6.993502314474956627e+00 7.004232330469875478e+00 7.013711531256383580e+00 7.019828061087132198e+00 7.021956051076315930e+00 7.019307132086939127e+00 7.010952926464653068e+00 6.997593561833365783e+00 6.979808585191515036e+00 6.959395428308819298e+00 6.936254443970203631e+00 6.912553124314119835e+00 6.897442459804809189e+00 6.892985621773525473e+00 6.896527035759691060e+00 6.902940797115483917e+00 6.912416245704071649e+00
6.929827437025280368e+00 6.935783293415076933e+00 6.942374681482196053e+00 6.951825236834583421e+00 6.961569822116609352e+00 6.970032183241528401e+00 6.977260742434377327e+00 6.983998261405843344e+00 6.990459196465689473e+00 6.997585638345102943e+00 7.004006675757848299e+00 7.008705021238524679e+00 7.010393826698241071e+00 7.008438766652549390e+00 7.003259653076369773e+00 6.991153262398542623e+00 6.972923903944869828e+00 6.953327878226596148e+00 6.935184050552133606e+00 6.923240498207634097e+00 6.915694360055534062e+00 6.914287540024476542e+00 6.917533493009172751e+00 6.923649363418357794e+00
6.952062777679300254e+00 6.955928990188243510e+00 6.961051866249322373e+00 6.967897748760422338e+00 6.974104506179298113e+00 6.978390664493291595e+00 6.977559854872273704e+00 6.974608547996107077e+00 6.973007430967515852e+00 6.974417911492259314e+00 6.978188554648504294e+00 6.982502353782179760e+00 6.987769448889027402e+00 6.991779497556687595e+00 6.994346598172383800e+00 6.990638644228821974e+00 6.981818541108887999e+00 6.972992930915678400e+00 6.966437237513158465e+00 6.959901386878120988e+00 6.951506538149855530e+00 6.945506273475187342e+00 6.945670293221012592e+00 6.948512460583013528e+00
6.989062399477478316e+00 6.988678728093770331e+00 6.989104523088464305e+00 6.989089856265227496e+00 6.986247499030181274e+00 6.980342010538832298e+00 6.968070316321609781e+00 6.954485082054498335e+00 6.943788961089974343e+00 6.937380489049790988e+00 6.936396721809743759e+00 6.939555605627280244e+00 6.947513247420786797e+00 6.956645117567706649e+00 6.965601272062775351e+00 6.973859282677036475e+00 6.982360922060654396e+00 6.992345787746042873e+00 7.002683765832104612e+00 7.006023098632405244e+00 7.002219577154922270e+00 6.994977820004820046e+00 6.991266536286715905e+00 6.989745390163968786e+00
7.013247579459150671e+00 7.004109063983161576e+00 6.995292762997921798e+00 6.985934771918840269e+00 6.974447133891924722e+00 6.960899944326332189e+00 6.944330973558202835e+00 6.928950656554837551e+00 6.915949378338526188e+00 6.908150414943159845e+00 6.907167021111618510e+00 6.910889006152463487e+00 6.919354316432142937e+00 6.929449189702307166e+00 6.940468521687774839e+00 6.956708533824651042e+00 6.978076860167255369e+00 7.000773854419411357e+00 7.021729913047038529e+00 7.033454237713424817e+00 7.039690794413349550e+00 7.037535692146693833e+00 7.031339592997190913e+00 7.023014291621349159e+00
7.019993977485575520e+00 7.005337296647706324e+00 6.990515578412924036e+00 6.976239608444959828e+00 6.962285700002526667e+00 6.947275819739043179e+00 6.932042600398157006e+00 6.918670731591594958e+00 6.907167827056549747e+00 6.899884940905534947e+00 6.899389808738042085e+00 6.904162783257734581e+00 6.911534700749339954e+00 6.919402764884865498e+00 6.929295462102850856e+00 6.947145569147549438e+00 6.971669493692759900e+00 6.997367527755302241e+00 7.021160524987322127e+00 7.038187718861433240e+00 7.051382231080406626e+00 7.055776917523285618e+00 7.049410405098527121e+00 7.036595350625721501e+00
7.009912217739080909e+00 6.994054847046985657e+00 6.978147833575714998e+00 6.963987017341138674e+00 6.952730643990221004e+00 6.942423905611212476e+00 6.933245815972437498e+00 6.924650044140742366e+00 6.917003576705588408e+00 6.912107043869535339e+00 6.912351975528058468e+00 6.917173230602935874e+00 6.921900887559260696e+00 6.925509965502863352e+00 6.931721858346706178e+00 6.943390981784558491e+00 6.959667757088138451e+00 6.977243232276833851e+00 6.995815970257766025e+00 7.013628430568368266e+00 7.030095254485161149e+00 7.041489218138742956e+00 7.040177074054588147e+00 7.028012353321537731e+00
7.009871692459472392e+00 6.994365185948250740e+00 6.978136316704343756e+00 6.962499949324682191e+00 6.950395946178466566e+00 6.940227703545857274e+00 6.931146938876953101e+00 6.922426074664756790e+00 6.915655009117680940e+00 6.912105104403239331e+00 6.912250793177935115e+00 6.914377049362557592e+00 6.917090312098273408e+00 6.920563759379322555e+00 6.926603826877815173e+00 6.934478043767533073e+00 6.943505861206332952e+00 6.954065034749080887e+00 6.968995153222535599e+00 6.987294757038971404e+00 7.004482211632429234e+00 7.020182988045915451e+00 7.026015871337999208e+00 7.022834428901583159e+00
7.012635724010272575e+00 6.998342594163918129e+00 6.982654381631371976e+00 6.965808227140406927e+00 6.951573373862454552e+00 6.940260406639805701e+00 6.929649770942262421e+00 6.919660208585971972e+00 6.912620939163393707e+00 6.910375423095574732e+00 6.909777256673702794e+00 6.908563901655318418e+00 6.908605018997055147e+00 6.912666583459465386e+00 6.919258573456517958e+00 6.925945205802979565e+00 6.932114747681310973e+00 6.940048301882422166e+00 6.953424007124954898e+00 6.970868352612475505e+00 6.987434036047857511e+00 7.003974817146307430e+00 7.015408997295532245e+00 7.019667102636652167e+00
7.013357119719534793e+00 7.003069713360544846e+00 6.990258309584752361e+00 6.974760372648479922e+00 6.960174181038816243e+00 6.948053129091890767e+00 6.936846624161611352e+00 6.927930909868604381e+00 6.922929222856111231e+00 6.921944515489596661e+00 6.919831630341431783e+00 6.915032252793532841e+00 6.912422723816344927e+00 6.916577827324161376e+00 6.923729947289817943e+00 6.931330092220085781e+00 6.938216573396315034e+00 6.947104251883804871e+00 6.958941251247845905e+00 6.971411130617050311e+00 6.982549643560249208e+00 6.994332219819078489e+00 7.006198473651793712e+00 7.014296255516715206e+00
6.996490470648464743e+00 6.995894743329541754e+00 6.992334795708201156e+00 6.986184816936459541e+00 6.979665054224317267e+00 6.973388463791274638e+00 6.970059516544967693e+00 6.971010391228547043e+00 6.973116370576329714e+00 6.973800644848087593e+00 6.969679662034370615e+00 6.964520455226967499e+00 6.960089162689144793e+00 6.959963277558413708e+00 6.961853877768604093e+00 6.964774234253118479e+00 6.967713122432628303e+00 6.971421951582743581e+00 6.974155615505474692e+00 6.975092746386965636e+00 6.975944577820261117e+00 6.978203247039061807e+00 6.984335175081256786e+00 6.991173549415226951e+00
6.976148648471868441e+00 6.986337465515551237e+00 6.993121839371200466e+00 6.998383075141773269e+00 7.002996657887992527e+00 7.005631445529671097e+00 7.011651874234915205e+00 7.021683578584484664e+00 7.030111464981944280e+00 7.030870265663623719e+00 7.025816663408072316e+00 7.021373105564873818e+00 7.015198569901089698e+00 7.007239232337796331e+00 7.000315848998506674e+00 6.995718725249763459e+00 6.992101872706319554e+00 6.988023704792825086e+00 6.981314468615897439e+00 6.973781691245224401e+00 6.967409681404160615e+00 6.961614222784979766e+00 6.960651113284117564e+00 6.964869368334603905e+00
6.961441599199003072e+00 6.981141236900537450e+00 6.998081243862567469e+00 7.011600297200091703e+00 7.021787922912198887e+00 7.029440239538348401e+00 7.037473261051251150e+00 7.044360699265530101e+00 7.046751500738049678e+00 7.043747540116659600e+00 7.039849795906303775e+00 7.037188250889907515e+00 7.032121486438936309e+00 7.023022148050314328e+00 7.013493446037271539e+00 7.005534136609345097e+00 6.998376684763524480e+00 6.989711101019701722e+00 6.977960094485816001e+00 6.966279439735537871e+00 6.956777274072389439e+00 6.946958660070498226e+00 6.941845024329952096e+00 6.945430897055474340e+00
6.962218947686145576e+00 6.982245622518625794e+00 7.001286520139883507e+00 7.012842121197468082e+00 7.015699590704190136e+00 7.016448312544892651e+00 7.011896236656002479e+00 7.002173353699110869e+00 6.991207704841637671e+00 6.983858027838800275e+00 6.983609074636066616e+00 6.984488030456554419e+00 6.987475686428908261e+00 6.990173449457918409e+00 6.992630046571502334e+00 6.993741528978836719e+00 6.991454227217065664e+00 6.985925284939219715e+00 6.975277564230627725e+00 6.963234092793124219e+00 6.951575113736725875e+00 6.942564915011699256e+00 6.941166697190467971e+00 6.946338339410953466e+00
6.953346527636082186e+00 6.964507459155933056e+00 6.976456466992848604e+00 6.981150345885177799e+00 6.975850862643761197e+00 6.968869193156255193e+00 6.956328055123376153e+00 6.941627316709647388e+00 6.928937683236517486e+00 6.925142910197572554e+00 6.928895001466218062e+00 6.933666711587347820e+00 6.941972845437430095e+00 6.952920184012460147e+00 6.963814554381057675e+00 6.972621069039799835e+00 6.975545751633417169e+00 6.973495285092893958e+00 6.966688681108160530e+00 6.958189038155023987e+00 6.948279890876967180e+00 6.940880822829331720e+00 6.940472002194616685e+00 6.944503393177257067e+00
6.929488895525765635e+00 6.924784510350586508e+00 6.921041166783242993e+00 6.915551310980576183e+00 6.907300852592181073e+00 6.898041997402236447e+00 6.887414221263226999e+00 6.881511709534914090e+00 6.883190269795678162e+00 6.890548406425067718e+00 6.897548646961938701e+00 6.904821473494016537e+00 6.913815026686342513e+00 6.925075188083763322e+00 6.937075940946907160e+00 6.948789348321446901e+00 6.955328840656811451e+00 6.955791138899108716e+00 6.953885629465196061e+00 6.951256817018730771e+00 6.945446142968057401e+00 6.939450032682721314e+00 6.936052926001577745e+00 6.933507088507298022e+00
6.911125508195909539e+00 6.901289465111974941e+00 6.890619796242084760e+00 6.882867914616615401e+00 6.879143931858809680e+00 6.875284226723548109e+00 6.872730803770534358e+00 6.875508756130098931e+00 6.883098658053715901e+00 6.892437265060578966e+00 6.898849471791490551e+00 6.906270987256966087e+00 6.914687743932211639e+00 6.923847078707066061e+00 6.932828284899256843e+00 6.941834679560547450e+00 6.947257298102170076e+00 6.948501450542999613e+00 6.946648471870194186e+00 6.943346956677099335e+00 6.938667534835923689e+00 6.932073784195303290e+00 6.925109935385128423e+00 6.919158825764294640e+00
6.906018589285663367e+00 6.896926216884825322e+00 6.885205551304244942e+00 6.875468816613382828e+00 6.871224437070617697e+00 6.867717009574493048e+00 6.869732533972570998e+00 6.876722170050168614e+00 6.885754633266796709e+00 6.894531111385425959e+00 6.902923460912592013e+00 6.913061841913685335e+00 6.923239205912464556e+00 6.931482448070901192e+00 6.938628841598287522e+00 6.943080411757352799e+00 6.944600006589367602e+00 6.943839863312872396e+00 6.939850165489278133e+00 6.934252044430186501e+00 6.929079971679141359e+00 6.923292677819457452e+00 6.917032245467210849e+00 6.911946022306785231e+00
6.902733631845299200e+00 6.901433805623414131e+00 6.896407796213327224e+00 6.888286738901074457e+00 6.881485648453530501e+00 6.876808452197047394e+00 6.878731096874659556e+00 6.884197874129806216e+00 6.888094180276550738e+00 6.892796078895946366e+00 6.901910368505590476e+00 6.913976736342013041e+00 6.925926080349307234e+00 6.933159203417933014e+00 6.937355597704744525e+00 6.937261504038699123e+00 6.934852970933726546e+00 6.931440572178162007e+00 6.924739061694653586e+00 6.917134895759822655e+00 6.911801173345692995e+00 6.907515320599618036e+00 6.903818613588860842e+00 6.902200516832227351e+00
6.886188360852221635e+00 6.889857144646617471e+00 6.894057456093878322e+00 6.895497197962579428e+00 6.895833290236378588e+00 6.899279512305311002e+00 6.903975840222317473e+00 6.905691555657119451e+00 6.905687754224683950e+00 6.905280910453757137e+00 6.907721370235014646e+00 6.909681164597444969e+00 6.910594959535563575e+00 6.909301725077959588e+00 6.907147994159280380e+00 6.904658828452527430e+00 6.902891709398206288e+00 6.900418199761960025e+00 6.897357350639641282e+00 6.893946398346334270e+00 6.891129745577809551e+00 6.889203908058827430e+00 6.887389959655587646e+00 6.885386867962552948e+00
6.880854759307087676e+00 6.880877975086604259e+00 6.885690429360042941e+00 6.892469986751843081e+00 6.900770914461653582e+00 6.913168207570671520e+00 6.924103998735058774e+00 6.929620905221338667e+00 6.933269249081536856e+00 6.934683803478267627e+00 6.931493857390442770e+00 6.924390502238177980e+00 6.913410618546070197e+00 6.902522590501210864e+00 6.892950298316012692e+00 6.887591577356143802e+00 6.885433190373794865e+00 6.882865887878191202e+00 6.882942245958410865e+00 6.884530972123961590e+00 6.885037853818365861e+00 6.886385024282250633e+00 6.886928576978964323e+00 6.885015232841962707e+00
6.885623178367551667e+00 6.872971841492161893e+00 6.869656354661099584e+00 6.874637506072834192e+00 6.884181105885652130e+00 6.897328687148791992e+00 6.912429674020390102e+00 6.925006550939147409e+00 6.935012093231941677e+00 6.941736840935383235e+00 6.940983287897553033e+00 6.933218446330484674e+00 6.917990950952247253e+00 6.904397228142654441e+00 6.895908043140543953e+00 6.892559272792150971e+00 6.891516062683352928e+00 6.890623570096294337e+00 6.894632054163051471e+00 6.900921961481526701e+00 6.904278377903817265e+00 6.906628608537449310e+00 6.905831083155671735e+00 6.900182630876969370e+00
6.899529369525407851e+00 6.878227997758894929e+00 6.860581735549829752e+00 6.851783501016312172e+00 6.849146365308760309e+00 6.850360487738317516e+00 6.855502863000388913e+00 6.863705866094566233e+00 6.874251028892766513e+00 6.885242486599843836e+00 6.893850837283518551e+00 6.900990305295921168e+00 6.905266555553277286e+00 6.910062540384780405e+00 6.915628552549118346e+00 6.922878141183659295e+00 6.929617902114753925e+00 6.936750315619592655e+00 6.945367234716898430e+00 6.952045828191325327e+00 6.955005452606317640e+00 6.951024130645998333e+00 6.939662067321490824e+00 6.922893901753193191e+00
6.931053674980649504e+00 6.904077221387372454e+00 6.875075136864668757e+00 6.852498270331370378e+00 6.840485439552002944e+00 6.832571143596532615e+00 6.826922565498853679e+00 6.826295646029667097e+00 6.832924380594494806e+00 6.843987812408375504e+00 6.857621358307257609e+00 6.875328427392835451e+00 6.899777509361563865e+00 6.924565498143625319e+00 6.945789003783880311e+00 6.962496065227738562e+00 6.978534728479448113e+00 6.995207979356912631e+00 7.008248235065614118e+00 7.013216730697681811e+00 7.013680779107072105e+00 7.004591010373102833e+00 6.984719338898478291e+00 6.958886389833195629e+00
6.966254573467237421e+00 6.943269514015084631e+00 6.913296848823765828e+00 6.885056789209608397e+00 6.866786760557265445e+00 6.852654354801880565e+00 6.836761396336479280e+00 6.825141114055746527e+00 6.825214778848970099e+00 6.830849039940593670e+00 6.842307201807772188e+00 6.865088646068869593e+00 6.901198811624288609e+00 6.935617099686599119e+00 6.961344365775471665e+00 6.981773163055064124e+00 7.002232212031472613e+00 7.021366900199742744e+00 7.034709800444405303e+00 7.038502376260863613e+00 7.036114460337179466e+00 7.025681446182963086e+00 7.008645831741385557e+00 6.987351680033471624e+00
6.977120381432809104e+00 6.967041064012735596e+00 6.956597956605309996e+00 6.940348301012006615e+00 6.921836009979277726e+00 6.903041185203521835e+00 6.885551991093433521e+00 6.873904734713921272e+00 6.863000561436757962e+00 6.860471356976843182e+00 6.869090632335139723e+00 6.884504228766008538e+00 6.903327144724596742e+00 6.915780594046355922e+00 6.927191101025243825e+00 6.935432349916771599e+00 6.944382758717559945e+00 6.953145908186361801e+00 6.962961393946946131e+00 6.971787536399075336e+00 6.976875345834062436e+00 6.980046149091500673e+00 6.981522809092652437e+00 6.981022662743535001e+00
6.959636869948579552e+00 6.967671206487406010e+00 6.981965568790703180e+00 6.990100941568526238e+00 6.983658595088220622e+00 6.972513558224906483e+00 6.963693511543510795e+00 6.953646139121124392e+00 6.933390985829479547e+00 6.915878724650262654e+00 6.910477724676163724e+00 6.907342084453286901e+00 6.897690138362640333e+00 6.885899494534387877e+00 6.880713987993824610e+00 6.879710351302491311e+00 6.877633885153325188e+00 6.876507261148328887e+00 6.883232509380596831e+00 6.896890812685860794e+00 6.909252941696977679e+00 6.921950161907673760e+00 6.935952563406860172e+00 6.950259889471846364e+00
6.908045641395371028e+00 6.932344128160265129e+00 6.966479379034140607e+00 6.999951491820092464e+00 7.017620345668301951e+00 7.026950364885609979e+00 7.033203295452285175e+00 7.029393957180359642e+00 7.007074557733602660e+00 6.977059727988272009e+00 6.949058523142435995e+00 6.916259808812347920e+00 6.877806798443825365e+00 6.849529669452171454e+00 6.835902548671986878e+00 6.828196013235798389e+00 6.818759631919287578e+00 6.813564887730229280e+00 6.816872054551295079e+00 6.828456322118654498e+00 6.843567618487349513e+00 6.859467876921886642e+00 6.874536291905744889e+00 6.890583678653318778e+00
6.866968016706945122e+00 6.891192682629377231e+00 6.917541403665377509e+00 6.948821049778471703e+00 6.975989141082870937e+00 6.997283307514315709e+00 7.008279517283396487e+00 7.007508283559197082e+00 7.003280577969973386e+00 6.983754994751026679e+00 6.950226696996718800e+00 6.912178214857672920e+00 6.877192489126454866e+00 6.857052549355029392e+00 6.841540877896012951e+00 6.831539916831545156e+00 6.824066450213714496e+00 6.819939005674737764e+00 6.819632535584768895e+00 6.822872391982515161e+00 6.829651816764410022e+00 6.837433135959430253e+00 6.844312250254402485e+00 6.852155078340371297e+00
6.870231723621647468e+00 6.885562870053882456e+00 6.895305362604281285e+00 6.908582634998817973e+00 6.927131066624435007e+00 6.942270483135041914e+00 6.943786173961237651e+00 6.944780984398321699e+00 6.957372912280179733e+00 6.961996684543965586e+00 6.945136769529284493e+00 6.924033995229370575e+00 6.908731719623210310e+00 6.898277675717699786e+00 6.882430160225530003e+00 6.867578593602579495e+00 6.860629744185812839e+00 6.856131301799297972e+00 6.851695554580602199e+00 6.848248796094368984e+00 6.848354145575084928e+00 6.850568458973093300e+00 6.853613442908771169e+00 6.857606882662727443e+00
6.922247701929822306e+00 6.921782742957369727e+00 6.906841703920285624e+00 6.887998688078291742e+00 6.877856074185333846e+00 6.868715872206174744e+00 6.850729510316782900e+00 6.844437828462288209e+00 6.865176658464871018e+00 6.897355907443882828e+00 6.916862260458446876e+00 6.932058176751785261e+00 6.948205807933794276e+00 6.955044710351097947e+00 6.946904541618293294e+00 6.932375080907922538e+00 6.924659100047933613e+00 6.917920289122796440e+00 6.910830366053029472e+00 6.905200686562994683e+00 6.902514940487147754e+00 6.903387382565405517e+00 6.907258343132915535e+00 6.913251428816653998e+00
6.950958513382794024e+00 6.940998326426340626e+00 6.925241468691071489e+00 6.899712234146715417e+00 6.873661951585604335e+00 6.846384399578097302e+00 6.821450826663975064e+00 6.811298942673942314e+00 6.810965435002184876e+00 6.836020402956287434e+00 6.873433921879817277e+00 6.911239587599862233e+00 6.942607982877103012e+00 6.957943642911226689e+00 6.965582162862333782e+00 6.961756865018209339e+00 6.954215087138424956e+00 6.947048505334053381e+00 6.940945058386134292e+00 6.937489233233595343e+00 6.935844847180390182e+00 6.937150332080172177e+00 6.941475343456787961e+00 6.948143435631161324e+00
6.943413098125662763e+00 6.939911227210002309e+00 6.939292094801338351e+00 6.925617736785772749e+00 6.894518307206106478e+00 6.859961926819853950e+00 6.840610556937042119e+00 6.832614636307754452e+00 6.817224956457940799e+00 6.822246222290287321e+00 6.857922201829535602e+00 6.898692911683042439e+00 6.927804896172113480e+00 6.939763165721005933e+00 6.951306226253973541e+00 6.954314328384463728e+00 6.948069939608800816e+00 6.941598773049107329e+00 6.937083331221704618e+00 6.935471502440155867e+00 6.934538618443078839e+00 6.934720191808446899e+00 6.937583699895468747e+00 6.943011244461771980e+00
6.903340593888914967e+00 6.914046264319789969e+00 6.935200832120203884e+00 6.950767015232605317e+00 6.947461674431514744e+00 6.939952775066289270e+00 6.943017942569852607e+00 6.942047059790654728e+00 6.920315328739029326e+00 6.894825421813014721e+00 6.892138458649490040e+00 6.899746256590486126e+00 6.901917147794368823e+00 6.897780696553841295e+00 6.900948494828481827e+00 6.905786959523254609e+00 6.904325680219237427e+00 6.900946978793212061e+00 6.898733788372597431e+00 6.898252508901006941e+00 6.897184295472680304e+00 6.895952102605407141e+00 6.896896022412270177e+00 6.899903241994691072e+00
6.886745542530949393e+00 6.902688928270043434e+00 6.922631376593085584e+00 6.958810251470145758e+00 7.002910979301891992e+00 7.043963286923472289e+00 7.068321256683965714e+00 7.064178027254773617e+00 7.051529573061672274e+00 7.013621748680178847e+00 6.968219771625840053e+00 6.925307581448147509e+00 6.896845965290692604e+00 6.884694232343292697e+00 6.876642551761151800e+00 6.876664449747381447e+00 6.877885777156889091e+00 6.878520957974664896e+00 6.877736163788782164e+00 6.876553158852435566e+00 6.876106910364716995e+00 6.876065632993419108e+00 6.877546829101579107e+00 6.880122975192193735e+00
6.906566913933231966e+00 6.922530620520545241e+00 6.936043554906222042e+00 6.968420446813577307e+00 7.021573687001330555e+00 7.072833645332877950e+00 7.093218674868409401e+00 7.087661494744351032e+00 7.085854713364906132e+00 7.062982533583468836e+00 7.011030840826768973e+00 6.953763960718852388e+00 6.915059100933012459e+00 6.899771633215086908e+00 6.885380020712505100e+00 6.878204982223029340e+00 6.877739272505728252e+00 6.878018691726963674e+00 6.877447288096997902e+00 6.877032587376194606e+00 6.878678333509386178e+00 6.883198911032447853e+00 6.888906840149826571e+00 6.894741369456550473e+00
6.953147746089133996e+00 6.958321131103613943e+00 6.957601328652940786e+00 6.957320000481337807e+00 6.963227443172103293e+00 6.968404794828188642e+00 6.966280279402849551e+00 6.966795533657869299e+00 6.975707589978875411e+00 6.984365847381443615e+00 6.975789006611210930e+00 6.958755864785759471e+00 6.942858602368534804e+00 6.933607502871389272e+00 6.923629484337822326e+00 6.915658336442136012e+00 6.913418777260078585e+00 6.913279801894499421e+00 6.912945857190748278e+00 6.914161515918319623e+00 6.919208364324989979e+00 6.928236493737926160e+00 6.936756701823664883e+00 6.944341704209980648e+00
6.979951695120671040e+00 6.970357664674028619e+00 6.955787022803834319e+00 6.922296487411204069e+00 6.876828652927280849e+00 6.832736724009145668e+00 6.810318913729319412e+00 6.818519885983541862e+00 6.834084138583804702e+00 6.870273419063573250e+00 6.910905370571875039e+00 6.945988232809937379e+00 6.960907335547682706e+00 6.960017726137184724e+00 6.956874417137960620e+00 6.953015539512485077e+00 6.953140224630067756e+00 6.954540170028499446e+00 6.957546683146940580e+00 6.961462624391032250e+00 6.967427268831108300e+00 6.974517578578488752e+00 6.978967511877611329e+00 6.981651888433398234e+00
6.973557835733080523e+00 6.952468172333428953e+00 6.927318473551825839e+00 6.883067921836261149e+00 6.827526390528231737e+00 6.775466761386453207e+00 6.751376545547037367e+00 6.757682401184077925e+00 6.770318015447220006e+00 6.808811775642246822e+00 6.866999188249367947e+00 6.922544723371230724e+00 6.956785435354337466e+00 6.966529286896912865e+00 6.972492658298463652e+00 6.972595147960053197e+00 6.971108123033565640e+00 6.970071034852297842e+00 6.972003328968685132e+00 6.976448167666610800e+00 6.981159223077406217e+00 6.985116931214584213e+00 6.986087975476994671e+00 6.984463111952154968e+00
6.931660822226178631e+00 6.910141513819708869e+00 6.886465077004001678e+00 6.860468992060449800e+00 6.837901791840926613e+00 6.823249543821028773e+00 6.819889249599983216e+00 6.819384364172230484e+00 6.820741776070929241e+00 6.831927947663478662e+00 6.861645840273051355e+00 6.897513471602502833e+00 6.931747016208042567e+00 6.953074611040784170e+00 6.966237405784435843e+00 6.970434848043291609e+00 6.967669599007117576e+00 6.962454250827089020e+00 6.959033606412944550e+00 6.959301334146276830e+00 6.959447734695608290e+00 6.959498592594733246e+00 6.956603930288030924e+00 6.948571460280939860e+00
6.920154364503010136e+00 6.905539008275233037e+00 6.891389823961450389e+00 6.882794320246011566e+00 6.883182195518184443e+00 6.888698210392386834e+00 6.892351507917449105e+00 6.888211461571766669e+00 6.884959909348749463e+00 6.880704099616965053e+00 6.883434229629585843e+00 6.892671908533968939e+00 6.913926543714291384e+00 6.936749551966237881e+00 6.956317803560339463e+00 6.970244718469839285e+00 6.976494998449636498e+00 6.979234402811508531e+00 6.978907651348456476e+00 6.977301975822941316e+00 6.972726907420317310e+00 6.965536303976374910e+00 6.954697861737433762e+00 6.938437318910094298e+00
6.939063911444964816e+00 6.927782290570542401e+00 6.919590141933346317e+00 6.920457117403076452e+00 6.928312219029286290e+00 6.938508647659929807e+00 6.942058441871602703e+00 6.935990869951021764e+00 6.929837988949314465e+00 6.917494284749667877e+00 6.906327501777266065e+00 6.902026077868513632e+00 6.910693787840870073e+00 6.929023237586745765e+00 6.949007974106018004e+00 6.972386372927696030e+00 6.992642994496899966e+00 7.008327963974098296e+00 7.017458539727354783e+00 7.018816009877504314e+00 7.014356021457440526e+00 7.002559869419069827e+00 6.984332358474302893e+00 6.960398454053132511e+00
6.990396991676901095e+00 6.976054814232463208e+00 6.966822394165921750e+00 6.964873822760499600e+00 6.965696692173159121e+00 6.965425944967307714e+00 6.961827356446971038e+00 6.955629066793597381e+00 6.948359376425730538e+00 6.937962718231658776e+00 6.928091960222269918e+00 6.923079179109477010e+00 6.924458921696427183e+00 6.935391581639765768e+00 6.954094339144602621e+00 6.982706290438204455e+00 7.013592175065465284e+00 7.040904258213928735e+00 7.061936339253002792e+00 7.071725254677922123e+00 7.072281824953293494e+00 7.060100064760650440e+00 7.038830791521612618e+00 7.013322521379697250e+00
7.036701298393544413e+00 7.024539614053589176e+00 7.014512032805830799e+00 7.008418941617856390e+00 7.002749063845177702e+00 6.995531162397999658e+00 6.988365431182294252e+00 6.982101309346384177e+00 6.973353612807093427e+00 6.963631819321162375e+00 6.955747195197022670e+00 6.950446040609047138e+00 6.948980577201115949e+00 6.957097919185774693e+00 6.972143342694193890e+00 6.995060059979405054e+00 7.019096774650483539e+00 7.041763364219701948e+00 7.062403771697093546e+00 7.075266133404036317e+00 7.081062741090477175e+00 7.074781069872568828e+00 7.062302681439740049e+00 7.049531837348321339e+00
7.054193576762290974e+00 7.054559001226509807e+00 7.054082874497222377e+00 7.051453807023476017e+00 7.045766313213187360e+00 7.038076388672420691e+00 7.031522064862269161e+00 7.024583039180932964e+00 7.013748264807330379e+00 7.002274253139701976e+00 6.993456743607533888e+00 6.984948196251098196e+00 6.978653195546930199e+00 6.979558426248802405e+00 6.986549722436685705e+00 6.996225314936432405e+00 7.004976052485897497e+00 7.014560341310438929e+00 7.026115542208248854e+00 7.035817779823427820e+00 7.040620854547146479e+00 7.040832540335483003e+00 7.042937476774381977e+00 7.048696498798972421e+00
7.024164535965834233e+00 7.044665420566092351e+00 7.059975397848954337e+00 7.067730038180488172e+00 7.070474690333983681e+00 7.071767444496124710e+00 7.070893589336209928e+00 7.065140282331791255e+00 7.054860608742782979e+00 7.041295415419465797e+00 7.028005993764130821e+00 7.014213989053459386e+00 7.001825384696786614e+00 6.992496650904994837e+00 6.985417096721201702e+00 6.977252481957562757e+00 6.968567753660565245e+00 6.962010975219939724e+00 6.957772359074029467e+00 6.956772824266566957e+00 6.956748333632715386e+00 6.962865888725329633e+00 6.977941717658766585e+00 6.998843108169556793e+00
6.975471497811009058e+00 7.000907965592062965e+00 7.022220603533245509e+00 7.036872934887095532e+00 7.047852704220082032e+00 7.057491398955019868e+00 7.063573312059171272e+00 7.063852280168779529e+00 7.060428115384591585e+00 7.051610516499894565e+00 7.039071112049283485e+00 7.025040238444671736e+00 7.010685257687737426e+00 6.995531145570588194e+00 6.979443145032551143e+00 6.962321411100276691e+00 6.947386705738684221e+00 6.933087785364770994e+00 6.919269393404273494e+00 6.910903634435637599e+00 6.907874039042131820e+00 6.914562353725530741e+00 6.929170687204567969e+00 6.948796033014990492e+00
6.938383490982269919e+00 6.959955553521943727e+00 6.978470863699269167e+00 6.993788085205324023e+00 7.006916716949057822e+00 7.018815097488046995e+00 7.028898571842984389e+00 7.036391247579356190e+00 7.041004024112722526e+00 7.040627639930768567e+00 7.035087832612314074e+00 7.027067670041193814e+00 7.016276362405483802e+00 7.001235201134724306e+00 6.982077083414195862e+00 6.961313413705512154e+00 6.942430664354584557e+00 6.922691535122638129e+00 6.901595056860633903e+00 6.888050971503982822e+00 6.884204169123988137e+00 6.890337921094852547e+00 6.901527470904507133e+00 6.916925483799570173e+00
