4.436524695196685586e-09
6.181862517931914516e-09
8.663787055124929640e-09
1.183530372966559583e-08
1.643918140071859902e-08
2.287831107026229088e-08
3.116930551803598089e-08
4.298695917886488679e-08
5.938398408165748247e-08
8.040424210946147311e-08
1.099752255507241589e-07
1.505369521204128848e-07
2.022744394914990530e-07
2.741604807708319132e-07
3.716394715501527677e-07
4.953150970861220416e-07
6.650777701626089723e-07
8.927113835551651322e-07
1.179922017034164496e-06
1.569499690699958705e-06
2.086203953816046655e-06
2.734428269018563550e-06
3.603546612672528056e-06
4.744085019096814174e-06
6.166598434949662424e-06
8.052413218627060674e-06
1.050171923405639447e-05
1.353847965157786032e-05
1.752023640625269588e-05
2.264015181499505407e-05
2.895005100802010281e-05
3.713553388194185915e-05
4.755891163489834971e-05
6.032749833267602119e-05
7.672055663597258251e-05
9.739990586760943346e-05
1.225792695032423341e-04
1.545835700228578207e-04
1.945910661073368432e-04
2.430134695243654991e-04
3.039685177643339036e-04
3.794965541280656443e-04
4.703637308891279838e-04
5.836709541654335138e-04
7.228582647210632633e-04
8.892978264174324727e-04
1.094935987964028735e-03
1.345470495281079690e-03
1.643291887543294784e-03
2.008103651535623427e-03
2.449159297576808912e-03
2.970544146487229774e-03
3.604035137215627540e-03
4.364220491281111530e-03
5.257887857422694627e-03
6.334987010502730886e-03
7.617996751234542598e-03
9.117863082433889932e-03
1.091142837586897736e-02
1.303270998423221305e-02
1.549895485620839120e-02
1.842598122884729281e-02
2.186416768435821972e-02
2.584008214239797915e-02
3.052459015765329395e-02
3.599069317677636159e-02
4.227838394433945657e-02
4.963443020701256009e-02
5.816240555057163031e-02
6.792116402469652869e-02
7.925957885745926745e-02
9.232149062627281744e-02
1.071915757706439210e-01
1.243524888369067216e-01
1.439996463445736841e-01
1.662521186335308432e-01
1.917630392070175938e-01
2.207919323189104222e-01
2.535024458931955382e-01
2.907584443648553174e-01
3.328965928943761199e-01
3.801365731835520401e-01
4.335938998678808831e-01
4.936946334162570782e-01
5.607264239339626588e-01
6.360938188959858186e-01
7.203218066573611189e-01
8.137773488688143653e-01
9.181816907191407973e-01
1.034163854575194108e+00
1.162179130762826196e+00
1.304277452899639700e+00
1.461189501856242856e+00
1.633464017334095075e+00
1.823465704508964169e+00
2.032012268791943743e+00
2.259744043404013691e+00
2.509288714260250686e+00
2.781525340263913737e+00
3.077173399262006726e+00
3.399033763305112199e+00
3.748007735652394867e+00
4.124870097467900898e+00
4.532458094214979027e+00
4.971635354572125465e+00
5.443193994795414881e+00
5.949817928080801011e+00
6.492259846493658060e+00
7.071276659659873509e+00
7.689165193475802518e+00
8.346484129453841661e+00
9.043886416442081355e+00
9.783024732178477123e+00
1.056418018889730881e+01
1.138782618721900164e+01
1.225471057211691495e+01
1.316474271641229876e+01
1.411813643750767433e+01
1.511447187610186305e+01
1.615322195078866230e+01
1.723426746241822372e+01
1.835583648559551051e+01
1.951691758911783836e+01
2.071699839642225882e+01
2.195282212470800332e+01
2.322286739588507487e+01
2.452619000575433716e+01
2.585806369538545724e+01
2.721651043532436987e+01
2.860012758546562139e+01
3.000288465548435113e+01
3.142251519496818091e+01
3.285695919658910213e+01
3.430007847087500039e+01
3.575037922296887416e+01
3.720684135782863677e+01
3.866866939435060857e+01
4.013452423066698316e+01
4.161011194804544289e+01
4.307921731991634573e+01
4.452251833171401074e+01
4.592498023319966194e+01
4.721290556129194727e+01
4.836640078485596206e+01
4.935502781813119100e+01
5.016867376728146155e+01
5.083113314008024020e+01
5.135243169451765510e+01
5.179335119622019334e+01
5.217331812838990146e+01
5.251246606119372728e+01
5.285178111518006716e+01
5.319019854582507634e+01
5.354263123529590018e+01
5.388795269683902944e+01
5.420047328406948139e+01
5.446179206514193538e+01
5.462191853635533789e+01
5.467539710886011051e+01
5.461065044708741567e+01
5.442814322931820925e+01
5.413649761006010408e+01
5.373877635952690213e+01
5.324554227704005172e+01
5.265952330135898762e+01
5.198319030468655200e+01
5.122436454794431171e+01
5.038577100119335483e+01
4.946985026423220688e+01
4.848571133249296139e+01
4.743658748934311831e+01
4.632532817979789996e+01
4.516210715730424852e+01
4.395030483121168174e+01
4.269308030766867290e+01
4.140109970586053123e+01
4.007765958860331779e+01
3.872603606218465444e+01
3.735672120623368642e+01
3.597274025136660924e+01
3.457728347498400012e+01
3.318006905008137153e+01
3.178371754702516228e+01
3.039115064631944563e+01
2.901085054601294289e+01
2.764494627771567892e+01
2.629596186670529079e+01
2.497083131906897790e+01
2.367114886367805582e+01
2.239895039796593323e+01
2.115944357224298145e+01
1.995368722919638316e+01
1.878318587250997851e+01
1.765140096785385992e+01
1.655888852600604721e+01
1.550662331802497107e+01
1.449641066711782145e+01
1.352836713879217889e+01
1.260297171191100674e+01
1.172056992419675758e+01
1.088092128803426384e+01
1.008407581315956492e+01
9.329175094281712433e+00
8.615710383958329999e+00
7.943381505353843686e+00
7.310416497562934879e+00
6.716128034544905034e+00
6.159955380921743107e+00
5.639507438156359242e+00
5.153999037233796265e+00
4.702696903401150763e+00
4.282860744546669096e+00
3.893675789972887102e+00
3.534315938674990498e+00
3.201922911205534295e+00
2.895705422106847227e+00
2.614811813446687783e+00
2.356448445603144037e+00
2.119884973757588220e+00
1.904296320862389980e+00
1.707085280859016008e+00
1.527605393580890647e+00
1.365094983845450027e+00
1.217236640774002510e+00
1.083478416842200032e+00
9.631447572683035085e-01
8.542396973342907263e-01
7.563068872097588047e-01
6.687675383061618684e-01
5.899557392325607275e-01
5.195050854085708769e-01
4.569347599313985930e-01
4.008935433642153434e-01
3.510951555990071138e-01
3.071512608580284631e-01
2.679945536366433179e-01
2.334070261633627019e-01
2.030831327183729162e-01
1.762005594100403416e-01
1.525973029083647903e-01
1.320388023317579929e-01
1.139063138045406237e-01
9.808225690458366453e-02
8.439073244908755489e-02
7.237662832455341033e-02
6.195654117143308687e-02
5.300150381753030576e-02
4.518404779329739801e-02
3.844632837062758601e-02
3.269583748627737096e-02
2.770195299854750354e-02
2.342544285083763070e-02
1.980134771252155951e-02
1.667065958524265382e-02
1.400736587631093780e-02
1.176680664836877999e-02
9.841665830908556678e-03
8.215081459776752207e-03
6.857016748438972756e-03
5.696532892052488979e-03
4.722935758173142477e-03
3.916429807751272037e-03
3.231071477100081087e-03
2.660243408746358010e-03
2.191150934244747751e-03
1.794724527072232142e-03
1.466987724674134828e-03
1.199873717516714618e-03
9.754235636975067516e-04
7.913040528239939295e-04
6.425546260526082340e-04
5.183061324973731610e-04
4.172164942901132188e-04
3.362952848291297556e-04
2.691066626383499202e-04
2.149029124978930254e-04
1.719198026216410026e-04
1.364436536947295667e-04
1.080722838330382406e-04
8.579161786745254689e-05
6.751284528699812528e-05
5.302614383365647559e-05
4.176367218109804769e-05
3.257993839195640566e-05
2.536906170723143399e-05
1.982121546987515291e-05
1.532465632636573376e-05
1.182790117429869272e-05
9.166355166697599626e-06
7.022106449888660449e-06
5.371106474664868876e-06
4.128282550871383819e-06
3.132960072858470341e-06
2.374390786664226628e-06
1.809822174803735575e-06
1.360327227866168591e-06
1.021335121521461959e-06
7.719682710541548113e-07
5.745646814425203636e-07
4.272900901761691604e-07
3.202425610154098984e-07
2.359732445312393212e-07
1.737968796989181081e-07
1.291543473498733193e-07
9.420004456609176973e-08
6.870155796709100985e-08
5.062190742932097376e-08
3.653881620151918482e-08
2.638466716760972891e-08
1.927661431039235208e-08
1.376692654587981903e-08
9.841594259289475099e-09
7.129557169378146238e-09
5.037043791856562980e-09
3.564422476457428903e-09
2.560492370101909609e-09
1.789204279320384091e-09
1.253186937268972950e-09
8.927201108042345897e-10
6.168653968903849304e-10
4.276120859306289756e-10
3.021004969264846770e-10
2.063853856473773088e-10
1.415815910278341733e-10
9.921021501856270889e-11
6.699583199142691842e-11
4.547911288166789657e-11
3.161298837693475450e-11
2.109742109021932053e-11
1.417102889198414066e-11
9.772935242759032414e-12
6.444158378240510493e-12
4.282732652674395467e-12
2.930837947849293338e-12
1.909022915912141376e-12
1.255241644704305258e-12
8.525788979998869313e-13
5.484390596625985375e-13
3.567706570612184891e-13
2.405667012627701338e-13
1.527903105265143494e-13
9.833090994485555190e-14
6.584066440805330473e-14
4.127720540091534380e-14
2.628064878595785878e-14
1.747982823622709070e-14
1.081437244648106209e-14
6.812008058993633165e-15
4.502404815556312476e-15
2.748335313995004677e-15
1.712970002618401026e-15
1.125676359081309596e-15
6.779035102704326512e-16
4.182034761447321691e-16
2.734262048786937827e-16
1.624684607206197890e-16
9.924942438749277415e-17
6.460593394891292511e-17
3.788113208499195482e-17
2.292168801925419957e-17
1.486068155793928393e-17
8.595227013390073607e-18
5.149846594262211916e-18
3.324906281745498046e-18
1.895027059487373241e-18
1.123372120656800581e-18
7.223431326078671474e-19
4.053140886002904222e-19
2.377443015585641288e-19
1.524734238282234354e-19
8.428094157982980427e-20
4.902411747060246955e-20
3.144681760478370734e-20
1.717243695670510284e-20
9.943283703482335092e-21
6.396862719804547838e-21
3.466240759688247920e-21
2.006075058195634335e-21
1.296827568742102785e-21
7.013049079644834715e-22
4.075478583346721809e-22
2.652640823877786942e-22
1.443120374406166847e-22
8.473343075369721767e-23
5.566159388377061318e-23
3.076924759814586570e-23
1.837666071502342063e-23
1.219982073481275941e-23
6.914562888145505836e-24
4.217910636384142984e-24
2.827418764940964299e-24
1.649932064705829039e-24
1.027466727233722188e-24
6.935132800400050020e-25
4.157634596408097469e-25
2.631406038008318815e-25
1.782189627120158695e-25
1.090333834908541970e-25
6.971420973707705797e-26
4.723458351690456532e-26
2.925919160537211156e-26
1.879606279161332293e-26
1.271473258598048920e-26
7.920963411711155927e-27
5.091956918146380313e-27
3.435204951501367885e-27
2.141765003858302095e-27
1.374229120880147649e-27
9.241586161692407160e-28
5.748017994532258259e-28
3.675518262557542314e-28
2.463577778630875267e-28
1.525517928217112930e-28
9.713018301192647334e-29
6.488982813195622996e-29
3.995515876351986483e-29
2.531874114938654706e-29
1.686109872797838705e-29
1.031571528230805285e-29
6.504214973268998056e-30
4.318360384703509345e-30
2.623870217076909376e-30
1.645933268215668725e-30
1.089630207574897440e-30
6.573154465967836125e-31
4.101998078958013774e-31
2.708125882387013626e-31
1.621562323519909828e-31
1.006700305613017176e-31
6.628939494284187228e-32
3.939104056436123563e-32
2.432823617486221923e-32
1.598047724109762146e-32
9.422356101361724899e-33
5.789293192703951784e-33
3.794077905545989853e-33
2.219337577134577797e-33
1.356597491466720253e-33
8.871596227153576168e-34
5.147505805188820365e-34
3.130374281576738675e-34
2.043093946124620729e-34
1.175680635918381396e-34
7.113307588527665859e-35
4.634250983218362567e-35
2.644298380650849071e-35
1.591794871695429993e-35
1.035355250772329417e-35
5.856916115750545800e-36
3.507940246975599441e-36
2.278408653856169017e-36
1.277535139909622046e-36
7.613340021749481855e-37
4.938778644523215068e-37
2.744282006546428283e-37
1.627284833132762705e-37
1.054547383202267414e-37
5.805536318708990686e-38
3.425498188048009122e-38
2.218114307250628824e-38
1.209535614606340314e-38
7.101692459316328988e-39
4.596065812447118652e-39
2.481778943935260173e-39
1.450058851267002021e-39
9.381878091826235455e-40
5.015188095876489145e-40
2.916181929731312584e-40
1.886825232894923501e-40
9.982575957827878459e-41
5.777533808255824742e-41
3.740007259165205921e-41
1.958544338405384373e-41
1.129079844815914322e-41
7.322935651469256559e-42
3.805257399092783728e-42
2.192450467005072299e-42
1.442092676900685042e-42
7.612048452131578729e-43
4.229156066892604171e-43
