6.611675044296619035e+02 6.595484116498178082e+02 6.575354853870136367e+02 6.568180239565199372e+02 6.538292033557257810e+02 6.511503020402407174e+02 6.496596985871062770e+02 6.481753324731672592e+02 6.448039648780307971e+02 6.436872214055214272e+02 6.450578162512783820e+02 6.448502449333145705e+02 6.457756482004856480e+02 6.496292555112121363e+02 6.537196333132803829e+02 6.562891060348773635e+02 6.584787070038697721e+02 6.630043993097558541e+02 6.644155927131928365e+02 6.646742160091840788e+02 6.653514462912414729e+02 6.647707975736929029e+02 6.634222494890914277e+02 6.622315364723091307e+02
6.617812845966640225e+02 6.603542234533675810e+02 6.586521161011211234e+02 6.573940485523814914e+02 6.548143567373367659e+02 6.535967833153765696e+02 6.531054704878292796e+02 6.517951437548744025e+02 6.497023195006084961e+02 6.490203870560882251e+02 6.496439361186536416e+02 6.494481473635509019e+02 6.485701897420874502e+02 6.506705430916033492e+02 6.535642927080790514e+02 6.554501324400004023e+02 6.571749914946149147e+02 6.604597053606581767e+02 6.637085590084170690e+02 6.651334006791331603e+02 6.654500452065808531e+02 6.659829352153323043e+02 6.659433129816784458e+02 6.643381497994835172e+02
6.624248741785092989e+02 6.603796525212368351e+02 6.581781719290243018e+02 6.559893220294736693e+02 6.527379834604222424e+02 6.519009623922311221e+02 6.518243275092446538e+02 6.506887378093067582e+02 6.498751545479431115e+02 6.492338139248648758e+02 6.496161369496348925e+02 6.499379505027889081e+02 6.493113351637427968e+02 6.499144019459603214e+02 6.518674907707558077e+02 6.547723557956970808e+02 6.563885762530383090e+02 6.587884149963430218e+02 6.633304723354783619e+02 6.662622550211349335e+02 6.665590364341876466e+02 6.667669936151388583e+02 6.682761632112303687e+02 6.664964158424210154e+02
6.689659555996433937e+02 6.682682487382337513e+02 6.668932430346582123e+02 6.666621383754342105e+02 6.667807666588112170e+02 6.661219549939169156e+02 6.653741667917756786e+02 6.651081457616194257e+02 6.654378552351571443e+02 6.638013855529835610e+02 6.608138514272793600e+02 6.589375260010644979e+02 6.574193826735163384e+02 6.552016917587503713e+02 6.522656858009739835e+02 6.528317846281206585e+02 6.548426483057622818e+02 6.558442468150540208e+02 6.581293310903416796e+02 6.612286654076759760e+02 6.656679310308493314e+02 6.676620393715871842e+02 6.676030700688424986e+02 6.691412018586543127e+02
6.814738471572146636e+02 6.823855933909436544e+02 6.812827033041758114e+02 6.822154314014547936e+02 6.836826288297739893e+02 6.833880987997915781e+02 6.812608574490785713e+02 6.814667342784197217e+02 6.816772772003417913e+02 6.802697970856659140e+02 6.777633593109974299e+02 6.755700977068005386e+02 6.744729005609815431e+02 6.720540624880585483e+02 6.688326569217397264e+02 6.676647901714748059e+02 6.676312447251915501e+02 6.681246846068621608e+02 6.680485964836162793e+02 6.687698394681597165e+02 6.724312922770104706e+02 6.751234226688218314e+02 6.755281866423582642e+02 6.777367167114255153e+02
6.865418760172206021e+02 6.901676821732528424e+02 6.904415145304577663e+02 6.917476454110176292e+02 6.941581714702899717e+02 6.938226825612301809e+02 6.921516404136789333e+02 6.921066610697101851e+02 6.914752834072094174e+02 6.900744121557696644e+02 6.883327111099284821e+02 6.861061537055410327e+02 6.837364999272264185e+02 6.819047687360985037e+02 6.791862176011886731e+02 6.752322661900780076e+02 6.733165742869651922e+02 6.734641182081097668e+02 6.728050166865772326e+02 6.709974293024747567e+02 6.737303302611478557e+02 6.777952784477430441e+02 6.784432344995351514e+02 6.811016216498318272e+02
6.970484799994818559e+02 6.998514433963704278e+02 7.040172450594839120e+02 7.049378500765473063e+02 7.027660746058755876e+02 7.026526462525557690e+02 7.024169225917546555e+02 7.007710222326218172e+02 6.995960952226267864e+02 6.993951823157500485e+02 7.012185793216352749e+02 7.025375842175609478e+02 7.016104231333008556e+02 7.011977555070540120e+02 7.007176957284904120e+02 6.983239166295302311e+02 6.952469590737380258e+02 6.904309843617799061e+02 6.897746428334065740e+02 6.892462320366549875e+02 6.861718972987356437e+02 6.877539410887048916e+02 6.919503634578006768e+02 6.948774719965845179e+02
6.893581745177634730e+02 6.895396591239482404e+02 6.912995351399994206e+02 6.911793545848959184e+02 6.884438648034738435e+02 6.877287752283044711e+02 6.874605058033876048e+02 6.862476441413061821e+02 6.864314335717195945e+02 6.877132483106466907e+02 6.903054505574092445e+02 6.938937406027857833e+02 6.966289366620025021e+02 6.984753955734579449e+02 6.999006759320056972e+02 7.014813520707268708e+02 7.000070868076267061e+02 6.958791590810153593e+02 6.945955497355314492e+02 6.938729743593787589e+02 6.901437898918214842e+02 6.883115989672230626e+02 6.899699514484548217e+02 6.909890437487156305e+02
6.857929161025090252e+02 6.831200116272239029e+02 6.822410517054462389e+02 6.806000195202051373e+02 6.783373729688292997e+02 6.780571797126061711e+02 6.760660229651276723e+02 6.760453001621283420e+02 6.783469061949812158e+02 6.801602180826440645e+02 6.820042850336607216e+02 6.863449196918643338e+02 6.925754468177728995e+02 6.956757259727809242e+02 6.980010401742904378e+02 7.016881077067935166e+02 7.032262995443576301e+02 7.011961836110666582e+02 6.981964149742298105e+02 6.979973591889136060e+02 6.943310091619564446e+02 6.907900567015162778e+02 6.891717669460457500e+02 6.875442706589448107e+02
6.679091524835656628e+02 6.648031260959722886e+02 6.610417641174564096e+02 6.599035843910384074e+02 6.622658965027098930e+02 6.633763776583663230e+02 6.641246476536512091e+02 6.677362446013979707e+02 6.693209389411144912e+02 6.715824193455968043e+02 6.748929497297673379e+02 6.763547925657163660e+02 6.798775516169871480e+02 6.831003352172466521e+02 6.867924008023056786e+02 6.887523079063306568e+02 6.899551286432224515e+02 6.941793368483296263e+02 6.922493949256988799e+02 6.884779346266449238e+02 6.871029124554052032e+02 6.832685290638356719e+02 6.765758635293673251e+02 6.704228931034352854e+02
6.623321177189602622e+02 6.605774541819283741e+02 6.598170380209636505e+02 6.603205401548344753e+02 6.623538651217688766e+02 6.647651267352509876e+02 6.680603512986175474e+02 6.716369737507259288e+02 6.724770110701915655e+02 6.739971358168714914e+02 6.757463221208010964e+02 6.744775422398170122e+02 6.726304681612876948e+02 6.735916171980262561e+02 6.748830074870309090e+02 6.741393468280225534e+02 6.742591361078943919e+02 6.772872855249097483e+02 6.777892588235888525e+02 6.757925464328469616e+02 6.747287626215253340e+02 6.726354657275961699e+02 6.686060717755433416e+02 6.648593185090013549e+02
6.579531749077992799e+02 6.568593395746595434e+02 6.584093345845769818e+02 6.609032256951178397e+02 6.624715879329546624e+02 6.660476544199021873e+02 6.731251546109149331e+02 6.767937468076461300e+02 6.770160713471217377e+02 6.779267926904008164e+02 6.789710243306786879e+02 6.758280111493511413e+02 6.713283642324752236e+02 6.698997667576360300e+02 6.686623698025296108e+02 6.677674072550072424e+02 6.662751578301121071e+02 6.675782412112884003e+02 6.691598837633771382e+02 6.686811500809086510e+02 6.676718354294657729e+02 6.651738473289302647e+02 6.637457340069811380e+02 6.623432069475180697e+02
6.632138384942314815e+02 6.651973331854426306e+02 6.661400059107315883e+02 6.685531287286451061e+02 6.718402073591713588e+02 6.743749200081795152e+02 6.767833710233238662e+02 6.765154578724368548e+02 6.789604111431777937e+02 6.772615160306044118e+02 6.717115115657924207e+02 6.690388474422263698e+02 6.649360904212134074e+02 6.592732637794330230e+02 6.530661874370597388e+02 6.517833035871207130e+02 6.512742072164818410e+02 6.494973580200507968e+02 6.503703279456966584e+02 6.540384226810206201e+02 6.571658631586294632e+02 6.584181798438432907e+02 6.609937115163135104e+02 6.628544003678558738e+02
6.730897994510628450e+02 6.754399067534989172e+02 6.747442652528192184e+02 6.745870006882496455e+02 6.765229551059693449e+02 6.768552895120412813e+02 6.738241223780678411e+02 6.723942106229836781e+02 6.734947973914636350e+02 6.714998997339671405e+02 6.670558721225604586e+02 6.653990926549986398e+02 6.648933221638320674e+02 6.611825319181963323e+02 6.568261512580461385e+02 6.559975166394358439e+02 6.557311567676781578e+02 6.552029164300367938e+02 6.552991533930187416e+02 6.578091370867172145e+02 6.612833419603506400e+02 6.645817389496302212e+02 6.672485091537668040e+02 6.692378737091528365e+02
6.794930212027046537e+02 6.830596798739702535e+02 6.815756629049267303e+02 6.797376339251909485e+02 6.796872431839012734e+02 6.771819784008342822e+02 6.723261989171684263e+02 6.690903150974958180e+02 6.682025619033228168e+02 6.664951046853506114e+02 6.634921109547751712e+02 6.631862731706435170e+02 6.618673584907666054e+02 6.605914721781435901e+02 6.585686547370841026e+02 6.566943488471661112e+02 6.562007587856357986e+02 6.564511606181305297e+02 6.573736647960893151e+02 6.585863910300799944e+02 6.622682138816560382e+02 6.682387643742445107e+02 6.718745025444623025e+02 6.748702722381074182e+02
6.837656514920214477e+02 6.830944140815312267e+02 6.856056543040405131e+02 6.837645440910330308e+02 6.769895682334293951e+02 6.711820924463451092e+02 6.673525898489209567e+02 6.634042628896056613e+02 6.574664477922821106e+02 6.565040786592484210e+02 6.595720251906634530e+02 6.613321953108238631e+02 6.614387816582673167e+02 6.650178954232737851e+02 6.682321858741656797e+02 6.683974789724553602e+02 6.684359919758667274e+02 6.685263144770769941e+02 6.700940474266486717e+02 6.713022163641825273e+02 6.716323221403441721e+02 6.745984543806587226e+02 6.776297045666774466e+02 6.818723478873456543e+02
6.817237951752558729e+02 6.806523950004734616e+02 6.827462127105114860e+02 6.828911075788877270e+02 6.785506793051704335e+02 6.751733383879412713e+02 6.745688157866252368e+02 6.724027705476460142e+02 6.690161124455740946e+02 6.686187404281727140e+02 6.713274209287349095e+02 6.736891089170103442e+02 6.745717342272282622e+02 6.782795459760982340e+02 6.815066860332667602e+02 6.830580072811458194e+02 6.834600110501147583e+02 6.822908525105956414e+02 6.822811274977492531e+02 6.819533098524631214e+02 6.802224448480093315e+02 6.779811201960802691e+02 6.791406282078446566e+02 6.814738922543351691e+02
6.795217422402024567e+02 6.778115503174238938e+02 6.792493165312865813e+02 6.803183872524544995e+02 6.789892221584348135e+02 6.786187317068716993e+02 6.770027119716464767e+02 6.768910705427712173e+02 6.763276915257187056e+02 6.760526376735302847e+02 6.779205628016726450e+02 6.804022793164964469e+02 6.847558301984546461e+02 6.881196422288509211e+02 6.908869341899589926e+02 6.938405447922241365e+02 6.954694958087270606e+02 6.939043127104550877e+02 6.911626346412028852e+02 6.895036292729411116e+02 6.859165923477158913e+02 6.818429957978853508e+02 6.797648713410407026e+02 6.788228658189984799e+02
6.788743129995036725e+02 6.800527867471791978e+02 6.792856029190895697e+02 6.807697885020381818e+02 6.855946295099099643e+02 6.902011441190605865e+02 6.907089901696782590e+02 6.933710337468603484e+02 6.969886427070171067e+02 6.977997149895246594e+02 6.972259755662506677e+02 6.968802731412680487e+02 6.989424657376154073e+02 6.982878316952953810e+02 6.984663351164185769e+02 6.984801433163487445e+02 6.978454266206223338e+02 6.984142649949826591e+02 6.956002553878693107e+02 6.921068156528415329e+02 6.893352768405310371e+02 6.867373533289658099e+02 6.836349693852894234e+02 6.783421499799794674e+02
6.806533076594579370e+02 6.813092520785709212e+02 6.807970723112780433e+02 6.807393623448435847e+02 6.846025332944982438e+02 6.885990316745485416e+02 6.916111754112596373e+02 6.946170428187224388e+02 6.965408026404106749e+02 6.978601063585879274e+02 6.973279934393586927e+02 6.948775267332586054e+02 6.921567432974974281e+02 6.898779308583547163e+02 6.892681899005923469e+02 6.876994459816964991e+02 6.861683065363594096e+02 6.877918761885125605e+02 6.880368876147084620e+02 6.862026104699691587e+02 6.859188819831720139e+02 6.866317866373829020e+02 6.849784647263613806e+02 6.814551476318372352e+02
6.831522670711772207e+02 6.827160460847698005e+02 6.818892343013164918e+02 6.827269233626393543e+02 6.845078231155782760e+02 6.867737041280288395e+02 6.922052807784502875e+02 6.954691437207945910e+02 6.956132261086157769e+02 6.952532822736238813e+02 6.956716643117779313e+02 6.920253017778984486e+02 6.855559461219149853e+02 6.824154420952689861e+02 6.817799435679405633e+02 6.791198172295834183e+02 6.767092095255068216e+02 6.794044649463240830e+02 6.823192593800042687e+02 6.820881423971177355e+02 6.842362218073982376e+02 6.861817830288365485e+02 6.863028960605868178e+02 6.848744541869655222e+02
6.868975900957873364e+02 6.831288529000026983e+02 6.812629172009390004e+02 6.801833127436171935e+02 6.785553985156334420e+02 6.769967594867202934e+02 6.780999098532074640e+02 6.784854793197044955e+02 6.806623780698812425e+02 6.809657111662430680e+02 6.798319034017874856e+02 6.805854150495947579e+02 6.796068720054513506e+02 6.782398035701992285e+02 6.750895547964843217e+02 6.748941359399573230e+02 6.768992827393055904e+02 6.757403946774110182e+02 6.778138765774079957e+02 6.825154538530506443e+02 6.853007840549037155e+02 6.861764000454062398e+02 6.870063991570061717e+02 6.888511057701892923e+02
6.811923559199731244e+02 6.778774863286366781e+02 6.756333760391808028e+02 6.728233145196395526e+02 6.706270959020590681e+02 6.694110064387942884e+02 6.670696881519860426e+02 6.659292769765595494e+02 6.690244096550867425e+02 6.708773242459768653e+02 6.705247303788249837e+02 6.731717143458999999e+02 6.787890116688209901e+02 6.803997087936310209e+02 6.789886434406139415e+02 6.813430967243540408e+02 6.847470768169072244e+02 6.829581063679381714e+02 6.823942123324507065e+02 6.853028409986175120e+02 6.857571076713695675e+02 6.833731166671885831e+02 6.827397612993549956e+02 6.831122213965850278e+02
6.770314045665858202e+02 6.750223964003122319e+02 6.732521053410787317e+02 6.686972852066568294e+02 6.660341598315879992e+02 6.652620175660807718e+02 6.621667323232885565e+02 6.587859257029765558e+02 6.620848775068930081e+02 6.660051735603534553e+02 6.665763318769713806e+02 6.712593264497801329e+02 6.804786102173470681e+02 6.858695605424909445e+02 6.870001662504439537e+02 6.911901760803864363e+02 6.957733100963654351e+02 6.931345778905426869e+02 6.909385564454006499e+02 6.911082197517719123e+02 6.882854061451034795e+02 6.842300202347508957e+02 6.817405944664469644e+02 6.802480921266876521e+02
6.658112969129534804e+02 6.659971545924088332e+02 6.648644628021224889e+02 6.626204621161447221e+02 6.604765388681701097e+02 6.558755075198159830e+02 6.546448412642236008e+02 6.552005565254945623e+02 6.516494574566520441e+02 6.535293927296654601e+02 6.607138169186182495e+02 6.647454121225324570e+02 6.682984345155754227e+02 6.728449481101141600e+02 6.811464856702393718e+02 6.834950215958880335e+02 6.805461178916480094e+02 6.833783792597216689e+02 6.827538096225456457e+02 6.768456282089073284e+02 6.740859706198208414e+02 6.727604804100449201e+02 6.704841449713018164e+02 6.677849332729690559e+02
6.651565191661292147e+02 6.672724064394581092e+02 6.678606836774680460e+02 6.693130464944382538e+02 6.687133069569815689e+02 6.659672829680965833e+02 6.661079474860230221e+02 6.659474307555867654e+02 6.618536973768890448e+02 6.603241611388957608e+02 6.634437173147036901e+02 6.643790017294752488e+02 6.617662866424869890e+02 6.631363626645023714e+02 6.676222684292481517e+02 6.667345606843473433e+02 6.638282561484292046e+02 6.658033590084407933e+02 6.669595533682582982e+02 6.636022880711503831e+02 6.624443739842953391e+02 6.644496164751246852e+02 6.647457585760640768e+02 6.644367103341692200e+02
6.654714237718123968e+02 6.686068964951836051e+02 6.700056986176588225e+02 6.717067842709509478e+02 6.728462086593236791e+02 6.721501722452195509e+02 6.710672281953843594e+02 6.711924369091418612e+02 6.675580266564888916e+02 6.648440355058895648e+02 6.639737847374329931e+02 6.618878194319424892e+02 6.594789089194002827e+02 6.572890279845491932e+02 6.575757825695717429e+02 6.563512601798216792e+02 6.540872764288340022e+02 6.558049423973924377e+02 6.566370447429899286e+02 6.563662823963452411e+02 6.573456986456545792e+02 6.597306687558482281e+02 6.618758223770998939e+02 6.632334715722727196e+02
6.646104296697421887e+02 6.702208074931809278e+02 6.772656155012316503e+02 6.825745044661539396e+02 6.862164162278418189e+02 6.925913177089541932e+02 6.919407833343957464e+02 6.885003965482809463e+02 6.880389390050688689e+02 6.825367141740003945e+02 6.709576498374991615e+02 6.608269917837060348e+02 6.538877397325312586e+02 6.442155022859577684e+02 6.328994919934983727e+02 6.285616338734304236e+02 6.290546741830629571e+02 6.257612939191312762e+02 6.263475020925490071e+02 6.333476432222396397e+02 6.385706906778253824e+02 6.432795231181314648e+02 6.501292565515827846e+02 6.577836026145530468e+02
6.728826663546145710e+02 6.761633376761204772e+02 6.806288555648062584e+02 6.870552266733781153e+02 6.912875834750011563e+02 6.955565282763769801e+02 6.980697394414138444e+02 6.984406511735941194e+02 6.976780537620105633e+02 6.924831142491862011e+02 6.852224848841589164e+02 6.768803246170728016e+02 6.706934154943770636e+02 6.638612143199280808e+02 6.563049135133751406e+02 6.533306296712455605e+02 6.529172051612911218e+02 6.512933282400672397e+02 6.510706242738581295e+02 6.543038700576030351e+02 6.578053530434951881e+02 6.592924534144053723e+02 6.622758851063113070e+02 6.678337790985287938e+02
6.760170474226675879e+02 6.777635720178677730e+02 6.804453595628147013e+02 6.894603333235501168e+02 6.944395739184176364e+02 6.967590007933666811e+02 7.025069567733331724e+02 7.062178263789957100e+02 7.046827484542283173e+02 6.989566701754002906e+02 6.957567613918854477e+02 6.889453845215459751e+02 6.784253437180279889e+02 6.725851669725757347e+02 6.669405638088015849e+02 6.622230811321131796e+02 6.602058826660647810e+02 6.595541999510420510e+02 6.599128134911408097e+02 6.607931335793089147e+02 6.639870217458758361e+02 6.662802939955220154e+02 6.664330252780018782e+02 6.709300685315852206e+02
6.881177885971856085e+02 6.879866386179330675e+02 6.858050303936579439e+02 6.857626413118416622e+02 6.841645309167068945e+02 6.837512469655715677e+02 6.859455721951945861e+02 6.865563425308914702e+02 6.911092799796490453e+02 6.941083873828307560e+02 6.991307191325581698e+02 7.051206560550529048e+02 7.046914165727154113e+02 7.074379302365322246e+02 7.094687049335219626e+02 7.082408562299889354e+02 7.062730972371039115e+02 7.050402939914836224e+02 7.047096953880992487e+02 7.007239142918883772e+02 6.966683277074450871e+02 6.959330513253631807e+02 6.936707997253578242e+02 6.895998998466236571e+02
6.919431272426298847e+02 6.892286752544197270e+02 6.841895841865302828e+02 6.759357389183260238e+02 6.714871578502330749e+02 6.701292421899327110e+02 6.671660526347866380e+02 6.645235278031611870e+02 6.693126191736872670e+02 6.767171303700871476e+02 6.820995010731980983e+02 6.914356514962267966e+02 7.025789259769283035e+02 7.114010687211817867e+02 7.182591647888104944e+02 7.236734107285061555e+02 7.263775564892769125e+02 7.260456106011791917e+02 7.249588109876871158e+02 7.210992611065031497e+02 7.142591853644283901e+02 7.105064712663759110e+02 7.065797894337214302e+02 6.988090556043918014e+02
6.976334145561356763e+02 6.919739302166007064e+02 6.837156259627299733e+02 6.714316109987615846e+02 6.641481971140808582e+02 6.618612876009864294e+02 6.552769123768882764e+02 6.505058562206829720e+02 6.566558653557201524e+02 6.650789804585642742e+02 6.694547118974032855e+02 6.807703976033105846e+02 6.980560267396892868e+02 7.099694563581092552e+02 7.186705315901075437e+02 7.290798800387922256e+02 7.360299096951845286e+02 7.361728003065758230e+02 7.349413029133853570e+02 7.338220915417280139e+02 7.268116339365217300e+02 7.207442766393888860e+02 7.167954785089849565e+02 7.069672246639597688e+02
6.903085968575259130e+02 6.803971100768246743e+02 6.724276763169286824e+02 6.654182508916628649e+02 6.580717516741025293e+02 6.477177499467062489e+02 6.441677935407425366e+02 6.478236839244926841e+02 6.446560976248016459e+02 6.481537255497120213e+02 6.586674561992950885e+02 6.647309877240887772e+02 6.718916250759158402e+02 6.784834532903091713e+02 6.860864148639291216e+02 6.916049057241310720e+02 6.925185622580793279e+02 6.973954621726056757e+02 6.990135666255107481e+02 6.988558508772443929e+02 7.024839239013707584e+02 7.003166430029303910e+02 6.959609932339515126e+02 6.958719802843731941e+02
6.735919649752179339e+02 6.700404456586963988e+02 6.684841650993021176e+02 6.692596254955969926e+02 6.663207379778240238e+02 6.613831167942623779e+02 6.637832730353546822e+02 6.675991146768957378e+02 6.644461282647536109e+02 6.639457742905943860e+02 6.698186887170862747e+02 6.703729373161403373e+02 6.672531269512548988e+02 6.666713086039392238e+02 6.666938823775315086e+02 6.635825115036178659e+02 6.607757941844424749e+02 6.619802688626486997e+02 6.630278373237028973e+02 6.639611381211477692e+02 6.681314060119541409e+02 6.700295388706472295e+02 6.703533340215685712e+02 6.738576063293612606e+02
6.605457603845643462e+02 6.627415367002645326e+02 6.669857375094150029e+02 6.690626577342925430e+02 6.710812468373977708e+02 6.721098711187621575e+02 6.759861981379099234e+02 6.799310604057259297e+02 6.767617432496163019e+02 6.779035774259234586e+02 6.783267803512674163e+02 6.725628507465260100e+02 6.663232608762891687e+02 6.605215411146161841e+02 6.549174722355322729e+02 6.472693403154781890e+02 6.428177167148731996e+02 6.424252337284540317e+02 6.428296839181749647e+02 6.437078493574097138e+02 6.472741602109747419e+02 6.510409864179429178e+02 6.538813882776871651e+02 6.588161076317737752e+02
6.493864435916053708e+02 6.606928229509105677e+02 6.701066455248928833e+02 6.764431695814586192e+02 6.880088907596995114e+02 7.002812851088375510e+02 7.039283044101648557e+02 7.023562670897514408e+02 7.064887248954341885e+02 7.039693282251025721e+02 6.897206052890287538e+02 6.805292405262132434e+02 6.725794229578868908e+02 6.601727669731453716e+02 6.493111735108332141e+02 6.426199010792096260e+02 6.403347510939852327e+02 6.340281139057657356e+02 6.320843424294554325e+02 6.339201479453982984e+02 6.328040881155885700e+02 6.352871457207508001e+02 6.406536831862748613e+02 6.438113629438113321e+02
6.603214328446118770e+02 6.677382999940925856e+02 6.739177945168268025e+02 6.811386758213149051e+02 6.908931819114181963e+02 6.983804878356870631e+02 6.996212825649239448e+02 6.992789421804354788e+02 7.000200488153797096e+02 6.929004203193559306e+02 6.825740852128232063e+02 6.758894968381148374e+02 6.696688649792320120e+02 6.613938142458558787e+02 6.551492859306734999e+02 6.529544395981487241e+02 6.519631625648254385e+02 6.490962561499733283e+02 6.478386038301214285e+02 6.490203057093760890e+02 6.492049567682594216e+02 6.503733227991700687e+02 6.525510068227289366e+02 6.550708742926996138e+02
6.684257024346552498e+02 6.735098711947022139e+02 6.780118514865786210e+02 6.876074504320628193e+02 6.939548411541019277e+02 6.950611583735750401e+02 6.963005388571608592e+02 6.961298802887533839e+02 6.924216206331141166e+02 6.835416354963717822e+02 6.779984678246411249e+02 6.746814354433008702e+02 6.678474478720843308e+02 6.639145760661182294e+02 6.624976865741108440e+02 6.611443715586538019e+02 6.602772814461800408e+02 6.596804197736433935e+02 6.590425615639254602e+02 6.586222421440432981e+02 6.591596864291708471e+02 6.592141954061273736e+02 6.593017580108200946e+02 6.622825452163248201e+02
6.828888316404141960e+02 6.816516437355884364e+02 6.808193029794748554e+02 6.799763327961496771e+02 6.725747005569613748e+02 6.670898075676792587e+02 6.635235466094704861e+02 6.568006852210953639e+02 6.506700163678143554e+02 6.477096060220998197e+02 6.501303525741731164e+02 6.499212360742239980e+02 6.501513215747861523e+02 6.579071486314416006e+02 6.640830464756320453e+02 6.676124121714252624e+02 6.723110407206561376e+02 6.778222256789721314e+02 6.805432034570050064e+02 6.806737924947591409e+02 6.812926583040054993e+02 6.817632835424086579e+02 6.820127118365084016e+02 6.824658268269944301e+02
6.834458781395387632e+02 6.815289246478172345e+02 6.789479764671531257e+02 6.720554455455395555e+02 6.652291048156649822e+02 6.615710334961232775e+02 6.584661852486452744e+02 6.538953510661876862e+02 6.521737628887480014e+02 6.534296405107620558e+02 6.557021618741346174e+02 6.575229981373203145e+02 6.609905329521034218e+02 6.678374385535199735e+02 6.731143984666805409e+02 6.765596161165260582e+02 6.811146050377969914e+02 6.850544198903337474e+02 6.885578067153174970e+02 6.892230294013775165e+02 6.883646807531690683e+02 6.892128313703066169e+02 6.896743241415111925e+02 6.876502642098938622e+02
6.841853902687462323e+02 6.804459781146383648e+02 6.749737294339324762e+02 6.666224638090723147e+02 6.599430737401988836e+02 6.576834832420846624e+02 6.525122711744953676e+02 6.493776598508502502e+02 6.513493480021470532e+02 6.534044193643483140e+02 6.560454490746471947e+02 6.604129716365945342e+02 6.665953373206741617e+02 6.724711863806290921e+02 6.767870732765364892e+02 6.827218808367575775e+02 6.866854106400464843e+02 6.886060358967826005e+02 6.918264847129732971e+02 6.939606113780612304e+02 6.925593186031193227e+02 6.925053963350179629e+02 6.933568821164303699e+02 6.890335757958123395e+02
6.826586908895395709e+02 6.757908405773050617e+02 6.696704613578647241e+02 6.659948606493876468e+02 6.644747374781674125e+02 6.612438640190033539e+02 6.599160853353513403e+02 6.654521969413342504e+02 6.689840681164503167e+02 6.723204265182167774e+02 6.787031426188019623e+02 6.849360419658532919e+02 6.900223452640298092e+02 6.919597173957363339e+02 6.938899647615993445e+02 6.966904752627010566e+02 6.954277129347516393e+02 6.949028609162861585e+02 6.939783546575680475e+02 6.929768809485357224e+02 6.939392956721085284e+02 6.917816240041116771e+02 6.873911975467226512e+02 6.858274388041546672e+02
6.823316209568008617e+02 6.788738258076783723e+02 6.767515572361073737e+02 6.776816496847646931e+02 6.784609308238540279e+02 6.781185605632821307e+02 6.807879146648731421e+02 6.871245730749756149e+02 6.905457858228924124e+02 6.937661775856195163e+02 6.992228347124579386e+02 7.028009649678945152e+02 7.037131653707159558e+02 7.027499566241648381e+02 7.013181078500000467e+02 6.983730056516733384e+02 6.949720769533068960e+02 6.926690187431660206e+02 6.898495754574058765e+02 6.878924074903937935e+02 6.880632202518499980e+02 6.865901508688881449e+02 6.834501472831366300e+02 6.830737665657703701e+02
6.818122349641913615e+02 6.815357929076221808e+02 6.831829329133618103e+02 6.844661858644042240e+02 6.873705432006418050e+02 6.897423480255009736e+02 6.949906471034172455e+02 7.015061887686083537e+02 7.041950795402952963e+02 7.095041203558187135e+02 7.129789070137243243e+02 7.128464566823614632e+02 7.116109409607886391e+02 7.089725992308674449e+02 7.054041022115627584e+02 6.989263361474528438e+02 6.947793628839552866e+02 6.920902202874257227e+02 6.883844042933144465e+02 6.852464678190245877e+02 6.844006043690661727e+02 6.839373044655468448e+02 6.815725656273002642e+02 6.819084048110026970e+02
6.835397509756527370e+02 6.888200234754013991e+02 6.931884348099631552e+02 6.956613531239985377e+02 7.008102340465652560e+02 7.066110417420445629e+02 7.103835501938267498e+02 7.104160194596840938e+02 7.133821174095944571e+02 7.156509774996276292e+02 7.118012023587086787e+02 7.095779844768412659e+02 7.072841671267426591e+02 7.025532364566525985e+02 6.984023594201387368e+02 6.938025888290537750e+02 6.909706153955710306e+02 6.865518523754335547e+02 6.840983154982549195e+02 6.830895496707793200e+02 6.794670361763766095e+02 6.797748155289934857e+02 6.818572209355519362e+02 6.819831967162677984e+02
6.772688588428654839e+02 6.810434875331239937e+02 6.843544281558198463e+02 6.867305843573861921e+02 6.893453139445481384e+02 6.916142670994299806e+02 6.921237811015388388e+02 6.905780968534546673e+02 6.906326214081827857e+02 6.896686162872605337e+02 6.861746778132285272e+02 6.845833724109528475e+02 6.840204102924506060e+02 6.822726619129778101e+02 6.810504196422394898e+02 6.816767384282251214e+02 6.812961361141426551e+02 6.792253665747506375e+02 6.775649469636879303e+02 6.771724815499051147e+02 6.754707313424945596e+02 6.741424268533085069e+02 6.753761456188258308e+02 6.763402377555806879e+02
6.753641520993677432e+02 6.770420749841074439e+02 6.787044828989085090e+02 6.817008609819870344e+02 6.826024055540392510e+02 6.821604704886184436e+02 6.808052140806331636e+02 6.783255012166360984e+02 6.761125772742117306e+02 6.733227649106124773e+02 6.706916240628587502e+02 6.702391920995651162e+02 6.709880537880642351e+02 6.715360884454927373e+02 6.725550816868150150e+02 6.743757204856884755e+02 6.761259348778896765e+02 6.760826044061258244e+02 6.740780753564430370e+02 6.737551019468389768e+02 6.734273066169075719e+02 6.719137922183865612e+02 6.718725151041865047e+02 6.732484143583034211e+02
