5.884829997888761000e+02 5.790620682098980296e+02 5.539429062798565155e+02 5.442888793029439967e+02 5.376078161070123542e+02 5.242365514406152442e+02 5.217318890911690232e+02 5.191470243815635968e+02 5.119497357770197823e+02 5.171050234262941103e+02 5.396908174786558448e+02 5.430248960695071219e+02 5.429692076656785957e+02 5.877021133884346682e+02 6.133013888344498810e+02 6.337288362236494095e+02 6.565595578946250725e+02 7.006450609245130181e+02 7.188807726175301696e+02 6.803694845119911179e+02 6.728920597617833437e+02 6.408659956065176857e+02 6.117622276183435588e+02 5.964195875784469081e+02
6.084010526935562666e+02 6.044018026887323458e+02 5.889743520186789283e+02 5.847149241558961421e+02 5.816789773857648242e+02 5.763802586662861813e+02 5.742584975391160924e+02 5.693330978992647715e+02 5.663655068255927745e+02 5.726291262692503778e+02 5.854543151131106242e+02 5.894674305319695122e+02 5.905880127147083840e+02 6.216508888720161394e+02 6.310507034068587018e+02 6.174080033048425094e+02 5.965084649100176648e+02 5.860986101755944446e+02 5.775655379189621499e+02 5.691548666244315200e+02 5.774974826492066313e+02 5.879999418863347955e+02 5.951368887227455389e+02 6.085255547517034529e+02
6.035945355495623517e+02 6.113231650933308856e+02 6.118936236577039836e+02 6.048406666811981722e+02 5.989702805517024444e+02 5.952645519939776477e+02 5.868567163720707640e+02 5.808482532743820457e+02 5.833678312039903631e+02 5.868572214073251416e+02 5.932497737445759185e+02 6.012698946933342086e+02 6.222194423798729304e+02 6.305931097033937931e+02 6.147742840587245610e+02 6.022294375449915833e+02 5.706505061292288019e+02 5.387961606753573278e+02 5.216557671350084320e+02 5.292234837623336716e+02 5.392639116729388888e+02 5.523427934185847334e+02 5.763766671650005264e+02 5.991528513482330709e+02
6.024335081897316968e+02 6.327096695138827727e+02 6.616671264389442513e+02 6.708726320392819389e+02 6.727430590685642073e+02 6.753521858375203237e+02 6.706480689568628577e+02 6.733943550890375036e+02 6.798512207942568466e+02 6.818053779109952757e+02 6.872619117405441784e+02 6.983229288729786504e+02 6.960326489433859933e+02 6.477886006504476200e+02 6.055109964275478660e+02 5.813939422289070080e+02 5.535758331574882050e+02 5.294948358673469784e+02 5.225062111510671912e+02 5.259052749480330249e+02 5.285368829983632395e+02 5.352193710265727304e+02 5.590244844557578290e+02 5.817002494541477517e+02
6.400269876292614981e+02 6.658200567336651829e+02 6.893915866141998094e+02 7.070428304594713609e+02 7.159223984248220631e+02 7.225550947125281027e+02 7.315383685314996001e+02 7.418131895309428501e+02 7.439214344681507782e+02 7.395585341972113156e+02 7.396752423461056196e+02 7.307731911195189696e+02 6.955158218298748807e+02 6.552694138189905289e+02 6.199618000273355847e+02 5.988234092273455644e+02 5.760935126403879849e+02 5.636904238870583868e+02 5.591812017722884320e+02 5.588806031594566548e+02 5.664934656861253188e+02 5.791556064667291821e+02 5.979901733635979326e+02 6.190030169802078035e+02
6.610594289152530791e+02 6.871118104749326676e+02 7.100398179859641914e+02 7.288367026368961206e+02 7.445282295164565767e+02 7.549873133010537458e+02 7.700347513335337908e+02 7.851781606116417151e+02 7.802778381922336166e+02 7.830466705814186525e+02 7.747070560593796245e+02 7.427254394834938012e+02 6.979529735518095777e+02 6.665742772732905905e+02 6.391067253631919129e+02 6.007493402428588070e+02 5.859225111771278307e+02 5.880121859973752407e+02 5.802276161753228507e+02 5.721547395749582847e+02 5.806762410002305614e+02 5.999091310447233809e+02 6.116578725083178369e+02 6.288925158421900505e+02
7.164709436434968666e+02 7.278256040265399633e+02 7.390332783218179884e+02 7.504839305763014181e+02 7.594057724164481442e+02 7.704413379568931077e+02 7.716217391914348127e+02 7.661541505706513817e+02 7.659988286711635510e+02 7.558505526115542352e+02 7.234412463400589104e+02 7.002610678132476778e+02 6.775295993313555982e+02 6.641149133948707686e+02 6.450939214803368031e+02 6.252889134102607613e+02 6.214844114873213812e+02 6.111045679700235951e+02 6.091635340370512495e+02 6.204869323076630963e+02 6.290703914717963698e+02 6.484106653700629295e+02 6.710965545653054960e+02 6.900041417040597480e+02
7.287756993047752303e+02 7.234473784063009134e+02 7.195353570117943036e+02 7.208410472477595476e+02 7.165728985015172157e+02 7.117688985702590116e+02 6.976653915529791448e+02 6.891921038647805062e+02 6.870212020343553831e+02 6.750991807596626586e+02 6.649964844219142606e+02 6.704694846857423727e+02 6.696050725894565403e+02 6.674311340704061877e+02 6.647924400777529854e+02 6.705180453627862107e+02 6.732466125656890199e+02 6.643967743387703422e+02 6.697097800310559705e+02 6.852137091474065755e+02 6.898772505240925739e+02 6.951753660015397145e+02 7.102094754775208685e+02 7.201083069430692376e+02
7.277601478772555765e+02 7.153184689154561511e+02 7.058563750493573252e+02 7.023577889393718579e+02 6.967977316596109176e+02 6.880522483095199959e+02 6.726202350559026399e+02 6.634871215370104665e+02 6.616465130123700646e+02 6.476377753003124553e+02 6.418010505120539619e+02 6.578865911822638282e+02 6.642859037979285404e+02 6.688804432791685031e+02 6.781517777912516749e+02 6.936978377970960992e+02 7.057714357639038099e+02 7.012635644654272937e+02 7.083148862511752668e+02 7.270772262719917762e+02 7.268987299199575318e+02 7.294311952535124419e+02 7.325357203718547225e+02 7.291479915258203164e+02
7.108334279281802992e+02 7.003882250869537529e+02 6.932806875578448853e+02 6.866090592456159811e+02 6.798904160338898919e+02 6.760089751276080960e+02 6.724971359235451018e+02 6.644751312848655971e+02 6.494117732821573554e+02 6.451078521152685425e+02 6.527789519316038422e+02 6.509913933610608865e+02 6.599634099505816494e+02 6.901872812269699580e+02 7.172471135102475728e+02 7.350218163946591403e+02 7.580484069553421023e+02 7.857202544411240979e+02 7.945565758294515035e+02 7.851902369593078674e+02 7.834570017332032421e+02 7.801078254596748138e+02 7.512333331290619753e+02 7.240893362609588166e+02
6.829927430801280934e+02 6.790898908081821901e+02 6.801351524297618880e+02 6.804524019274134616e+02 6.782592305627364340e+02 6.797693802647091843e+02 6.868008597679439617e+02 6.848572399571633014e+02 6.751584924190814263e+02 6.783330668084483932e+02 6.862055246862267950e+02 6.836557515326027215e+02 6.839538385198213746e+02 7.054573822625427511e+02 7.259979635338486332e+02 7.351818507726127336e+02 7.488030299191408403e+02 7.691948206060634448e+02 7.756430550479529984e+02 7.584647121154958995e+02 7.441494211263626539e+02 7.324909812407802292e+02 7.125853813657062119e+02 6.932923191210834375e+02
6.764150224867568113e+02 6.721009777745949805e+02 6.743454955373665598e+02 6.841880199316409517e+02 6.859891414239478991e+02 6.923597027441097680e+02 7.030745780680364305e+02 7.090028703439224955e+02 7.064622605292350954e+02 7.032771561655973755e+02 7.122861844620535976e+02 7.099094090825827834e+02 7.046434986503726350e+02 7.136767285066351860e+02 7.239480724131780107e+02 7.322448069562218507e+02 7.279253771530534323e+02 7.325019135055756578e+02 7.385496153406645590e+02 7.274894967312911831e+02 7.145223783645261619e+02 7.006416491819787780e+02 6.939258602059230725e+02 6.867046510282606278e+02
6.577888173149359545e+02 6.553095723010221718e+02 6.486861396418497634e+02 6.537399402056588542e+02 6.632427862098345486e+02 6.731407377462038539e+02 6.822609670029609106e+02 6.970609197973494702e+02 7.221524233470607896e+02 7.281399216860272645e+02 7.282435846709713587e+02 7.376048857636600360e+02 7.383097840727207313e+02 7.236210964927691975e+02 7.066858783305214047e+02 7.065321917358638757e+02 6.967817527880456510e+02 6.788595975497605650e+02 6.731954377352154779e+02 6.763883806116746200e+02 6.769056429348660231e+02 6.685359654015281876e+02 6.657954550481799743e+02 6.618121752460430116e+02
6.579853170442743249e+02 6.561763048571740455e+02 6.501730220010111907e+02 6.459955383278858108e+02 6.511286806091349035e+02 6.595618899823823540e+02 6.642129013517767362e+02 6.727469613570578986e+02 6.902890304437053146e+02 7.056801540579072025e+02 7.079020213647025912e+02 7.123680821928045361e+02 7.210525742903757873e+02 7.113977298006992669e+02 6.937661610588208987e+02 6.873579989431142394e+02 6.827683879178600819e+02 6.726640811347407407e+02 6.620926875377442684e+02 6.626516651577882158e+02 6.661373781933809823e+02 6.636114095243717657e+02 6.609316867173753280e+02 6.575102928491290868e+02
6.602934223611028983e+02 6.609838832665301425e+02 6.574299904790913160e+02 6.506804848263750500e+02 6.498552001496751700e+02 6.552349441247786217e+02 6.619400994851164342e+02 6.625432887945764833e+02 6.708709455114469620e+02 6.888156681071199046e+02 6.952673919439072279e+02 6.969498647155629669e+02 7.043240311702791132e+02 7.069588594562718527e+02 6.958867698201562462e+02 6.821477577564735384e+02 6.778985220231641051e+02 6.707916110645901426e+02 6.587909312169788336e+02 6.534428401780061222e+02 6.566239005233987882e+02 6.612854188745321835e+02 6.617035597054897380e+02 6.618811278627356387e+02
6.432135026763248788e+02 6.361565427378288859e+02 6.298780224880966898e+02 6.204246491154622163e+02 6.086064678411643172e+02 5.914782620699245399e+02 5.895816143740455573e+02 5.935897973239874545e+02 5.906918551831914783e+02 5.981677275621959780e+02 6.149473774599292710e+02 6.334767092566289648e+02 6.464336805802327035e+02 6.572375159069160873e+02 6.760969484021463813e+02 6.781699964030170804e+02 6.690392758504028734e+02 6.651690142663850338e+02 6.613470261437630597e+02 6.546115320401986537e+02 6.457560173563913395e+02 6.443705565605616812e+02 6.465083940351571528e+02 6.491325021403795290e+02
6.661385785008907305e+02 6.618560175162222095e+02 6.586112867975631389e+02 6.563870281379835205e+02 6.477682361987598370e+02 6.345403461059075880e+02 6.312704632361967469e+02 6.300526500225228119e+02 6.283949253680594893e+02 6.256601272677519319e+02 6.310686468634108905e+02 6.419296950387550851e+02 6.498102512975071932e+02 6.574090562671713087e+02 6.678313508484791328e+02 6.781736366565239678e+02 6.769052272220653776e+02 6.723963753018990701e+02 6.721840714551859719e+02 6.701642050898922207e+02 6.642677465116864823e+02 6.585388626285447344e+02 6.616775752808542848e+02 6.678978561691392315e+02
6.823980910068765979e+02 6.776984379612281373e+02 6.742960057588350082e+02 6.696253047967935572e+02 6.641673377252101318e+02 6.548011988433111128e+02 6.413179368795687196e+02 6.351858447596126780e+02 6.350800548488164168e+02 6.357409093381492085e+02 6.287925471891135203e+02 6.309995603004815621e+02 6.489846572695435043e+02 6.553626407729369703e+02 6.593320063310709429e+02 6.721045282790653346e+02 6.832136387365734436e+02 6.825814052540687271e+02 6.753387526221288226e+02 6.801580870901118487e+02 6.793442577125138087e+02 6.717741548674740670e+02 6.716678414861759165e+02 6.772383939462021090e+02
6.976429222582739840e+02 7.045227457240233662e+02 7.108942578765886537e+02 7.050526188035872792e+02 7.006835327451177591e+02 6.960608581121165344e+02 6.800019163020447195e+02 6.694131346960383553e+02 6.597714624384408353e+02 6.610639054118316835e+02 6.597916107027888302e+02 6.517325667304532999e+02 6.572095059772257173e+02 6.540520686165202733e+02 6.528126933484545589e+02 6.548724433026560519e+02 6.590243529840362271e+02 6.735302121068746146e+02 6.763896030709751130e+02 6.810171532962077663e+02 6.866508765122250679e+02 6.891249766866519622e+02 6.901472060043664669e+02 6.892590283528537611e+02
7.286424607748895141e+02 7.426456083875058312e+02 7.569600214915735705e+02 7.615926618339148035e+02 7.673461572867373661e+02 7.721278487329774407e+02 7.739080184805684439e+02 7.652598557401084918e+02 7.447363263337347234e+02 7.291284606012684435e+02 7.213272414169221065e+02 7.003662818779472445e+02 6.776106865883959927e+02 6.658688611251742486e+02 6.648734732716910685e+02 6.626440621637294726e+02 6.594884593301754876e+02 6.748494637939635368e+02 6.938322134239871275e+02 6.990856213543557942e+02 7.051620108334739143e+02 7.210958499431501423e+02 7.278314454703969432e+02 7.266966494797929954e+02
7.514430585088604175e+02 7.641430315184991287e+02 7.779738468242244380e+02 7.929006509059138352e+02 8.027438247308629116e+02 8.108969791171786028e+02 8.249480937854085596e+02 8.241641753791187739e+02 7.986824142925923979e+02 7.722956828387334554e+02 7.627606873994434409e+02 7.336929605141881439e+02 6.900085591733790125e+02 6.714996547821290278e+02 6.725655635177168961e+02 6.686049498596712510e+02 6.572261459963240213e+02 6.725266072862027613e+02 7.039004671465322645e+02 7.108712903943461470e+02 7.184819037488742879e+02 7.381717644167466688e+02 7.525688690357210362e+02 7.531355975882214580e+02
7.685911971505537394e+02 7.602642540306069350e+02 7.532410045465240955e+02 7.589763210625475267e+02 7.688822116502548170e+02 7.799040251061142044e+02 7.845699679180557951e+02 7.871628834992714019e+02 8.065882555081892633e+02 7.878286399171443009e+02 7.592582337617727717e+02 7.380958435529890949e+02 7.179662854554545675e+02 7.004718520201570300e+02 6.705852873390310833e+02 6.698037163653648349e+02 6.863133113206747566e+02 6.873745197583164099e+02 7.020084234232654126e+02 7.251193466551130768e+02 7.461313182320038777e+02 7.573864890612923091e+02 7.571401306378554636e+02 7.662996513063357042e+02
7.112361100159225771e+02 6.974766740250615840e+02 6.815289134677113907e+02 6.685727376692755115e+02 6.645366521359389935e+02 6.630034284925267229e+02 6.520968914769033518e+02 6.584200670016559798e+02 6.824416780607816690e+02 6.921160207742605053e+02 6.901010653772350452e+02 6.951061622139989140e+02 7.138722959587576042e+02 7.104129368512197971e+02 6.903428407386070376e+02 6.918017727396498913e+02 7.067868045844596736e+02 7.050504693093529340e+02 6.951475295512381081e+02 7.065855903309704900e+02 7.173170521777666409e+02 7.190969473230682070e+02 7.110551265778750576e+02 7.098991788870307573e+02
6.622302580046913363e+02 6.552528533461482994e+02 6.425951059187627834e+02 6.233088798075199293e+02 6.102332536522771989e+02 6.010474284087300703e+02 5.925899314166790646e+02 5.891666577192221439e+02 6.043077986628090912e+02 6.262490749826866931e+02 6.484733150397319150e+02 6.773296436177674877e+02 7.034843893659347032e+02 7.207932415530666503e+02 7.172727509758772158e+02 7.163172921069248105e+02 7.238172894593823230e+02 7.133229390896739233e+02 7.040766887373764575e+02 6.957326925103135409e+02 6.880744500723353667e+02 6.852958388508500320e+02 6.743941748111658399e+02 6.678583777882620325e+02
5.976312275916080807e+02 5.993757279626547643e+02 6.061984081907312429e+02 6.065928326125377907e+02 6.015083170485646633e+02 5.919609276666973301e+02 5.967299090159925754e+02 6.023821049738521651e+02 5.950532758185299826e+02 6.016601408498739829e+02 6.353053456501218079e+02 6.612398728087956670e+02 6.756286582303246178e+02 6.995130203922228702e+02 7.359919731599412671e+02 7.383137482783929499e+02 7.099729900488729299e+02 6.939038021424000817e+02 6.799700478353287281e+02 6.500774645730804195e+02 6.188832104788801871e+02 6.081800799370925006e+02 6.042039655084179230e+02 6.019542443640373222e+02
6.105083528630279943e+02 6.115856621937437012e+02 6.176398307924358733e+02 6.227044619229487807e+02 6.196468501476516622e+02 6.130023306823832172e+02 6.155221610360828208e+02 6.179003856599364326e+02 6.142875462991892164e+02 6.175274307916347425e+02 6.390675930902585833e+02 6.565243622235333305e+02 6.684050396879337086e+02 6.850176421308274257e+02 7.043691702676404702e+02 7.085803583489597486e+02 6.922183590947219045e+02 6.761384996101387514e+02 6.583145935046552495e+02 6.402055682195040163e+02 6.208604740600028435e+02 6.102310116804671907e+02 6.061172308198230212e+02 6.095949580631435083e+02
6.090127757388883083e+02 6.096960483487298461e+02 6.152548596374945191e+02 6.231591792353374331e+02 6.278289358127813102e+02 6.297877508281763994e+02 6.223001882933182287e+02 6.235145125131525674e+02 6.257277338769664539e+02 6.339796037697393558e+02 6.420192275552532237e+02 6.496027426516424157e+02 6.733503892581468335e+02 6.800494484895828009e+02 6.796317685030376197e+02 6.819153897795239345e+02 6.822280103654211416e+02 6.708333401675809000e+02 6.420950801688951515e+02 6.317705066125420217e+02 6.202754661394410505e+02 6.029447885464836645e+02 5.939134789913960049e+02 5.983387923599439091e+02
6.139626246640497129e+02 6.255449326842267510e+02 6.346356720117209989e+02 6.422100853060486543e+02 6.507917350487897465e+02 6.629629245489496725e+02 6.607766135090220132e+02 6.605022934144461715e+02 6.627805053418722991e+02 6.605911694720828109e+02 6.477083953512519656e+02 6.329705244304495864e+02 6.296471034956763333e+02 6.149368804468783765e+02 6.051828219466781320e+02 6.011701920474230292e+02 6.045939347337255185e+02 6.174344311909146654e+02 6.145610548620471718e+02 6.160512584609972464e+02 6.114683318032757597e+02 6.116237420442496386e+02 6.134976393296198012e+02 6.064841630851323089e+02
6.483813125709195901e+02 6.558943708710942246e+02 6.623257753465657061e+02 6.642191450856157644e+02 6.676001919827589290e+02 6.753528678231173217e+02 6.832246108655651824e+02 6.850071891496736498e+02 6.815894753462829385e+02 6.737220494459173779e+02 6.645573440789476081e+02 6.495910786856267123e+02 6.352506609074980588e+02 6.217287426382564490e+02 6.182202571494814265e+02 6.143494859883088566e+02 6.138545329640714954e+02 6.278503169914190494e+02 6.392742239195661114e+02 6.448603695072738446e+02 6.441972694330812601e+02 6.545649980539297985e+02 6.591202903123439683e+02 6.518915538969174577e+02
6.719279904914554891e+02 6.756608713715012300e+02 6.797220132948234550e+02 6.848279166455565701e+02 6.852402759001146251e+02 6.908063532836843024e+02 7.059555270399155233e+02 7.089476934690068219e+02 6.989867437010974527e+02 6.871738932279905612e+02 6.769798941246406230e+02 6.570378717685600805e+02 6.289940161063962023e+02 6.140631719975069700e+02 6.142030289009535409e+02 6.113219788217757014e+02 6.053800164095462151e+02 6.190027743295994469e+02 6.436500802402905492e+02 6.581402772200474374e+02 6.662051131326753648e+02 6.759532273200384225e+02 6.860606987837069255e+02 6.814874864295511543e+02
7.261488480549752467e+02 7.130794130397218851e+02 7.006048365182921316e+02 7.006634565154689653e+02 7.010840741013853403e+02 6.989447695527130691e+02 7.018744105265413964e+02 6.999126514791745421e+02 7.029836342379720691e+02 6.947228568294156048e+02 6.796227177064527041e+02 6.647228781057672222e+02 6.489508393753586688e+02 6.386858164996363030e+02 6.202298134118673261e+02 6.199359510507078994e+02 6.339143093316407658e+02 6.406155623348882955e+02 6.579979582742450930e+02 6.842315574106261238e+02 7.125270739624867247e+02 7.225845148351232865e+02 7.211868651504911440e+02 7.300853113011456799e+02
7.264473383119562868e+02 7.166271901382699525e+02 7.024612099660845388e+02 6.984152013483590054e+02 7.005202643809622032e+02 7.003109646159001613e+02 6.919815916457589537e+02 6.896266928209706748e+02 6.988898114046488672e+02 6.991038062718387209e+02 6.898480813957642113e+02 6.871946832840209254e+02 6.907869670946390670e+02 6.861663218240753395e+02 6.703204329284038749e+02 6.708728717672039465e+02 6.842280359976293767e+02 6.847582560961727722e+02 6.820364724450079166e+02 6.973313149879650155e+02 7.160589553434875825e+02 7.230139623752041871e+02 7.169336708250820038e+02 7.198161886208744136e+02
7.160861806362825064e+02 7.164017109334612314e+02 7.074307187398189853e+02 6.997847493160119257e+02 7.017055342167307117e+02 7.015575156567077784e+02 6.930907254244021942e+02 6.868609982441436159e+02 6.988345640746541676e+02 7.031198617646504090e+02 6.989924091725554263e+02 7.078693105868452449e+02 7.191269564393767268e+02 7.232194081570828530e+02 7.130523528366196615e+02 7.148837913522996814e+02 7.284958894265159870e+02 7.237352045146542423e+02 7.163737037669288839e+02 7.142753120314936268e+02 7.169805985057100770e+02 7.197064000202185525e+02 7.115203811318290263e+02 7.109638850999822353e+02
6.960359537346463412e+02 7.036022687402289648e+02 7.149894271029801303e+02 7.131273428624882627e+02 6.999285867646271981e+02 6.879471596763047501e+02 6.877380690632900269e+02 6.867778956099197103e+02 6.781852310254831764e+02 6.826847768060803219e+02 7.041243552747889680e+02 7.228741704802436061e+02 7.310603011210387194e+02 7.439942562173155238e+02 7.648493261939290733e+02 7.621605554607168642e+02 7.398997582016005481e+02 7.251751837972639123e+02 7.172774183643938386e+02 6.971521354102148962e+02 6.719687696015930669e+02 6.716051449855262945e+02 6.859431453349366166e+02 6.945277304811538670e+02
6.883665433669915501e+02 6.961432401479295322e+02 7.059021019936402581e+02 7.154162772513094524e+02 7.095950672535325339e+02 6.988773518217476521e+02 7.033097502695950425e+02 7.037898858890872589e+02 6.927069902575694869e+02 6.914180393375305584e+02 7.062513151116031622e+02 7.126589337552322831e+02 7.063259428211005115e+02 7.151665265874239594e+02 7.320546302233092320e+02 7.261001993839436182e+02 7.058559509451980603e+02 6.976369567319226235e+02 6.976208037160324693e+02 6.829414707369312509e+02 6.696282879284808587e+02 6.678820542163047094e+02 6.761782381519839191e+02 6.854360146276075056e+02
6.942169386288908299e+02 7.002590977073562044e+02 7.064447435581977288e+02 7.215042955619657050e+02 7.305617471015144702e+02 7.286088587635090335e+02 7.264440758649559484e+02 7.294063811345956765e+02 7.168751150332816451e+02 7.136406731031872823e+02 7.181307181191519931e+02 7.084592121374830640e+02 6.949558651140163192e+02 6.959429383327910728e+02 7.051039364103519347e+02 6.986009252639165652e+02 6.901151639882518793e+02 6.981436883087476417e+02 6.950424138694395424e+02 6.855149675479628968e+02 6.837779044222304492e+02 6.794399606235479041e+02 6.745659251357568564e+02 6.773684899310482024e+02
6.727019805651995057e+02 6.712866529478345683e+02 6.694436076446258994e+02 6.682954323585878456e+02 6.714504398217346761e+02 6.863606074380758173e+02 6.874408546173669947e+02 6.868820225868805665e+02 7.002015377963150513e+02 7.020632369049129693e+02 6.888867160974158423e+02 6.840611718002292037e+02 6.873824112547434879e+02 6.782053216663048261e+02 6.626925323778210668e+02 6.616068852050609621e+02 6.746431751487612019e+02 6.762772987538583038e+02 6.702047625248534359e+02 6.784067356649653675e+02 6.820861128197348080e+02 6.796086456148460684e+02 6.762190505747018960e+02 6.683792469721350926e+02
6.651397500505147491e+02 6.599294626771045387e+02 6.605537950190716856e+02 6.563361979407845865e+02 6.544974017869627687e+02 6.677643946980908822e+02 6.783537865764195658e+02 6.797427555196522917e+02 6.927531903569436054e+02 6.920887646421635964e+02 6.817196037654532574e+02 6.803637986528084411e+02 6.944893813972165617e+02 6.897844075296573010e+02 6.777989964115931798e+02 6.903264161998843065e+02 7.097386880369964501e+02 7.149441977529571659e+02 7.142288386499877788e+02 7.216097860073148240e+02 7.191175438040759218e+02 7.103111532039145004e+02 7.043089032770022868e+02 6.855583958507226043e+02
6.659669134320957937e+02 6.567107741725735650e+02 6.595515920296497825e+02 6.597752188260509456e+02 6.522602093391410563e+02 6.632016178289359232e+02 6.789817922341259191e+02 6.796175369354440363e+02 6.896178661849590981e+02 6.918021111245619750e+02 6.884400447659810425e+02 6.947537134252206670e+02 7.075442705328824786e+02 7.110002800963344498e+02 7.062311148588220249e+02 7.234743359248999468e+02 7.461963122285102372e+02 7.519069306284211507e+02 7.612720911657847864e+02 7.675662382307853022e+02 7.586366021599961869e+02 7.444437941539033545e+02 7.352499512572893536e+02 7.050098019243632734e+02
6.715783753486726937e+02 6.474908751518361214e+02 6.092173566233523161e+02 5.983462094164358405e+02 5.942438899767661269e+02 5.743532457687217629e+02 5.728226370781144396e+02 5.799774567968046313e+02 5.776132354148127206e+02 5.851088341248594134e+02 6.140386179541150113e+02 6.316595797875424978e+02 6.398009426243972939e+02 6.644549718393593594e+02 6.940475364768841473e+02 7.066113016622315399e+02 6.967730683131802607e+02 7.044400832710754230e+02 7.126801010402286920e+02 7.060757649810219618e+02 7.167106581555126468e+02 7.042677064702215830e+02 6.895389409423326015e+02 6.855577717596963794e+02
6.880045590635821782e+02 6.781773425859840927e+02 6.553949109257730470e+02 6.591607190143179196e+02 6.641265441204500348e+02 6.553383563633781250e+02 6.496808681701596697e+02 6.493347301902134632e+02 6.466788581265724360e+02 6.437963099996719620e+02 6.505861881878178110e+02 6.543669106396629331e+02 6.431306389201328102e+02 6.566971121627079810e+02 6.756769654215351011e+02 6.837094798111407954e+02 6.736723252218038169e+02 6.705506090502002507e+02 6.707697567777806853e+02 6.698780246416195041e+02 6.802821039901185713e+02 6.741930454490071725e+02 6.716630997467686939e+02 6.762335218161164221e+02
6.897611527237863811e+02 6.884159394781187302e+02 6.753463141988727330e+02 6.718802683315781223e+02 6.734718504943062953e+02 6.633437316990011823e+02 6.530414377422372354e+02 6.491417137699115756e+02 6.501415627308788316e+02 6.474389211004797744e+02 6.456649024210269090e+02 6.491813942648008151e+02 6.593883288038888395e+02 6.576946654607520486e+02 6.618892267275567747e+02 6.636554779068300149e+02 6.538596441853129591e+02 6.403894389923168546e+02 6.312711507400579194e+02 6.353829540069984887e+02 6.448471510095623671e+02 6.563925000290897742e+02 6.682974737900544824e+02 6.836555867489391858e+02
6.646930289719492748e+02 7.055854971215452451e+02 7.429279439868170130e+02 7.437867520936459869e+02 7.256425477779006314e+02 7.229285925933402268e+02 7.160114646640580531e+02 6.988004601257645163e+02 6.948729083179479176e+02 6.865445403188676892e+02 6.739445438600542957e+02 6.582957637253351777e+02 6.543847653472473667e+02 6.305004666032004934e+02 5.939804254074185792e+02 5.740156524505657671e+02 5.569623130924817360e+02 5.450242212931377708e+02 5.411158823650196155e+02 5.431562939995210400e+02 5.464966868058756972e+02 5.605983217666574774e+02 6.007936206292914676e+02 6.357733215773048414e+02
7.022673046214887336e+02 7.512540528583094783e+02 7.938095675919986434e+02 8.337247870005592176e+02 8.356289707660461090e+02 8.405788999113007094e+02 8.483033334290302037e+02 8.397511596091813999e+02 8.283566728065445659e+02 8.119549147826817261e+02 7.963978021043196804e+02 7.638119634115332701e+02 7.208242686646614175e+02 6.959271780618130379e+02 6.589197798078776032e+02 6.440300542319046144e+02 6.318493585564058321e+02 6.329151032330041744e+02 6.364256164677101424e+02 6.311734704701441387e+02 6.371374838239436258e+02 6.433216181090774626e+02 6.621487321035480136e+02 6.817086810459794606e+02
7.417949278917865286e+02 7.846914338147212220e+02 8.182754940157165038e+02 8.608697842173501158e+02 8.802236777830372603e+02 8.902388129770731666e+02 8.992957229311696210e+02 9.060174386372141271e+02 8.937710756472066578e+02 8.874397832511117485e+02 8.778930785927346960e+02 8.373377055814142977e+02 7.736021884079234496e+02 7.354908096896408551e+02 6.857945581209193051e+02 6.373866300282257953e+02 6.281676342243107456e+02 6.403262715658496518e+02 6.446879559802201811e+02 6.320879499495673599e+02 6.406202814497919462e+02 6.578720891266410717e+02 6.717645423273148708e+02 6.923382633385310783e+02
7.777031967012883342e+02 7.412819588349960895e+02 7.026359068354796591e+02 6.823375431914923865e+02 6.763620224471577558e+02 6.810402725195464200e+02 6.862286204491800845e+02 6.976889324031159276e+02 7.232647549807479663e+02 7.361875662348073774e+02 7.428820540118588269e+02 7.825520012086681163e+02 7.891305759777249023e+02 7.924812930295316846e+02 7.827290723496106466e+02 7.557518464128769438e+02 7.420796097871445909e+02 7.209244685287826542e+02 7.163108403328818667e+02 7.242362277590044641e+02 7.335406810539343496e+02 7.522619820466583178e+02 7.664982106612987991e+02 7.695738122534876311e+02
7.071600648058154093e+02 6.545069930329494809e+02 6.090984273870827792e+02 5.869307157108972888e+02 5.699000601731020197e+02 5.647600487495101333e+02 5.626183495510983903e+02 5.634951041486997383e+02 5.758141736520776703e+02 5.728941666594321305e+02 5.829067823589963382e+02 6.209037657492762037e+02 6.676363482949400350e+02 7.149043940537883373e+02 7.618934466370301379e+02 8.266940626177664626e+02 8.482093058520641762e+02 8.391615521874757633e+02 8.485409485658797166e+02 8.651586928561217746e+02 8.644720301054971969e+02 8.317542084178137429e+02 8.112294908281015751e+02 7.699964203968263519e+02
6.355482704766230881e+02 5.907714934373760798e+02 5.627085427853511419e+02 5.446296016391050898e+02 5.240702760980723269e+02 5.166384679687226935e+02 5.125542377224887787e+02 5.043732758186535534e+02 5.049614331026755849e+02 5.010784920513348766e+02 5.029679860444122141e+02 5.278507559991634253e+02 5.636335106241214135e+02 6.268536239997378061e+02 7.026186887558692433e+02 8.116208753593815572e+02 8.821769486318070221e+02 8.990899327390907274e+02 9.183406080015649877e+02 9.303736741502958694e+02 9.064188603484858504e+02 8.529713170577972505e+02 8.024830951699763091e+02 7.217387946214812473e+02
