6.074602916123132243e-16
1.377815726793871621e-04
2.753114763124063806e-04
4.128213180485377121e-04
5.499656627622978664e-04
6.874890985190434045e-04
8.250095247322665644e-04
9.625317269097206528e-04
1.100063407657439572e-03
1.237596585075006767e-03
1.375133889821330722e-03
1.512671623881034228e-03
1.650211628399167289e-03
1.787388603296142641e-03
1.924925782741972440e-03
2.062472094359576666e-03
2.200019261636846843e-03
2.337569261913305559e-03
2.475120248218644348e-03
2.612674128628032430e-03
2.749867077081671364e-03
2.887427051733778421e-03
3.024982829785189190e-03
3.162543226210762226e-03
3.300097919409852171e-03
3.437290386066591420e-03
3.574836893997662864e-03
3.712387340477740771e-03
3.849937537131701854e-03
3.987496508720959551e-03
4.125054336465959655e-03
4.262250725351990691e-03
4.399809162254296989e-03
4.537365592459885640e-03
4.674920372409060131e-03
4.812471224545026259e-03
4.950018000587141052e-03
5.087194718126612607e-03
5.224726564406319274e-03
5.362257859744832232e-03
5.499783026480877662e-03
5.637309908071867770e-03
5.774828978907839416e-03
5.912344067057541744e-03
6.049849166402251725e-03
6.187345427478379428e-03
6.324835662182098223e-03
6.462290572587677667e-03
6.599735635569300984e-03
6.737154560174962378e-03
6.874546620421446465e-03
7.011889865397111926e-03
7.149548573281408817e-03
7.286790352232007037e-03
7.424339327676160796e-03
7.561804339417867171e-03
7.699134612364481878e-03
7.836388748164517873e-03
7.973771392797923685e-03
8.110685946302717900e-03
8.247644984663085599e-03
8.384709420325521523e-03
8.520997497725391057e-03
8.657127851150740738e-03
8.792933719078958876e-03
8.927805067721757484e-03
9.062063368808622940e-03
9.194673043660029146e-03
9.325692539774502882e-03
9.454371612298118066e-03
9.579889407106342847e-03
9.701541403760777574e-03
9.817768430840416449e-03
9.927185166162658114e-03
1.002887655926017196e-02
1.012117662558919585e-02
1.020370281280068465e-02
1.027650759990148856e-02
1.033960324431960377e-02
1.039312425954961108e-02
1.043666025936846806e-02
1.047112294849192327e-02
1.049756006196110245e-02
1.051822298379940374e-02
1.053406160422011746e-02
1.054975506763666110e-02
1.056661553759173297e-02
1.058258579580898320e-02
1.059372192530758788e-02
1.059672731557695716e-02
1.059228606335118825e-02
1.057821267992844344e-02
1.055513558058375143e-02
1.052541941439182754e-02
1.048679101844796416e-02
1.044185117523432210e-02
1.039265114503005148e-02
1.033914785810781389e-02
1.028139830229274528e-02
1.021807392195447570e-02
1.014985636738810829e-02
1.014971842781413856e-02
1.003652181885068481e-02
9.952487404584041061e-03
9.854705862210311890e-03
9.753047313593435005e-03
9.683219852469140271e-03
9.641744326444736529e-03
9.620005661085985482e-03
9.623859065253499018e-03
9.653508637364045103e-03
9.693795116393271599e-03
9.730294379509339328e-03
9.766259949716787209e-03
9.807646683894076511e-03
9.851217775082037401e-03
9.883299945570699768e-03
9.892939407803578999e-03
9.884397505503818987e-03
9.859608876640217623e-03
9.837972362629111150e-03
9.846512474331828996e-03
9.886721727601447199e-03
