-4.099767105702510218e-21
-5.509847869174471066e-06
-1.100963316847180121e-05
-1.650862159651174914e-05
-2.199299271066385041e-05
-2.749252671097672756e-05
-3.299194145535614108e-05
-3.849142374116487251e-05
-4.399128711136028000e-05
-4.949121177635302312e-05
-5.499130336735409436e-05
-6.049141428208087030e-05
-6.599161511320101475e-05
-7.147729745940051554e-05
-7.697738564313587914e-05
-8.247784092951675249e-05
-8.797833247997840762e-05
-9.347893840821596290e-05
-9.897958282725839480e-05
-1.044803430868455570e-04
-1.099666709730140040e-04
-1.154676778093269735e-04
-1.209685185084288176e-04
-1.264695444144165544e-04
-1.319703424620095140e-04
-1.374566556340743682e-04
-1.429571276677394785e-04
-1.484577581107384163e-04
-1.539583794708276638e-04
-1.594593527442672055e-04
-1.649602813145704266e-04
-1.704467567914884048e-04
-1.759477110961488438e-04
-1.814485856556881317e-04
-1.869493945386280611e-04
-1.924500468013757789e-04
-1.979505368289820788e-04
-2.034362290031774051e-04
-2.089361236612116755e-04
-2.144359972050977287e-04
-2.199356262134981440e-04
-2.254353239476433539e-04
-2.309347090864480279e-04
-2.364339342674374252e-04
-2.419327591350164995e-04
-2.474312299108918619e-04
-2.529294594993191725e-04
-2.584262765556277590e-04
-2.639226997476745566e-04
-2.694180771065946564e-04
-2.749123782054501254e-04
-2.804047228586497220e-04
-2.859096760751746202e-04
-2.913979470035272341e-04
-2.968984912894273554e-04
-3.023956661901272677e-04
-3.078874406646430828e-04
-3.133761568741303067e-04
-3.188699942625894141e-04
-3.243450847563651468e-04
-3.298219099532079431e-04
-3.353028829679366093e-04
-3.407527181951312345e-04
-3.461961263772011881e-04
-3.516264036605051520e-04
-3.570191106361956038e-04
-3.623870458008067626e-04
-3.676887074406208619e-04
-3.729263179550569096e-04
-3.780696775953968128e-04
-3.830857834433035267e-04
-3.879460996571977658e-04
-3.925883269035717335e-04
-3.969562620364429579e-04
-4.010139075000698598e-04
-4.046925823278745135e-04
-4.079795119193658842e-04
-4.108711233460609485e-04
-4.133754266872620257e-04
-4.154822941294072491e-04
-4.171928028235610342e-04
-4.185120882656017576e-04
-4.195183466812640091e-04
-4.202483951143415461e-04
-4.207994143295449782e-04
-4.212983579992801405e-04
-4.218714948913816049e-04
-4.223571350275787941e-04
-4.227257958041070085e-04
-4.226754493424337189e-04
-4.224379518309526052e-04
-4.216987274659102377e-04
-4.206940361289252580e-04
-4.193286616200967158e-04
-4.176493890317415259e-04
-4.156943462882263735e-04
-4.135467251474261429e-04
-4.112621601378260348e-04
-4.088124076537991061e-04
-4.061178960161849691e-04
-4.032959732383534267e-04
-4.032902286246715451e-04
-3.985112784687879525e-04
-3.949017416861962029e-04
-3.907624927052921575e-04
-3.864514847305784880e-04
-3.834013779744111666e-04
-3.814095917095355155e-04
-3.802479409246888650e-04
-3.801521904729676139e-04
-3.811777754566466085e-04
-3.827083148339290508e-04
-3.840293681617002689e-04
-3.852463828459831100e-04
-3.867368759298520260e-04
-3.882520709537736273e-04
-3.893450836387426671e-04
-3.895889523953256469e-04
-3.891216029276063095e-04
-3.880064792056650428e-04
-3.870150549460725877e-04
-3.872447335203318443e-04
-3.887419799588556638e-04
