3.997836188748102489e-04
3.997838609152667738e-04
3.997838644585677346e-04
3.997838633812047637e-04
3.997838815868268864e-04
3.997838773605774361e-04
3.997838819862985205e-04
3.997838863653378066e-04
3.997838946702990176e-04
3.997838989885891007e-04
3.997838950059678475e-04
3.997839054032175862e-04
3.997839045453583382e-04
3.997839172659077784e-04
3.997839076365106723e-04
3.997839139293373921e-04
3.997839072172506138e-04
3.997839193308022035e-04
3.997839166122553532e-04
3.997839260979915515e-04
3.997839216628029527e-04
3.997839266088158987e-04
3.997839282811653863e-04
3.997839274735003621e-04
3.997839328321498671e-04
3.997839345573512833e-04
3.997839405903447782e-04
3.997839325269763374e-04
3.997839401479069709e-04
3.997839369440821787e-04
3.997839434828278520e-04
3.997839372791435301e-04
3.997839447987942851e-04
3.997839429775587941e-04
3.997839506245088161e-04
3.997839489960764011e-04
3.997839496052913366e-04
3.997839510263001550e-04
3.997839527047874738e-04
3.997839564713318960e-04
3.997839538250574204e-04
3.997839580557815357e-04
3.997839541676283357e-04
3.997839616290337441e-04
3.997839587635660611e-04
3.997839647743182869e-04
3.997839615233143829e-04
3.997839650210741362e-04
3.997839654397135432e-04
3.997839705002926691e-04
3.997839703321241843e-04
3.997839710840024531e-04
3.997839710692620199e-04
3.997839730264387908e-04
3.997839783768654355e-04
3.997839765995291278e-04
3.997839805760830230e-04
3.997839790960386916e-04
3.997839839537014662e-04
3.997839834769149957e-04
3.997839900785137663e-04
3.997839900309561054e-04
3.997839938148060749e-04
3.997839946771172739e-04
3.997839988719237769e-04
3.997840023940180143e-04
3.997840077503841353e-04
3.997840106125503685e-04
3.997840116287536575e-04
3.997840194095597676e-04
3.997840223056277017e-04
3.997840296629352275e-04
3.997840347988278610e-04
3.997840445782237413e-04
3.997840486808020444e-04
3.997840562991702203e-04
3.997840662562410327e-04
3.997840774165284080e-04
3.997840862616017362e-04
3.997841010037135102e-04
3.997841143358598238e-04
3.997841269497063145e-04
3.997841430277644702e-04
3.997841623267871908e-04
3.997841845912589783e-04
3.997842068550638188e-04
3.997842368442599496e-04
3.997842641036259380e-04
3.997842979749450989e-04
3.997843335659632957e-04
3.997843759488928185e-04
3.997844273981222439e-04
3.997844820792712298e-04
3.997845418729256326e-04
3.997846164928804333e-04
3.997846976258811417e-04
3.997847847911146146e-04
3.997848905932418736e-04
3.997850133246772398e-04
3.997851492945980550e-04
3.997853112863799141e-04
3.997854962421006292e-04
3.997857041475889189e-04
3.997859535159515752e-04
3.997862327582891073e-04
3.997865571662588330e-04
3.997869347528560215e-04
3.997873724753263250e-04
3.997878862881318329e-04
3.997884804476723028e-04
3.997891689950408382e-04
3.997899807866591403e-04
3.997909303390774429e-04
3.997920264404249873e-04
3.997933107127318690e-04
3.997948130237769654e-04
3.997965801225469027e-04
3.997986463725216244e-04
3.998010513636861209e-04
3.998038914890539178e-04
3.998072247157746502e-04
3.998111361584493406e-04
3.998157149651163328e-04
3.998210822925418869e-04
3.998274188997339709e-04
3.998348471711112104e-04
3.998435403506851900e-04
3.998537501828154260e-04
3.998657214729326738e-04
3.998797400979607923e-04
3.998961299062431599e-04
3.999151888656598012e-04
3.999373224021294648e-04
3.999631140647889513e-04
3.999929143946567823e-04
4.000270718009648696e-04
4.000662518637779089e-04
4.001112896384040590e-04
4.001623894051114768e-04
4.002203639952389117e-04
4.002860872683380866e-04
4.003605205181044171e-04
4.004444420271363733e-04
4.005389268626163672e-04
4.006454420885636027e-04
4.007641215403226877e-04
4.008977928598593575e-04
4.010480485561083931e-04
4.012135918566574156e-04
4.013973886277252216e-04
4.016046559561679222e-04
4.018332328758551959e-04
4.020819206251825210e-04
4.023588056254487431e-04
4.026690726185869012e-04
4.030037284351591738e-04
4.033694293032226842e-04
4.037776572029618850e-04
4.042198726528816919e-04
4.046945912640966957e-04
4.052117231882209443e-04
4.057765697453358158e-04
4.063636820969883465e-04
4.069826659351246040e-04
4.076640146471650645e-04
4.083581875460050889e-04
4.090689859280831602e-04
4.098472086823671439e-04
4.106487455786726965e-04
4.114449048887202829e-04
4.122982278594114220e-04
4.131814729575475700e-04
4.140474314175589731e-04
4.149451784183454247e-04
4.158742367412531708e-04
4.167910102183354157e-04
4.177259430822571743e-04
4.187130591215349525e-04
4.197033010052173907e-04
4.207173536399501455e-04
4.218051689040977709e-04
4.228995561332185961e-04
4.240269077701920054e-04
4.251861222665288017e-04
4.263299968069284799e-04
4.274912894325466183e-04
4.286227125113647183e-04
4.297160695661225195e-04
4.308220610173662656e-04
4.318932384127480194e-04
4.329408353510818034e-04
4.339993557970713467e-04
4.350530861199070737e-04
4.361082242128448434e-04
4.371452955307440313e-04
4.381943816869885875e-04
4.392622964866070177e-04
4.403115618806391091e-04
4.413674782572838372e-04
4.424454561442104803e-04
4.435216861045635688e-04
4.445891535085305483e-04
4.456945274045225123e-04
4.468124625637236429e-04
4.479342342314446084e-04
4.491046965259850839e-04
4.503044601033232832e-04
4.515116922503860093e-04
4.527647753292533047e-04
4.540284772529463476e-04
4.552408545599185815e-04
4.564382384335676857e-04
4.575967923631924753e-04
4.586501478512464451e-04
4.596820710955367871e-04
4.606767359393952317e-04
4.616084695397369687e-04
4.625450436167937406e-04
4.634665239370013663e-04
4.643581557121756855e-04
4.652773042664130063e-04
4.662105763230491224e-04
4.671191485771888528e-04
4.680658359676715362e-04
4.690172682130974691e-04
4.699230681633367575e-04
4.708519399010083640e-04
4.717885388543222773e-04
4.727003604881131532e-04
4.736329559275071085e-04
4.745939073294455049e-04
4.755505400191452716e-04
4.765194826176405224e-04
4.775421996762125925e-04
4.785613853051088511e-04
4.795933182500673048e-04
4.806038682093867823e-04
4.815940885632121675e-04
4.825325182262916665e-04
4.834399082408874504e-04
4.843177617961757879e-04
4.851852874101698389e-04
4.860356073467646818e-04
4.868698406278613370e-04
4.876813617401289081e-04
4.884453245560605242e-04
4.892071434455895745e-04
4.899719136086937588e-04
4.907220893568377609e-04
4.914621398714681590e-04
4.921847626414852309e-04
4.928905114963707092e-04
4.935837387102424111e-04
4.942853689603192349e-04
4.950275573835447984e-04
4.957517401478039442e-04
4.964486602294859111e-04
4.971266092893202471e-04
4.977739432513271630e-04
4.984123887998947837e-04
4.991016700109628937e-04
4.997762935231245957e-04
5.004365997324515709e-04
5.010818388989906474e-04
5.017405789247416726e-04
5.024286873184409530e-04
5.031232908814709968e-04
5.038050883018348842e-04
5.044664799000785158e-04
5.051255258339304747e-04
5.057699891192757313e-04
5.063929018088308845e-04
5.069864957980166429e-04
5.075518662678542899e-04
5.081096404153089691e-04
5.086613513832500665e-04
5.091995510546091716e-04
5.097375086528262546e-04
5.102909436276236799e-04
5.108298315480606314e-04
5.113939391600570835e-04
5.119885253731370350e-04
5.125816058955908784e-04
5.131809830396058970e-04
5.137754229285549767e-04
5.143599074935768529e-04
5.149462470681817356e-04
5.155331929444105423e-04
5.161086845610225998e-04
5.166472035603010635e-04
5.171948582237729814e-04
5.177457871688191790e-04
5.182589632001537074e-04
5.187761849384225216e-04
5.192772167046276130e-04
5.197578733034494440e-04
5.202489585692326264e-04
5.207274524488203970e-04
5.211741922215577978e-04
5.216014124802801927e-04
5.220297031554668211e-04
5.224491387651223565e-04
5.228710320068090433e-04
5.233058339453689834e-04
5.237493255612657743e-04
5.242089540934628377e-04
5.246634869738213761e-04
5.251258070448493361e-04
5.256019556195983163e-04
5.260514543888026619e-04
5.265235604019701497e-04
5.270195095864671974e-04
5.275003218882716536e-04
5.279942620747491095e-04
5.285047518107054403e-04
5.290269426096202814e-04
5.295547578991527306e-04
5.300891178045698910e-04
5.306355430530963107e-04
5.311818490473176231e-04
5.317230673748704443e-04
5.322779573278979982e-04
5.328407425972891357e-04
5.333936871688344829e-04
5.339570376546984212e-04
5.345199156774652852e-04
5.350723092350655489e-04
5.356406751192176793e-04
5.361874469479840834e-04
5.367173764595092140e-04
5.372505380017935815e-04
5.377598963388276632e-04
5.382571755152912047e-04
5.387669941396790911e-04
5.392828510534954491e-04
5.398070923609478867e-04
5.403398471374612315e-04
5.408889302056124095e-04
5.414407111933636609e-04
5.419941378168873121e-04
5.425521985093312250e-04
5.431107125099371956e-04
5.436695526048382875e-04
5.442105875528115751e-04
5.447577276276645980e-04
5.452976042137312740e-04
5.458191938739276675e-04
5.463492906459298595e-04
5.468831172697685098e-04
5.474024920037446045e-04
5.479316164448158567e-04
5.484627069530833079e-04
5.489746127932384947e-04
5.494896388265886437e-04
5.500013097806845516e-04
5.504902997068366558e-04
5.509891426423661190e-04
5.514918657312787480e-04
5.519930797165731578e-04
5.525056864356722025e-04
5.530346625397175239e-04
5.535614172538735368e-04
5.540994748750756316e-04
5.546553435166452859e-04
5.552121477142597924e-04
5.557805964558641589e-04
5.563644842213280204e-04
5.569604188926889892e-04
5.575590405707149793e-04
5.581757702911051538e-04
5.588005348080449936e-04
5.594354230554860960e-04
5.600791116069851576e-04
5.607361870043178938e-04
5.614100902575219765e-04
5.620947444628584004e-04
5.627959425932539325e-04
5.635322340481860488e-04
5.642922983088439733e-04
5.650604922498008581e-04
5.658747571032928837e-04
5.667028398180028832e-04
5.675220556454735723e-04
5.683627553375101941e-04
5.692138068698358649e-04
5.700486664648765330e-04
5.708976089302646162e-04
5.717670617088044509e-04
5.726411942186264599e-04
5.735222150835104929e-04
5.744257929403584918e-04
5.753456921284447276e-04
5.762636594408045154e-04
5.772040405926658372e-04
5.781492950277919343e-04
5.791040497998235434e-04
5.800726929052830083e-04
5.810474429619916399e-04
5.820340908178427662e-04
5.829957102006795133e-04
5.839489161636303525e-04
5.848754617831766929e-04
5.857526205346674179e-04
5.865985420553294655e-04
5.874024164123599952e-04
5.881668899214391585e-04
5.888854715485683511e-04
5.895644624083272271e-04
5.902288319236327803e-04
5.908455185973584146e-04
5.914312280374742214e-04
5.920003179774500045e-04
5.925463721409567237e-04
5.930639590259208617e-04
5.935556468499849844e-04
5.940434448514233211e-04
5.945261299342709770e-04
5.949872923378112400e-04
5.954365041321911479e-04
5.958815399901280611e-04
5.963264515175686637e-04
5.967595438013866081e-04
5.971862154089031555e-04
5.976306372389945725e-04
5.980739939911121480e-04
5.985122286116778111e-04
5.989603909617342847e-04
5.994224031107126243e-04
5.998981120283260367e-04
6.003782812038207985e-04
6.008836474884144199e-04
6.014280435096899802e-04
6.019879186128405339e-04
6.025657125082223460e-04
6.031517356994062478e-04
6.037462601960982313e-04
6.043570241237142303e-04
6.049608805077872145e-04
6.055765317542511229e-04
6.061991793391256636e-04
6.068279897555660211e-04
6.074575883536815785e-04
6.080833334528171555e-04
6.087104057146762014e-04
6.093392912103661255e-04
6.099540242080578756e-04
6.105538415387096011e-04
6.111601144894755408e-04
6.117647425376119023e-04
6.123586556996685193e-04
6.129618739636650843e-04
6.135834178490291507e-04
6.142035374412989444e-04
6.148393395041302665e-04
6.155049484518290183e-04
6.161850907699253184e-04
6.168835512723068112e-04
6.176053162090798824e-04
6.183341534962025167e-04
6.190670609313501894e-04
6.198010838072046764e-04
6.205301884139766914e-04
6.212563011013044149e-04
6.219907255695133249e-04
6.227237029676382495e-04
6.234542490313208039e-04
6.242026630333887428e-04
6.249552796958686342e-04
6.256938677118760667e-04
6.264288220709694028e-04
6.271610260016876682e-04
6.278766576962216796e-04
6.285775297913731617e-04
6.292882364753030807e-04
6.299956326197282512e-04
6.306789648714305509e-04
6.313541686819349429e-04
6.320426274478791124e-04
6.327024253506709868e-04
6.333350032434675132e-04
6.339745460877516635e-04
6.346040407189485963e-04
6.352079041593195093e-04
6.358117424385511911e-04
6.364271641671881549e-04
6.370437055695681635e-04
6.376658204935608306e-04
6.383012483414372308e-04
6.389501090203567610e-04
6.396024211550771412e-04
6.402576052703310133e-04
6.409180236644036396e-04
6.415721352572864664e-04
6.422222970411583989e-04
6.428695793779697683e-04
6.435251524231663627e-04
6.441790177838112481e-04
6.448292474292091495e-04
6.454753005479259113e-04
6.461303314067263570e-04
6.467635992160570505e-04
