3.997605370400952635e-04
3.997608132745573799e-04
3.997608414138038467e-04
3.997608152650846433e-04
3.997608027164947634e-04
3.997607922457789434e-04
3.997608113075930281e-04
3.997608176581253243e-04
3.997608343699165633e-04
3.997608449288461620e-04
3.997608581374324050e-04
3.997608753850360325e-04
3.997608813134563305e-04
3.997609031116261535e-04
3.997609314966777869e-04
3.997609724289089700e-04
3.997610093130428465e-04
3.997610637026873274e-04
3.997611057708404876e-04
3.997611590329725514e-04
3.997612063533547561e-04
3.997612669198203359e-04
3.997613262996129227e-04
3.997614075395233921e-04
3.997614987357580381e-04
3.997616151650298607e-04
3.997617412461123383e-04
3.997618982699351563e-04
3.997620808436178367e-04
3.997623027367874738e-04
3.997625603755237738e-04
3.997628560678275866e-04
3.997632205783805672e-04
3.997636445524133152e-04
3.997641769681664560e-04
3.997647942308276336e-04
3.997655855472938714e-04
3.997665358580520167e-04
3.997677385358216736e-04
3.997692058838103399e-04
3.997710382551476305e-04
3.997733402839402628e-04
3.997762242018937742e-04
3.997798600986564223e-04
3.997845115302262509e-04
3.997904278833820657e-04
3.997981068452278520e-04
3.998081644719485165e-04
3.998212494348883455e-04
3.998384381270783075e-04
3.998609875094856795e-04
3.998907423086951653e-04
3.999302716375411292e-04
3.999830908364683068e-04
4.000540786471281458e-04
4.001490548866430078e-04
4.002766853820153843e-04
4.004475639298265654e-04
4.006778760520511053e-04
4.009894374825651812e-04
4.014162069560386036e-04
4.019964591117421724e-04
4.027864533529698318e-04
4.038594526101649067e-04
4.053057736848196708e-04
4.072674414516717152e-04
4.099286206723479859e-04
4.134551524208209374e-04
4.180252494593493734e-04
4.238316076675686635e-04
4.311602017439525292e-04
4.399203412754555979e-04
4.501072592329014672e-04
4.621582613204960606e-04
4.768135008875631193e-04
4.949514975349858514e-04
5.171241212983492853e-04
5.434533301185515836e-04
5.718784737847152928e-04
5.994973199057137322e-04
6.243901797776188478e-04
6.497725554526295961e-04
6.754137910124431883e-04
6.966146972772387915e-04
7.169120046956455614e-04
7.388421570277489562e-04
7.631958261504294665e-04
7.894873128455309058e-04
8.178675741172732614e-04
8.497218713287696661e-04
8.828494013998785086e-04
9.172661791380935965e-04
9.509040393681558994e-04
9.826718090771256742e-04
1.011600638912881454e-03
1.037499463911664612e-03
1.061736019380845209e-03
1.085011507131194335e-03
1.107512799727543035e-03
1.128618207048110063e-03
1.147867321904217589e-03
1.165764727591616853e-03
1.183264619883715165e-03
1.200386593236710091e-03
1.216738590110036117e-03
1.232024515348542452e-03
1.245996206476970803e-03
1.259414383876542682e-03
1.272391596412737009e-03
1.284525215925833757e-03
1.295689569930718547e-03
1.306348034565654086e-03
1.316574840943575669e-03
1.326856688755538669e-03
1.336693906580134657e-03
1.346369711140766538e-03
1.355974835507914615e-03
1.365643316201015610e-03
1.375462649713909882e-03
1.385780885716222672e-03
1.396886480078687702e-03
1.408491405418483937e-03
1.420676947738214787e-03
1.432912481948451795e-03
1.444764765149052048e-03
1.456164251738731666e-03
1.467154046650308427e-03
1.477798757486675166e-03
1.488134416618032939e-03
1.497561124941199431e-03
1.506245008939020554e-03
1.514560531048133500e-03
1.522566766268637455e-03
1.529954783023136818e-03
1.537044075573065598e-03
1.543920456495413577e-03
1.550645817038052033e-03
1.556996299982541139e-03
1.563123376096978894e-03
1.569290310853874420e-03
1.575384713847824371e-03
1.581455442711053854e-03
1.588154431693032057e-03
1.594780904286594025e-03
1.601079238473722150e-03
1.607510578489965494e-03
1.614281448553065747e-03
1.620928291492017585e-03
1.627606531912485169e-03
1.635027486249661897e-03
1.643170791399242584e-03
1.651469910512882999e-03
1.659984826383646174e-03
1.668808468147942644e-03
1.677637511397524206e-03
1.686449533732634716e-03
1.695392942320495065e-03
1.704314734897551193e-03
1.713410080161325774e-03
1.722565974303004932e-03
1.731783867602540352e-03
1.741351836385475775e-03
1.751365286859626934e-03
1.761677321781892486e-03
1.772261116501957189e-03
1.782877117443114898e-03
1.793822422493566646e-03
1.804800173317903282e-03
1.815222616304974518e-03
1.825628136492688826e-03
1.836479195519796770e-03
1.846775668332252540e-03
1.856059367833804829e-03
1.865146656426593238e-03
1.874451471514706905e-03
1.883896623106606164e-03
1.893112760403886305e-03
1.902364300746478207e-03
1.911594653954469102e-03
1.920965345261927727e-03
1.930441673308844848e-03
1.939799867552586925e-03
1.948686022447219468e-03
1.957567348983986575e-03
1.966854760118606597e-03
1.976423476215505987e-03
1.985987349536600874e-03
1.995840135077785790e-03
2.005579757198994433e-03
2.015118446105672138e-03
2.024880988950836756e-03
2.034799103182273385e-03
2.044669140831586671e-03
2.054660066651536974e-03
2.064621993854035952e-03
2.074371620906205992e-03
2.084383760077350434e-03
2.094321555273778029e-03
2.104121162525097143e-03
2.113396265294108321e-03
2.121932469973680617e-03
2.129815823615711402e-03
2.137956094494634224e-03
2.146136186694003883e-03
2.153532510922040455e-03
2.160230920270426666e-03
2.166995433323390310e-03
2.174348124585614821e-03
2.182130579468904291e-03
2.190023132490930696e-03
2.197641935938892538e-03
2.205211319092909971e-03
2.213461036852636295e-03
2.222372805839896350e-03
2.230993857255484172e-03
2.239329440036469908e-03
2.248212480545605345e-03
2.258102347109805855e-03
2.268549474986922537e-03
2.278933503959701574e-03
2.289276734029758228e-03
2.299885012167649043e-03
2.310752556365814649e-03
2.321924193774157694e-03
2.333252795507135061e-03
2.344131102165563935e-03
2.354490628965524076e-03
2.364677583968491977e-03
2.374626746276865298e-03
2.384363421578830460e-03
2.394152889943255026e-03
2.403856583140431564e-03
2.413547194919440659e-03
2.423597464704413396e-03
2.434138570935105803e-03
2.444909376243353631e-03
2.455756720823987650e-03
2.467320834745381601e-03
2.479237082509878291e-03
2.490531685992839611e-03
2.500871210098100372e-03
2.510628519037969280e-03
2.520819326118449617e-03
2.531373738851902359e-03
2.541406193371138073e-03
2.551276279687697806e-03
2.561621678784385507e-03
2.572725612205031993e-03
2.583727257116055082e-03
2.594803058912481357e-03
2.606581652916603771e-03
2.618644794241594201e-03
2.630761348304872047e-03
2.642966805980791721e-03
2.654952728274643202e-03
2.666632798036888685e-03
2.678181607679472678e-03
2.689567052665426620e-03
2.700453106050484595e-03
2.710862993016272589e-03
2.721133469158558936e-03
2.731364689007915840e-03
2.741329799047855474e-03
2.750605645929503178e-03
2.759017871093505381e-03
2.767179207364489548e-03
2.775690170814745089e-03
2.784809538715620793e-03
2.794371484395455959e-03
2.804177758747687221e-03
2.813998167395873485e-03
2.824106078986456103e-03
2.834598400496936635e-03
2.845803832752201012e-03
2.858177904516191054e-03
2.871137618954302043e-03
2.884522288459145066e-03
2.898689396582637690e-03
2.913327142850738027e-03
2.927368457795630902e-03
2.940811565919437820e-03
2.954706234119183761e-03
2.970050202191173213e-03
2.985668071012404640e-03
3.000567299553543420e-03
3.014123573785788476e-03
3.027061630915719569e-03
3.040564829580364413e-03
3.054935512129560056e-03
3.069915611094398058e-03
3.085150839184577342e-03
3.100557959629759650e-03
3.116363389352444849e-03
3.131921808454016590e-03
3.147141609129046683e-03
3.162389652882856110e-03
3.177855858454548162e-03
3.193290280597463338e-03
3.209526675063027919e-03
3.226335258599198792e-03
3.241541829114994236e-03
3.254661165439680023e-03
3.266493895967051940e-03
3.277981225373376769e-03
3.289762507362555509e-03
3.301040738861116264e-03
3.311287854529207375e-03
3.321037262853477473e-03
3.330925159818460320e-03
3.341868991130118958e-03
3.354579484160457713e-03
3.368792527578150231e-03
3.384152214710649947e-03
3.400475384671793576e-03
3.417785727053512454e-03
3.436305886221080637e-03
3.456003772389491802e-03
3.475844273758962617e-03
3.494444747099408576e-03
3.512475971074099316e-03
3.531168965520479867e-03
3.549839491321349870e-03
3.567097199461664175e-03
3.582381742684485025e-03
3.596177883834222704e-03
3.610282545820972869e-03
3.625165504276009476e-03
3.639407401971627744e-03
3.651409244224509097e-03
3.661455902464292624e-03
3.670940233285951461e-03
3.680470164120619794e-03
3.689727035481916734e-03
3.698558462561683628e-03
3.707089120873940415e-03
3.716401406439886340e-03
3.726957152294000687e-03
3.737609540873338548e-03
3.747348838001186844e-03
3.756010283655804305e-03
3.764791323232368793e-03
3.775173868064071302e-03
3.788094459796091489e-03
3.802815779415646795e-03
3.817166128169927671e-03
3.829837874213586936e-03
3.842042097697352318e-03
3.856366561516967432e-03
3.874127651715387165e-03
3.893775646515437901e-03
3.912484760090382055e-03
