3.997605370398810793e-04
3.997608299939902385e-04
3.997608184012328312e-04
3.997608497097246546e-04
3.997608805245567317e-04
3.997608882354068650e-04
3.997608895089879862e-04
3.997608939877035075e-04
3.997609062596548662e-04
3.997609217994501198e-04
3.997609287172505452e-04
3.997609281773482209e-04
3.997609307133760323e-04
3.997609392768019881e-04
3.997609460354158389e-04
3.997609451538748507e-04
3.997609448868914752e-04
3.997609548554263703e-04
3.997609673979437422e-04
3.997609701483551860e-04
3.997609666928880453e-04
3.997609688678763163e-04
3.997609802903789628e-04
3.997609920287786573e-04
3.997609935251836537e-04
3.997609896998566628e-04
3.997609922480608235e-04
3.997610013498924166e-04
3.997610082872408988e-04
3.997610104180665796e-04
3.997610132903136161e-04
3.997610234684207254e-04
3.997610371507993605e-04
3.997610446849269791e-04
3.997610475468721435e-04
3.997610567200719951e-04
3.997610752395086304e-04
3.997610950211620507e-04
3.997611088002960803e-04
3.997611213682274222e-04
3.997611444029492843e-04
3.997611778737144520e-04
3.997612129449358239e-04
3.997612504195117837e-04
3.997612985417371722e-04
3.997613618894668491e-04
3.997614396749818032e-04
3.997615312010201248e-04
3.997616434790999705e-04
3.997617878777759838e-04
3.997619706098083430e-04
3.997621931841279950e-04
3.997624694816488819e-04
3.997628229717476193e-04
3.997632794864943058e-04
3.997638629758546499e-04
3.997646044042957531e-04
3.997655613075851611e-04
3.997668165898764139e-04
3.997684644637671415e-04
3.997706182993606338e-04
3.997734517898802694e-04
3.997772335051404937e-04
3.997822942891406930e-04
3.997890788583705751e-04
3.997982476286598562e-04
3.998106696141101005e-04
3.998276412376281603e-04
3.998507906876740689e-04
3.998825192254082785e-04
3.999259205710088303e-04
3.999851102956970004e-04
4.000660798587916999e-04
4.001760082700273752e-04
4.003246120520247012e-04
4.005250589679552930e-04
4.007928458616870837e-04
4.011497405330990387e-04
4.016221936754331380e-04
4.022432271965981684e-04
4.030470513484469977e-04
4.030490678029538401e-04
4.040740070784740179e-04
4.053509557118410603e-04
4.068791960018918190e-04
4.086585693391408852e-04
4.106721920238941823e-04
4.129395696912581144e-04
4.154609739223424957e-04
4.182870678985647428e-04
4.213963443149803785e-04
4.247558517913307963e-04
4.283212764472135985e-04
4.320590775332881035e-04
4.358333814542037811e-04
4.395825767778833147e-04
4.433117436606338305e-04
4.472118538110967864e-04
4.513369448512978858e-04
4.557712251791486537e-04
4.605122243049840358e-04
4.655903617256714898e-04
4.709404908395544266e-04
4.764098769696140188e-04
4.820969282211726679e-04
4.878892590997215809e-04
4.937384721347955283e-04
4.995498241212396320e-04
5.055153939295837237e-04
5.116399519398580342e-04
5.179758281078822345e-04
5.243676200303228497e-04
5.307343112834638941e-04
5.367824636005158034e-04
5.423231353903427542e-04
5.476595665365676952e-04
5.532380855517127997e-04
5.590794255090588468e-04
5.649881694254090241e-04
5.708183839170590142e-04
5.765082680715934507e-04
5.819441344496033980e-04
5.870566450117758409e-04
5.917391377905220282e-04
5.960235215813735731e-04
6.000753813392352984e-04
6.038550576674753256e-04
6.075424075503709246e-04
6.111507967851586599e-04
6.146726050882222840e-04
6.181795943559617503e-04
6.217515281803473633e-04
6.253777117640280190e-04
6.290264678309059367e-04
6.325309038319899000e-04
6.358949572704299374e-04
6.392106075120550669e-04
6.425088461291233316e-04
6.458304719811554543e-04
6.491619991255079009e-04
6.526126732795473539e-04
6.562238684637373889e-04
6.600586273327686739e-04
6.640970140667281372e-04
6.682527334871291459e-04
6.725008501857908296e-04
6.767751302754392104e-04
6.810707305254729959e-04
6.852020399988833187e-04
6.890111798884890944e-04
6.924925237743837381e-04
6.957627959181928411e-04
6.989527545038109633e-04
7.021588988954353353e-04
7.053621734506416129e-04
7.084423270663521826e-04
7.113837354346813635e-04
7.141535477958780263e-04
7.167208827023469888e-04
7.190705435405154783e-04
7.212562385996954288e-04
7.233652780646853287e-04
7.254583482869139633e-04
7.276531037301625692e-04
7.299592798187206797e-04
7.323337565154938548e-04
7.347078658450192966e-04
7.370891227290056859e-04
7.395392375571549319e-04
7.420958091220327367e-04
7.447528727849987880e-04
7.474176640426212406e-04
7.501200835514944525e-04
7.528899776351172506e-04
7.556869441521366689e-04
7.585273145429011080e-04
7.613938665054994798e-04
7.642423903836943842e-04
7.670113084691300735e-04
7.696944236095196613e-04
7.723222680045807500e-04
7.749195072619217018e-04
7.774573154934823118e-04
7.799243162624422149e-04
7.823374308038092122e-04
7.846938049781767167e-04
7.869913569180966547e-04
7.892602731538549653e-04
7.914361399054695503e-04
7.935431605573453747e-04
7.956116394887971987e-04
7.976985260805992276e-04
7.998850813868084962e-04
8.021704290284196147e-04
8.045392388150683638e-04
8.070160431508629009e-04
8.096003305720843009e-04
8.122875136475227057e-04
8.150316336614812744e-04
8.178118712128096789e-04
8.205568300750048887e-04
8.231799185768784617e-04
8.257524899057345959e-04
8.283761304595878196e-04
8.310569518163815096e-04
8.337799598010337768e-04
8.364778123584737509e-04
8.391400655921468863e-04
8.418005021395016073e-04
8.444724643785543562e-04
8.470674874859604117e-04
8.496348553671792580e-04
8.522551007052933929e-04
8.549396706927187917e-04
8.576204118988869788e-04
8.601899753962334279e-04
8.626206387455802229e-04
8.649924741804898782e-04
8.673860593682586198e-04
8.697843627399119660e-04
8.721142286768977358e-04
8.743736091139796447e-04
8.765794862268331536e-04
8.787843982417445615e-04
8.809879758836858862e-04
8.831494066384601655e-04
8.853026013334814107e-04
8.875281060866151367e-04
8.898560386969905575e-04
8.923069139971741065e-04
8.949194814731806485e-04
8.976280138174292213e-04
9.003301761104984388e-04
9.029072408253339520e-04
9.052924226791117957e-04
9.075155934929259342e-04
9.096600955905703592e-04
9.116935545180695783e-04
9.135609067343853848e-04
9.153046794074554560e-04
9.169707905304370346e-04
9.186491646436278392e-04
9.186525328355441868e-04
9.204471866078461646e-04
9.224096697456672482e-04
9.244858408820671655e-04
9.265853383077483039e-04
9.286866010762455988e-04
9.307900450528693373e-04
9.329104509359531939e-04
9.351067671580934543e-04
9.374077357644117637e-04
9.397908481247357242e-04
9.422277714895769922e-04
9.447282562993913630e-04
9.472630529001159830e-04
9.497337176193795241e-04
9.521277377510746270e-04
9.543863677354302074e-04
9.563920841356540921e-04
9.581510780424587481e-04
9.597604790154915921e-04
9.612637492177436875e-04
9.626723495470918207e-04
9.640600673479283230e-04
9.654815800850205130e-04
9.669658071921426309e-04
9.685111225620706516e-04
9.701104132284581183e-04
9.717798380647522331e-04
9.735009307498394783e-04
9.752151469847406559e-04
9.769208112730038990e-04
9.786182861032961117e-04
9.803334426714555971e-04
9.821072787369058109e-04
9.839651634453300266e-04
9.859120446858934701e-04
9.878881775191767928e-04
9.898217620074865105e-04
9.916831836904800752e-04
9.934860844536602328e-04
9.952367888961604573e-04
9.969569045401398526e-04
9.986714593483918094e-04
1.000423858385304093e-03
1.002253623688165824e-03
1.004106583291711208e-03
1.005917159263642474e-03
1.007675976116041705e-03
1.009435659576754258e-03
1.011204918043050790e-03
1.012941383720599841e-03
1.014634333138558775e-03
1.016317454833670598e-03
1.018041856290287719e-03
1.019777178657582575e-03
1.021410974023759157e-03
1.022938031037657616e-03
1.024422845907912820e-03
1.025943277246266824e-03
1.027505545281583079e-03
1.029074797792549085e-03
1.030645563742989745e-03
1.032213567581694675e-03
1.033750516798671295e-03
1.035250691643225911e-03
1.036703437996991470e-03
1.038107854586225705e-03
1.039459959628203246e-03
1.040786399493722099e-03
1.042109711476065610e-03
1.043478690848105312e-03
1.044944735694734207e-03
1.046493892102044049e-03
1.048061953934705838e-03
1.049584382649149453e-03
1.051116234220773361e-03
1.052787778135466559e-03
1.054638203452959661e-03
1.056664798001877813e-03
1.058863035133149376e-03
1.061197781283569359e-03
1.063621737493401689e-03
1.066128035162855654e-03
1.068722257940812187e-03
1.071161480412456506e-03
1.073193699398377384e-03
1.074965926228532449e-03
1.076668224703496071e-03
1.078323970076437537e-03
1.079707216047103664e-03
1.081060372768342243e-03
1.082153431500065040e-03
1.083016144231395503e-03
1.083114007151481702e-03
1.083843759101441127e-03
1.086305238508167726e-03
1.090258884832569610e-03
1.094920250146603829e-03
1.100202777871341336e-03
1.105704003727877270e-03
1.111053028713570884e-03
1.116236576433212845e-03
1.120881244952483865e-03
1.126041320795972403e-03
1.131689229234967555e-03
1.134743863411138065e-03
1.133226082721740897e-03
1.131213051404500718e-03
1.130290993705969013e-03
1.130716062222324007e-03
1.131760717013448065e-03
1.132570327009798424e-03
1.133211253358542333e-03
1.136096532489454724e-03
1.140783716721944846e-03
1.145837596072958814e-03
1.148651130717678100e-03
1.151315508587267547e-03
1.154331989902508682e-03
1.156999525655191385e-03
1.158754417191455981e-03
1.158669450224439953e-03
1.157577195287466231e-03
1.156569314310771941e-03
1.156261003921940905e-03
1.156774511344313633e-03
1.157198524735486306e-03
1.157179029754391809e-03
1.158373806509899098e-03
1.162194497586811022e-03
1.167194969755335583e-03
1.171845006791915039e-03
1.175243021502180322e-03
1.178303526110474966e-03
1.182257456535049924e-03
1.186092778158726394e-03
1.187922193695606105e-03
1.188056124593308161e-03
1.186852152787341115e-03
1.184966424147932892e-03
1.185913275636123762e-03
1.191173342271925660e-03
1.197959375361315557e-03
1.202581050138557244e-03
1.203392646723475731e-03
1.201414788065914650e-03
1.206041687292739141e-03
1.216157730944173506e-03
1.227173501406674666e-03
1.235286906730608068e-03
1.239598601564468553e-03
1.243155660506986906e-03
1.248672634507359564e-03
1.257222651954804492e-03
1.268696157771730506e-03
1.281919599659494657e-03
1.297604337392285062e-03
1.318248789363546045e-03
1.340908957813927594e-03
1.369324418734327049e-03
1.388029422981535473e-03
1.388037612764375216e-03
1.382000503142644717e-03
1.365057474962846646e-03
1.360507031757575034e-03
1.362537839310105393e-03
1.361618448843198489e-03
1.365731853519392769e-03
1.375781514120738135e-03
1.387743010164906119e-03
1.400329708275353585e-03
1.403984100841922534e-03
1.399317387895977240e-03
1.396404585156089994e-03
1.396992801468364010e-03
1.401053447585592698e-03
1.407452767462187559e-03
1.410392081610936437e-03
1.411975512939470838e-03
1.414358937162870635e-03
1.417103449098334762e-03
1.419928792085579624e-03
1.421743275958009100e-03
1.422815701146404408e-03
1.424013938232888098e-03
1.425718614724393214e-03
1.427899645688571455e-03
1.430241195968098584e-03
1.432825589416496063e-03
1.435534172115316819e-03
1.438278399309842869e-03
1.441236987310408812e-03
1.444808678370678758e-03
1.449166618685282905e-03
1.454288768144856511e-03
1.460063630393089885e-03
1.466144922123086827e-03
1.472350242107203951e-03
1.478735461515645264e-03
1.485438703055191271e-03
1.492350530879561158e-03
1.499561093824602551e-03
1.507647604189674617e-03
1.516588762789909716e-03
1.526166794880503240e-03
1.535719569070644400e-03
1.545058520100921510e-03
1.554823957087756586e-03
1.565249341132560245e-03
1.576098043112034077e-03
1.587299578411161330e-03
1.598519047009408153e-03
1.609979858939659513e-03
1.622241312271960421e-03
1.635655920671902830e-03
1.649004454130685235e-03
1.659674354728609205e-03
1.667758523025700094e-03
1.675555678277184648e-03
1.684550377235105069e-03
1.693854059143041439e-03
1.702414954672372156e-03
1.710101688589524488e-03
1.717053021755991825e-03
1.723571247226734875e-03
1.730252851139061406e-03
1.737869426038394843e-03
1.746352048367314554e-03
1.755189103848316980e-03
1.764284888487881219e-03
1.774154898738901018e-03
1.785179992441478410e-03
1.797186444417146842e-03
1.809321078226679277e-03
1.821562387534107763e-03
1.834683518286667203e-03
1.848348174568319961e-03
1.861913338093045510e-03
1.875813397879034453e-03
1.889823301681956003e-03
1.903977457864167860e-03
1.918627588075648297e-03
1.934020940038539034e-03
1.949500990303255042e-03
1.963696742636028211e-03
1.975783088171848348e-03
1.987022958050481576e-03
1.999728798603480750e-03
2.015300090272392677e-03
2.032314978486555145e-03
2.049290348458146505e-03
2.065860282427476463e-03
2.080078612863693784e-03
2.086395644417753537e-03
2.086262982621181223e-03
2.092424242463234666e-03
2.107663560454264666e-03
2.125463138542985422e-03
2.140202755488896172e-03
2.149895173737137715e-03
2.157361171198516302e-03
2.165256024679151903e-03
2.174430076465244058e-03
2.186848166839498731e-03
2.200106489133152668e-03
2.212441830598934137e-03
2.223893138870244087e-03
2.235531727442355288e-03
2.248557934670512848e-03
2.262729699680613576e-03
2.276830195847819819e-03
2.289436215849331192e-03
2.299107911534585547e-03
2.304320696266052085e-03
2.309045045432116423e-03
2.317275539125075463e-03
2.328158561851641044e-03
2.338910782183869792e-03
2.348535041059602452e-03
2.358146425587179847e-03
2.368522369423288042e-03
2.379373347064001835e-03
2.389663798945995069e-03
2.397466356366301059e-03
2.402810343719686409e-03
2.408935256429499232e-03
2.417255365559854187e-03
2.426472413042443394e-03
2.434921315674995305e-03
2.441852050967299390e-03
2.447109329156743791e-03
2.450624541904334111e-03
2.454215203423889755e-03
2.460376726645034304e-03
2.468888231406595954e-03
2.477713317049870610e-03
2.485629639149618698e-03
2.491834062902566899e-03
2.497252701260048446e-03
2.503718055291829104e-03
2.511653198366074410e-03
2.520427147393541380e-03
2.528851116952189181e-03
2.536061571242463532e-03
2.542486860200910553e-03
2.549138551053737201e-03
