-4.068119379392529666e-21
-5.000641164292670063e-06
-1.000730889046862579e-05
-1.500203790798231859e-05
-2.000755165627101799e-05
-2.500243260720092206e-05
-3.000941904539875318e-05
-3.500414029974907164e-05
-4.001109054370729091e-05
-4.500685562757673398e-05
-5.000294958250000687e-05
-5.501040231837183087e-05
-6.000647892932098039e-05
-6.500262566131478860e-05
-7.001040243375097134e-05
-7.500659259966994399e-05
-8.000333858438853953e-05
-8.501117560791326445e-05
-9.000784588926910557e-05
-9.500471532718035670e-05
-1.000016565854808161e-04
-1.050099682180379951e-04
-1.100070257332843649e-04
-1.150044627679661444e-04
-1.200017870416004626e-04
-1.250105602015681282e-04
-1.300077150033783805e-04
-1.350046216973410250e-04
-1.400016807851271956e-04
-1.450097986820271783e-04
-1.500067890419977553e-04
-1.550034464767818354e-04
-1.600007131779230618e-04
-1.650094886000598579e-04
-1.700067329806921178e-04
-1.750039698063464129e-04
-1.800013306034839607e-04
-1.850099492417726455e-04
-1.900068660683246105e-04
-1.950035312587259653e-04
-2.000112410875258312e-04
-2.050077054034114615e-04
-2.100037445812950052e-04
-2.150109423224883128e-04
-2.200062292211253374e-04
-2.250017293187156183e-04
-2.300083040155007053e-04
-2.350033724002475880e-04
-2.400095753891563093e-04
-2.450033260599477443e-04
-2.500087074698497617e-04
-2.550015330563251345e-04
-2.600046281763144997e-04
-2.650065509357691501e-04
-2.700073255983186028e-04
-2.750068638145019726e-04
-2.800041356254648903e-04
-2.849991814905288500e-04
-2.899919253973817931e-04
-2.949923117301986720e-04
-2.999915448765166763e-04
-3.049830464505904346e-04
-3.099836375188007743e-04
-3.149765546069603064e-04
-3.199600419218220177e-04
-3.249513628312875567e-04
-3.299277332379376934e-04
-3.349060332977157623e-04
-3.398690262641252281e-04
-3.448321411241724553e-04
-3.497750689704513978e-04
-3.546844233290268565e-04
-3.595818178907309298e-04
-3.644393137108057441e-04
-3.692449500136579278e-04
-3.739954570332443252e-04
-3.786540445704494060e-04
-3.832104104795848779e-04
-3.876318987161261930e-04
-3.918859786747864137e-04
-3.959167152763667366e-04
-3.959253751750460744e-04
-3.996994510843181149e-04
-4.032072023889193618e-04
-4.064312865909884206e-04
-4.093822591108947596e-04
-4.120666566069709378e-04
-4.144794821091427961e-04
-4.165901883620718111e-04
-4.183806458816615110e-04
-4.198511070665451395e-04
-4.210589193878212788e-04
-4.220282670748367118e-04
-4.228365649078431074e-04
-4.235315567414201041e-04
-4.242841500861078540e-04
-4.250275206621088810e-04
-4.256008899162374800e-04
-4.259350516705048503e-04
-4.259286411711549116e-04
-4.256961638568283724e-04
-4.249852426624330733e-04
-4.240449054791807244e-04
-4.228335079914795108e-04
-4.214116767463691837e-04
-4.197305337991546668e-04
-4.179950793175960010e-04
-4.162831771858816745e-04
-4.143911662944011658e-04
-4.122953555105123274e-04
-4.098636823793119126e-04
-4.073691130053127716e-04
-4.048419625999910587e-04
-4.025327281257553690e-04
-4.006059980753868817e-04
-3.988840108089833315e-04
-3.969573763299205963e-04
-3.946612784356496803e-04
-3.924454342604906864e-04
-3.902296607341937244e-04
-3.882182429440880940e-04
-3.863460274680609514e-04
-3.847253829825212799e-04
-3.833911936166766897e-04
-3.824208310480683212e-04
-3.818715872849909191e-04
-3.816978870695485280e-04
-3.817830276245166203e-04
-3.821497295373010427e-04
-3.826082265546014070e-04
-3.831355567804702500e-04
-3.835944106590352199e-04
-3.840155953553345053e-04
-3.845529442743486279e-04
-3.851132312584030224e-04
-3.859246589655867957e-04
-3.868036440736323891e-04
-3.877671006966066682e-04
-3.886336952846409956e-04
-3.894640605777210181e-04
-3.901652574380637482e-04
-3.906471209499131052e-04
-3.909312231538150488e-04
-3.910015993669890702e-04
-3.909763453283290478e-04
-3.907748361490542745e-04
-3.905659086760672775e-04
-3.903188478255843275e-04
-3.902833294495690287e-04
-3.906479586728817902e-04
-3.913117679446649795e-04
-3.922017816826492810e-04
-3.932859290782463567e-04
-3.943807216096007970e-04
-3.955385957054494530e-04
-3.968772379777054824e-04
-3.984048374449466025e-04
-4.001311839128678669e-04
-4.021119519077047595e-04
-4.043776224538279907e-04
-4.068182150915729506e-04
-4.093689516948174228e-04
-4.119143242805304748e-04
-4.143847290498767384e-04
-4.167846545385294008e-04
-4.191484960478219514e-04
-4.215096662661948091e-04
-4.238795901597281054e-04
-4.262568777737160372e-04
-4.285992346423436348e-04
-4.308504527661432453e-04
-4.330358090225643443e-04
-4.351715404547874073e-04
-4.373210798436023340e-04
-4.394371211669521101e-04
-4.415098411664142774e-04
-4.435556549825507176e-04
-4.456497472903431060e-04
-4.478678120627602025e-04
-4.501459657563869647e-04
-4.524485038921122150e-04
-4.547860238515686075e-04
-4.571553889784332270e-04
-4.596166638841988478e-04
-4.622181039968330349e-04
-4.648980646770899030e-04
-4.676714141534459284e-04
-4.704902997550639270e-04
-4.733853189824051549e-04
-4.763639575628830910e-04
-4.793953484709618032e-04
-4.824050639552950395e-04
-4.853708082426646869e-04
-4.883037371738198611e-04
-4.912241835681353678e-04
-4.940583268782029096e-04
-4.967988876560000371e-04
-4.994473540669431676e-04
-5.020401689297060909e-04
-5.046426023641087041e-04
-5.072882693231921649e-04
-5.100286120134908197e-04
-5.128248866178952529e-04
-5.155936442457096855e-04
-5.183223191883297269e-04
-5.210520966387374156e-04
-5.238336493597641180e-04
-5.266540395917509824e-04
-5.294854176565672119e-04
-5.323090643769425945e-04
-5.352080450434723320e-04
-5.381264293786585957e-04
-5.410015912375860632e-04
-5.438439293090084527e-04
-5.466988344570618014e-04
-5.496426866499247790e-04
-5.527139988670149578e-04
-5.558407489632839066e-04
-5.589596941341582869e-04
-5.620909163407126260e-04
-5.652960302778707764e-04
-5.685907178929496247e-04
-5.719469168065546534e-04
-5.753270113427498078e-04
-5.787241001428524226e-04
-5.821633239958133761e-04
-5.856161744994715793e-04
-5.890328559017794308e-04
-5.923635662432040656e-04
-5.956011634818149641e-04
-5.987491322591977170e-04
-6.018443949248563057e-04
-6.049642468714204859e-04
-6.082017003355095824e-04
-6.116153354458904977e-04
-6.151540395039829020e-04
-6.187490138621653570e-04
-6.224128589466966770e-04
-6.261665829846088790e-04
-6.300232691608042765e-04
-6.339416485954794695e-04
-6.378385261117381060e-04
-6.378460724335290825e-04
-6.416757345493207540e-04
-6.454412036604355914e-04
-6.491715362912937447e-04
-6.529300473710833181e-04
-6.566863981184393323e-04
-6.604128375562381015e-04
-6.640944850162091087e-04
-6.677268089711608894e-04
-6.713136644478928531e-04
-6.748637558669270389e-04
-6.784055483590469525e-04
-6.819207563375383110e-04
-6.854371741287306440e-04
-6.890042434186996988e-04
-6.926252811692741596e-04
-6.963368728907085893e-04
-7.002017183641962668e-04
-7.042293498160175254e-04
-7.083400241758979485e-04
-7.125091718800230772e-04
-7.167190808830188088e-04
-7.209595914655787374e-04
-7.251789335037849482e-04
-7.293635690453657491e-04
-7.335168077859124079e-04
-7.376384354194982958e-04
-7.417336039234703228e-04
-7.457976287509097101e-04
-7.498747408818057583e-04
-7.539662425574647931e-04
-7.580697625585812709e-04
-7.621601907679873521e-04
-7.662235924826595176e-04
-7.702324192583342478e-04
-7.742048911819740444e-04
-7.781702888892008761e-04
-7.821739915191626121e-04
-7.862167958825340940e-04
-7.902958506665082577e-04
-7.944225189461388056e-04
-7.985766765454377879e-04
-8.027410738235596149e-04
-8.068834685273974273e-04
-8.109911647520127607e-04
-8.150924667710911882e-04
-8.192292406558204527e-04
-8.233778482863552501e-04
-8.275307166405556410e-04
-8.316863636480445032e-04
-8.358449595617244328e-04
-8.400334113539049442e-04
-8.442389013860311132e-04
-8.484237404557312939e-04
-8.526290508143604622e-04
-8.568895992045799442e-04
-8.612002721356062668e-04
-8.655297709010596491e-04
-8.698460188440678732e-04
-8.741289784407971913e-04
-8.784103209941527407e-04
-8.826842774229556009e-04
-8.869565263752044338e-04
-8.912367572525671869e-04
-8.955466846621309117e-04
-8.998852850861163970e-04
-9.042560406686569021e-04
-9.086457234659105773e-04
-9.130669719455781954e-04
-9.174832670998417806e-04
-9.218939048366784749e-04
-9.262773447632104747e-04
-9.306188593967574521e-04
-9.349579338500226336e-04
-9.393131954854674372e-04
-9.436543614476318497e-04
-9.479449135330209747e-04
-9.521511070984706475e-04
-9.562691453994141225e-04
-9.603148480214880817e-04
-9.642953371679825487e-04
-9.682408067182255188e-04
-9.721638228832710270e-04
-9.760547744582833817e-04
-9.800402369562093759e-04
-9.841928557534974139e-04
-9.884625655862484730e-04
-9.927806223032885086e-04
-9.971253237053654284e-04
-1.001575636829337085e-03
-1.006016140180813340e-03
-1.010545876668195566e-03
-1.015211621709679202e-03
-1.020149838081568913e-03
-1.024826446837602892e-03
-1.028808158665608192e-03
-1.032220886945671998e-03
-1.035334949671926769e-03
-1.038179581321719246e-03
-1.040931693340617706e-03
-1.043732764257964980e-03
-1.046590126876125511e-03
-1.049593765650801364e-03
-1.052428949982268415e-03
-1.055163505394985215e-03
-1.058917798345420519e-03
-1.064443032809574705e-03
-1.070257312905060175e-03
-1.075708111929095205e-03
-1.080628517181179320e-03
-1.085250208596625927e-03
-1.089945274433548085e-03
-1.094691312008318554e-03
-1.098590420873680942e-03
-1.101702495643839316e-03
-1.104664408839743520e-03
-1.108623173431217074e-03
-1.112623950319918328e-03
-1.116493755188640875e-03
-1.120556522683002331e-03
-1.124970831080634309e-03
-1.130078027784823125e-03
-1.135522982351761488e-03
-1.140940409877563540e-03
-1.146086726252730200e-03
-1.150918071725854112e-03
-1.155749882688982422e-03
-1.160677644010151130e-03
-1.165125827870977645e-03
-1.168653332342567495e-03
-1.171712871583745381e-03
-1.174962998321816806e-03
-1.178723593151055410e-03
-1.182613172805084805e-03
-1.186248983897888933e-03
-1.190021598844615046e-03
-1.194476311945936401e-03
-1.199494264581089627e-03
-1.204948261166851557e-03
-1.210567031828695995e-03
-1.215228916610287943e-03
-1.218462910727656284e-03
-1.221152477635451894e-03
-1.224467108000808517e-03
-1.229021395913869243e-03
-1.234364046671939047e-03
-1.237574751551845462e-03
-1.238983680376541056e-03
-1.240163231563294003e-03
-1.242272420326084696e-03
-1.245768035407616471e-03
-1.249561349775412137e-03
-1.252655143725646490e-03
-1.254658879112349398e-03
-1.255461391053664961e-03
-1.255536768904010579e-03
-1.254764398744932265e-03
-1.252432030429033796e-03
-1.248836630043436390e-03
-1.243068563501476551e-03
-1.241795449395945118e-03
-1.241799601278519190e-03
-1.248767947656472411e-03
-1.259556283097020219e-03
-1.266279809853860551e-03
-1.270605804219394159e-03
-1.276089927864374526e-03
-1.279369818119561715e-03
-1.280396118648024616e-03
-1.280775414205250016e-03
-1.281819727086087966e-03
-1.285547036286189063e-03
-1.291825008774385433e-03
-1.297570600597953375e-03
-1.302539888205610751e-03
-1.306348794025427367e-03
-1.309361476486510826e-03
-1.313394283116628078e-03
-1.317871851573078085e-03
-1.322174291280039330e-03
-1.326345711223333741e-03
-1.330431622101261539e-03
-1.334850844688108360e-03
-1.339484021134505114e-03
-1.344088036830511741e-03
-1.348566591461912260e-03
-1.352823686679853130e-03
-1.357035888050768697e-03
-1.361183311567223378e-03
-1.365262604275725277e-03
-1.369336851061766711e-03
-1.373299984981113516e-03
-1.377070680647122635e-03
-1.380621899902010393e-03
-1.383944843976482250e-03
-1.387106045185517150e-03
-1.390187651001936579e-03
-1.393192939481457168e-03
-1.396132076761764495e-03
-1.398941610799095013e-03
-1.401653237551248304e-03
-1.404263921142157338e-03
-1.406534144425699781e-03
-1.408538394376420387e-03
-1.410348160094180387e-03
-1.412171174521739984e-03
-1.414125427732390106e-03
-1.415945594737196391e-03
-1.417590257199674575e-03
-1.419140521527099442e-03
-1.420602381803472494e-03
-1.422123034336475900e-03
-1.423538754131881958e-03
-1.424647931113054737e-03
-1.425377149576214720e-03
-1.426137843814298664e-03
-1.427740687382254240e-03
-1.430144218672564594e-03
-1.432656550445869040e-03
-1.434824654228236598e-03
-1.436927328939993469e-03
-1.439283466654824126e-03
-1.441863328090239047e-03
-1.444660778416825527e-03
-1.447631379945467671e-03
-1.450570151162231371e-03
-1.453235209510007420e-03
-1.455620601759277741e-03
-1.457887063234681105e-03
-1.460066349748253677e-03
-1.462062853384311217e-03
-1.463725352500639277e-03
-1.465073341801259935e-03
-1.466352254967781890e-03
-1.467567894467442955e-03
-1.468541524305954629e-03
-1.469406328795046235e-03
-1.470381623446850774e-03
-1.471260908416031259e-03
-1.472036459718802006e-03
-1.472746262300259025e-03
-1.473300580321970903e-03
-1.473645307601799924e-03
-1.473966616936900386e-03
-1.474647829891972354e-03
-1.475955853471495448e-03
-1.477530289627452999e-03
-1.478701607054929128e-03
-1.479114665885603941e-03
-1.479105977369312959e-03
-1.479015953336329124e-03
-1.478977298577460742e-03
-1.479640226871505471e-03
-1.482682182617442142e-03
-1.487698430638523511e-03
-1.490829407736445891e-03
-1.491296930918620213e-03
-1.491040912430437963e-03
-1.491688739986546126e-03
-1.493830087769614737e-03
-1.496691952038663696e-03
-1.499362342946080999e-03
-1.501592476432078629e-03
-1.502769338507989154e-03
-1.503793140161748757e-03
-1.505154928078381157e-03
-1.506817257914701020e-03
-1.508416623848699315e-03
-1.509539714500672449e-03
-1.510307001557954949e-03
-1.511143366916713974e-03
-1.512464304220212212e-03
-1.514587381942437711e-03
-1.517999373921272328e-03
-1.521493317882330332e-03
-1.524025880863322854e-03
-1.525885763440201510e-03
-1.527807203285474124e-03
-1.530001407994857968e-03
-1.532176783646499148e-03
-1.534151896446236561e-03
-1.536025677347929805e-03
-1.538066955196262841e-03
-1.540834015261664369e-03
-1.544313172298714641e-03
-1.547613245534867812e-03
-1.550312662121809942e-03
-1.552720713107983742e-03
-1.555349906315620350e-03
-1.558420954311460398e-03
-1.561958845600485909e-03
-1.565964330684090338e-03
-1.569965807570916812e-03
-1.573228405370081118e-03
-1.575852377234604647e-03
-1.578446984037066084e-03
-1.581318327694846045e-03
-1.584620698417354675e-03
-1.588093876571704385e-03
-1.591278370093273959e-03
-1.594073310440379020e-03
-1.596678843587487871e-03
-1.599401612600337723e-03
-1.602421498602381745e-03
-1.605633282635663111e-03
-1.608818294934889368e-03
