-6.055295568222636173e-21
-3.999288734108587910e-06
-7.999073315668283658e-06
-1.199935202062621555e-05
-1.599956946118855224e-05
-2.000008516324233509e-05
-2.400074747137792870e-05
-2.799221956822422751e-05
-3.199334107570048268e-05
-3.599405412984956365e-05
-3.999487813892931270e-05
-4.398657576628228256e-05
-4.798818482487768105e-05
-5.198947349792583150e-05
-5.599074875380545557e-05
-5.998264262084359211e-05
-6.398399849074508274e-05
-6.798562511491677374e-05
-7.197763139621199890e-05
-7.597885729132011030e-05
-7.997990129853155045e-05
-8.398167903898619421e-05
-8.797361471376587139e-05
-9.197492696751716039e-05
-9.597623056197248574e-05
-9.996805866997396503e-05
-1.039689629489155029e-04
-1.079699506097417979e-04
-1.119711110948039588e-04
-1.159627881350449642e-04
-1.199633680451425564e-04
-1.239636124410847904e-04
-1.279632334237507953e-04
-1.319630892781752628e-04
-1.359621314197237332e-04
-1.399605839361611249e-04
-1.439578676593942065e-04
-1.479544205029644530e-04
-1.519501953576147494e-04
-1.559444816145033608e-04
-1.599468115741873599e-04
-1.639376319390003275e-04
-1.679349757052535797e-04
-1.719281861300731712e-04
-1.759169319086119657e-04
-1.798972805969395526e-04
-1.838795457017607625e-04
-1.878453595625059508e-04
-1.918076562323281367e-04
-1.957464383798753209e-04
-1.996586365228661722e-04
-2.035359446551874565e-04
-2.073465086329072935e-04
-2.110720384507793184e-04
-2.146799529493776748e-04
-2.181452906309381992e-04
-2.214442992733752359e-04
-2.245605291864173744e-04
-2.274563476027443166e-04
-2.301301896210489184e-04
-2.324989963798886527e-04
-2.344876393860947353e-04
-2.360713900545577686e-04
-2.371247525467349313e-04
-2.378793431335842401e-04
-2.381751926514270401e-04
-2.383748980417032756e-04
-2.383354055216589239e-04
-2.380720305726388014e-04
-2.376869562899425518e-04
-2.368749506301850668e-04
-2.360007026009406880e-04
-2.346167360769912881e-04
-2.331403797858999476e-04
-2.311156125014113510e-04
-2.289172416160486514e-04
-2.264633199952912680e-04
-2.241062809597051933e-04
-2.221444097049859946e-04
-2.203461955490190153e-04
-2.186816712975153264e-04
-2.169997610941636046e-04
-2.153458164984083328e-04
-2.144659401395855667e-04
-2.138675165257470506e-04
-2.141513536842003793e-04
-2.144976337477540261e-04
-2.143207638066508701e-04
-2.135327718221640705e-04
-2.125395974582783049e-04
-2.116958243074580377e-04
-2.110395556699350291e-04
-2.110961239874718461e-04
-2.118658454678818402e-04
-2.125976286076917488e-04
-2.129894806102056756e-04
-2.135792909304845468e-04
-2.139894408367068880e-04
-2.142947009970315182e-04
-2.149546786995715079e-04
-2.156882787895564215e-04
-2.164819682663871297e-04
-2.172567860351647812e-04
-2.180678750171270719e-04
-2.185647893777890221e-04
-2.194004546456217078e-04
-2.207557072065594777e-04
-2.217627737546090997e-04
-2.225430692661240189e-04
-2.231025288345121304e-04
-2.238760671430653818e-04
-2.244036217362933622e-04
-2.254032566311454488e-04
-2.275168582760263758e-04
-2.304088588902299410e-04
-2.336109463619287442e-04
-2.367947443115192888e-04
-2.398973690680106469e-04
-2.430451139386139163e-04
-2.458756861407849223e-04
-2.486075541832560615e-04
-2.486130888466138358e-04
-2.514787412753735152e-04
-2.545284732808916501e-04
-2.576890225122522812e-04
-2.607587322055763754e-04
-2.638277922660449849e-04
-2.668594401763414357e-04
-2.699733910121349004e-04
-2.729895567644892874e-04
-2.759379194114431081e-04
-2.788041301328848375e-04
-2.816740406413720905e-04
-2.845666509929385777e-04
-2.874008659609350591e-04
-2.901736246303945150e-04
-2.928296501404834798e-04
-2.953944566215174912e-04
-2.979865365153473158e-04
-3.005265834798127671e-04
-3.029993353658956752e-04
-3.054431624747407700e-04
-3.078735970585009586e-04
-3.102342671051662708e-04
-3.125350859642714156e-04
-3.148273206196160342e-04
-3.172049663885303638e-04
-3.196090332251850770e-04
-3.219847819151052943e-04
-3.243589261773411605e-04
-3.267569966035014251e-04
-3.292740772385383246e-04
-3.318447997591914651e-04
-3.344103880750274541e-04
-3.369499496359076862e-04
-3.395018061276256719e-04
-3.421132019062541490e-04
-3.447765511945961306e-04
-3.474167677969824822e-04
-3.500955532323587159e-04
-3.528652419944512285e-04
-3.555745912637839129e-04
-3.581718338997865814e-04
-3.607218656044303010e-04
-3.632340963487747012e-04
-3.657743854948600714e-04
-3.681985741285103320e-04
-3.704969794848474488e-04
-3.727687696615383794e-04
-3.750307886830622100e-04
-3.771654718241066384e-04
-3.791195093686948198e-04
-3.810590517597637911e-04
-3.829687363840990669e-04
-3.848844424585855001e-04
-3.868149119340181814e-04
-3.888453050274639751e-04
-3.910086240203534372e-04
-3.934381228540246656e-04
-3.961521295774206091e-04
-3.989327165464762962e-04
-4.017059697423615294e-04
-4.045260454015631472e-04
-4.074934999336522930e-04
-4.105082754427015999e-04
-4.134597284201060527e-04
-4.161965101534105885e-04
-4.188483072109110464e-04
-4.215752201831440577e-04
-4.242384621946000429e-04
-4.267287205990535426e-04
-4.290413617628129712e-04
-4.313437933583542656e-04
-4.337162434131000121e-04
-4.361247504667645518e-04
-4.384971899315477976e-04
-4.408744223539754229e-04
-4.432695477450496625e-04
-4.456599335027219507e-04
-4.480738428010866284e-04
-4.506195019565711196e-04
-4.532864118868766123e-04
-4.532921657858562307e-04
-4.559728000188473566e-04
-4.585990772360899921e-04
-4.611703921956793661e-04
-4.636815719619253261e-04
-4.660932893515025541e-04
-4.684174656330329428e-04
-4.707044078688183211e-04
-4.730060167727497922e-04
-4.754107952780384683e-04
-4.779718007535231085e-04
-4.806909052484393944e-04
-4.835121208134293171e-04
-4.863623565601588429e-04
-4.891913682901743304e-04
-4.920160738936368286e-04
-4.948088121140592792e-04
-4.975294733866851300e-04
-5.001742675214851473e-04
-5.027730833107286286e-04
-5.054005014329661458e-04
-5.080550223638842771e-04
-5.106531021290285598e-04
-5.131832799686920649e-04
-5.158227387052816051e-04
-5.187145158394141330e-04
-5.218024437391088552e-04
-5.249371351372226525e-04
-5.280622622042549855e-04
-5.311261877244663259e-04
-5.340848800892215430e-04
-5.369489087535055886e-04
-5.397834907019717372e-04
-5.426252536097930269e-04
-5.454883884005844868e-04
-5.483549137922716973e-04
-5.512292597097872898e-04
-5.541005654451513921e-04
-5.569656057918742154e-04
-5.597666884178377706e-04
-5.624484742314332089e-04
-5.651221685772192830e-04
-5.679327417199513508e-04
-5.707713765357802851e-04
-5.734673104725324794e-04
-5.758579865232943016e-04
-5.778829691167938071e-04
-5.799729641443682887e-04
-5.823501437330255151e-04
-5.845662161224026484e-04
-5.862730448949928907e-04
-5.877913994323098702e-04
-5.893154458255364051e-04
-5.908278982654749552e-04
-5.919407822105346266e-04
-5.929675060663839106e-04
-5.942445322362555678e-04
-5.956475138847464263e-04
-5.965219521705789583e-04
-5.968412578737144342e-04
-5.959417705830871454e-04
-5.962634854179905053e-04
-5.976193542592501615e-04
-5.974718795603187020e-04
-5.959856433840434635e-04
-5.931269884434993856e-04
-5.878475831785443667e-04
-5.853313171287412601e-04
-5.856947499877925662e-04
-5.818667008997523019e-04
-5.755920768025172413e-04
-5.757963930592294253e-04
-5.768130199077581895e-04
-5.709094284029941554e-04
-5.631024581090329165e-04
-5.551906085086808374e-04
-5.578853964510262393e-04
-5.578944525096336815e-04
-5.595957259512378962e-04
-5.583477335756028767e-04
-5.539966906781220758e-04
-5.475814784163782374e-04
-5.432266512416681833e-04
-5.432710085951983478e-04
-5.443005854086123765e-04
-5.476915461005630974e-04
-5.502075030116039805e-04
-5.513879670095347008e-04
-5.520785476417321017e-04
-5.525647065804963325e-04
-5.534974094625760583e-04
-5.558167294670786395e-04
-5.582456022042189651e-04
-5.605759950286791403e-04
-5.626435171173355381e-04
-5.642013840380189025e-04
-5.653245963420762757e-04
-5.665725908835033634e-04
-5.680262875388077722e-04
-5.700851870159940682e-04
-5.728917032644365546e-04
