3.997605370400951008e-04
3.997608301963582545e-04
3.997608183735630160e-04
3.997608496529589731e-04
3.997608805408200895e-04
3.997608882759860044e-04
3.997608893640007197e-04
3.997608939906040736e-04
3.997609062910543369e-04
3.997609217785047433e-04
3.997609287171525333e-04
3.997609281423840561e-04
3.997609307200203485e-04
3.997609392972143166e-04
3.997609460011836732e-04
3.997609451866350493e-04
3.997609449080027346e-04
3.997609549835285433e-04
3.997609674191520378e-04
3.997609702564106776e-04
3.997609667358047246e-04
3.997609688975927258e-04
3.997609802518329192e-04
3.997609920550392808e-04
3.997609936335703692e-04
3.997609897297618861e-04
3.997609922748677222e-04
3.997610013570316169e-04
3.997610083392065462e-04
3.997610103789658582e-04
3.997610133091178560e-04
3.997610234279037108e-04
3.997610371795050225e-04
3.997610446847047177e-04
3.997610476180114727e-04
3.997610567602962752e-04
3.997610752493086796e-04
3.997610950700004797e-04
3.997611087827320593e-04
3.997611214720252519e-04
3.997611444752235564e-04
3.997611779577983420e-04
3.997612130592377837e-04
3.997612504913141025e-04
3.997612987393492270e-04
3.997613620642374204e-04
3.997614398533504620e-04
3.997615315692219047e-04
3.997616438219242095e-04
3.997617882052889571e-04
3.997619709197714442e-04
3.997621939149086112e-04
3.997624702575767065e-04
3.997628238090999422e-04
3.997632804328766012e-04
3.997638640566213652e-04
3.997646057623495050e-04
3.997655632600831659e-04
3.997668196111675305e-04
3.997684697684007727e-04
3.997706214647688905e-04
3.997734605990549590e-04
3.997772418665463540e-04
3.997823043036660348e-04
3.997890957247170023e-04
3.997982514195786612e-04
3.998106976228455681e-04
3.998276715497197558e-04
3.998508405551692933e-04
3.998825581577867584e-04
3.999259589773003238e-04
3.999852257922358739e-04
4.000662940478567301e-04
4.001762624020601756e-04
4.003249660307388802e-04
4.005250929263532355e-04
4.007929585893856787e-04
4.011498351074132391e-04
4.016221797640266060e-04
4.022419966672571476e-04
4.030468759439852634e-04
4.040770532137451243e-04
4.053656708258433121e-04
4.069416989217056321e-04
4.088175475198237087e-04
4.109803599008208684e-04
4.134362693370276058e-04
4.161808669237837804e-04
4.192238704232382953e-04
4.225518520152702533e-04
4.261328382831560714e-04
4.299036566015768546e-04
4.338597533009932333e-04
4.378422966924911319e-04
4.418221792004866158e-04
4.457390880500718545e-04
4.497582269956832898e-04
4.539474094688567257e-04
4.583919052130749038e-04
4.630898135437506199e-04
4.680830035716890573e-04
4.733331050039621120e-04
4.787673790855129317e-04
4.844245083067725503e-04
4.902346726739632799e-04
4.962130419456688493e-04
5.022366688469230307e-04
5.084127405013227734e-04
5.146566849944401306e-04
5.210243099323445771e-04
5.274718376429863914e-04
5.337752518332578109e-04
5.396674296389140403e-04
5.451072851248273642e-04
5.504630002351573303e-04
5.559974303519248009e-04
5.617280314113863495e-04
5.674999190763533891e-04
5.731203924037369876e-04
5.784545371405453145e-04
5.834212208361694296e-04
5.880606924560080650e-04
5.924676377022412236e-04
5.966454772568374884e-04
6.006639307344430537e-04
6.044281890997705176e-04
6.080591109344286220e-04
6.115229800271996695e-04
6.148531309272734207e-04
6.180407586933317227e-04
6.212406958610279875e-04
6.245038987238091255e-04
6.278275647951434522e-04
6.311699923808649845e-04
6.344676590152511109e-04
6.378003809064476583e-04
6.411950285632236207e-04
6.446199261377602617e-04
6.480220927476067379e-04
6.514980935692287834e-04
6.551001761314959298e-04
6.588712158353023226e-04
6.628038373128735533e-04
6.669140098352122938e-04
6.712325659620794072e-04
6.756979901359991833e-04
6.803345879590550274e-04
6.849994708117285169e-04
6.895723413886973175e-04
6.938340988515705361e-04
6.977576180389995567e-04
7.013573164600128175e-04
7.047068144781968397e-04
7.079521880747406508e-04
7.112420829149199977e-04
7.145577755405170019e-04
7.178902716636046972e-04
7.211523297630074514e-04
7.243669667148925403e-04
7.275192270916598604e-04
7.305613278113647644e-04
7.334993062884337216e-04
7.362691824524185240e-04
7.387975078662839881e-04
7.411477990730664473e-04
7.434455929618934752e-04
7.458615247181651919e-04
7.484753801006993612e-04
7.512410865807158354e-04
7.541220362480427356e-04
7.570386668424142120e-04
7.599352705603653387e-04
7.628839598494733480e-04
7.659185234416310576e-04
7.690306898657228978e-04
7.722193946443098398e-04
7.754848590193245354e-04
7.789521783372378456e-04
7.826237664832274513e-04
7.864152899358068608e-04
7.902394408985345675e-04
7.939158592107035256e-04
7.975107682302393780e-04
8.011985011717513792e-04
8.050160144498850600e-04
8.089383704841731108e-04
8.129167115112251622e-04
8.168247523039357926e-04
8.206214332025749429e-04
8.243183206561601438e-04
8.279463230803845797e-04
8.314775514634781348e-04
8.348246013810960327e-04
8.380630066110329041e-04
8.411757252500321174e-04
8.440791099621946982e-04
8.467414062517785583e-04
8.491691269719387012e-04
8.514083676341055625e-04
8.536409632354172291e-04
8.560020920294593785e-04
8.584654572983772131e-04
8.610231394159256757e-04
8.637540204722851059e-04
8.666927322557010233e-04
8.698405249721131776e-04
8.731041024256894385e-04
8.764727788951730703e-04
8.799243144055400416e-04
8.833403066325005689e-04
8.865887950136450884e-04
8.896329788922209807e-04
8.925081597311709716e-04
8.952459549657788970e-04
8.979446030063790085e-04
9.007144404246701999e-04
9.036144213586834711e-04
9.065419445945214908e-04
9.093514136062912263e-04
9.120925438666837659e-04
9.149527406709414808e-04
9.179826874379977148e-04
9.210909470222873640e-04
9.241915004097375069e-04
9.271662734905081193e-04
9.300765389174434983e-04
9.330899726815466456e-04
9.362405149421414120e-04
9.393216673892509742e-04
9.422400849026019891e-04
9.450363610665128526e-04
9.478084505982965931e-04
9.505086696667560493e-04
9.530548308288838266e-04
9.554075037723786532e-04
9.575836032956371036e-04
9.596550590876597999e-04
9.616860983080110451e-04
9.637005883769951889e-04
9.656333822890513559e-04
9.673907713510709536e-04
9.690214875859477772e-04
9.707135076915516690e-04
9.725120152733197475e-04
9.742829786299277801e-04
9.758906620137010020e-04
9.773170254709301688e-04
9.786471845169711706e-04
9.799644383082716740e-04
9.812478358567802532e-04
9.824579328504116655e-04
9.836114063032004064e-04
9.847020877123825559e-04
9.857362666036268393e-04
9.867396585714408030e-04
9.876704122545915294e-04
9.885930889644229183e-04
9.896670111799543788e-04
9.909488764344770353e-04
9.923495292879307671e-04
9.938013423515302570e-04
9.953515986105862350e-04
9.970038614961235657e-04
9.986537950520037871e-04
1.000149727064875193e-03
1.001499713222782362e-03
1.002806379827429675e-03
1.004091531195453000e-03
1.005332443058415317e-03
1.006542643592660963e-03
1.007722788140534564e-03
1.008903554807239009e-03
1.010111165750187182e-03
1.011333206181549158e-03
1.012538791747781596e-03
1.013767823340674338e-03
1.015063514300212737e-03
1.016387638026498928e-03
1.017685328522854480e-03
1.018942350444612243e-03
1.020208270018856545e-03
1.021535924201387793e-03
1.022954347736270515e-03
1.024473941950928418e-03
1.026088690402595423e-03
1.027720208671941901e-03
1.029239692282803934e-03
1.030575142059611407e-03
1.031767328848881126e-03
1.032891966321116198e-03
1.033947830299088719e-03
1.034939756302887415e-03
1.035925253460886868e-03
1.036952571611235831e-03
1.037991678156872065e-03
1.039000413796500964e-03
1.039948281785022790e-03
1.040802976631413287e-03
1.041587796605326259e-03
1.042377388561980481e-03
1.043256341019584751e-03
1.044259836468939976e-03
1.045335714824092814e-03
1.046410315851643673e-03
1.047438948363497904e-03
1.048388849141059908e-03
1.049284913223233733e-03
1.050195729733194522e-03
1.051154599376495375e-03
1.052157443383249565e-03
1.053212469368406973e-03
1.054329237488010494e-03
1.055499244785845564e-03
1.056728977076181082e-03
1.058026702623921390e-03
1.059348002773416366e-03
1.060641260321476369e-03
1.061888678975498853e-03
1.063079364188513742e-03
1.064213263673050676e-03
1.065266286922133664e-03
1.066192313084276047e-03
1.066967841471558711e-03
1.067637007311010057e-03
1.068273996468787485e-03
1.068926216768115601e-03
1.069610133053969236e-03
1.070339366712413053e-03
1.071130671910003329e-03
1.072013036855477570e-03
1.073019778787389755e-03
1.074178047854669298e-03
1.075496503305198304e-03
1.076975412739716517e-03
1.078624684904972396e-03
1.080450326678581915e-03
1.082445245628501067e-03
1.084609863997737338e-03
1.086962634894276820e-03
1.089533674428024880e-03
1.092366862539023709e-03
1.095561724966498613e-03
1.099246180092920949e-03
1.103636883514428355e-03
1.108986565812046911e-03
1.115346911123379350e-03
1.122854714466093445e-03
1.131342631585552545e-03
1.142384596140489815e-03
1.157417535824759990e-03
1.174816674286465173e-03
1.188439024086688708e-03
1.190669834135717198e-03
1.188355281105226650e-03
1.193586528325541688e-03
1.214199613459361225e-03
1.229439267446019463e-03
1.228032744000570348e-03
1.230669146976890067e-03
1.231956087552956835e-03
1.231112255291177656e-03
1.228012783425707017e-03
1.230194596386116699e-03
1.231358350725413661e-03
1.231859391858841461e-03
1.231641501796256789e-03
1.227953052544780536e-03
1.224575828718738914e-03
1.224777946437840669e-03
1.228168808056427945e-03
1.233000089163628025e-03
1.238573641779727860e-03
1.245052954675531735e-03
1.254101958384649072e-03
1.268166175142474133e-03
1.289144430633054703e-03
1.319933748599548366e-03
1.361054534774016733e-03
1.413139035523137705e-03
1.493269655372174475e-03
1.591969721215570274e-03
1.647332189032888351e-03
1.665617514372615127e-03
1.643317731272129698e-03
1.602476955601311436e-03
1.581879313063559462e-03
1.596439228695128434e-03
1.599664256399166429e-03
1.598508706892305762e-03
1.602085906938657909e-03
1.599305767719674592e-03
1.599987652906213883e-03
1.616192502620878530e-03
1.616214204583313330e-03
1.606569875588595951e-03
1.601075644098989836e-03
1.598359541701943219e-03
1.599443276929558583e-03
1.604758247462158369e-03
1.615730599595141884e-03
1.627647052343171976e-03
