1.951895750284055316e-05 2.558357896146893137e-05 3.931700998499716661e-05 6.189715003197712425e-05 9.222534102075635764e-05 1.287574641322320921e-04 1.713345101771187142e-04 2.121512885308157173e-04 2.487650781744085910e-04 2.798359204551625901e-04 2.969124422422472504e-04 2.985174778114536940e-04 2.818739943668668174e-04 2.520146771542636005e-04 2.133941207181512924e-04 1.713077670969156833e-04 1.364835330201288899e-04 1.072019486925958277e-04 8.332294522873524823e-05 6.312228521891491580e-05 4.616529174550545588e-05 3.267540634856774449e-05 2.378505153953989541e-05 1.964825994884041293e-05
5.968354333606218836e-05 6.605297796135570654e-05 7.779029922991997524e-05 9.838285017336591905e-05 1.260666722056785261e-04 1.567664360999082975e-04 1.893767029387808027e-04 2.178459551635469015e-04 2.412624591718979953e-04 2.557189497179555848e-04 2.584542900801233630e-04 2.524553665970812044e-04 2.377826192814122509e-04 2.166253991867489708e-04 1.896530499850520896e-04 1.592704579772699430e-04 1.323173648032997243e-04 1.086687980421587746e-04 9.061424965808108399e-05 7.829008546642382549e-05 6.945226877473866986e-05 6.297073705143091686e-05 5.870894265411841982e-05 5.775143223360181205e-05
1.008876322836280002e-04 1.085090664814735524e-04 1.191974644009607519e-04 1.362243156472275419e-04 1.571603611298961892e-04 1.779243582137026911e-04 1.961560654447588891e-04 2.075576383301670498e-04 2.130567034928493840e-04 2.101097313576209119e-04 2.016458216121195645e-04 1.911848703940765334e-04 1.818895867390318919e-04 1.731059875084735159e-04 1.614533692873570286e-04 1.458392879692073016e-04 1.292153101042465505e-04 1.136577353156904976e-04 1.016345018341630068e-04 9.514257870001049694e-05 9.237968402939134743e-05 9.220897844376945568e-05 9.322494414694244510e-05 9.609591458537886002e-05
1.412337943132852523e-04 1.498645319457719231e-04 1.593879923641169710e-04 1.700584410038024632e-04 1.793025906370397096e-04 1.860084134190835656e-04 1.876187313708825761e-04 1.818212862943892436e-04 1.704025034359725422e-04 1.544707290548003932e-04 1.404238508822461793e-04 1.292861519029331525e-04 1.265438781979000185e-04 1.298897162250391049e-04 1.330683153892756162e-04 1.328357055918553270e-04 1.285944426698164343e-04 1.233893486675927435e-04 1.180418351798963956e-04 1.156875693782626562e-04 1.165503620584911121e-04 1.206956268070997633e-04 1.265146122318236573e-04 1.334056542820564995e-04
1.743205298700083823e-04 1.829462959727228314e-04 1.904172259113582136e-04 1.947349307696781919e-04 1.937033675494347475e-04 1.885889108341146786e-04 1.780367592148171681e-04 1.619521540173439196e-04 1.416583104258629846e-04 1.198509388018126012e-04 1.041752665548026152e-04 9.448399245993125025e-05 9.576385826460447146e-05 1.052442238116681569e-04 1.170148006346649584e-04 1.279186474585724642e-04 1.341484737837362869e-04 1.375921240519607813e-04 1.379304441360106319e-04 1.387158942448093893e-04 1.414517819085668495e-04 1.472912306161083189e-04 1.554879919368641606e-04 1.646401929051525951e-04
1.999114358010415119e-04 2.084506450112006987e-04 2.137874591073433744e-04 2.139001252368097957e-04 2.069698446308925605e-04 1.944121038860154396e-04 1.762213681332881548e-04 1.545203782223615293e-04 1.300222493053428455e-04 1.051375622487885628e-04 8.875888414054488142e-05 8.143982314333726876e-05 8.520666701650009506e-05 9.682544898783292434e-05 1.131918923739345473e-04 1.318196439213508168e-04 1.456915667937347066e-04 1.549549686324247380e-04 1.590069267598334007e-04 1.618166944222726520e-04 1.653102787127671137e-04 1.713104764141742356e-04 1.799335420576196967e-04 1.893954303706213546e-04
2.158353589093608320e-04 2.246203249591434978e-04 2.301086453224790202e-04 2.303708179040864776e-04 2.227346231536591389e-04 2.082388233163756273e-04 1.865612402786125904e-04 1.613012034568848908e-04 1.339806674369875290e-04 1.080249741747337140e-04 9.280873138754424756e-05 8.803146635874630973e-05 9.325643299173924075e-05 1.046543425057181142e-04 1.213855114036819930e-04 1.428734520224248200e-04 1.612216715686270367e-04 1.743744934410550054e-04 1.810094301325324711e-04 1.846263915228509413e-04 1.877145017457836052e-04 1.917130531134568689e-04 1.980645846851524731e-04 2.058106505018379251e-04
2.238612417618723795e-04 2.324082303754854541e-04 2.395176311077275918e-04 2.431042281458343731e-04 2.384117161467598999e-04 2.259398758089199407e-04 2.045763266151725851e-04 1.786560755919116281e-04 1.507365055984103352e-04 1.258751683648305240e-04 1.131634131895062107e-04 1.105741381083869386e-04 1.169672196205858301e-04 1.277860515431354952e-04 1.426518886492669520e-04 1.624362001775591139e-04 1.806936277574401324e-04 1.944042493601406811e-04 2.017762490589362087e-04 2.049540569631890245e-04 2.064442990360776018e-04 2.069994854210794732e-04 2.098522212720931328e-04 2.153275314969404738e-04
2.267498850779019670e-04 2.338892468819333637e-04 2.414500786096699758e-04 2.489359689212729547e-04 2.495065266809572894e-04 2.413780328499668792e-04 2.243845953121117521e-04 2.035968987036647978e-04 1.808710633529067796e-04 1.601144346351342988e-04 1.501351034295946127e-04 1.499617546540733858e-04 1.569729195083087827e-04 1.658846744071708552e-04 1.775571802892115462e-04 1.926251741497740080e-04 2.060944320410341697e-04 2.156654756517075312e-04 2.208486680594862271e-04 2.224329596033032866e-04 2.211709706517776483e-04 2.177102593272569079e-04 2.170734968782563675e-04 2.202873489319332335e-04
2.262168961191094764e-04 2.307600406534294005e-04 2.365390553949166740e-04 2.446615887613895436e-04 2.496565615572839190e-04 2.485926322995935509e-04 2.413569734818495180e-04 2.315197341799480279e-04 2.203837915923232869e-04 2.088674536762604632e-04 2.027247374094828878e-04 2.029553404939467829e-04 2.090533405624131827e-04 2.166777182280113252e-04 2.248873893956901209e-04 2.320877635965995956e-04 2.360069393159439587e-04 2.374822065176409203e-04 2.371425843405533757e-04 2.350000056328872431e-04 2.304294288718485560e-04 2.245761717895536239e-04 2.218852230358094740e-04 2.226929277617687786e-04
2.297113429092103958e-04 2.304350875840062624e-04 2.321644452278176214e-04 2.358909480400015032e-04 2.409662264981748535e-04 2.461826252288531287e-04 2.500096826790640337e-04 2.522807991940712903e-04 2.544709031086019209e-04 2.557183114701332073e-04 2.559521518724284161e-04 2.560104831325974426e-04 2.600294145435439689e-04 2.662810525170780825e-04 2.700533232308999698e-04 2.685784319455869398e-04 2.635779875896514701e-04 2.583936545453535639e-04 2.530473729163104668e-04 2.473525203397036157e-04 2.412249492576433083e-04 2.356409924045189822e-04 2.321002071381048223e-04 2.301261131766025149e-04
2.380006408611167086e-04 2.336892134633992513e-04 2.301531417965455375e-04 2.276984516840606246e-04 2.304994832767426295e-04 2.396416574680192276e-04 2.531438696428947501e-04 2.671027714160007036e-04 2.821983512738764663e-04 2.970703559867788192e-04 3.058230237645102054e-04 3.078513539067479735e-04 3.097283107977444197e-04 3.123391266479911047e-04 3.094059144767326839e-04 2.993679440150559946e-04 2.879403346347819454e-04 2.785888563954303974e-04 2.704435949184441374e-04 2.631193726299800128e-04 2.573577113839812863e-04 2.528551807467716798e-04 2.481659067840925360e-04 2.431113619515336429e-04
2.520329166185425311e-04 2.409393199952184113e-04 2.309172480056697913e-04 2.227475291005845263e-04 2.227237108602574600e-04 2.321628140274321894e-04 2.534966476029975138e-04 2.807621730197209392e-04 3.095399017543029076e-04 3.364358949482827450e-04 3.535200615656027847e-04 3.615429767860379746e-04 3.612127724246909106e-04 3.549318570783695464e-04 3.427929017975742988e-04 3.262038499253647411e-04 3.113812322666607716e-04 2.989892824133756101e-04 2.901167973687275624e-04 2.844258513330995991e-04 2.807150053700679005e-04 2.774875038734059794e-04 2.714716943899290916e-04 2.630737817081357289e-04
2.711115263186485895e-04 2.536722729189784119e-04 2.381271391970590497e-04 2.263743914820692533e-04 2.241232825401159596e-04 2.313786302973893337e-04 2.549604461493420104e-04 2.885230598956464959e-04 3.231312367407409908e-04 3.527338062436352075e-04 3.711569082605117582e-04 3.823937598510885401e-04 3.816244886526060131e-04 3.716727302358246369e-04 3.582995688204243219e-04 3.438842464938402887e-04 3.316526064838819297e-04 3.203006877790499462e-04 3.135078390154732325e-04 3.112291931530114324e-04 3.097704458754888305e-04 3.073497317049222392e-04 2.999892724423082599e-04 2.881450074992959027e-04
2.940561286967742710e-04 2.719667924442407654e-04 2.525941709134334992e-04 2.376943464856623369e-04 2.323922771128465519e-04 2.366401997309823069e-04 2.560956285822625958e-04 2.840302618332647081e-04 3.125438179639880793e-04 3.354247414470801843e-04 3.482554030309640224e-04 3.557748151591330643e-04 3.569479461245542813e-04 3.550196584719406937e-04 3.521066047565631118e-04 3.489276158725670984e-04 3.457178474706514861e-04 3.418368538735697083e-04 3.403114590863456413e-04 3.413898548283152774e-04 3.421279476675671534e-04 3.404436871577265055e-04 3.316531693539714431e-04 3.162771433877360999e-04
3.213139386873100560e-04 2.972555516496487712e-04 2.753770337947824458e-04 2.574838831954274110e-04 2.476042628616712416e-04 2.452753957241599145e-04 2.506516047762512777e-04 2.588664950092276840e-04 2.681436117601592242e-04 2.748163893315755976e-04 2.774740089827190757e-04 2.793127634974738871e-04 2.870381708331229149e-04 3.030405413454826270e-04 3.214111271958753225e-04 3.397924193070550624e-04 3.537673538940779992e-04 3.642210854392090606e-04 3.715904871013643823e-04 3.761964722841516480e-04 3.777091389631905623e-04 3.744009393154745162e-04 3.634483295339874394e-04 3.456376761727307468e-04
3.394051632364616542e-04 3.148067392980326176e-04 2.904918984205606377e-04 2.687602160858794907e-04 2.520305602346012072e-04 2.388096446984294989e-04 2.261800023310619990e-04 2.133816834062870820e-04 2.030788384950033118e-04 1.950042905789993442e-04 1.920046110469156081e-04 1.952958340465104920e-04 2.119050607635113268e-04 2.420922702019884275e-04 2.789170208442377937e-04 3.194018599400012337e-04 3.528159724101616996e-04 3.785598726452715735e-04 3.952599571820932076e-04 4.030895240333003983e-04 4.034799426663556094e-04 3.960197284341523028e-04 3.823121835511050825e-04 3.633032267357916962e-04
3.433893230585734787e-04 3.182770785650252559e-04 2.915521310105964039e-04 2.650859275644593506e-04 2.396880410977509886e-04 2.137568820650109346e-04 1.847819539054539940e-04 1.561097521753741562e-04 1.313662719543216676e-04 1.137126033103530762e-04 1.102527077615071037e-04 1.201934824124070109e-04 1.450302225848650755e-04 1.828925759312054872e-04 2.316617963470574463e-04 2.902718775734616395e-04 3.416782532371276013e-04 3.812654074725842007e-04 4.062287178490328892e-04 4.165938669882140641e-04 4.151740381948394146e-04 4.032678988487659933e-04 3.869055971858386452e-04 3.667985152381484726e-04
3.298444191019419343e-04 3.034895626506916569e-04 2.744481596893779849e-04 2.428105463338204565e-04 2.084149865265393065e-04 1.711172321325552382e-04 1.304063796235345777e-04 9.291635312823187242e-05 6.136936421789880266e-05 4.140745057101893618e-05 4.080722068961687414e-05 5.651883972921729660e-05 8.650940618131364862e-05 1.279881106754056298e-04 1.820575849298329313e-04 2.498146728099051779e-04 3.131462448233732578e-04 3.649177472741781678e-04 3.983596831780950270e-04 4.108979236897933470e-04 4.084439228450542593e-04 3.940117818177857963e-04 3.760292538352522974e-04 3.542914887993007991e-04
3.067988365271065356e-04 2.787638738685359785e-04 2.477909639233741822e-04 2.123065363150946532e-04 1.718155321984601814e-04 1.277265023349184975e-04 8.048105262704488376e-05 3.918151906600840631e-05 6.420407746290165019e-06 -1.225489853606248473e-05 -1.197988744045187220e-05 3.319562350607204418e-06 3.344606915331843194e-05 7.589824090327848343e-05 1.300396619294825324e-04 1.968908505533914380e-04 2.625153023390129864e-04 3.212469974862222763e-04 3.635671414315709061e-04 3.818495977865205026e-04 3.830711156516732074e-04 3.710221057116947548e-04 3.544986851552590456e-04 3.326424823605911036e-04
2.803507027726175093e-04 2.510502464563281141e-04 2.185604420769198517e-04 1.806818567793396684e-04 1.365861089305932881e-04 8.819650417473544237e-05 3.686631050579096278e-05 -5.833724222656429072e-06 -3.739995205343703494e-05 -5.452181068862679944e-05 -5.524688394905498395e-05 -4.223492873958872986e-05 -1.522105251642973112e-05 2.358276996211562324e-05 7.317432123281358445e-05 1.337084118361381237e-04 1.954251623923536536e-04 2.549164692344078366e-04 3.052929412876460575e-04 3.338764346203220313e-04 3.433302923298414125e-04 3.373561153955171167e-04 3.251183849674319556e-04 3.059703271163005450e-04
2.542310043714732346e-04 2.256350199452812567e-04 1.913191920084744843e-04 1.502894430734289227e-04 1.038774896744058227e-04 5.352131481044948276e-05 8.846444645688490162e-07 -4.186570838777297401e-05 -7.233786540443047164e-05 -8.940090480644767947e-05 -9.267008359919824819e-05 -8.314807589676264049e-05 -6.137360457697413297e-05 -2.984850541457074278e-05 1.113199921003467900e-05 6.134095120299170364e-05 1.146400668858474738e-04 1.692102097929680602e-04 2.235671489986374122e-04 2.642615058109594787e-04 2.882943849250185916e-04 2.953724207697464824e-04 2.908843980939619721e-04 2.769199440516725928e-04
2.417596730902016582e-04 2.160897721613269683e-04 1.798904376033733923e-04 1.333783645386884024e-04 8.253878862380163944e-05 2.915009328854240180e-05 -2.485872328954622846e-05 -6.859712975365680110e-05 -1.003639471623964617e-04 -1.193133563047414630e-04 -1.252838643937272632e-04 -1.190674597113894020e-04 -1.017314633409445429e-04 -7.664685039609110825e-05 -4.386995816484534096e-05 -3.297639723816711479e-06 4.199838759485033276e-05 9.089107109038380454e-05 1.445162380564280011e-04 1.929340478239955161e-04 2.316953928764462975e-04 2.561311907289215797e-04 2.637104693663028850e-04 2.582586539350759905e-04
2.436456996513134364e-04 2.216520228485624228e-04 1.843193222982685128e-04 1.316787089420198712e-04 7.436893755861474569e-05 1.590514879939791074e-05 -4.081787655899190101e-05 -8.618588877840277843e-05 -1.198889187227561979e-04 -1.410586047354733439e-04 -1.497567042372515160e-04 -1.468721646915685010e-04 -1.333196084968410109e-04 -1.133391501057279033e-04 -8.742953860403217562e-05 -5.564299161505688551e-05 -1.798466012463809758e-05 2.559595649524873596e-05 7.681896670599507471e-05 1.292540678615221263e-04 1.790377172850787183e-04 2.209605383373948700e-04 2.445718022394147238e-04 2.515973093707231010e-04
2.611452106046809464e-04 2.433871011746777861e-04 2.055802055613827962e-04 1.464417942014774267e-04 8.081255885812234786e-05 1.492212634902290928e-05 -4.604775989231032536e-05 -9.329332818080900136e-05 -1.290617313882943596e-04 -1.524112262306814066e-04 -1.637063212100977531e-04 -1.640102624446708370e-04 -1.537971034312435282e-04 -1.376374270705952479e-04 -1.165807074994761310e-04 -9.149877469002679249e-05 -6.044743571804071450e-05 -2.190679630330866207e-05 2.631436545057891634e-05 7.982941150062242001e-05 1.349849072694124508e-04 1.902732275782915788e-04 2.318151799427770033e-04 2.564919920466986625e-04
2.775485857704847637e-04 2.648760886386673048e-04 2.275448705705239970e-04 1.647697417993705942e-04 9.514174893482380121e-05 2.564309728010660296e-05 -3.738604421543512336e-05 -8.548657835424467810e-05 -1.221789750198157211e-04 -1.470046267146191154e-04 -1.607102938959814153e-04 -1.640035042138737460e-04 -1.571372982782470284e-04 -1.444740565471610368e-04 -1.272148652300182528e-04 -1.067266529842032156e-04 -8.023310541173325902e-05 -4.544185572256294607e-05 4.421102694980615696e-07 5.360994570470015955e-05 1.099970207769364973e-04 1.706060578146837716e-04 2.226206936865425946e-04 2.607660850202363515e-04
2.860298252055794147e-04 2.795806832391721920e-04 2.438628855834051282e-04 1.811119409784151088e-04 1.136692508802750629e-04 4.674644036753857976e-05 -1.472367528846861112e-05 -6.262667337770134318e-05 -9.919056160147035595e-05 -1.249420320299994861e-04 -1.410100970758141096e-04 -1.472444021395321657e-04 -1.436722463626363352e-04 -1.344478077604671249e-04 -1.209285131966550446e-04 -1.041435109567805843e-04 -8.048436516908475996e-05 -4.771911559073423805e-05 -4.156937347381576501e-06 4.697111388447356247e-05 1.028971946716506403e-04 1.637251981844701999e-04 2.177015906446160833e-04 2.608046342889956269e-04
2.799298476252274899e-04 2.761869249855954307e-04 2.462034871119178733e-04 1.927595298681109514e-04 1.352835168657756150e-04 7.747160677819563178e-05 2.238333304275211768e-05 -2.300957673686463196e-05 -5.944274679680548431e-05 -8.665594855408758788e-05 -1.044423135858829420e-04 -1.129931143342317325e-04 -1.126458151556972858e-04 -1.070796187256277621e-04 -9.718346157924247350e-05 -8.283468296457432599e-05 -6.039573031470208504e-05 -2.877674685928587612e-05 1.313691348338187745e-05 6.195012040593071072e-05 1.154165177241962446e-04 1.716069302718752760e-04 2.193900348541080150e-04 2.569845655722443429e-04
2.542722948748568396e-04 2.480746353513879122e-04 2.263026762575361106e-04 1.896094157844525289e-04 1.478470870083380573e-04 1.036467694301085790e-04 5.954294853072949280e-05 2.056663618869329153e-05 -1.413964911746786742e-05 -4.242264779013256502e-05 -6.102147778056715504e-05 -7.100243800348181398e-05 -7.366868819871306420e-05 -7.195768280434423631e-05 -6.554541355989989106e-05 -5.329136060314549033e-05 -3.233185945061152862e-05 -2.852875136709406026e-06 3.677542131852109289e-05 8.225195916271776583e-05 1.305132191651329977e-04 1.790462184979821922e-04 2.169012257802349511e-04 2.429413133793323755e-04
2.140574621876806520e-04 2.043510481516299770e-04 1.897365502088592143e-04 1.710027630366044822e-04 1.484256891756669092e-04 1.213085347957439965e-04 9.151384093880143931e-05 6.213190375813402262e-05 3.233028092954078314e-05 4.764952804714369392e-06 -1.424918494170590475e-05 -2.526314743653290413e-05 -3.070055920082566045e-05 -3.275712643540270702e-05 -2.974112668614447690e-05 -1.992527338086560673e-05 -1.219790119548296709e-06 2.534462865896135102e-05 6.095614812683834087e-05 1.004077570867286794e-04 1.407756199673394488e-04 1.789984360855940504e-04 2.043080658742915320e-04 2.161764301607747287e-04
1.615839711137939541e-04 1.496795917782886185e-04 1.395800277186653776e-04 1.348553512062154996e-04 1.315663500550011606e-04 1.248298812650850971e-04 1.129315447064734555e-04 9.590137290560239540e-05 7.546377683461117020e-05 5.321576184382589717e-05 3.506597345162627046e-05 2.138695481381279063e-05 1.143847949362200751e-05 6.076221372308061195e-06 6.325631513719111822e-06 1.404474334174326798e-05 2.992820528676277343e-05 5.234953340168356354e-05 8.173307126214083987e-05 1.123491656139729390e-04 1.418635884634909014e-04 1.658934484176815866e-04 1.760431273789452499e-04 1.738969773744284504e-04
1.063710084880803983e-04 9.454058745658882614e-05 8.727456440252073702e-05 8.952001328679947312e-05 9.848352300540936534e-05 1.082868825627551638e-04 1.140542338712883456e-04 1.116357979289260148e-04 1.045241731558556114e-04 9.285206836203768125e-05 7.866161512742707437e-05 6.250081516871496066e-05 4.703373045980664349e-05 3.847704680883673196e-05 3.623893084461142744e-05 4.162975281080024672e-05 5.332779328196596069e-05 6.958210887262665186e-05 9.055252502337542511e-05 1.103700448114271405e-04 1.269185104885936510e-04 1.358753160333812503e-04 1.334082944735632712e-04 1.225626628398913151e-04
4.929301503873940917e-05 3.776404720297168777e-05 3.355906004616892587e-05 3.986524736121246475e-05 5.503499912600876291e-05 7.533191820697861837e-05 9.699909867292167819e-05 1.117069499932359095e-04 1.204358479222541740e-04 1.220057267575889049e-04 1.145922041407702500e-04 9.876721832136238369e-05 7.900038690046336384e-05 6.686940761308822023e-05 6.176389543647731065e-05 6.371894480220041267e-05 6.939646842900085394e-05 7.764867612488996157e-05 8.850931015638390897e-05 9.597002993207399502e-05 9.799431298830784873e-05 9.322886039610114948e-05 8.240495630860038875e-05 6.711966103917210973e-05
-7.540216590356997780e-06 -1.723880341126772319e-05 -1.859178086536440285e-05 -1.026542557804047403e-05 6.768379383611229702e-06 3.085194962261988494e-05 6.330078457121097102e-05 9.488545609872407977e-05 1.212139887293803308e-04 1.376615301303015502e-04 1.392491339332713825e-04 1.289420036817627124e-04 1.097461382805512510e-04 9.427810239259472270e-05 8.373741866743660380e-05 7.913601606818319748e-05 7.726292877592648130e-05 7.603590588792417623e-05 7.396872538115631238e-05 6.692223687608541793e-05 5.500294560255232805e-05 4.001994352471718218e-05 2.490763548340919849e-05 8.835064461411319258e-06
-5.676817943183086663e-05 -6.217381303084229224e-05 -5.995016258888286173e-05 -4.893150592353835661e-05 -2.988407327382225874e-05 -4.228996901819934840e-06 3.179546989089065235e-05 7.134003530205175968e-05 1.083598553658221282e-04 1.360276839225568973e-04 1.469219605229719493e-04 1.453960778436173774e-04 1.318339567221813867e-04 1.155688837506266227e-04 9.932803362191904592e-05 8.657559672382049291e-05 7.637121801793973850e-05 6.493725543705120907e-05 4.954925470425422518e-05 2.994578953237733815e-05 8.764172102597373907e-06 -1.187741735816052847e-05 -2.920178375907490369e-05 -4.440137563013039110e-05
-9.804716380709494145e-05 -9.768749010861798459e-05 -9.041485769501336550e-05 -7.599634813197926717e-05 -5.499253883044987482e-05 -2.782320736170498698e-05 7.227235280368007116e-06 4.568963362191397936e-05 8.435868016553531128e-05 1.188554635153269096e-04 1.393158091409366973e-04 1.468305702614858212e-04 1.403771434677650808e-04 1.260055372807419481e-04 1.067550246166147534e-04 8.677886672189691819e-05 6.740731933871396036e-05 4.493053980126104137e-05 1.775842740787481741e-05 -1.049272003625018958e-05 -3.702736922771915557e-05 -6.057107853053789388e-05 -7.850386260389269713e-05 -9.122683463683983599e-05
-1.306823766080946110e-04 -1.234941379543883443e-04 -1.098714367668099942e-04 -9.047755075231940947e-05 -6.680453751538635999e-05 -3.868647188387419503e-05 -7.535636570215103802e-06 2.341360151543770709e-05 5.449540278213201451e-05 8.625803056141394080e-05 1.107090901986935392e-04 1.246361868108945977e-04 1.258675895112607089e-04 1.162451822779894510e-04 9.855465732390315868e-05 7.399671629306437336e-05 4.583815278994368524e-05 1.396719637196886036e-05 -2.050047534754002003e-05 -5.216101485680331218e-05 -8.032881726521457649e-05 -1.042007773315170918e-04 -1.208311716370792058e-04 -1.300411976169470684e-04
-1.493101411208376094e-04 -1.360023520864497067e-04 -1.165007675548576166e-04 -9.170994528565325969e-05 -6.519055609845687892e-05 -3.722493250688341211e-05 -9.662074257328891351e-06 1.435309253905460482e-05 3.562125892494578456e-05 5.678291853232043474e-05 7.603185053918041787e-05 9.012548770621728485e-05 9.642620647403157201e-05 9.164291980627640695e-05 7.731622225023553887e-05 5.146405551633747227e-05 1.895567815322624959e-05 -1.660376536664523423e-05 -5.268392243660993506e-05 -8.418357022408395137e-05 -1.119326537248730607e-04 -1.347469490603048594e-04 -1.488720469061039539e-04 -1.542407013661843283e-04
-1.528373582153812540e-04 -1.343006943677739300e-04 -1.098109020596303958e-04 -8.045421035005605756e-05 -5.185990327382170576e-05 -2.481817978341228383e-05 -1.076670003271982203e-06 1.630914075444823679e-05 2.806838751014233146e-05 3.649947693241122504e-05 4.598236203184868085e-05 5.567862047671840353e-05 6.426807390257369211e-05 6.332666425852308799e-05 5.136655055871609186e-05 2.600829752073573534e-05 -6.276371362600475887e-06 -4.095077964460308112e-05 -7.551401797798340965e-05 -1.051674882093532929e-04 -1.308125669682053561e-04 -1.513966681442011379e-04 -1.623566965074215915e-04 -1.632242064248988565e-04
-1.390166842404467714e-04 -1.162238907448531500e-04 -8.784605611385042220e-05 -5.539707772578080663e-05 -2.586674428833305903e-05 -7.108799239450189450e-08 1.925291187492621995e-05 2.963768553478183200e-05 3.299768901466527173e-05 3.118202321576793174e-05 3.135321286819651548e-05 3.404966531412852247e-05 4.026266827097554587e-05 4.031399069542401748e-05 2.998626785562444742e-05 7.419447561136973388e-06 -2.148685816747367822e-05 -5.290605979957940298e-05 -8.497667057922030651e-05 -1.122213004000020283e-04 -1.346756393157530680e-04 -1.513753762416660030e-04 -1.580329656632497562e-04 -1.541835368271480666e-04
-1.159017633364152906e-04 -9.050291142890532490e-05 -6.001452599957241495e-05 -2.615509387764290586e-05 3.433200098509175800e-06 2.792144781198551768e-05 4.413224735124060164e-05 5.068441920503336179e-05 5.029497211449564118e-05 4.521795182144412836e-05 4.199485266241945544e-05 4.055212700778512193e-05 4.212429361214104130e-05 3.965774646187398520e-05 2.956676479784632787e-05 9.548662855686430618e-06 -1.724363523271993170e-05 -4.745646899237255362e-05 -7.926550706659141394e-05 -1.055331507637740989e-04 -1.257045318767331958e-04 -1.386188366034878138e-04 -1.413483047660465356e-04 -1.340778301070596936e-04
-8.842448720135913669e-05 -6.221335387717754316e-05 -3.140819464475918111e-05 2.752957486338858802e-06 3.197552154705725542e-05 5.473267022393336293e-05 7.013085940069223323e-05 7.787529983369893447e-05 7.876127255801687360e-05 7.429541010837608435e-05 7.039817642775112404e-05 6.753642696240344642e-05 6.488824146294957618e-05 5.802463894547668579e-05 4.629121266473062784e-05 2.722299055555469627e-05 1.226208861155738089e-06 -2.909874827224065598e-05 -6.179249444129386419e-05 -8.805722236919342636e-05 -1.069197160336764267e-04 -1.172135286548026909e-04 -1.173706853910803395e-04 -1.080349747419523171e-04
-6.340425884513821301e-05 -3.819719763206895426e-05 -8.657808207674137590e-06 2.378910677179329962e-05 5.183742061736968835e-05 7.447656042232010567e-05 9.242099428090368965e-05 1.055009644996954726e-04 1.129454170866280764e-04 1.146125322737250209e-04 1.132168775256546615e-04 1.098051284319494523e-04 1.035270469784973591e-04 9.283257989575520268e-05 7.805528077465409358e-05 5.733467262494002946e-05 3.039044692730086112e-05 -1.010355501113453222e-06 -3.484245096755558526e-05 -6.199143449271631132e-05 -8.144445477623987501e-05 -9.193134269849951299e-05 -9.206807142939652314e-05 -8.266346781185817142e-05
-4.999661636127470928e-05 -2.706404588818956344e-05 1.729650159848406703e-07 2.977547499382468061e-05 5.706666204724288624e-05 8.242652686763426453e-05 1.055301566258724831e-04 1.253714664613463721e-04 1.419400075829785834e-04 1.536769928680147977e-04 1.575062272180768658e-04 1.539610993897928761e-04 1.448257776882050493e-04 1.316834392428092859e-04 1.132776414583955624e-04 8.895001010241257965e-05 5.979383501918928654e-05 2.683192038938655944e-05 -8.045603932174494679e-06 -3.675134614639521231e-05 -5.847963884173050633e-05 -7.192166015835318570e-05 -7.470149395245137167e-05 -6.733599003591497593e-05
-4.443400277108283062e-05 -2.484178683467695402e-05 -9.730182474181255927e-07 2.585740541850562778e-05 5.360196685588378401e-05 8.289305786783424340e-05 1.124619350559751734e-04 1.404661863925092083e-04 1.675604179332189857e-04 1.911265492109252861e-04 2.022976225642033601e-04 2.007360659064241412e-04 1.894069209467831984e-04 1.730265952138157145e-04 1.502021828411711547e-04 1.215321947032974991e-04 8.948351900816477081e-05 5.427994095064830361e-05 1.767278916681138334e-05 -1.327755772445790358e-05 -3.796896881959347856e-05 -5.546238453939973114e-05 -6.238999942635156193e-05 -5.856827124046958439e-05
-4.472641274399642269e-05 -2.950463745855631567e-05 -9.260809701551473355e-06 1.587344208568559315e-05 4.515972913009955793e-05 7.848355028200443935e-05 1.160669264386602804e-04 1.545790400643206610e-04 1.926875977498099972e-04 2.280543569787898126e-04 2.489946200762286396e-04 2.539517303334547184e-04 2.420291794390376538e-04 2.195385450566646223e-04 1.894801947189948973e-04 1.538379170955176485e-04 1.173517857234598010e-04 7.961803644574139930e-05 4.150433126553061219e-05 8.023973703125335217e-06 -2.001959707121000467e-05 -4.140438333826885488e-05 -5.261610873800841721e-05 -5.370534553628767419e-05
-3.594766547725808392e-05 -2.481732775227076790e-05 -7.146050134058849968e-06 1.722053168958640238e-05 4.753298132304331104e-05 8.338712232222922935e-05 1.269271327767180189e-04 1.726817113020513261e-04 2.166829126805025409e-04 2.580190668667270101e-04 2.851607587215267007e-04 2.951765199105138592e-04 2.826229377810184269e-04 2.538686998679924199e-04 2.164801146690896135e-04 1.740831408616286019e-04 1.345906242777093851e-04 9.701422151738023423e-05 6.079536047161665708e-05 2.788020764374670040e-05 -5.239426894291809324e-07 -2.253747418237572893e-05 -3.534505798372795487e-05 -3.988786748856616227e-05
-1.511237270051475294e-05 -7.393884059609425315e-06 8.384431896180372502e-06 3.185911242176581995e-05 6.226967349895886977e-05 9.972608320011900869e-05 1.457192912036298863e-04 1.926375122763213034e-04 2.364525349954194717e-04 2.777804067634430645e-04 3.052469949770276461e-04 3.144448746991997763e-04 2.997396214932698637e-04 2.675570327654543850e-04 2.256734654211821367e-04 1.795831631945594335e-04 1.403717442125593912e-04 1.062401707834000080e-04 7.546971988481875374e-05 4.693942100317385685e-05 2.199434032284716678e-05 2.392604549104306239e-06 -9.749404975367515034e-06 -1.548435450827160458e-05
