5.369102440744577553e-05 8.773544490697188594e-05 1.308021983904195020e-04 1.806633999045801958e-04 2.306617990047166709e-04 2.808061971624582157e-04 3.314132197808709857e-04 3.779874347163183742e-04 4.187137391845222132e-04 4.529586507737600170e-04 4.708137591164030314e-04 4.696097431682973102e-04 4.490784333250360627e-04 4.156032549975185553e-04 3.715801862604516592e-04 3.186139125044395027e-04 2.636503110149786212e-04 2.073999888299639122e-04 1.499498485573655924e-04 9.969941205598373030e-05 5.936161733744813192e-05 3.217292716985750109e-05 2.301174606432643767e-05 3.026774608979457674e-05
1.555201149950920909e-04 1.867112186522659116e-04 2.246001834521851219e-04 2.669155692036983369e-04 3.080981896523272935e-04 3.485664229043970719e-04 3.893817803464540714e-04 4.290656485279964547e-04 4.660636449123106879e-04 5.004348374867510774e-04 5.234811312500418793e-04 5.322440932144030697e-04 5.249267037659111025e-04 5.032397228092922890e-04 4.695504232600460461e-04 4.230092920751697292e-04 3.695462992180804365e-04 3.119876143862533591e-04 2.523441011434231674e-04 2.014794563155603024e-04 1.610040486142534839e-04 1.346239980174040996e-04 1.261481399642757370e-04 1.331399662900548347e-04
2.860089145538673465e-04 3.122536019374140505e-04 3.428716786225300414e-04 3.764029818976964703e-04 4.083863896986937819e-04 4.387950240489677488e-04 4.689849126866221687e-04 5.004942608542899737e-04 5.324797758947450279e-04 5.641424584130444019e-04 5.879945287742653626e-04 6.023390598283759985e-04 6.059325303907496562e-04 5.958130348599399630e-04 5.722367925534249623e-04 5.341563521232036826e-04 4.864857762106136762e-04 4.319105370441020907e-04 3.743505169215997279e-04 3.271335876362474557e-04 2.907824908211609585e-04 2.672485893665766873e-04 2.592711496399072277e-04 2.658118975400534760e-04
4.439675264439995857e-04 4.631810755751212573e-04 4.847705727474427707e-04 5.077697831922064380e-04 5.295908146198602048e-04 5.503372710359786266e-04 5.714202627537844428e-04 5.950260993570430108e-04 6.204724403937858426e-04 6.470540187377765099e-04 6.687856087370464215e-04 6.843774023005088887e-04 6.940851010227996019e-04 6.931657242078380484e-04 6.797825766956280781e-04 6.518740653972663647e-04 6.132883398394285441e-04 5.673697096199101101e-04 5.182844610553706804e-04 4.787586417628593525e-04 4.488679812980658464e-04 4.298271815401694834e-04 4.232034376250195357e-04 4.283044460520532147e-04
6.179279944494751268e-04 6.293342050708534757e-04 6.414459530538691497e-04 6.533510787499549480e-04 6.651100852286360044e-04 6.776552998283216648e-04 6.921095941705304819e-04 7.089386678281568103e-04 7.271748823706463034e-04 7.475389892327346381e-04 7.658405553620086046e-04 7.799620183062616011e-04 7.906181525767766102e-04 7.941764927943768728e-04 7.887114426547200529e-04 7.707863267032948182e-04 7.431333755595330047e-04 7.101000082177559786e-04 6.745892043784837162e-04 6.456591883394114826e-04 6.234263884992512737e-04 6.100031699082372402e-04 6.056821543109440877e-04 6.084485172386619890e-04
8.052575631380614425e-04 8.085080314470610924e-04 8.107936264381353881e-04 8.119477585862188351e-04 8.146793263199138095e-04 8.200578853071531201e-04 8.283291821919812727e-04 8.382383065364212935e-04 8.491212082171035970e-04 8.620813549700444625e-04 8.747231063423868214e-04 8.851444477804944677e-04 8.939537428676706549e-04 8.986290415416425944e-04 8.977213301983487858e-04 8.892821282278762620e-04 8.749277473424125172e-04 8.571454387225992859e-04 8.377638053387124334e-04 8.221732481690942600e-04 8.103419645695823141e-04 8.038772059380044303e-04 8.017970206276597714e-04 8.021668400251535935e-04
1.003327325287948742e-03 9.980120547991903034e-04 9.908846424580210633e-04 9.833561639779248888e-04 9.788223259188642313e-04 9.770039547540084347e-04 9.782197066554071570e-04 9.808733141422928525e-04 9.841140318823612433e-04 9.880603529219089513e-04 9.922843129093719856e-04 9.965247640145991331e-04 1.000718209437193766e-03 1.003423792393184737e-03 1.004224724088313789e-03 1.004492720255102146e-03 1.004644746936991708e-03 1.003448077082607975e-03 1.002274168170296312e-03 1.002864920680423839e-03 1.004429510628101043e-03 1.006520962709156215e-03 1.007221819702995135e-03 1.006339904506924413e-03
1.188425460095958843e-03 1.176352649902213509e-03 1.162443571466648508e-03 1.149186966039311870e-03 1.138703761083807763e-03 1.129212191171289400e-03 1.121828521048248446e-03 1.115994379159208948e-03 1.110407376905853203e-03 1.104540051021166451e-03 1.100104996756617534e-03 1.098200542463044884e-03 1.098663715381501156e-03 1.101105329967718306e-03 1.105558630465887805e-03 1.114592719786413168e-03 1.127341791542489126e-03 1.140948140694777362e-03 1.156200908410027128e-03 1.171212817492009233e-03 1.184565634375234254e-03 1.194277291907430401e-03 1.197833895111491583e-03 1.196379546147321180e-03
1.355276934516176125e-03 1.339055774919008538e-03 1.320974220690612419e-03 1.303514047198198016e-03 1.287521402809012078e-03 1.270796561611592769e-03 1.254364063362380663e-03 1.238703432431190101e-03 1.222949970518185216e-03 1.207162568273226991e-03 1.195194380550817538e-03 1.188270901652596287e-03 1.187081310857600498e-03 1.192288093861265229e-03 1.203422899949697228e-03 1.221842415538199013e-03 1.245398061809719010e-03 1.272016959409937725e-03 1.301104993669262950e-03 1.327145709714871351e-03 1.348894403925415039e-03 1.364188804348385976e-03 1.369918578250167067e-03 1.367209220005393766e-03
1.499211373248899529e-03 1.481044553069232926e-03 1.460826894193027270e-03 1.439857914439751684e-03 1.418294341709573679e-03 1.394888900816412727e-03 1.368820676108067295e-03 1.341957840133237026e-03 1.315744032727023550e-03 1.291516180084973124e-03 1.274675641901445045e-03 1.265685945212345793e-03 1.266737584691232698e-03 1.278463730558971690e-03 1.298884944882292350e-03 1.327965426473733026e-03 1.361815707470127347e-03 1.399175099771214192e-03 1.438745766281833080e-03 1.472277069104137477e-03 1.498316632700673291e-03 1.514826012644790963e-03 1.519664954236852076e-03 1.514158483670293093e-03
1.623436792384150718e-03 1.601954986178723804e-03 1.578065579535545444e-03 1.552064687447918603e-03 1.524004975978210386e-03 1.493607885487239616e-03 1.458799200171090197e-03 1.423186493010942296e-03 1.390046504137771059e-03 1.361466051836977831e-03 1.343802345879603448e-03 1.337087637903926554e-03 1.343916315245562848e-03 1.363811245936536690e-03 1.394018998651907169e-03 1.434222479707070261e-03 1.478333215576874138e-03 1.524638808770872357e-03 1.572075407631960556e-03 1.610553185888841023e-03 1.637772719774851929e-03 1.651552465247203318e-03 1.652288761430726867e-03 1.642295265409821070e-03
1.733692905918302616e-03 1.706742618303101668e-03 1.677027968508936016e-03 1.644562565798846380e-03 1.609295014397399458e-03 1.571194573116410382e-03 1.529172240003113170e-03 1.488574988471168953e-03 1.452274144944562138e-03 1.422712296582549123e-03 1.407202503232852717e-03 1.405739864352122679e-03 1.419945506482570658e-03 1.448231995467380313e-03 1.488449060045400922e-03 1.539310198646285299e-03 1.592527932082898109e-03 1.646626268863206647e-03 1.700318635847222889e-03 1.741676018390197079e-03 1.768008651417200729e-03 1.777585499026374622e-03 1.773339494167019883e-03 1.757979317057427413e-03
1.829832738951939338e-03 1.796686825482417477e-03 1.759811956223270068e-03 1.719536464416841813e-03 1.676912521071165186e-03 1.631962516613240941e-03 1.585195623995788597e-03 1.542979483898197866e-03 1.506927470260877684e-03 1.479584388992421975e-03 1.468288448823160596e-03 1.472940913421276390e-03 1.494828162856974563e-03 1.531581746234990642e-03 1.581125799853365897e-03 1.642019298477179375e-03 1.703707738210527046e-03 1.764113976323029463e-03 1.820245883531660660e-03 1.860589761832300536e-03 1.884299841173268280e-03 1.889519063323132422e-03 1.880218575200881623e-03 1.859579150677609372e-03
1.918528247505595303e-03 1.881253418171141643e-03 1.838677207566952925e-03 1.791312322796357985e-03 1.742522130272123422e-03 1.692915045028510566e-03 1.643291062598045086e-03 1.600319757759094191e-03 1.565424326571920703e-03 1.541114236380713076e-03 1.533822143604335895e-03 1.543182799704888178e-03 1.570967815902262789e-03 1.614357010013143601e-03 1.670638710089865277e-03 1.738867608767140490e-03 1.806154158393516321e-03 1.869147150450462891e-03 1.923631671953449345e-03 1.960763846553068013e-03 1.981810628450711258e-03 1.984908824556843449e-03 1.973569415905359736e-03 1.950825922597095724e-03
2.002150391818865831e-03 1.962318290480712189e-03 1.915612382392714846e-03 1.862480539177906224e-03 1.808597322653788348e-03 1.755406381803161506e-03 1.703676630901205082e-03 1.660379578825264650e-03 1.627070147592608483e-03 1.605982999848057586e-03 1.602645239699011272e-03 1.616664572536446716e-03 1.649162638341546746e-03 1.696867523642942499e-03 1.757566950635660371e-03 1.829903690852832752e-03 1.898653152887457831e-03 1.960097701404068995e-03 2.010963742264607577e-03 2.045077220774376391e-03 2.063653712839866490e-03 2.066346055526468561e-03 2.056205063982985762e-03 2.034594839526963819e-03
2.085911788069280594e-03 2.044295809817159738e-03 1.994198432747447229e-03 1.936260829037841392e-03 1.877963498384505178e-03 1.821158768508462618e-03 1.767119112079808480e-03 1.723588717662944336e-03 1.691876508775910868e-03 1.673953056158445892e-03 1.674478188459632743e-03 1.693034611156094861e-03 1.730336553906190082e-03 1.781501209206352767e-03 1.844186744897036894e-03 1.915450468369555128e-03 1.980607820506148815e-03 2.037706640876252914e-03 2.084735166324050339e-03 2.117221318632036848e-03 2.135686168216862236e-03 2.141415033469686036e-03 2.135594306285094283e-03 2.117334132236789023e-03
2.173978976353304216e-03 2.130652273032401182e-03 2.077201412238523139e-03 2.014797203642267141e-03 1.952220827292387327e-03 1.891228533534538604e-03 1.833912927969759453e-03 1.789261624437588766e-03 1.758177888616833636e-03 1.742464907740405621e-03 1.745953511852224842e-03 1.768117457067354273e-03 1.809891638900088104e-03 1.863623193070521825e-03 1.925826269304393946e-03 1.992713227929557296e-03 2.053014618162292762e-03 2.106761596080170863e-03 2.152592407026437775e-03 2.186769104083265310e-03 2.209407459601468032e-03 2.221254131632156761e-03 2.220226831446575275e-03 2.204884804750693438e-03
2.262528187192225024e-03 2.218128745004377834e-03 2.161962386688171846e-03 2.095584617936862865e-03 2.029077299151794272e-03 1.964245544773493991e-03 1.903389436008486599e-03 1.856740011971447007e-03 1.825407537827408071e-03 1.810903011972790156e-03 1.816228265846350819e-03 1.840872911531256416e-03 1.885371328359841973e-03 1.939300595275865414e-03 1.998652025928243994e-03 2.060437474768291987e-03 2.116802599346325701e-03 2.168117431061136226e-03 2.214591213477739521e-03 2.253220130977986926e-03 2.282793668124145827e-03 2.301991863858092457e-03 2.305463748827726606e-03 2.292745627640474428e-03
2.351638915385486674e-03 2.306755671894258723e-03 2.248698177108304080e-03 2.178847277241870335e-03 2.108407992949700403e-03 2.039734484902462012e-03 1.975348519036992673e-03 1.926240205402595176e-03 1.893551148078867572e-03 1.879730489336313686e-03 1.886570666631030716e-03 1.912220016844546006e-03 1.955834882910967906e-03 2.006564331965165170e-03 2.061635043451321998e-03 2.118482625457437235e-03 2.171987914804662367e-03 2.223008915678717154e-03 2.273323914663682738e-03 2.318881851215663127e-03 2.356554085235944458e-03 2.383257084337032320e-03 2.391257726589074862e-03 2.381061837069618336e-03
2.431170463400679667e-03 2.386278872197004648e-03 2.327041118021250070e-03 2.254645473444230001e-03 2.181242599274894802e-03 2.109694443212079950e-03 2.042724896837371830e-03 1.991598786794195573e-03 1.957347163715442151e-03 1.943338004586167567e-03 1.949773957502307824e-03 1.973354594844119354e-03 2.012272066594628529e-03 2.057589473047270485e-03 2.108135697650164331e-03 2.161311882116540364e-03 2.214054113475186301e-03 2.267939945689134706e-03 2.324576450148477160e-03 2.377083945158145212e-03 2.421562132096357223e-03 2.454740210109888215e-03 2.467389432736729650e-03 2.459704352009434679e-03
2.497663103927557759e-03 2.453249839249766265e-03 2.393318499922542347e-03 2.319441765186011119e-03 2.244715936003330824e-03 2.171933766788759681e-03 2.103363593162652263e-03 2.050544958362557780e-03 2.015056041180640373e-03 1.999392658826697634e-03 2.002167670036506756e-03 2.020422877178859079e-03 2.052620206799029082e-03 2.091736792349015248e-03 2.136969751767546499e-03 2.187220228880436441e-03 2.241479560924109025e-03 2.300510383151557325e-03 2.364351804134463223e-03 2.423295521026585381e-03 2.474066324307494080e-03 2.513375859334087813e-03 2.530499755112197886e-03 2.525151575953535951e-03
2.552407760409866177e-03 2.507563415519497262e-03 2.447021480510221635e-03 2.373058729937957672e-03 2.298514624628425571e-03 2.225392210300945577e-03 2.156623750005033213e-03 2.103128705395057585e-03 2.065614633972962140e-03 2.045185634994244397e-03 2.040513909522977641e-03 2.050052758658355446e-03 2.072904786033645270e-03 2.104603897721460566e-03 2.144558792112736915e-03 2.194213924556534176e-03 2.252552416410502547e-03 2.317790852778132960e-03 2.389243770730009857e-03 2.455417828636756103e-03 2.513167375551327628e-03 2.558547267795800717e-03 2.580290791957985577e-03 2.578587520578408312e-03
2.569222969972223981e-03 2.525618432302982781e-03 2.467129185253240462e-03 2.396702034967446594e-03 2.325717121842239138e-03 2.255021019865379155e-03 2.188765272814219634e-03 2.136354462582646697e-03 2.096771906024605912e-03 2.070334792524129719e-03 2.057423797162048675e-03 2.057848622247939949e-03 2.070869704862448278e-03 2.095220463160847417e-03 2.131218266114248520e-03 2.181019116204448161e-03 2.241534452823914104e-03 2.309578753288339323e-03 2.385016630267163765e-03 2.455613285715913321e-03 2.517425840950322184e-03 2.566308853684839183e-03 2.591406550203393354e-03 2.593245781552844676e-03
2.538090654879094753e-03 2.499652990898867076e-03 2.447143498276544305e-03 2.384284325226194903e-03 2.320996291715373295e-03 2.256864189519194527e-03 2.195848988081245973e-03 2.145840389534933376e-03 2.105507325147804899e-03 2.074088234958457611e-03 2.053672268064479778e-03 2.045717367459801584e-03 2.049737447630618596e-03 2.067665438814862700e-03 2.100631736605650113e-03 2.149204927369972960e-03 2.208224768535118742e-03 2.275402592876521468e-03 2.350331348748241431e-03 2.420034781690704080e-03 2.480594525196660929e-03 2.529295520611638849e-03 2.555692933915685704e-03 2.559020212423288552e-03
2.435640907691887132e-03 2.409454296851979305e-03 2.372233120971698438e-03 2.325891554482989541e-03 2.277197614520035888e-03 2.226493132362287759e-03 2.175773086360408611e-03 2.130608751758019531e-03 2.090862241952326853e-03 2.056190332318087819e-03 2.030551705396900844e-03 2.015609146661208155e-03 2.013168511316656192e-03 2.026772068457517034e-03 2.055794719242902326e-03 2.100947043326150104e-03 2.155325628747590053e-03 2.215918758533995479e-03 2.281213300181188317e-03 2.339733417253441524e-03 2.389166963443022703e-03 2.427289191389035272e-03 2.447563522287793131e-03 2.450035843898962576e-03
2.259244507208754259e-03 2.248886353589988740e-03 2.232755281395888258e-03 2.209994214893464849e-03 2.182524885979245186e-03 2.151844947685056277e-03 2.117959088837832043e-03 2.083316610662099867e-03 2.048729258072438421e-03 2.015466144072740762e-03 1.989516544075870929e-03 1.971607770215556051e-03 1.965758553484798100e-03 1.975530328607891413e-03 1.998091509499930109e-03 2.035753837837862412e-03 2.080199244853290445e-03 2.126343299279800318e-03 2.171837898682385266e-03 2.208949499088104593e-03 2.237448354940986279e-03 2.255425265043743167e-03 2.263749221329101977e-03 2.264619088971925147e-03
2.031394953801001456e-03 2.036116623377287431e-03 2.040327020843274788e-03 2.042663183407376643e-03 2.040200557728461764e-03 2.033327255484403736e-03 2.020982645354593710e-03 2.002494054544471432e-03 1.978697890109792478e-03 1.951779653358129809e-03 1.929759212573612217e-03 1.913124355876709166e-03 1.905378963011289525e-03 1.910103634331667723e-03 1.924988023545412454e-03 1.951285750220365300e-03 1.979264088779400174e-03 2.004425177795633901e-03 2.024238241616008269e-03 2.034712028730370232e-03 2.037046897621728504e-03 2.032300285105159872e-03 2.028746753849806905e-03 2.028087054596971073e-03
1.778235056061366458e-03 1.793202360290295462e-03 1.811303164448041774e-03 1.833064582216853639e-03 1.852628314510040668e-03 1.867514481283124271e-03 1.876684824281494831e-03 1.878252159384999733e-03 1.872625683474866487e-03 1.859486927876749214e-03 1.845957756382862009e-03 1.834730592264954439e-03 1.827297819182187441e-03 1.826259960794856217e-03 1.830991474663897943e-03 1.840317293024886858e-03 1.845763253285150063e-03 1.845679702344891039e-03 1.837794601927134020e-03 1.822306128310861601e-03 1.801552378532709402e-03 1.780741610284741760e-03 1.770519166713648441e-03 1.769225237842928433e-03
1.549757411041962751e-03 1.569543893644700840e-03 1.594491773789450013e-03 1.625669476243584875e-03 1.656197495666958961e-03 1.682714238845481455e-03 1.704525783618365863e-03 1.720437897233369207e-03 1.730746424267197133e-03 1.732773897251085231e-03 1.729815578122153013e-03 1.725647354994870380e-03 1.720637111996847464e-03 1.715406053770319626e-03 1.709793364401756633e-03 1.702106028795584078e-03 1.687801667136766244e-03 1.667059167915867224e-03 1.638477910541051574e-03 1.606892634406783789e-03 1.575315539903052262e-03 1.549918774948443479e-03 1.538683672908330077e-03 1.538098530319250649e-03
1.336483409167425274e-03 1.359550745802643552e-03 1.389807377593066688e-03 1.426135431602670303e-03 1.460634196237850123e-03 1.491787973903430618e-03 1.519151174327683200e-03 1.542222516126273658e-03 1.561280495776152079e-03 1.575346470319471557e-03 1.583889099838256802e-03 1.587709913984362451e-03 1.586502758835661676e-03 1.578909520016332597e-03 1.564783646656560476e-03 1.543629965829280406e-03 1.514837880497093637e-03 1.478699031241265636e-03 1.435564871487780446e-03 1.394906703746582937e-03 1.359530175428337508e-03 1.333394265173462297e-03 1.321816296566013897e-03 1.322609732160260352e-03
1.137053741379352072e-03 1.162815398659870509e-03 1.196748991960994764e-03 1.235859309373424841e-03 1.271294600430450871e-03 1.303099493552471733e-03 1.330470774825425872e-03 1.354049689576899886e-03 1.374853200163483544e-03 1.395261408831091230e-03 1.412867132490093275e-03 1.424487874531366050e-03 1.428345028654677724e-03 1.420528612498925388e-03 1.401513904910638890e-03 1.371274385401543812e-03 1.332526897729348217e-03 1.286203576968230006e-03 1.234730910728491175e-03 1.190348954715475657e-03 1.154711239887328857e-03 1.129541798123237604e-03 1.118451241453610485e-03 1.120919075342730054e-03
9.494107484519061701e-04 9.782262864886182106e-04 1.015151144663544325e-03 1.057612472862833617e-03 1.095877649127023059e-03 1.129275316250143808e-03 1.156750953479324150e-03 1.180537908198083961e-03 1.202435150287133611e-03 1.225276510953470259e-03 1.246729722619253303e-03 1.263183531551538433e-03 1.271343126567598064e-03 1.264174108353825115e-03 1.242626488321744516e-03 1.205808991147518713e-03 1.159161559401434378e-03 1.105388782597423614e-03 1.047940017160714282e-03 9.999562620719678382e-04 9.623684938995094107e-04 9.370197590936002420e-04 9.267712563586682963e-04 9.307336721459284279e-04
7.742278530348772718e-04 8.058204054838853528e-04 8.454596621887159810e-04 8.909218487605768261e-04 9.315934717472513799e-04 9.661604743867936067e-04 9.941707213293089502e-04 1.019449662014250673e-03 1.043724581604662215e-03 1.068254280993267535e-03 1.090781408114014457e-03 1.109294711385494818e-03 1.120439851989608188e-03 1.114058013660243745e-03 1.090117263126797733e-03 1.047771736336684410e-03 9.951844746727681913e-04 9.359223559819224896e-04 8.735047611224545493e-04 8.219736323503440021e-04 7.824902362259406616e-04 7.570072260197189705e-04 7.476363871101261629e-04 7.531289946861704967e-04
6.102814221644456069e-04 6.445563981814741343e-04 6.868658375969185180e-04 7.345360191166510136e-04 7.769491593381589638e-04 8.132397184213982153e-04 8.437503517754209575e-04 8.721755375491708562e-04 8.994041130499102771e-04 9.257213135477078804e-04 9.486968381301775230e-04 9.672353512231223003e-04 9.786207608480344562e-04 9.719846393194401168e-04 9.464202693873559639e-04 9.002961347444463688e-04 8.429320136321441460e-04 7.790660151049297018e-04 7.124702688407631148e-04 6.576384471437008578e-04 6.156296444371349734e-04 5.889484906963915597e-04 5.799047796342842245e-04 5.867638125130910081e-04
4.581443429529728339e-04 4.941223450185912216e-04 5.381729446502035025e-04 5.873764472322920210e-04 6.319873609545040034e-04 6.716768831622385019e-04 7.068367074142207010e-04 7.393072672224443960e-04 7.693103468655163903e-04 7.975309368238196533e-04 8.211179229805129877e-04 8.384359434829340369e-04 8.470170090336498437e-04 8.376978860609654706e-04 8.098921526717488229e-04 7.612646096810481546e-04 7.007254102348573930e-04 6.335798045667932884e-04 5.643929223550454627e-04 5.076609527245101250e-04 4.636508290386295969e-04 4.350469703836665094e-04 4.253046004671473513e-04 4.328910414386510940e-04
3.192312107350655809e-04 3.554556302718357166e-04 3.997907815421784328e-04 4.503350388245798397e-04 4.982152019008470470e-04 5.423751630864283649e-04 5.828584690445195960e-04 6.196515086501654243e-04 6.527061981985183290e-04 6.821076656267209982e-04 7.045839836134775054e-04 7.189593817812138738e-04 7.230200925827191599e-04 7.093080765600775790e-04 6.775510881078610458e-04 6.268377884744985714e-04 5.656687057105455217e-04 4.977886879177578989e-04 4.280797227847191666e-04 3.710405162571652165e-04 3.266219826284246755e-04 2.965928457067620351e-04 2.855537591944163939e-04 2.932695505172025984e-04
1.945078506559608862e-04 2.295519151036629426e-04 2.730419398726548728e-04 3.241536466965193992e-04 3.752249735900701740e-04 4.245261781579954576e-04 4.712093434602610941e-04 5.123880827947439485e-04 5.479481842007713141e-04 5.772332394430961227e-04 5.966770753546395134e-04 6.057473757816221951e-04 6.023078818558245343e-04 5.818332740413444375e-04 5.449513713611000816e-04 4.923862095538909887e-04 4.328881862824684340e-04 3.686500650289502583e-04 3.028706347720860827e-04 2.479630223453693403e-04 2.048661477145484651e-04 1.754121763020049303e-04 1.640257909815287724e-04 1.703497206220014478e-04
9.447367682897310449e-05 1.265153887996140359e-04 1.676353840994016615e-04 2.173301698587422597e-04 2.694876689663040130e-04 3.225740152545698023e-04 3.747922464010713527e-04 4.193644691863003581e-04 4.558283481928894249e-04 4.833211749533121351e-04 4.981090978133780002e-04 4.998102080225495444e-04 4.866628265141959616e-04 4.583018794826629544e-04 4.163673547260297522e-04 3.620824419385611660e-04 3.051069031028391773e-04 2.474374691854603226e-04 1.902762845713775765e-04 1.418628010487604503e-04 1.037413581620455895e-04 7.855437139705195436e-05 6.922915197595860273e-05 7.409905482033944007e-05
2.166266881330254109e-05 4.871845329241417360e-05 8.548484410852930039e-05 1.319553885117871197e-04 1.835679942647101273e-04 2.388084167046667522e-04 2.951811096528826855e-04 3.420166733724645585e-04 3.782541874632220432e-04 4.027275715641401147e-04 4.115352955339165487e-04 4.045429296864651043e-04 3.810012060843270734e-04 3.447052966520963886e-04 2.976695266354296271e-04 2.419468035391934531e-04 1.881062536658012051e-04 1.376180116111906291e-04 9.146024962503553524e-05 5.369874445018138427e-05 2.471058275123603928e-05 6.543174431461723151e-06 6.264590614266116324e-07 5.389673261391045178e-06
-1.960999456679091813e-05 4.966926712414964358e-07 2.991544378622878458e-05 7.119916811706195915e-05 1.213183313353890499e-04 1.767101793262017360e-04 2.349398531399274185e-04 2.826429683396557970e-04 3.177995890626563033e-04 3.377891376026574731e-04 3.390150613664424917e-04 3.228990871958771188e-04 2.896017291708654056e-04 2.459648683712101626e-04 1.941086177436084559e-04 1.373930783030860787e-04 8.678616199842790211e-05 4.258373846420290929e-05 7.463039033772206040e-06 -1.670614156979526689e-05 -3.197776977217088031e-05 -3.916839183626887082e-05 -3.946036642876201263e-05 -3.243126684229373285e-05
-4.105453436727756969e-05 -2.470951441316428034e-05 -4.818385100501082724e-07 3.675321996430857993e-05 8.548125762595621638e-05 1.400727467246639377e-04 1.983558001546482084e-04 2.454675705963509568e-04 2.786256627157030169e-04 2.936475005220022245e-04 2.877141650053151875e-04 2.640685924863660195e-04 2.231915262207450636e-04 1.738580198684253606e-04 1.185123480604743560e-04 6.121255028658712698e-05 1.281474546846060177e-05 -2.712039957636814226e-05 -5.527045431272847365e-05 -6.998391301178008171e-05 -7.403270429908018245e-05 -7.033414700440427650e-05 -6.379782461729604983e-05 -5.314294613782791525e-05
-5.088953643107404687e-05 -3.342229249973471231e-05 -9.501800547348476762e-06 2.601158235536590781e-05 7.311858376884924654e-05 1.266798032839672140e-04 1.842941385369603266e-04 2.296002793256226064e-04 2.595455579463115713e-04 2.696798278128096651e-04 2.579618034984669452e-04 2.281612031139502734e-04 1.810675987782970253e-04 1.273892167316503907e-04 6.990589360168767059e-05 1.225519689451439205e-05 -3.481854749526040889e-05 -7.137146510887286172e-05 -9.563244188528409614e-05 -1.061682610898824383e-04 -1.042722978721696321e-04 -9.232505369752962577e-05 -7.896333687837701031e-05 -6.468558205346603448e-05
-5.992360265368106383e-05 -3.574399144119244935e-05 -4.870907792020149772e-06 3.460932028926098122e-05 8.194643630599426779e-05 1.349766827638689915e-04 1.911557596640908372e-04 2.340187721038285802e-04 2.606217217809328164e-04 2.671095653923123074e-04 2.514787301935522907e-04 2.169164019062721734e-04 1.651112564421578584e-04 1.084241035910824664e-04 4.928653737131811336e-05 -8.555734656482331501e-06 -5.469540696560406959e-05 -8.940908527446171064e-05 -1.123045995447864308e-04 -1.231658369274153686e-04 -1.223129298442297884e-04 -1.105588283320198045e-04 -9.541289008891289450e-05 -7.856528431082808548e-05
-7.545923485041064070e-05 -4.417637348914676043e-05 -4.290182931971573939e-06 4.313093532603681150e-05 9.431962572963045288e-05 1.490885045888047601e-04 2.054447549748080056e-04 2.482147754662062961e-04 2.743335158512734038e-04 2.805656413073849445e-04 2.642053708713139608e-04 2.275861123779421833e-04 1.731839062190195693e-04 1.147315567037093321e-04 5.433062487664925454e-05 -3.923670036276275419e-06 -5.018627021705260153e-05 -8.527070895222586583e-05 -1.086960697623354390e-04 -1.224621585748873461e-04 -1.277164938451776370e-04 -1.246526840237530836e-04 -1.147979607572960727e-04 -9.846779281082053794e-05
-8.912199839753275478e-05 -5.278434287474470450e-05 -5.933501396817747215e-06 4.946952965334740920e-05 1.066402956619114800e-04 1.652783081404954454e-04 2.242615969048071436e-04 2.697078540148100940e-04 2.981116136747841584e-04 3.070342523230865529e-04 2.930677807776779623e-04 2.575148262061878576e-04 2.026913741791429530e-04 1.437022235249963917e-04 8.326632161603907004e-05 2.432700164852503869e-05 -2.383292626823112746e-05 -6.106252529404528734e-05 -8.726155750073932957e-05 -1.066457475924881385e-04 -1.207205750655281925e-04 -1.290613087283138858e-04 -1.272130541760825551e-04 -1.141155777987920756e-04
-9.209548915826943705e-05 -5.392581687728477136e-05 -4.501954499921264014e-06 5.566948068481730651e-05 1.184766048010074072e-04 1.817220738456782627e-04 2.443485749217225601e-04 2.943249167813244090e-04 3.286980152389862775e-04 3.438219044759843030e-04 3.348117454076463776e-04 3.036852241578054802e-04 2.520155035095974247e-04 1.944148732304349140e-04 1.341809337929863685e-04 7.448891993001501303e-05 2.408254201174712061e-05 -1.729886457117152078e-05 -5.048971499919271641e-05 -7.873184028687177014e-05 -1.022714355919419893e-04 -1.202532045753254049e-04 -1.255699845371108985e-04 -1.167080175830726742e-04
-6.781605206183477204e-05 -3.027029023759850136e-05 1.810181320626888288e-05 7.763497748733816492e-05 1.405795592641085722e-04 2.040176248718422259e-04 2.665678552897727052e-04 3.186099991731291344e-04 3.583186250944210430e-04 3.807926386125492038e-04 3.788957090563883348e-04 3.551501539766622442e-04 3.107624176740646769e-04 2.579877772746374436e-04 1.997048808530344313e-04 1.405603613134907598e-04 8.878197725675691140e-05 4.246568197884778459e-05 1.995276339912294312e-07 -3.709461063645998354e-05 -6.769749327294936848e-05 -9.036961638834230563e-05 -9.868140674387604696e-05 -9.172917714709755729e-05
-1.957887288807809027e-05 1.631698941000206266e-05 6.261134485096561458e-05 1.186230390029158931e-04 1.769646690587748218e-04 2.358549218480795833e-04 2.944645372960633589e-04 3.455842039609999619e-04 3.876400781037475044e-04 4.172612956450374652e-04 4.250600343272912260e-04 4.112778841439176242e-04 3.770856479733688486e-04 3.323815903003163059e-04 2.792943297411982400e-04 2.222481117686245515e-04 1.689547432138696474e-04 1.175605808814149692e-04 6.682151260190276765e-05 2.182311967259405015e-05 -1.449529197139985264e-05 -4.032245697892639758e-05 -4.990639157237116639e-05 -4.314103317701518427e-05
