2.445547662166488264e-07 2.348634381335264632e-07 2.575305629523708953e-07 3.140539859200586085e-07 3.775288134918371472e-07 4.374889025725793659e-07 5.507698830328315267e-07 6.795109239416366155e-07 7.542561184514627166e-07 7.574228514207662976e-07 7.261848390317763208e-07 6.905159351534450905e-07 5.929497382293542626e-07 4.740393034664126452e-07 4.047687174900086613e-07 4.384433011773205347e-07 4.622173585806264912e-07 3.851703368401748410e-07 2.205550154645395036e-07 1.143166400092086063e-07 1.018508461507706078e-07 1.567365240415073173e-07 2.036500459736162557e-07 2.439046458922147652e-07
6.184935946461662197e-07 6.042940722518781321e-07 6.159355992555178300e-07 6.852153250221860422e-07 7.729209713766265201e-07 8.341846295619861698e-07 9.041969289197361512e-07 9.847172862542105696e-07 1.041141544492049704e-06 1.032092130346494150e-06 9.744069730888947639e-07 9.150762890964596858e-07 8.589086502285761614e-07 8.109362334501228120e-07 7.680278592233400805e-07 7.207012043878965824e-07 6.335720277466630593e-07 5.043279053942618490e-07 3.598856742136592494e-07 2.873717662674490770e-07 2.889114886935289337e-07 3.641559393090984547e-07 4.650859793337063276e-07 5.760441313566689165e-07
8.241744074627170521e-07 8.671394619894884552e-07 9.294281624101488460e-07 1.054370563283514489e-06 1.190447001803825369e-06 1.277154202477011178e-06 1.306169912453205191e-06 1.318873796272033322e-06 1.337381328296569662e-06 1.317571559439650707e-06 1.255946632061748151e-06 1.195461542703516417e-06 1.165102335841523392e-06 1.134380310198619310e-06 1.064146520872518778e-06 9.150568492745168080e-07 7.291885089580768169e-07 5.599113563630591110e-07 4.558501784520597959e-07 4.453125937947784172e-07 4.891096882851841317e-07 5.611125251541770701e-07 6.406064545486570864e-07 7.468155299533570696e-07
9.652994261739377165e-07 1.096683521028541686e-06 1.233527023914131306e-06 1.398143467183155656e-06 1.552125835206690381e-06 1.660358257089313592e-06 1.680656701464011014e-06 1.645760270003202487e-06 1.608766027964710242e-06 1.554737633169192873e-06 1.495201313280136977e-06 1.448935486364712680e-06 1.438794824938740315e-06 1.403979239814563417e-06 1.301367362080477155e-06 1.097724441957327782e-06 8.712682495802158154e-07 6.813061247733274483e-07 5.868533006967164129e-07 6.032368863942103782e-07 6.765506850536978157e-07 7.472474930003722007e-07 7.908200045081320455e-07 8.586463213430833080e-07
1.193098823917339569e-06 1.353434401543375864e-06 1.498018314978631204e-06 1.630388983646496884e-06 1.750672070902227874e-06 1.855371045107517865e-06 1.909445772700756185e-06 1.888733981884663591e-06 1.820221715621759086e-06 1.714970726561579029e-06 1.634891199884518343e-06 1.589558111334505359e-06 1.603076598869274735e-06 1.589544675722187434e-06 1.496223208346630953e-06 1.312248302938238486e-06 1.110657388044790277e-06 9.266601669865787475e-07 7.956972437893591250e-07 7.659535219381104962e-07 8.180500319020706630e-07 9.118417821327985104e-07 9.879316662308389125e-07 1.066665640278148224e-06
1.454280436897788184e-06 1.584277573909918241e-06 1.677311974509500313e-06 1.745768328502888084e-06 1.828304978229514574e-06 1.925423347996171213e-06 2.029165417248870353e-06 2.058467540720634726e-06 1.994266523876457935e-06 1.847854470156671378e-06 1.731525522258578303e-06 1.671418957640949033e-06 1.705047121545598614e-06 1.721406129626907131e-06 1.645982341861186650e-06 1.496928999597738306e-06 1.342103189797022701e-06 1.185970700096556432e-06 1.018244636160256489e-06 9.199676959142535894e-07 9.284410063366747025e-07 1.051681160889531638e-06 1.195401252500016796e-06 1.320155718681847509e-06
1.594323112899184036e-06 1.651855218655077269e-06 1.686678299652359613e-06 1.720113445764310669e-06 1.790982648390963764e-06 1.890905481459051890e-06 2.040634651964034892e-06 2.133795803763192281e-06 2.114178111146822917e-06 1.966319281775124595e-06 1.825350513645351098e-06 1.751777831763056037e-06 1.775654042084603708e-06 1.780379934612451815e-06 1.697036300057723581e-06 1.579740527542876799e-06 1.486615033830078830e-06 1.382916568717595820e-06 1.207936427289734196e-06 1.058896640920656654e-06 1.028913258317443841e-06 1.166863673889300994e-06 1.353195129720056600e-06 1.499179312095115554e-06
1.544202654639973059e-06 1.543029983004558849e-06 1.568866782140175183e-06 1.632310943250353309e-06 1.733979076872149330e-06 1.863478828647719204e-06 2.035862841436396512e-06 2.151036710813673614e-06 2.160582992445380765e-06 2.036962825837390193e-06 1.910597562069950329e-06 1.852499845330603966e-06 1.851092018532855936e-06 1.803686117954302387e-06 1.687630479440636778e-06 1.578005434188935345e-06 1.518644400152104537e-06 1.449078185450705579e-06 1.293308389108926330e-06 1.148057914955842034e-06 1.121566131910288360e-06 1.258303248792577849e-06 1.423074606673168400e-06 1.526345110421899119e-06
1.435432148575737816e-06 1.390780568840023233e-06 1.422856955404981476e-06 1.532824412888897128e-06 1.683094170965849069e-06 1.859973534908913687e-06 2.044700757006987789e-06 2.143461384553777854e-06 2.143745681024952656e-06 2.035720572662961178e-06 1.945097563631045019e-06 1.923613562407837002e-06 1.912478287788984525e-06 1.822915022327220913e-06 1.684121808077809733e-06 1.569523906400625695e-06 1.508665736439315186e-06 1.437970176548553209e-06 1.297098162781219272e-06 1.182273471421300109e-06 1.185909758510577675e-06 1.326206483534126075e-06 1.452327086549031351e-06 1.495793254755914464e-06
1.338968011589691754e-06 1.296340936101618788e-06 1.332147836956782807e-06 1.458561836798469738e-06 1.636455762819099663e-06 1.840614101439527953e-06 2.027690574653136503e-06 2.112986646143036316e-06 2.111615748476883136e-06 2.026011261640226720e-06 1.960770366424372194e-06 1.948325409774204842e-06 1.939258976399361695e-06 1.865020538952016011e-06 1.752177336939921633e-06 1.629782010156624027e-06 1.517040512220307594e-06 1.391302187876822371e-06 1.239733318268523754e-06 1.157615034494198671e-06 1.189541432444419714e-06 1.317956963724098157e-06 1.401990005729630092e-06 1.412238899321569469e-06
1.214327957709502586e-06 1.234007525804254652e-06 1.285814594797730587e-06 1.387393121273202407e-06 1.534744508322750454e-06 1.708891933727129209e-06 1.888819694474840844e-06 2.001781135309599340e-06 2.044543074157472580e-06 2.002646968391998605e-06 1.943171198977616000e-06 1.902933768862265687e-06 1.885719744853859449e-06 1.849519733528312599e-06 1.776545536936350523e-06 1.652764999914647206e-06 1.490996143839723141e-06 1.309543797667078119e-06 1.128946845221801187e-06 1.043100254777368178e-06 1.062763465266515044e-06 1.151363282810364999e-06 1.203599860497305457e-06 1.220946443235676381e-06
9.770614747278451832e-07 1.093978525012751819e-06 1.196716600751869206e-06 1.275033586292609372e-06 1.360059460626711648e-06 1.472412999070676972e-06 1.635541740528107736e-06 1.788650910803318144e-06 1.888028046260811667e-06 1.900479645404160941e-06 1.855565289370937164e-06 1.796331673370091220e-06 1.757176353436063752e-06 1.722631070068511073e-06 1.653142180732876635e-06 1.527648561181923902e-06 1.352580300550510094e-06 1.151141886130824009e-06 9.468888368961269142e-07 8.323299582945838670e-07 8.147459998356547587e-07 8.516447196653957713e-07 8.732980465641862765e-07 8.989555319794295296e-07
6.613988805640325628e-07 8.358218014803768402e-07 9.793165953880667092e-07 1.054749769984479767e-06 1.112839763850361461e-06 1.207626215481914951e-06 1.368973667446414338e-06 1.533648990456859781e-06 1.650709932183643685e-06 1.698748924721727925e-06 1.687517743201192379e-06 1.641674547237101449e-06 1.573860085113900550e-06 1.489058109445434765e-06 1.376289122818541924e-06 1.249200536759313449e-06 1.105745631281544109e-06 9.315947548637404928e-07 7.206850543978938676e-07 5.614025371689075042e-07 4.892720587130903442e-07 4.829984180584314586e-07 4.960261929755795466e-07 5.341321103600946799e-07
3.722962592628019250e-07 5.189313706951680878e-07 6.474465256376624282e-07 7.361906149851804016e-07 8.399304205968192220e-07 9.985726455307150976e-07 1.184173896543323983e-06 1.316672453104414335e-06 1.397324468280787163e-06 1.450819779172127269e-06 1.484813348720399498e-06 1.477166994139906059e-06 1.399908005524513568e-06 1.272383025792706825e-06 1.129013645823450025e-06 1.002589059071147122e-06 8.804968595491316890e-07 7.257437184741091953e-07 5.230602850262859219e-07 3.539731329893522354e-07 2.609271377776651693e-07 2.334227918964519146e-07 2.356781954049078683e-07 2.662655558175372853e-07
1.105086542530869622e-07 2.035373700665391201e-07 2.912542999089023460e-07 3.893058973790439904e-07 5.565072876144132985e-07 7.968170587286249205e-07 1.011711613623211558e-06 1.104300640524710601e-06 1.140810965940435710e-06 1.195240900986151475e-06 1.273148596415706649e-06 1.302388458031285872e-06 1.236467853579023359e-06 1.109096316282045324e-06 9.780029894685933825e-07 8.547689961246765078e-07 7.162162442631664374e-07 5.430375802356766278e-07 3.511303634413044185e-07 2.151617341625280657e-07 1.441233797610756711e-07 1.013868353792095734e-07 6.194372336467180078e-08 5.408638269111387656e-08
-1.221805868596561546e-07 -5.935222373192986766e-08 1.573910225232094292e-08 1.356102839243515463e-07 3.290234234955170204e-07 5.730489955383473738e-07 7.671090710172379773e-07 8.458755600365124029e-07 8.881503616665502982e-07 9.647585390146072010e-07 1.062443979731562833e-06 1.105962916593787912e-06 1.075349278706944424e-06 9.990001736784784507e-07 9.063473749385430149e-07 7.647338152006672018e-07 5.757070364508537801e-07 3.724399533042428593e-07 2.038187282049126219e-07 1.125310933539783742e-07 6.392013037440007808e-08 -2.429733321651285714e-09 -8.979115228580627591e-08 -1.388394387807793179e-07
-3.018420477672230369e-07 -2.361472232590444783e-07 -1.358481087578969782e-07 2.242258573051979845e-08 2.032725732870227615e-07 3.715371349442507137e-07 4.973673046171770842e-07 5.953880274089293250e-07 7.003232511055759346e-07 8.239001677191196790e-07 9.173309508826185230e-07 9.526257997950887397e-07 9.470206677543321825e-07 9.039249208317935709e-07 8.072390610868197150e-07 6.164723986249421565e-07 3.931894293788917428e-07 1.984023418873807511e-07 6.919039145446255938e-08 -8.858072380260215357e-09 -7.762618840764026058e-08 -1.743818470541262328e-07 -2.696997789586403129e-07 -3.165036705743744515e-07
-4.222826039723361849e-07 -3.666588760413207832e-07 -2.540895309808919560e-07 -5.599892692425960816e-08 1.280662600788548700e-07 2.363481628117544206e-07 3.026310740557928250e-07 4.214929739129002764e-07 5.906755629690334194e-07 7.614286964027573281e-07 8.494328338293078927e-07 8.753316066085316497e-07 8.698285002403555108e-07 8.113451392602234684e-07 6.619852463466899770e-07 4.123209065586760187e-07 1.839335697756398317e-07 2.677830089848006714e-08 -5.565641465955848180e-08 -1.348816100203856920e-07 -2.382227816378834145e-07 -3.572675349391915319e-07 -4.298926766505238573e-07 -4.438028702534784462e-07
-5.238979530929619309e-07 -4.953296403423876515e-07 -3.944871898653190664e-07 -1.801897747718322785e-07 2.500023072504033006e-08 1.390478749976967969e-07 2.160585724847940384e-07 3.658823444607882236e-07 5.710304502451744706e-07 7.548144936665642267e-07 8.349795254659605540e-07 8.607956253950866502e-07 8.412117518640676787e-07 7.346889529826277614e-07 5.184319530438828262e-07 2.332584910784349243e-07 2.100702836904643815e-08 -1.118606870206306002e-07 -1.852734235864072025e-07 -2.756523719197402782e-07 -3.885424937219712864e-07 -4.986862939158361897e-07 -5.464219459387444403e-07 -5.371196693470963125e-07
-6.589053350928383387e-07 -6.307602045191601686e-07 -5.220252221612700461e-07 -3.052506556692953693e-07 -8.487588645235369231e-08 7.683622600330952963e-08 2.126688437833586711e-07 3.830630355084980070e-07 5.753826619666312721e-07 7.334942504304801933e-07 8.148037479104044091e-07 8.612466094704689860e-07 8.501620469104614158e-07 7.250776970246667000e-07 4.898302269447258218e-07 2.014686091665582560e-07 -1.767162616719325356e-08 -1.838609415049001458e-07 -3.033769596214196743e-07 -4.053618033857897325e-07 -4.932518909794991328e-07 -5.775624822999686138e-07 -6.362524081197071394e-07 -6.514593521321297978e-07
-8.043147990085777686e-07 -7.313750064269802740e-07 -5.695296480034530212e-07 -3.356796148371692237e-07 -1.161412955333316670e-07 7.721407147216513454e-08 2.509767094261698188e-07 4.161787342956348524e-07 5.699072948226957089e-07 6.964764950667735045e-07 7.929531783075844015e-07 8.740455215789466752e-07 8.955709511088142203e-07 7.861236923760338712e-07 5.660843943122662152e-07 2.766999277405928641e-07 2.080289166353723467e-08 -2.085760517411405947e-07 -3.899873974137846416e-07 -5.052942005010138298e-07 -5.699003177780236109e-07 -6.392713892579026221e-07 -7.289869030482593386e-07 -7.887743818385404875e-07
-9.067807474049506569e-07 -7.926306249132661176e-07 -5.835050850013737023e-07 -3.291224127312182246e-07 -1.029924935800053359e-07 1.200996623551412096e-07 3.177450430271466792e-07 4.581384799933606812e-07 5.530872624866415036e-07 6.454775130643041588e-07 7.682232647631086195e-07 8.894097393713260895e-07 9.499722845594598114e-07 8.722618810014339184e-07 6.894601745847204790e-07 4.121092652728788998e-07 1.296777803721579288e-07 -1.385535043122522226e-07 -3.531152933622450218e-07 -4.842857581920441490e-07 -5.616269180244975402e-07 -6.535922799624924583e-07 -7.820026007894098214e-07 -8.856779589968226024e-07
-9.225923933442935912e-07 -8.168928251536292063e-07 -6.123938504439176686e-07 -3.488187448736542062e-07 -9.218738046796536688e-08 1.752168944232684378e-07 4.161747257397054432e-07 5.626153288732423017e-07 6.290677963481859225e-07 6.853477430355913693e-07 7.964026852169481235e-07 9.140661801150310895e-07 9.789633741395175325e-07 9.158921696699266803e-07 7.591600544230879945e-07 5.128003532663388125e-07 2.590566812534977134e-07 2.131025186850034302e-08 -1.708016492561700738e-07 -3.116664937923664149e-07 -4.290507245965229792e-07 -5.729532611227379618e-07 -7.400567401708388201e-07 -8.792564545533360265e-07
-8.905250719492825109e-07 -8.094936166925215040e-07 -6.258387658178740675e-07 -3.582027493161166507e-07 -6.511542576029687029e-08 2.525554819826792371e-07 5.605698443343994618e-07 7.545912605213066397e-07 8.340810598639605749e-07 8.493210456959469029e-07 8.972922175434850373e-07 9.600397719150624802e-07 9.985428420410271319e-07 9.400462520064937383e-07 7.993191432761520123e-07 5.939842837496065835e-07 3.990602762282463915e-07 2.219305537462629433e-07 7.228375737339338425e-08 -6.837688481984377878e-08 -2.159056045463470182e-07 -4.117177698021180627e-07 -6.273578974034304327e-07 -8.119254582930398690e-07
-8.277989470001763213e-07 -7.600992769721533234e-07 -5.616260508771451790e-07 -2.550666808577434613e-07 6.377746835815370013e-08 3.856600206705048160e-07 7.094065832840581008e-07 9.528929956381420393e-07 1.089918930341119006e-06 1.099743059050983395e-06 1.071405973024833087e-06 1.055329197690374005e-06 1.051540231906667398e-06 9.939765834564764348e-07 8.605899227416594417e-07 6.981084596002029051e-07 5.683702665553004656e-07 4.452598246100303243e-07 2.968478519970156959e-07 1.166583461309404899e-07 -6.553807874925710785e-08 -2.768610361275843955e-07 -5.034827189078137209e-07 -7.136742445738620692e-07
-7.665829315614962521e-07 -7.015596237169210094e-07 -4.532864280060023574e-07 -7.634773865762059665e-08 2.514220538385449823e-07 5.253292135481486470e-07 7.811976236437251220e-07 1.017593220155829474e-06 1.198214098588778660e-06 1.252399234135662536e-06 1.221274918270608103e-06 1.189210939625235210e-06 1.170083531239697940e-06 1.108768646586460473e-06 9.730153704495221852e-07 8.330118822491734990e-07 7.314602062046475733e-07 6.124061709687326221e-07 4.037779400927536795e-07 1.472503499373555582e-07 -7.121315092857234098e-08 -2.501903710746202821e-07 -4.302469755631124961e-07 -6.263270441785669281e-07
-7.003798328744907923e-07 -6.551583187260796977e-07 -3.742105849119666134e-07 6.343393236369424459e-08 3.979078168494428746e-07 6.216180326656136158e-07 7.903043412922526779e-07 9.832227753511405724e-07 1.171052250902825211e-06 1.283539083289360510e-06 1.313895264201902590e-06 1.330111808862116100e-06 1.322052525565193597e-06 1.245531813473299640e-06 1.095957330678630281e-06 9.588601492960126131e-07 8.578062452407204775e-07 7.151198717030175691e-07 4.393295313493892289e-07 1.202608994864407761e-07 -1.206726347834448146e-07 -2.519996481747680700e-07 -3.686792779084049984e-07 -5.338359930101474458e-07
-6.020293803913046304e-07 -5.702364132794265484e-07 -3.122169340826641370e-07 1.135724880673002645e-07 4.547161329985574892e-07 6.855319964521533465e-07 8.348388263040297241e-07 9.882361737765652601e-07 1.145438474734611017e-06 1.278527075976862324e-06 1.372939613838232311e-06 1.451740620298329213e-06 1.478248939218229206e-06 1.397979225007318070e-06 1.229450851940983252e-06 1.050201349773959035e-06 9.055531050767005203e-07 7.330760502846252672e-07 4.435167369368424300e-07 1.153970401865359618e-07 -1.358556331210089147e-07 -2.564290489923546990e-07 -3.355336365855752063e-07 -4.567184396134657079e-07
-4.656345144269609173e-07 -4.114328022240011174e-07 -2.024803248971515241e-07 1.309756828629111942e-07 4.334559188051598544e-07 6.833811835365955032e-07 8.886507067887927353e-07 1.066860980394100734e-06 1.215978271898394208e-06 1.329657161027206150e-06 1.425700873185933954e-06 1.516389237117509754e-06 1.573781706553865311e-06 1.511855000709130803e-06 1.329875238922750630e-06 1.080395452622210795e-06 8.713868979922897172e-07 6.862869623337605520e-07 4.439957988535950266e-07 1.522768434521736039e-07 -1.051822451106815144e-07 -2.586503877533758568e-07 -3.314471253498262153e-07 -4.010767172729327475e-07
-3.163898189676556446e-07 -2.176193992290192888e-07 -3.557396132748743743e-08 1.853186123593330173e-07 3.865154375012966645e-07 5.929301016992957886e-07 8.449111020420647023e-07 1.092051870971922657e-06 1.277201722214241448e-06 1.382329518585285595e-06 1.457604074560935907e-06 1.537779465483555083e-06 1.616218748022046905e-06 1.575360706195284465e-06 1.382655211340655224e-06 1.066014358453928378e-06 7.960582733342061978e-07 6.017482362520848983e-07 4.099713532625541100e-07 1.577326210131913754e-07 -1.028534010018003950e-07 -2.829140876355026013e-07 -3.398780914776749202e-07 -3.484275885384896977e-07
-2.044834182609837679e-07 -6.503208600621860211e-08 1.084931424153411397e-07 2.260555358368348328e-07 2.942206976984246007e-07 4.052138936470248047e-07 6.494539934155560193e-07 9.520058487313041983e-07 1.197472207103778107e-06 1.357976081597593298e-06 1.460634801815232758e-06 1.542364464559574842e-06 1.604468606671333001e-06 1.554601437840057349e-06 1.360677491121551064e-06 1.021855834964424933e-06 7.125959252011407878e-07 4.918918453272425651e-07 3.184318845310140916e-07 1.070235857385934032e-07 -1.294188259295907897e-07 -3.051898475556332542e-07 -3.446001761732092961e-07 -3.081255470447826719e-07
-2.072207191907705996e-07 -6.346207834440942746e-08 8.744396163753851470e-08 1.509419404162077671e-07 1.668780190514924397e-07 2.430897115688893490e-07 4.517277107702427802e-07 7.368027663428032947e-07 1.007501102047143170e-06 1.257579833478182966e-06 1.435687731421125235e-06 1.530950603876117198e-06 1.539792941668681240e-06 1.451837741024977540e-06 1.267201509861537949e-06 9.601394715434261174e-07 6.501408723555045557e-07 4.027802376943289181e-07 2.153171517096323317e-07 2.892268913747735538e-08 -1.732723759265147621e-07 -3.331358010883586047e-07 -3.746332605537169591e-07 -3.305522214517962718e-07
-3.001820664706965881e-07 -1.732705664614578893e-07 -6.613816434784034555e-08 -2.355793747588751625e-08 2.759683283402654618e-08 1.564747968211544804e-07 3.557143827080738711e-07 5.882722381419988581e-07 8.491621507827571016e-07 1.160036502418578027e-06 1.391075505017384596e-06 1.477353514113587720e-06 1.423703763021183038e-06 1.301718034502942066e-06 1.130427022832459099e-06 8.701406969588610611e-07 5.853780936194097658e-07 3.373355894440646081e-07 1.389519234480005675e-07 -4.223829782279504270e-08 -2.299956112015013647e-07 -3.933349605083103299e-07 -4.558769971208723846e-07 -4.231469943448789161e-07
-4.798505004134334589e-07 -4.246901756204418659e-07 -3.700005524847316457e-07 -2.823127200221117007e-07 -1.124427724694259008e-07 1.225350144435193713e-07 3.509198023689977718e-07 5.488022564302218729e-07 7.799134366826552689e-07 1.069660098616634052e-06 1.280929691014375539e-06 1.342611274646282637e-06 1.267896232123961427e-06 1.142497433112131465e-06 9.817944515540948129e-07 7.576100167107075183e-07 5.146592867893016514e-07 2.960245852647980988e-07 9.090108469584697763e-08 -1.221883458039114424e-07 -3.395979224219140754e-07 -5.112851603074104251e-07 -5.719119582143641860e-07 -5.497414339115125443e-07
-6.730590477357005814e-07 -7.014868696452762518e-07 -6.648421037042459778e-07 -5.033465184111795306e-07 -2.489823914555941287e-07 2.781128643124055569e-08 2.796094376718523687e-07 4.898248643814857890e-07 7.003535781760270555e-07 9.088550370960136692e-07 1.042099722369532303e-06 1.078018336365408650e-06 1.042297041111728221e-06 9.669220935404995595e-07 8.368694172676393346e-07 6.302351486828607428e-07 4.070968984812374904e-07 2.093844005047483486e-07 -1.231480825972307203e-09 -2.506148830719032739e-07 -5.090580498406720445e-07 -6.705678237181487774e-07 -6.922336210389346154e-07 -6.657450713286924615e-07
-8.589356770303986118e-07 -9.346833445475207833e-07 -8.798151347061493224e-07 -6.611320808566684957e-07 -3.917826441412685659e-07 -1.426819449236293050e-07 9.969931811630041660e-08 3.260960840857962559e-07 5.198906980338988106e-07 6.474421126667481428e-07 6.994038416583008639e-07 7.063014368604035073e-07 7.251865926342651758e-07 7.343189531791821313e-07 6.694000388670434960e-07 4.848281600033074289e-07 2.560433797707905954e-07 5.379407559163948315e-08 -1.631426968269005122e-07 -4.250180817204270953e-07 -7.006928495413849410e-07 -8.402122573260992267e-07 -8.230932389898088609e-07 -7.924628488012674906e-07
-1.042661843156524445e-06 -1.078068903267672638e-06 -9.670618850763387788e-07 -7.413852040651324032e-07 -5.333039814570129005e-07 -3.551621755103565285e-07 -1.412551176161275348e-07 9.382141654798211914e-08 2.794974998137050743e-07 3.478102728006688747e-07 3.285501169971003033e-07 2.996100189461141828e-07 3.625301085480306601e-07 4.581900991857624686e-07 4.653430987532937414e-07 3.148915777646397090e-07 8.536682103083587566e-08 -1.279565470251212073e-07 -3.566154694559734011e-07 -6.098151259679694411e-07 -8.590869667437837645e-07 -9.746192031538637951e-07 -9.660752161938356973e-07 -9.664879214917946313e-07
-1.210767676930553329e-06 -1.178692714439203603e-06 -1.034150561265281722e-06 -8.413567352152026693e-07 -6.896434942207890328e-07 -5.445727397862332878e-07 -3.403946352090577613e-07 -1.096885227289224450e-07 7.093598020514129579e-08 1.164261611025455688e-07 7.096310463418648979e-08 3.432655151428398104e-08 1.160162099257672026e-07 2.358785443514945634e-07 2.576960014361562538e-07 1.275463086934443292e-07 -8.521925829690921474e-08 -3.035613351886858784e-07 -5.472008347692237438e-07 -7.788640010114546738e-07 -9.664053357856846285e-07 -1.055099103942989809e-06 -1.092474063059134926e-06 -1.149098867474965843e-06
-1.353581767098980967e-06 -1.298448531332773942e-06 -1.164794992503905081e-06 -1.007747826659869327e-06 -8.737064284413532068e-07 -7.230105866810900560e-07 -5.109882619052299770e-07 -2.882023629154012034e-07 -1.161792321193288820e-07 -7.361028869786387531e-08 -1.019237447974408667e-07 -1.029042519526871686e-07 -6.424118064737262110e-09 8.632987244921277154e-08 7.150109935123209931e-08 -6.833653872734184826e-08 -2.730117754380806369e-07 -5.050414206295123890e-07 -7.616328986362930049e-07 -9.590335176980375009e-07 -1.072118289559961658e-06 -1.121021365251391799e-06 -1.191136878928231287e-06 -1.290795390946455131e-06
-1.461455648838300621e-06 -1.440764462768359976e-06 -1.349197292900592172e-06 -1.187962966815300993e-06 -1.000799214609220105e-06 -8.010764520676235813e-07 -6.047776161311770552e-07 -4.488918592400631780e-07 -3.297659619336765633e-07 -2.738509898664165234e-07 -2.367639116728817125e-07 -1.772593179102052445e-07 -7.911035437476529251e-08 -4.042819261721280298e-08 -1.101434106913867396e-07 -2.910516566913428130e-07 -5.169085071514812795e-07 -7.628368394892123905e-07 -9.994280890688875480e-07 -1.141476135546186469e-06 -1.189987503441985311e-06 -1.200457434944501823e-06 -1.270700999568098315e-06 -1.377827978296010719e-06
-1.484267316489098999e-06 -1.507950094456805315e-06 -1.442098639536442657e-06 -1.239648612537180785e-06 -9.819472777589850871e-07 -7.431747291593417789e-07 -5.989319318622313591e-07 -5.410769590229766738e-07 -4.912948699027055452e-07 -4.279319211636145000e-07 -3.493732975992988983e-07 -2.767344708120937175e-07 -1.995300267306767483e-07 -1.886866622725547071e-07 -2.783320238148851993e-07 -4.865481713210725587e-07 -7.257643578598690808e-07 -9.487082744907881103e-07 -1.140934707591879692e-06 -1.260809615384270583e-06 -1.308900197563620859e-06 -1.302369304284574322e-06 -1.326008499198272316e-06 -1.390918786700450779e-06
-1.414957899655078408e-06 -1.464013846148413639e-06 -1.404877310663438503e-06 -1.167949094361234427e-06 -8.721859957449991539e-07 -6.268394798213847196e-07 -5.340993353303040129e-07 -5.406925561422217689e-07 -5.266716848073792698e-07 -4.655131622437679555e-07 -3.983703894039799446e-07 -3.654847256875543268e-07 -3.258594987566427392e-07 -3.232369308956072250e-07 -4.131944352037504969e-07 -6.185144324637441140e-07 -8.302998522786934366e-07 -9.894692504002949177e-07 -1.146752426701853387e-06 -1.304087417969943701e-06 -1.411390436593452440e-06 -1.401672855826928154e-06 -1.346702733458291011e-06 -1.337391382162298895e-06
-1.258025354849341672e-06 -1.286967410644175403e-06 -1.225106483073140068e-06 -1.021963503944164944e-06 -7.759517561184304266e-07 -5.703547354083997868e-07 -4.751605917185724608e-07 -4.509758717665186371e-07 -4.146812745535958732e-07 -3.785905587291706584e-07 -3.787624951771551238e-07 -4.149029155428196107e-07 -4.068270767091696845e-07 -3.904352635686894666e-07 -4.578789808692024733e-07 -6.316818239110725005e-07 -8.017063686354420033e-07 -9.087165450556610371e-07 -1.057183966251331068e-06 -1.268160266945290100e-06 -1.444191045632215117e-06 -1.446182351671919105e-06 -1.325927010424358870e-06 -1.239783247649707809e-06
-1.092145057180610041e-06 -1.063783489622145717e-06 -9.980561850129348381e-07 -8.780139804751479990e-07 -7.233735933826960058e-07 -5.576564257380458340e-07 -4.116744839155752663e-07 -3.189244996119254146e-07 -2.597600436849325879e-07 -2.644273047802118485e-07 -3.160275774853181714e-07 -3.786817713504881174e-07 -3.764850809028499816e-07 -3.568383908842774565e-07 -4.114468016816004621e-07 -5.638425148752635619e-07 -7.227337225481313412e-07 -8.341576204807138511e-07 -9.730297131711262148e-07 -1.155056752649283356e-06 -1.310558818427040876e-06 -1.326544656666230927e-06 -1.227880133734108169e-06 -1.135845125591258955e-06
-9.390441751720216719e-07 -8.454412908406856526e-07 -7.679099157737256948e-07 -7.124421453605381359e-07 -6.200581314877660979e-07 -4.651058293948939839e-07 -2.752798410343148594e-07 -1.569670830817409974e-07 -1.179352591433503638e-07 -1.634486194947273981e-07 -2.236509824270702099e-07 -2.699927037618599817e-07 -2.641226451860413882e-07 -2.649422912908773488e-07 -3.304366085865111993e-07 -4.828625113020054948e-07 -6.497738076619467922e-07 -7.847648528454684432e-07 -8.875870765856533002e-07 -9.686023482194937373e-07 -1.031513194459568944e-06 -1.058494463658402138e-06 -1.047485063190545199e-06 -1.015623113828325961e-06
-8.235025371734362695e-07 -6.865427908263917218e-07 -5.793052957219637115e-07 -5.224000190320367270e-07 -4.373453852473678956e-07 -2.773709020263254576e-07 -7.744759675069123123e-08 3.378603047539443441e-08 4.842150699899980639e-08 -3.501474591090333527e-09 -3.381354614111454595e-08 -4.316461085526992360e-08 -6.698724822134015397e-08 -1.494390296146358709e-07 -2.698065660058106353e-07 -4.025709970308312592e-07 -5.204755734897406272e-07 -6.399535726799192199e-07 -7.024059885276185759e-07 -6.850149023079576332e-07 -6.387733471863912014e-07 -6.710041481522194690e-07 -7.835994737991899817e-07 -8.698672220025840074e-07
-6.161208326424993601e-07 -4.956554553110219847e-07 -3.787765668635202764e-07 -2.932279676107915107e-07 -2.002211927390903094e-07 -5.908295366637064184e-08 1.187883621294597423e-07 2.331412726664756889e-07 2.619570047619430704e-07 2.364292394909630594e-07 2.283962416008595268e-07 2.306104182656395437e-07 1.516183800297695058e-07 -1.174901820076742247e-08 -1.690947686684433546e-07 -2.343128450515536367e-07 -2.516797671593311222e-07 -3.220604012498914339e-07 -3.930226892415800120e-07 -3.807340189786940138e-07 -3.096822444909870865e-07 -3.291721351954564966e-07 -4.759293411169418906e-07 -6.128909761800586353e-07
-2.489861297152309099e-07 -1.876997963452309302e-07 -1.038641895005654164e-07 -2.288742603881633884e-08 5.432584815826450372e-08 1.528822013210086191e-07 3.038876736800931091e-07 4.354778013758077627e-07 4.925917228909055402e-07 4.911955309898937779e-07 4.867963870136590030e-07 4.819305853113222806e-07 3.678408082427226477e-07 1.823463369951370138e-07 4.681091627115228744e-08 6.529283747875661938e-08 1.219823117995272400e-07 7.421778488600167131e-08 -4.973266010968436448e-08 -1.050217176010062371e-07 -7.163503554459173415e-08 -5.905885763358335477e-08 -1.388523153239131375e-07 -2.253822087410821350e-07
