9.981018330855860750e-06 2.157044757863455365e-05 4.197379207292280723e-05 7.121451750521215810e-05 1.066109819113188797e-04 1.472458389450235355e-04 1.933186199485217665e-04 2.391457047557827187e-04 2.826330219692670251e-04 3.235976732152337347e-04 3.505692283961796382e-04 3.599071091866776250e-04 3.450826715991499641e-04 3.112607638721725991e-04 2.666916460728487016e-04 2.180938242578939136e-04 1.763206166490352664e-04 1.382712899301327767e-04 1.034828950891602715e-04 7.238875019979262632e-05 4.559624363194763946e-05 2.425309969878301536e-05 1.134077912409480161e-05 6.705377835990651998e-06
2.755032660526048820e-05 3.985894629637068014e-05 6.012164564125972352e-05 9.075085093177314756e-05 1.283099517119008369e-04 1.692409848711272239e-04 2.139745327117477012e-04 2.565500996214561871e-04 2.945502714271884819e-04 3.248205514283831769e-04 3.407814157620164645e-04 3.433941865076418085e-04 3.265164485818823625e-04 2.935942538504657078e-04 2.519187013520113620e-04 2.071776585825749347e-04 1.680070594767666032e-04 1.315976811834008173e-04 9.954361255064546636e-05 7.342587126642589077e-05 5.217737437854922419e-05 3.572662756829637801e-05 2.580459636566848652e-05 2.305976359938502777e-05
4.807027988932642928e-05 6.192143109202497085e-05 8.286682635577165463e-05 1.132778363261895691e-04 1.489628820554422372e-04 1.861533999152943663e-04 2.235449602292287580e-04 2.549001919386640887e-04 2.794444010339237373e-04 2.941747854290671280e-04 2.974027274955499630e-04 2.915681567764648817e-04 2.763916636463469327e-04 2.536005035980758225e-04 2.240498380880758629e-04 1.891996065506899123e-04 1.554683586334112944e-04 1.235356714510616100e-04 9.538127682328997208e-05 7.373389205227210438e-05 5.752335775241740996e-05 4.638317541814305074e-05 4.079381538565531723e-05 4.128193293927237827e-05
7.503778235929019279e-05 9.068836875620478076e-05 1.119019600277003736e-04 1.391471320251257777e-04 1.679556724050755350e-04 1.963696012017322268e-04 2.212584819544430174e-04 2.371476267765044478e-04 2.453425761663349759e-04 2.454378866060581981e-04 2.393978711512348336e-04 2.282827443382612548e-04 2.175105279514082004e-04 2.074122574265692908e-04 1.926802561247718685e-04 1.706324154484861483e-04 1.450461356478284394e-04 1.198626587370338863e-04 9.645840954156114939e-05 7.871159992915898937e-05 6.653854236361828284e-05 6.026920449227875042e-05 5.980212068544093058e-05 6.477350141919864036e-05
1.025194351860964136e-04 1.198117865574804927e-04 1.404645000232419437e-04 1.637264476242115659e-04 1.853311187176720639e-04 2.046074710485536663e-04 2.186622076784479807e-04 2.238228825106826543e-04 2.217586437847754758e-04 2.134473107349323237e-04 2.032681515504439261e-04 1.917031030602010431e-04 1.841047702984116563e-04 1.797305449598464433e-04 1.729802859085544412e-04 1.604049225896687827e-04 1.427169407456687635e-04 1.236029061789141329e-04 1.041542654873761484e-04 8.940052005569919290e-05 7.992672374746002766e-05 7.687613841410533249e-05 8.023392168791917197e-05 8.885186426154952739e-05
1.250405345838233979e-04 1.442452267947681179e-04 1.646076383198866037e-04 1.851200279853257161e-04 2.017175868490565663e-04 2.140531197709225823e-04 2.203765945447850596e-04 2.188178068640027785e-04 2.105033874991676143e-04 1.960380316854420804e-04 1.822159627458469142e-04 1.706972265528929641e-04 1.647827557956085072e-04 1.626562984276411965e-04 1.604115044111788203e-04 1.550206597925589023e-04 1.441313358066235626e-04 1.299871034853158035e-04 1.134660746202398654e-04 1.007490401129358210e-04 9.301815180564590359e-05 9.198799048080108162e-05 9.773033703266898636e-05 1.085545376435744272e-04
1.349993488983577006e-04 1.563689135113539277e-04 1.786918932282475798e-04 2.000616179308044198e-04 2.151883087106442607e-04 2.242153760498746373e-04 2.255453553330980247e-04 2.190412397427726234e-04 2.062548249551154574e-04 1.888551522604859918e-04 1.744305551007848320e-04 1.638414366662858316e-04 1.583560023631299957e-04 1.555521853039653322e-04 1.533544244535337583e-04 1.508061552580688177e-04 1.445878651134483838e-04 1.345496143720649159e-04 1.206115120158626113e-04 1.089617094863703725e-04 1.017428149488202352e-04 1.003968902640146676e-04 1.058538637493671331e-04 1.169816496498797732e-04
1.268819489895052716e-04 1.495815488759522061e-04 1.750285982259475442e-04 2.005364042509042279e-04 2.181635464090512025e-04 2.279495773083852286e-04 2.279412568579883074e-04 2.196657314284862917e-04 2.055852899010057256e-04 1.894339358861518339e-04 1.779732679298548959e-04 1.697231486034864103e-04 1.641668071740047595e-04 1.587441908131818208e-04 1.531187193113163958e-04 1.482327116322853123e-04 1.418974020016756411e-04 1.324408828641395960e-04 1.192374887215009961e-04 1.073388025783709304e-04 9.905435093446261882e-05 9.525806316050070281e-05 9.850953915820712256e-05 1.087880495240978922e-04
1.064520901313147007e-04 1.293024762348480552e-04 1.566943461615807648e-04 1.871390377200411325e-04 2.100434887350673444e-04 2.233653406730770695e-04 2.263448419446791634e-04 2.221732921086670774e-04 2.126742092740297363e-04 2.013077009015701703e-04 1.940086306412483323e-04 1.892951789155812939e-04 1.831844180324442451e-04 1.729783092227327700e-04 1.617604339222033681e-04 1.511309015963250484e-04 1.400316933003939164e-04 1.265100265873730706e-04 1.110086333438634840e-04 9.744252813755855465e-05 8.667398393775500474e-05 7.949778806419533644e-05 8.010321200290988536e-05 8.909189226283302726e-05
7.926311470642390090e-05 1.012376539862927527e-04 1.284420362614537340e-04 1.610856135274360155e-04 1.894246621831652830e-04 2.100019223660876122e-04 2.217294004839231959e-04 2.266115383584976631e-04 2.264044768560328331e-04 2.229978344048596660e-04 2.200319270863572083e-04 2.168305751659876414e-04 2.095344147815575333e-04 1.959913409360065461e-04 1.793433491591749009e-04 1.601844855977864923e-04 1.401228872048154305e-04 1.191005534845291996e-04 9.832667921124966896e-05 8.094260642949234149e-05 6.678625437977388506e-05 5.710096252144478889e-05 5.591066614711617903e-05 6.331333756164131334e-05
6.816881447717234005e-05 8.798570297080007916e-05 1.126151184442545722e-04 1.427627791974617883e-04 1.730352804109133605e-04 2.009291021781805218e-04 2.233000904440229917e-04 2.381148183681634821e-04 2.478396310590832139e-04 2.533607458034774608e-04 2.545561184415341075e-04 2.504988502999537514e-04 2.417618918163665824e-04 2.274229914786771189e-04 2.066017816785568396e-04 1.789472961244000860e-04 1.502692367348277798e-04 1.228551371076526801e-04 9.730806415870917232e-05 7.635858332307497254e-05 6.031381616327501506e-05 5.033465600252635778e-05 4.848469416229328509e-05 5.429090109318011751e-05
7.523377764836871662e-05 9.137353840362342290e-05 1.119085101232394940e-04 1.377499887156885571e-04 1.678548881430282200e-04 2.009642171508059993e-04 2.331520079236600528e-04 2.583469649592102027e-04 2.784512909053580513e-04 2.934938511351241081e-04 2.995902412475048523e-04 2.954167944024787000e-04 2.852563007587697306e-04 2.694163622892475083e-04 2.437167228261443125e-04 2.079201835578106628e-04 1.720380113685143742e-04 1.396444940313276673e-04 1.109232008029589723e-04 8.819392050904828592e-05 7.204634683476714532e-05 6.263632745118621686e-05 6.006710970862290936e-05 6.421726171944568823e-05
1.025515186284652887e-04 1.131656460961205250e-04 1.282393937328905463e-04 1.490665399954007426e-04 1.772155559387674233e-04 2.119154867914038644e-04 2.527850697785381448e-04 2.912897059943103445e-04 3.249657919115395209e-04 3.512601718849236608e-04 3.637611466592960245e-04 3.628846387949029371e-04 3.500127658870436412e-04 3.269668466330334687e-04 2.929718696700111332e-04 2.492692029115100650e-04 2.075679914990283606e-04 1.705299158995321267e-04 1.401292761931812944e-04 1.184072685954900536e-04 1.040699917648031989e-04 9.650227362368750178e-05 9.381682762716224888e-05 9.599973033766702522e-05
1.441420270268850058e-04 1.487990526005087159e-04 1.584618327682194949e-04 1.746391303393151121e-04 1.997722117734632922e-04 2.331660697479221562e-04 2.787061115058046823e-04 3.269689999963952781e-04 3.709282156263422718e-04 4.051168077683710875e-04 4.218308477001796284e-04 4.239693098082753940e-04 4.085631159901211245e-04 3.792311649069584787e-04 3.401488342150713940e-04 2.936958257754422336e-04 2.507754762783829540e-04 2.126425294263485199e-04 1.830439517817578207e-04 1.638745309493113691e-04 1.520188962348236806e-04 1.466621282419554794e-04 1.438962166062767443e-04 1.432334106026498242e-04
1.959184516383165114e-04 1.949882809561693511e-04 1.996099992930814486e-04 2.107573609350528161e-04 2.317444277463024988e-04 2.627021327289036801e-04 3.082508280821387057e-04 3.580784386104360123e-04 4.041272537159893005e-04 4.400197705388405678e-04 4.567598308895527400e-04 4.577262182316048128e-04 4.417561697193693807e-04 4.142661639780142123e-04 3.782244567282224378e-04 3.359344876660966587e-04 2.974937850307626916e-04 2.639647518724928094e-04 2.380825943369667690e-04 2.215956914180713380e-04 2.123516299680889793e-04 2.088628057903686545e-04 2.052004847010309126e-04 2.008760261687668122e-04
2.554252926884962574e-04 2.495694163413233915e-04 2.491967533751419245e-04 2.558624961424389114e-04 2.724189152258506383e-04 2.982615751337689206e-04 3.358019901847735227e-04 3.754586528164343827e-04 4.116262128560287071e-04 4.378389893154421950e-04 4.476158130619327792e-04 4.452619753727007023e-04 4.346366761349242168e-04 4.204628134477601331e-04 4.004554867904157301e-04 3.747901308113744901e-04 3.490423706585258279e-04 3.248953133993492362e-04 3.048881444979369571e-04 2.917676896117368693e-04 2.839103718291398088e-04 2.792984824078812551e-04 2.728637661584847789e-04 2.649345134267227218e-04
2.964150418616674667e-04 2.868433419320559163e-04 2.820713696823279391e-04 2.847590916959538785e-04 2.959624005878530193e-04 3.133732939795282578e-04 3.372785534536825607e-04 3.604465448590255167e-04 3.801799418957573190e-04 3.914632420539882244e-04 3.941374837815014289e-04 3.931651824041142271e-04 3.935735557769565554e-04 3.969007609832374142e-04 3.986322991955630200e-04 3.969578633542339440e-04 3.892150808758529910e-04 3.763268012923208137e-04 3.619959536365262385e-04 3.511126655038541143e-04 3.416040503932105642e-04 3.318841431476124795e-04 3.206263703858389319e-04 3.089745061377993153e-04
3.125940294935080819e-04 3.004076002755076170e-04 2.923374130362830082e-04 2.906074018139325680e-04 2.944770812556588512e-04 3.014756888724307200e-04 3.102707324249568072e-04 3.159804511730858641e-04 3.183100837760591490e-04 3.166521922873061982e-04 3.171700227351351999e-04 3.225254284088861041e-04 3.356450330987207882e-04 3.548822528719003887e-04 3.767616026273500193e-04 3.991977791144260849e-04 4.112904120184456480e-04 4.114913478184905834e-04 4.026081982375587925e-04 3.916743928089716606e-04 3.782267963208388122e-04 3.617306068883143909e-04 3.446009329384332404e-04 3.281776124983854783e-04
3.000140250433316435e-04 2.858139221972678186e-04 2.753738205380731776e-04 2.693506648656331581e-04 2.650575127720098236e-04 2.609417719880050370e-04 2.547205053576948736e-04 2.449339347476956093e-04 2.333784046028030985e-04 2.244410327324201828e-04 2.267817838108990346e-04 2.389001949202875180e-04 2.625695838070077684e-04 2.948031772394740769e-04 3.328320663940688732e-04 3.747595853653565637e-04 4.054319493094412654e-04 4.216945625171264304e-04 4.205848072595755349e-04 4.078226861737080898e-04 3.882774845340008899e-04 3.639671954546989008e-04 3.408845386942884609e-04 3.190090943913536552e-04
2.767831297687742406e-04 2.602961545008135942e-04 2.475401845370167218e-04 2.379682881971443133e-04 2.267969869306945326e-04 2.129787195677396280e-04 1.942702092854131321e-04 1.737057697527264485e-04 1.545401156822164587e-04 1.426723624935812321e-04 1.454337045727358089e-04 1.593687579619536547e-04 1.868737974388462095e-04 2.254664121900815045e-04 2.719228571669375974e-04 3.243615179675015791e-04 3.673597784207386112e-04 3.976583808715495293e-04 4.074436752360203183e-04 3.976655084203302047e-04 3.764541461437866045e-04 3.483456679738025316e-04 3.227463345235130057e-04 2.982554864298833891e-04
2.528856079630674241e-04 2.340471819617145259e-04 2.189107653818201543e-04 2.061768358879041132e-04 1.889653787869009110e-04 1.662825781832689401e-04 1.368586449601849598e-04 1.082219845890554475e-04 8.415185467717243347e-05 6.959185522184862572e-05 7.054441032056171519e-05 8.406672800849164344e-05 1.110147281331209950e-04 1.494103622993719481e-04 1.977383611947357788e-04 2.549932816009472755e-04 3.054836760198325089e-04 3.449845051702651595e-04 3.664975047194995094e-04 3.662023658429745549e-04 3.498239165985823820e-04 3.229872889965925559e-04 2.985122845047886151e-04 2.750470382688290755e-04
2.338551720381814333e-04 2.142179029607471337e-04 1.961524973435737696e-04 1.787653311648651434e-04 1.556283552071213879e-04 1.254925104196387084e-04 8.764749358040393459e-05 5.259410997887757242e-05 2.454293126689298344e-05 6.902277193101387017e-06 4.390062553863526916e-06 1.517060586598175063e-05 3.844554306246200599e-05 7.192798187413381502e-05 1.156539889449343923e-04 1.701923696139200635e-04 2.219530128621726654e-04 2.658370763443297798e-04 2.979238944488460578e-04 3.120305375270903086e-04 3.100166946410641599e-04 2.942025802493104325e-04 2.754527045622083580e-04 2.550683565246749133e-04
2.363367556411152674e-04 2.176014560938429156e-04 1.962067239671416187e-04 1.715699768201780454e-04 1.402636325291472055e-04 1.017277461602809116e-04 5.578755014974553600e-05 1.439455762071453095e-05 -1.829262615525403037e-05 -3.923380566376638210e-05 -4.495131442225850369e-05 -3.732612578426950333e-05 -1.716873713497671101e-05 1.211190909001033864e-05 5.018999613066576354e-05 9.814738604699272035e-05 1.468654721057238829e-04 1.922228566691003531e-04 2.315064221959832816e-04 2.585781531203413608e-04 2.741051617946362474e-04 2.763324781451070140e-04 2.688004890126758132e-04 2.544442934180774787e-04
2.603449575755651464e-04 2.426446558455359502e-04 2.180536254963880095e-04 1.850804838909403480e-04 1.432981159990830155e-04 9.405553278129369886e-05 3.916739847104112226e-05 -7.964065974788337942e-06 -4.468611780403466694e-05 -6.846497098166917357e-05 -7.706320733892453004e-05 -7.226880685457373404e-05 -5.472627275244018531e-05 -2.896659763457252342e-05 4.144390855503134229e-06 4.471703889879668538e-05 8.810424404769163738e-05 1.326466259719726243e-04 1.769953484793856968e-04 2.150573100864993899e-04 2.461503131577571515e-04 2.678467730954577379e-04 2.763629533710658978e-04 2.728651930727712146e-04
3.093159499282327560e-04 2.937427384171655692e-04 2.646745159451187757e-04 2.195034858039989867e-04 1.637018016563275937e-04 1.017013114310385039e-04 3.813215731431587099e-05 -1.355389220935017354e-05 -5.350305649798046720e-05 -7.943785467243909553e-05 -9.007233330799749532e-05 -8.725532214221542722e-05 -7.150622958145741762e-05 -4.803247505693887905e-05 -1.805045663936717624e-05 1.694027865970158640e-05 5.471283785331131495e-05 9.602447029069942374e-05 1.417315075025628714e-04 1.869472276105468898e-04 2.291863917911694240e-04 2.681032336784462808e-04 2.958044405271629141e-04 3.100046744548987858e-04
3.632058649052945362e-04 3.516406501275587361e-04 3.176031557448114311e-04 2.595558762169609306e-04 1.917690354980964868e-04 1.205368804463395323e-04 5.153039363976312244e-05 -3.150269215647952216e-06 -4.514270546263870045e-05 -7.260360084055246478e-05 -8.490968309894142191e-05 -8.369650908164629724e-05 -6.934168164576461231e-05 -4.728342371440652557e-05 -1.895687340484451071e-05 1.342683995799802242e-05 4.800973802283487602e-05 8.638362399749407311e-05 1.307925499732456192e-04 1.787176391992881480e-04 2.270752140007509614e-04 2.766603621735600469e-04 3.186847419085997815e-04 3.494238181402388433e-04
4.118972411554406589e-04 4.055248035483182052e-04 3.677028176921522942e-04 2.999366529221814321e-04 2.252946034840627319e-04 1.499607314577766528e-04 7.863317766408878078e-05 2.206048503047847373e-05 -2.087263962132691777e-05 -4.946595494233586783e-05 -6.375886985638125576e-05 -6.446476202039890056e-05 -5.156448782841154639e-05 -3.072707369542394855e-05 -3.861338699081665488e-06 2.667435051274649521e-05 5.939093022444419124e-05 9.615041251200817369e-05 1.385301919238345893e-04 1.863792368366753245e-04 2.380698088277181132e-04 2.940132240958773582e-04 3.445261117681360885e-04 3.859693653545742350e-04
4.449430282122932316e-04 4.403136989932445898e-04 4.042439590721334363e-04 3.376723358840885160e-04 2.638625953996732109e-04 1.896307988406131372e-04 1.195054640942791896e-04 6.307684882982239334e-05 1.901318771625549249e-05 -1.165279575700346798e-05 -2.804483453624436763e-05 -3.090356309298185474e-05 -2.015702320128492502e-05 -1.367172257223176096e-06 2.354004571458250493e-05 5.268299605294629411e-05 8.502308241614154065e-05 1.220957406847785007e-04 1.646831118010065175e-04 2.125389895901456580e-04 2.647991643851534084e-04 3.221923060638277186e-04 3.744587955167406825e-04 4.174500898296183899e-04
4.472883086850364120e-04 4.391560139824891656e-04 4.085788523158727630e-04 3.537856918543757253e-04 2.896331717268063556e-04 2.228446368069125229e-04 1.586784594210676369e-04 1.057599395002717840e-04 6.170580469515124478e-05 2.873812793539578587e-05 1.022720940408224511e-05 5.074409565879807972e-06 1.272988986551799268e-05 2.807663443669219090e-05 4.995880987923802567e-05 7.749314383859504498e-05 1.101730600851459960e-04 1.487129722302455923e-04 1.939688886845781666e-04 2.431364090430471799e-04 2.944247247599360382e-04 3.486484975518986209e-04 3.952906409005863095e-04 4.300307975832293075e-04
4.243618272431094068e-04 4.115161407089680317e-04 3.852211309487508020e-04 3.449244564525130816e-04 2.970756295073084200e-04 2.443768290520993572e-04 1.909309444343788365e-04 1.443983178469959922e-04 1.032295073400738797e-04 6.930211198739298650e-05 4.848046510139692703e-05 4.084174537911965715e-05 4.502835232051821533e-05 5.636821158905299349e-05 7.466156557258711774e-05 1.004513972273592728e-04 1.337631504358615894e-04 1.740623235360194828e-04 2.215547038211451909e-04 2.708776966557254460e-04 3.200379832012768084e-04 3.671682750998230406e-04 4.014940184240951100e-04 4.212909835563130546e-04
3.784552478427604012e-04 3.608923247325024168e-04 3.367703652458726798e-04 3.095026529636596153e-04 2.808903188501540187e-04 2.481204563126644148e-04 2.105652171887016622e-04 1.729814129702911046e-04 1.375824956505971154e-04 1.057947197668372745e-04 8.401728864659386913e-05 7.295701552851023997e-05 7.226072604399654670e-05 7.980599314434248012e-05 9.523851551523446223e-05 1.200326436561782614e-04 1.535309950654148339e-04 1.940400917428519820e-04 2.416059050234010172e-04 2.889035480489636010e-04 3.334454205319287005e-04 3.692021333533948482e-04 3.868363113675234470e-04 3.892648853112699913e-04
3.275781368328850021e-04 3.062362395241860079e-04 2.831203358005300553e-04 2.633439177922340061e-04 2.478184806598180637e-04 2.317343639931388399e-04 2.107978720222395276e-04 1.849237125756498037e-04 1.583771506995029982e-04 1.328809072281908889e-04 1.134098923902067044e-04 9.989968876065647330e-05 9.402887130815072605e-05 9.832936602987272547e-05 1.119665732896064523e-04 1.358660507680272908e-04 1.674727430827642374e-04 2.050094074256849882e-04 2.490697580108754052e-04 2.909625177654835606e-04 3.271968801178058673e-04 3.509652309251719542e-04 3.560620200135248344e-04 3.472263448008491805e-04
2.754420190402001177e-04 2.503668640145619039e-04 2.283027325353815260e-04 2.133087731212166753e-04 2.054068451288171802e-04 2.005450864918751025e-04 1.950654756599048186e-04 1.840406167979403117e-04 1.694860661781450730e-04 1.530267629884254866e-04 1.382133243581857500e-04 1.246043501426541303e-04 1.146777129900991983e-04 1.156196919435978295e-04 1.273478407025738939e-04 1.493531203402920574e-04 1.771828025937695057e-04 2.098616836354138648e-04 2.480966702107179284e-04 2.818300950320757996e-04 3.070024955914595934e-04 3.197454593735462236e-04 3.169852611760603676e-04 3.015657384468994440e-04
2.268928314755803315e-04 1.997039081979999815e-04 1.776354839928957177e-04 1.639810111695913486e-04 1.590775196814085376e-04 1.597439005367973458e-04 1.660440936711448810e-04 1.711593876527614728e-04 1.727529387356968712e-04 1.688376247737882025e-04 1.601319259406908905e-04 1.488624577737860668e-04 1.377488296631937338e-04 1.359830533428672621e-04 1.439095233340044759e-04 1.618322537854366677e-04 1.850244104425322793e-04 2.116063677382494176e-04 2.405702002886448364e-04 2.628983502399425331e-04 2.765928903581602841e-04 2.807561079052528280e-04 2.736399335529006742e-04 2.555593902630426775e-04
1.903563132754144309e-04 1.642387647224371301e-04 1.426756363325575950e-04 1.293553373824915434e-04 1.261348748224752798e-04 1.299448416925383409e-04 1.426183110887498757e-04 1.583960440494690074e-04 1.735252211580796456e-04 1.823922464041093539e-04 1.814756191488047421e-04 1.752151018563870624e-04 1.662670777676054511e-04 1.631806709522726564e-04 1.661492061929103863e-04 1.780556160436565867e-04 1.955225271471940627e-04 2.145412158302790280e-04 2.323548985082333834e-04 2.433926264096943960e-04 2.485542001955525783e-04 2.471597720471953221e-04 2.369807594124339223e-04 2.179541492591513920e-04
1.637951071409570760e-04 1.408821878094819392e-04 1.219576097317263020e-04 1.095128613559780573e-04 1.069249266293879072e-04 1.128279784193847869e-04 1.284069240208693039e-04 1.489619969422494288e-04 1.717417010580938415e-04 1.917782080930851955e-04 2.013100365960615037e-04 2.027178543586192149e-04 1.976991642100397095e-04 1.941602025559951137e-04 1.930388787024279898e-04 1.982688606825527681e-04 2.078222360363667250e-04 2.170893659106542422e-04 2.235220562916261783e-04 2.249959674903330431e-04 2.233511802909142474e-04 2.181306944349398365e-04 2.066254141463519725e-04 1.883893077582277174e-04
1.468760644183254318e-04 1.290981541655038928e-04 1.147733901553931075e-04 1.053978610868653930e-04 1.043677322889907970e-04 1.113189701725869277e-04 1.265572072873018131e-04 1.461542771265940085e-04 1.684951583053016528e-04 1.924838589308290702e-04 2.104774721526362811e-04 2.210243542464722204e-04 2.226579542616242209e-04 2.205450591102507349e-04 2.178744820471176713e-04 2.164605097363786739e-04 2.160101965406755939e-04 2.146116072500685572e-04 2.119477270870360954e-04 2.075727983981320011e-04 2.016552500763959177e-04 1.941186082538367977e-04 1.827074911808409250e-04 1.667465788088613331e-04
1.348777826866510217e-04 1.230724375277423926e-04 1.142159274989051969e-04 1.098359442126796225e-04 1.118470387650598758e-04 1.193597032421704905e-04 1.325870525198814386e-04 1.480846475917037188e-04 1.644912272462711249e-04 1.830237995371941683e-04 2.005165876275858891e-04 2.146973245182066806e-04 2.221850450478032575e-04 2.233105248056484302e-04 2.215649874827529790e-04 2.161273388045356820e-04 2.088251058816132310e-04 2.010885586921058537e-04 1.943669373716833549e-04 1.881250392554930945e-04 1.807352233195811265e-04 1.722628989123777595e-04 1.618406255610269518e-04 1.491138470928128667e-04
1.265596097928607298e-04 1.214029857689078275e-04 1.186908857623871334e-04 1.194913686157814516e-04 1.242373711920091738e-04 1.320051469362269465e-04 1.418551487760874542e-04 1.508266652051542069e-04 1.588723394602958167e-04 1.674145476953515892e-04 1.777646430870874754e-04 1.889373672072527206e-04 1.993481036725974602e-04 2.044916167495084835e-04 2.044507775766978908e-04 1.977797510525706179e-04 1.884265370357183871e-04 1.791529705806001519e-04 1.718153091897615427e-04 1.657889051869433509e-04 1.590092851775136787e-04 1.511602950280428314e-04 1.427624355424324688e-04 1.343053611220793519e-04
1.195224915589873334e-04 1.213434646771858561e-04 1.251338872824370402e-04 1.309532395258463733e-04 1.376206417374102283e-04 1.446829872093552871e-04 1.494643638312618075e-04 1.499836508273988541e-04 1.482563867162760111e-04 1.457178575726634769e-04 1.465955313414571220e-04 1.508632779295186418e-04 1.598591901833857113e-04 1.670761198795535200e-04 1.690069247636492844e-04 1.644200225715323452e-04 1.571861029660132341e-04 1.498269780988361753e-04 1.436408210136862901e-04 1.387045575413587762e-04 1.337456565817668214e-04 1.283117126429650780e-04 1.235734754245970202e-04 1.203736003184891677e-04
1.048650669582654226e-04 1.124841292958249849e-04 1.216268031723172867e-04 1.316448582846100929e-04 1.396113961299317425e-04 1.451990141771572680e-04 1.457737206034851959e-04 1.408298485945433517e-04 1.328328343683424478e-04 1.240222401781894293e-04 1.199806334915870819e-04 1.203293078777293798e-04 1.261343171364461143e-04 1.317206993873348223e-04 1.341307468704315672e-04 1.317264437804572120e-04 1.261033866406850398e-04 1.194314567641520164e-04 1.125735706956305449e-04 1.070992462914308388e-04 1.026687396255505436e-04 9.942010537474002790e-05 9.843664975336895140e-05 9.994142015614351684e-05
8.201926982640693378e-05 9.410139885105552146e-05 1.072613014665169264e-04 1.207848867763088653e-04 1.299992374448916566e-04 1.340608052569009011e-04 1.324666922901091655e-04 1.261866856915028732e-04 1.160469457656383783e-04 1.042954450142536950e-04 9.786985042745860507e-05 9.683474516688498539e-05 9.993342866982541913e-05 1.023231253989799125e-04 1.036462774046225782e-04 1.019228353946419625e-04 9.647330275277419479e-05 8.905122989904267242e-05 8.017561238056971251e-05 7.290856007918063901e-05 6.775178074169482811e-05 6.555220838709983791e-05 6.730570574449156764e-05 7.249729303791438949e-05
5.048130133085497576e-05 6.561256591905334002e-05 8.180304790952517245e-05 9.755569655738804632e-05 1.077487797528904969e-04 1.121721042043311950e-04 1.114200975740241241e-04 1.072316232837171632e-04 9.959187481167886935e-05 8.995503567545444089e-05 8.389492453606499497e-05 8.181529742963894393e-05 8.263840891666305352e-05 8.292079873421404914e-05 8.259239223416413225e-05 7.982122730941579043e-05 7.271521751907729196e-05 6.247562948994882855e-05 4.977347328758327766e-05 3.919765586760225065e-05 3.160680281632673828e-05 2.827342532555310285e-05 3.062400276956370252e-05 3.786151708132297236e-05
2.161961817557144912e-05 3.837654180871483665e-05 5.660140841517300099e-05 7.400381133903243295e-05 8.631040775488636610e-05 9.438715671017938182e-05 9.796846174424305516e-05 9.885588486698925305e-05 9.791554320905704084e-05 9.519601707971779548e-05 9.218832895920836264e-05 8.934090603166951173e-05 8.831247700346122969e-05 8.762602581731131939e-05 8.513048508110244907e-05 7.949428377073044637e-05 6.867524893558509262e-05 5.332422728290037888e-05 3.486136847293377553e-05 1.943658158338447691e-05 7.679686646561431626e-06 6.741254506225135511e-07 7.950541454968303681e-07 7.750749659669548209e-06
-2.724952388994840023e-07 1.676233771349629049e-05 3.567383921024816398e-05 5.496236746852497591e-05 7.120296894726461402e-05 8.475363424894422407e-05 9.534647454754633733e-05 1.048457504411469035e-04 1.141407709551219419e-04 1.213324939384208278e-04 1.238291456904960406e-04 1.226658437955491037e-04 1.202614885059145048e-04 1.171055079699712733e-04 1.109421446515109801e-04 1.008208629652405540e-04 8.454940345083119450e-05 6.234754854013310711e-05 3.661084240296246710e-05 1.505019623909611107e-05 -2.159630388023259684e-06 -1.444763846302640947e-05 -1.848999506033747770e-05 -1.374975488680040980e-05
-1.280854727145773863e-05 3.081082962304725876e-06 2.224554481144362070e-05 4.397475204869920372e-05 6.538404597195159691e-05 8.622195990775393727e-05 1.073203523350311415e-04 1.293347010900992432e-04 1.516516403061386384e-04 1.717334186063584835e-04 1.833997456291851279e-04 1.871282759642182753e-04 1.839599841144569500e-04 1.761261196934046837e-04 1.633294580692305038e-04 1.444983563923785380e-04 1.197370641277395453e-04 9.015197394649984968e-05 5.729091965528877348e-05 2.820665618254426880e-05 3.702268031116310199e-06 -1.494891684268406215e-05 -2.398063762424190636e-05 -2.341080199832995090e-05
-1.398985058083838937e-05 2.508197603886618040e-07 2.015392228799153457e-05 4.453506170491979888e-05 7.074177970259333504e-05 9.907431880853585240e-05 1.308467563364023624e-04 1.642343060108251323e-04 1.973146284263599696e-04 2.290907088340549461e-04 2.502880197310686531e-04 2.588120666987391710e-04 2.535451378456972989e-04 2.382356815100451731e-04 2.152508923625194635e-04 1.846735578612056607e-04 1.513510318311524683e-04 1.168163114226239906e-04 8.046376226480912632e-05 4.646882462139039405e-05 1.682894628440660261e-05 -5.936612231130792103e-06 -1.812541110817543597e-05 -2.102256425605665639e-05
-5.536667694386551730e-06 6.933099513923929124e-06 2.745289947960962793e-05 5.426460820947467397e-05 8.494796778847869486e-05 1.204543495714707378e-04 1.611450239437977802e-04 2.027149405184083776e-04 2.433678121142716943e-04 2.842660515168900703e-04 3.130408940821541221e-04 3.244070054765252386e-04 3.149214670147380411e-04 2.898499257594932708e-04 2.543905160836231654e-04 2.120313404753100040e-04 1.723628571197602182e-04 1.350937829238606192e-04 9.838106633220294666e-05 6.352283294371453663e-05 3.279484284677945541e-05 8.744024951330326792e-06 -4.991001923155034596e-06 -9.744293746783336919e-06
