5.842077175538159248e-05 9.813705885427998269e-05 1.399903015054238106e-04 1.810176864466655469e-04 2.152241740592797641e-04 2.435742310658386186e-04 2.661285912067182626e-04 2.833961698288784943e-04 2.954858716409300141e-04 3.026118590730330813e-04 3.048290797327326824e-04 3.019416870590502927e-04 2.948750981885622595e-04 2.814749269235690778e-04 2.600976273949281515e-04 2.287402446424479101e-04 1.885434765409105197e-04 1.418905106754348399e-04 9.132040559817918815e-05 5.001207303379841159e-05 1.981942500501934486e-05 3.345906639654734087e-06 5.003946567502976322e-06 2.366090920401740636e-05
1.423280209251142313e-04 1.834794573407449829e-04 2.264390683804349863e-04 2.681359396281461443e-04 3.034996137820400474e-04 3.339108528242083133e-04 3.595178110289332010e-04 3.799115263121111098e-04 3.948075237047588698e-04 4.037689747150872760e-04 4.055233450311406754e-04 4.000832850407230919e-04 3.880096776582392338e-04 3.678215741115209111e-04 3.384644418954403959e-04 2.986790864178667229e-04 2.531589780266989796e-04 2.047278014300347830e-04 1.558148364052233973e-04 1.177789992400231594e-04 9.197731558633746201e-05 8.051244042692776116e-05 8.574418508242164926e-05 1.063564983436001332e-04
2.313152774321750559e-04 2.724927882732005582e-04 3.151496928100991943e-04 3.570116460044403311e-04 3.939327728712725099e-04 4.268054601207088312e-04 4.560200687959955535e-04 4.802497593819653253e-04 4.986618909969834030e-04 5.098209462863184226e-04 5.111269090185140921e-04 5.031486244711498405e-04 4.858048315360421706e-04 4.582880188665540444e-04 4.204102771219893862e-04 3.722395823821031120e-04 3.220221774679116644e-04 2.724388339066655183e-04 2.258322063652726914e-04 1.917412156945948816e-04 1.710028475113444836e-04 1.646462457541668356e-04 1.729786044345187491e-04 1.950731776175736783e-04
3.203115166131770860e-04 3.592458931179372521e-04 4.009044457440916979e-04 4.436064799471265644e-04 4.834465610076368360e-04 5.208035718970009144e-04 5.558359733774452353e-04 5.849563367542254992e-04 6.068103917002007569e-04 6.199139778544306058e-04 6.209437448298051401e-04 6.102760695248956972e-04 5.868977391798545478e-04 5.515331547520424451e-04 5.054369959870935302e-04 4.499029755425263343e-04 3.956465736092609872e-04 3.449459042600857943e-04 3.009914493381414210e-04 2.713098666183147217e-04 2.552195601824279480e-04 2.530985394694439377e-04 2.636794143553010546e-04 2.861617120263491225e-04
3.958588581760262982e-04 4.305893896335682958e-04 4.708624429917330372e-04 5.155320436550059034e-04 5.602490551181873264e-04 6.047097398083921055e-04 6.481850588181696429e-04 6.834842825246850067e-04 7.089395399611107731e-04 7.239303386015203193e-04 7.250141416669986152e-04 7.116639294238345185e-04 6.823150136811335529e-04 6.400821825787208477e-04 5.875683870207652716e-04 5.267196671895774942e-04 4.696372055427688028e-04 4.184086893838981618e-04 3.768702742387782401e-04 3.503440871672438466e-04 3.367680149967614131e-04 3.363350287846259392e-04 3.466811874449097423e-04 3.668255395583420011e-04
4.585423666867451380e-04 4.880713089400077684e-04 5.259611188731214441e-04 5.726971968227661429e-04 6.234867044979485037e-04 6.762466287983236613e-04 7.292732275969238467e-04 7.717724703428236041e-04 8.018500889793490644e-04 8.193512475205826529e-04 8.207142227958044321e-04 8.049066097340249696e-04 7.704283467124802085e-04 7.227846090534594372e-04 6.653105168204893026e-04 6.005585480793676489e-04 5.420155875543962703e-04 4.916247854212110009e-04 4.523756501790181868e-04 4.273857781726011877e-04 4.147048596843480746e-04 4.138263992555959829e-04 4.212899048385514004e-04 4.364483745426126697e-04
5.094524915561291075e-04 5.334035781438979922e-04 5.675791607640571449e-04 6.152660025464616860e-04 6.720598968599440825e-04 7.332060116975932249e-04 7.957358855439879619e-04 8.464466227405106815e-04 8.839057195830441263e-04 9.058719616954106308e-04 9.073123711352224516e-04 8.887905029645282954e-04 8.493698071148775286e-04 7.973523431640491300e-04 7.364420143730868347e-04 6.701483386281544561e-04 6.120940809916341737e-04 5.633106452648234787e-04 5.261210912653790971e-04 5.018044718895270286e-04 4.884640782850191779e-04 4.845057742989978948e-04 4.864626544460549169e-04 4.947732197172454837e-04
5.533358915281416353e-04 5.723851728553193755e-04 6.025678611407365515e-04 6.482301137359272169e-04 7.061886891151701552e-04 7.710363494183587307e-04 8.393711956890205408e-04 8.967759029812452697e-04 9.418465952695353593e-04 9.697058959847565081e-04 9.724975040329918944e-04 9.524800289520699232e-04 9.096801973517618361e-04 8.556034501383625928e-04 7.940582076708666611e-04 7.292360028883674650e-04 6.736456592627190201e-04 6.272652516787787349e-04 5.922871182359059185e-04 5.685177556482639508e-04 5.537003247212147214e-04 5.457625599820977846e-04 5.423212800321420201e-04 5.446543565444177896e-04
5.906843367733083080e-04 6.052371578376554949e-04 6.318322967860913941e-04 6.730893515983872111e-04 7.270460458542692388e-04 7.904286894338752529e-04 8.608098065449611667e-04 9.225576429543239608e-04 9.728890897098067510e-04 1.006562264924411310e-03 1.012897544352691845e-03 9.935769351331635336e-04 9.500743827366290358e-04 8.970987093978991835e-04 8.380789103911096341e-04 7.770084751278920386e-04 7.252822854895717066e-04 6.827051460249584317e-04 6.503203905634296006e-04 6.264619596370857562e-04 6.095311662605832790e-04 5.977934349106740980e-04 5.899493082752246690e-04 5.873002094401044921e-04
6.247873721138226316e-04 6.353854755014427206e-04 6.576384763296231999e-04 6.922431321687183992e-04 7.380438477360402958e-04 7.939586670336718855e-04 8.601043551713815532e-04 9.216638659392428117e-04 9.735814188241792783e-04 1.011082209308248638e-03 1.022580047587380364e-03 1.008987674911492613e-03 9.706670084535033412e-04 9.224207363078672922e-04 8.688211706664851573e-04 8.141053921231465335e-04 7.681614697898988837e-04 7.300483461103023791e-04 6.998334566558567574e-04 6.756510671745870594e-04 6.568118306776683443e-04 6.421593292147941001e-04 6.312626791803333404e-04 6.251346706560489876e-04
6.599367309045374875e-04 6.670081194229585770e-04 6.840506535690344617e-04 7.117012264546086677e-04 7.491966399667173565e-04 7.956456016225291281e-04 8.523902414484944064e-04 9.074573585685338827e-04 9.555137559975038133e-04 9.923520668210302105e-04 1.007396293269323352e-03 1.001328469666827679e-03 9.725657719998490264e-04 9.328952387536130087e-04 8.878287067702214609e-04 8.419725067383312771e-04 8.033150238219640164e-04 7.699127223871366377e-04 7.419338731428687297e-04 7.185859484510962987e-04 6.994365017234450196e-04 6.834107105445627129e-04 6.707311146351874502e-04 6.625467163175845350e-04
6.942734461082095349e-04 6.980718117170918490e-04 7.101575711407232547e-04 7.310674754237434089e-04 7.604307236229124406e-04 7.975869643791774028e-04 8.426599616101322849e-04 8.865203597735444143e-04 9.260012764377423527e-04 9.587594758971368022e-04 9.752291524162192771e-04 9.745649397887422988e-04 9.560252606907964192e-04 9.283815039983769283e-04 8.952990433273924631e-04 8.604520998184290699e-04 8.299293746874821876e-04 8.020862138659638155e-04 7.773782771597851499e-04 7.560862435447938132e-04 7.378480128736942308e-04 7.215034713199478802e-04 7.079285819306623245e-04 6.985754462147450569e-04
7.260473212847143917e-04 7.268311723369139934e-04 7.345537989176685514e-04 7.502658882401199792e-04 7.727846862961504359e-04 8.006652545365802818e-04 8.328218275307261009e-04 8.629765051801121514e-04 8.901224195492625458e-04 9.133365395379827029e-04 9.265218931709567115e-04 9.285691875566074718e-04 9.205268149177541154e-04 9.073815414074903104e-04 8.897472301873627460e-04 8.685547275939267372e-04 8.473183635988711798e-04 8.262787351895368049e-04 8.062150019626614702e-04 7.881063955906242834e-04 7.715001670341473062e-04 7.556050385665904730e-04 7.419801122994834543e-04 7.319363666633098287e-04
7.541231403109850424e-04 7.524503120778087929e-04 7.567027746137055828e-04 7.680466625992856452e-04 7.832829187269532917e-04 8.001790558802332042e-04 8.183541409113563462e-04 8.343893392755135502e-04 8.475259726055365964e-04 8.573187349640138365e-04 8.635981298617343566e-04 8.667529644063737011e-04 8.681939294229535980e-04 8.683541952279956629e-04 8.659674611019859509e-04 8.597218339149318225e-04 8.498825850979360762e-04 8.378500315913584452e-04 8.244663976404567390e-04 8.110348136967625039e-04 7.971474323321942447e-04 7.829491803849394221e-04 7.707120147690038397e-04 7.610483276175349435e-04
7.798726942527908117e-04 7.763959812518335130e-04 7.778310742604673369e-04 7.840691885690929345e-04 7.898949635706360110e-04 7.936787304390044472e-04 7.958413571112853526e-04 7.958230745963355921e-04 7.930164252933536058e-04 7.880857849139635786e-04 7.867891324550607864e-04 7.903814185373186744e-04 8.002530953957295206e-04 8.122837375102420201e-04 8.237094174725145086e-04 8.327566771676598711e-04 8.364417294861940496e-04 8.355434368398428424e-04 8.307582476334353675e-04 8.237131910976553924e-04 8.142541619045669428e-04 8.034463924495042954e-04 7.942746944489487365e-04 7.866687727463935907e-04
8.059413093111290243e-04 8.029543125712078865e-04 8.010809049147209768e-04 7.988379992958601940e-04 7.918728678140664811e-04 7.802176882149611898e-04 7.630395142935395827e-04 7.434151330109318957e-04 7.232030862258528002e-04 7.053421051112241649e-04 6.981207025700861919e-04 7.013629850638632406e-04 7.171259424175946895e-04 7.390108666410947309e-04 7.628278652459296932e-04 7.868518209788884742e-04 8.053238667049172949e-04 8.180494972988747691e-04 8.242314861137599530e-04 8.253882401086025215e-04 8.228231215834139970e-04 8.179578141827376298e-04 8.137496861205950225e-04 8.097628431571171539e-04
8.233024413579553228e-04 8.206235060418878976e-04 8.124752107164230457e-04 7.976552861000414229e-04 7.755525730046924048e-04 7.471656209825446211e-04 7.106745146621256401e-04 6.735700873554464072e-04 6.401691988713163360e-04 6.147351385428343655e-04 6.046900115992251195e-04 6.082445637837977223e-04 6.274668156753465198e-04 6.559550901799899442e-04 6.895074743543059539e-04 7.259120639640739446e-04 7.571088903636852751e-04 7.826232015721575975e-04 8.003376713769929859e-04 8.112295634147641786e-04 8.177419584434926243e-04 8.208075172767616843e-04 8.226158663211981118e-04 8.229642202320944190e-04
8.263019161495903158e-04 8.212834956203055557e-04 8.042127659887917139e-04 7.751172462754688484e-04 7.371273460047945503e-04 6.912590159978344081e-04 6.378989541220189382e-04 5.889520400402401207e-04 5.479998691060312521e-04 5.184429504810808120e-04 5.068369817207982794e-04 5.119666861819643141e-04 5.337388673164046408e-04 5.657488789265403047e-04 6.059550354946867607e-04 6.520464420349223215e-04 6.936620283910843515e-04 7.296589994970394946e-04 7.584197220161599442e-04 7.803803162625605255e-04 7.973037890109067058e-04 8.092423862064980445e-04 8.176179924485663369e-04 8.228523233248896500e-04
8.090883393259696828e-04 7.958942150531886969e-04 7.677322787817376318e-04 7.230015286237582908e-04 6.680921276219643334e-04 6.067351320117857910e-04 5.430701154265263992e-04 4.899033353651433996e-04 4.473639706939856330e-04 4.180722190957783762e-04 4.072069912961373160e-04 4.138743931875424223e-04 4.373390288339541266e-04 4.713024644746503593e-04 5.144006181254302161e-04 5.651395283804199138e-04 6.136346350990503360e-04 6.580850463070049821e-04 6.975853783726836859e-04 7.308542272383941911e-04 7.583698418498400042e-04 7.808696952918961140e-04 7.976097596077713365e-04 8.076045523936597461e-04
7.493019887798782475e-04 7.236282445538190673e-04 6.837386316290397937e-04 6.266362350514635042e-04 5.614891561878086485e-04 4.943503437810588047e-04 4.300496495623036867e-04 3.787820403517508372e-04 3.391159866917129481e-04 3.137804840457556203e-04 3.060672771537235100e-04 3.143446187986660462e-04 3.391659180752141546e-04 3.744481352000557850e-04 4.176101811507894725e-04 4.681782425629749437e-04 5.195218808377848746e-04 5.699047631400496177e-04 6.182427985668143130e-04 6.603606776392321890e-04 6.959507214339759025e-04 7.265528123734134314e-04 7.478588391961019403e-04 7.568928823925256955e-04
6.453410181689756692e-04 6.065831771132295215e-04 5.543614106587136997e-04 4.893530840591533981e-04 4.235042370052716936e-04 3.601195174735845978e-04 3.017674907715958742e-04 2.560318330407636376e-04 2.228718710207362242e-04 2.040135803808080150e-04 2.008615398750527171e-04 2.121579667522006539e-04 2.381221428294050496e-04 2.728864223007640357e-04 3.142756414138234036e-04 3.622736512477372486e-04 4.135041347454194972e-04 4.668578018086872545e-04 5.214202949638791461e-04 5.701223993109932886e-04 6.115220673570242321e-04 6.456389190779188332e-04 6.646007599075824971e-04 6.657639050147033579e-04
4.977633303729364980e-04 4.492983512141879884e-04 3.891768935480348010e-04 3.231899242648948018e-04 2.638191011846474014e-04 2.094340100235014118e-04 1.603763841929529478e-04 1.226184996367640204e-04 9.780938159135890535e-05 8.712885012706840157e-05 9.029053552725865123e-05 1.060191611493874702e-04 1.326983874002129245e-04 1.654975907775863746e-04 2.044229030407002166e-04 2.492972426459841924e-04 2.985295095398755308e-04 3.517664185814236384e-04 4.090291553632652657e-04 4.609285345011614188e-04 5.043136419410622047e-04 5.349477778552525669e-04 5.436175844675971867e-04 5.314886423470990048e-04
3.476046841832052632e-04 2.959355308885385795e-04 2.354728495692474423e-04 1.724030472187698378e-04 1.175010795912933800e-04 6.817219161144239458e-05 2.492989645881386358e-05 -6.865039639472433291e-06 -2.593920778730685479e-05 -3.097404158631209025e-05 -2.375064170876639729e-05 -6.181274777139861119e-06 1.948924577991678679e-05 5.028894709035180592e-05 8.747198495879867524e-05 1.308699103381414134e-04 1.792079356401227457e-04 2.322295807157728341e-04 2.904608163690012971e-04 3.427664216682487029e-04 3.849086854990856044e-04 4.101258407674867809e-04 4.100862865818870632e-04 3.887745897391230296e-04
2.079857629839213992e-04 1.566759656641281422e-04 9.943559080249068276e-05 3.970670148607198443e-05 -1.344244859663233543e-05 -6.043117130318701282e-05 -1.003735286918920464e-04 -1.285202642522696660e-04 -1.441742304225273642e-04 -1.466858817424162187e-04 -1.393310498398588006e-04 -1.238512240510782991e-04 -1.011311016710764968e-04 -7.228400494180826203e-05 -3.679634398225671880e-05 5.660463973073160695e-06 5.412794380122955750e-05 1.079580210290667381e-04 1.669344690497083462e-04 2.181760313842746749e-04 2.576051824800154166e-04 2.795688293854716009e-04 2.766171280936478827e-04 2.519198902203384429e-04
8.310323364311824679e-05 3.510718510770860848e-05 -1.803983081861172406e-05 -7.519160204588209323e-05 -1.278062452630604874e-04 -1.741826781230935604e-04 -2.123092389223063536e-04 -2.386682928172940250e-04 -2.540989565639299188e-04 -2.594642223066262812e-04 -2.575402468429631745e-04 -2.483894236277213452e-04 -2.312446156007369144e-04 -2.058261131484068673e-04 -1.728078167930273662e-04 -1.308830071195460419e-04 -8.143562198216543354e-05 -2.623369341400552700e-05 3.338318451147414894e-05 8.397676777020084691e-05 1.224072357609433154e-04 1.449995636278500792e-04 1.449718420271560134e-04 1.237384593667908354e-04
-3.038950573546726097e-05 -7.373904811996065953e-05 -1.235432880762778315e-04 -1.784345956864040320e-04 -2.292171263285120613e-04 -2.741932283800075547e-04 -3.106524145489430989e-04 -3.369287836094175988e-04 -3.551775224447448870e-04 -3.668073602600954914e-04 -3.721003732367191919e-04 -3.697418575631952428e-04 -3.586741442063256071e-04 -3.376901104714882676e-04 -3.074450511603404445e-04 -2.663685440936371237e-04 -2.170117650533878555e-04 -1.617955281461742878e-04 -1.021848039896758700e-04 -5.098577615103053152e-05 -1.100220186827153662e-05 1.441344002659136544e-05 1.893335263168300552e-05 3.800749145054703676e-06
-1.378046559852896043e-04 -1.751063426987119242e-04 -2.201664571648710017e-04 -2.717773677592479238e-04 -3.200892685492301806e-04 -3.630265225151325784e-04 -3.985527680141655446e-04 -4.268538374379318126e-04 -4.500280365597553265e-04 -4.684238426311587884e-04 -4.798292512170620485e-04 -4.831584502542485152e-04 -4.772786762389594488e-04 -4.600553933955538839e-04 -4.319098533025768870e-04 -3.921135833301817161e-04 -3.443849971881850409e-04 -2.906920387430391058e-04 -2.320331564744873988e-04 -1.805824734927333707e-04 -1.393995823547677460e-04 -1.112472291596249788e-04 -1.019990983672903302e-04 -1.108503386987244057e-04
-2.393673521473146590e-04 -2.700716519535117217e-04 -3.095423769696287425e-04 -3.558560246502022245e-04 -4.001508121522182482e-04 -4.413963144068025002e-04 -4.790660904643644037e-04 -5.119671271516986746e-04 -5.402281943606608312e-04 -5.634702402833849291e-04 -5.788028955814075423e-04 -5.856417556164404290e-04 -5.827740660795974019e-04 -5.679206971035246146e-04 -5.415346930413241812e-04 -5.036876191886990699e-04 -4.584688393709680375e-04 -4.071699095675345489e-04 -3.506197901895773301e-04 -3.001073002147018175e-04 -2.585664188909312777e-04 -2.283561335836227946e-04 -2.153412313168980333e-04 -2.191176537334400853e-04
-3.228302728509098592e-04 -3.476177886359241862e-04 -3.818839943643117184e-04 -4.225132400212575469e-04 -4.632737502537300129e-04 -5.052039166255337978e-04 -5.483231927978516598e-04 -5.868291408503589117e-04 -6.187681611484306546e-04 -6.441691540783877354e-04 -6.612791011113314070e-04 -6.694847623513086295e-04 -6.675746879077856279e-04 -6.539079728110030977e-04 -6.291490986282417125e-04 -5.933178282643557537e-04 -5.500781878478615749e-04 -5.006317565167437518e-04 -4.464048762647999415e-04 -3.975478182613747754e-04 -3.560176642357852205e-04 -3.241684153120431150e-04 -3.083011760844324369e-04 -3.081623136270357543e-04
-3.838858425982319520e-04 -4.029954036715041143e-04 -4.322959194216027291e-04 -4.683937987072886748e-04 -5.076872736655127158e-04 -5.523693461498311663e-04 -6.019785541676740724e-04 -6.461030350515969099e-04 -6.817336299050208437e-04 -7.087715467731360661e-04 -7.266011179366091595e-04 -7.351159127771389728e-04 -7.334361454024141379e-04 -7.205591357402694585e-04 -6.970304429922947152e-04 -6.628437750626879491e-04 -6.212378203831630565e-04 -5.732984338600931144e-04 -5.210838878301568165e-04 -4.736059056544377724e-04 -4.318101227832849779e-04 -3.980620987142759280e-04 -3.790992556118569679e-04 -3.748018413665992398e-04
-4.189493802893519327e-04 -4.329023785012277932e-04 -4.568003832549096237e-04 -4.907954241093026148e-04 -5.328389874476557571e-04 -5.820962058388133792e-04 -6.365560980508384262e-04 -6.845172502439281648e-04 -7.240901723700855861e-04 -7.531349573010972555e-04 -7.704896932816052623e-04 -7.779069835213707658e-04 -7.754833797831322314e-04 -7.632389524142250276e-04 -7.410838397676883498e-04 -7.082121181077265628e-04 -6.679082488391025786e-04 -6.220729761658673126e-04 -5.713181877282896403e-04 -5.236405035586215798e-04 -4.810935760273450548e-04 -4.459959359153542512e-04 -4.241889903738523026e-04 -4.153013443390124633e-04
-4.471215463220211818e-04 -4.574263743573699537e-04 -4.764720479310299958e-04 -5.077590139003574157e-04 -5.497152596512155584e-04 -5.983163341215351223e-04 -6.501078730707135185e-04 -6.954187850613523540e-04 -7.344797371882548975e-04 -7.637267831687443191e-04 -7.797681723658492605e-04 -7.850372675165898659e-04 -7.812288818815486032e-04 -7.697703617494667779e-04 -7.494426759560083012e-04 -7.188294684738894946e-04 -6.817320843507758193e-04 -6.408339946298404529e-04 -5.944478466734067412e-04 -5.496786016643248661e-04 -5.105819326345542976e-04 -4.786189270409299599e-04 -4.574026444380057082e-04 -4.466763505537983008e-04
-4.783539085954194347e-04 -4.865653968763791466e-04 -5.023135696921554290e-04 -5.280004772371327737e-04 -5.625306078997881210e-04 -6.031367409485622645e-04 -6.454606386247486137e-04 -6.818615318933533322e-04 -7.141507355014177841e-04 -7.401786179447682450e-04 -7.543235897048200175e-04 -7.568614191128856215e-04 -7.513852074218827599e-04 -7.407295768619584584e-04 -7.222463002569102196e-04 -6.952180379952852462e-04 -6.639630187676515485e-04 -6.306379917489855335e-04 -5.929248587276018207e-04 -5.570369220369490813e-04 -5.273633806665273651e-04 -5.035219866745196948e-04 -4.868974520188315688e-04 -4.783335952939146967e-04
-5.263812569613270272e-04 -5.320277486799679769e-04 -5.430363572771700845e-04 -5.582989401995937847e-04 -5.764874278867051106e-04 -5.982672730383331366e-04 -6.221861087539758183e-04 -6.441357171014456054e-04 -6.641990590038484394e-04 -6.816320290493944499e-04 -6.913441295627860503e-04 -6.923826333973804020e-04 -6.860712540294024511e-04 -6.750449787548051458e-04 -6.588584231960147031e-04 -6.376276632483663699e-04 -6.153415761779307139e-04 -5.932137118447293076e-04 -5.716792789511207333e-04 -5.543141205524220816e-04 -5.418749756313805035e-04 -5.329023622254834688e-04 -5.268353547671822314e-04 -5.249464600298070927e-04
-5.814630679538296829e-04 -5.826900135056129349e-04 -5.861341016269414365e-04 -5.894418447334804408e-04 -5.903435563640621435e-04 -5.904361619492987621e-04 -5.922195660406396559e-04 -5.966203305091061573e-04 -6.014474047602560904e-04 -6.058669682261869863e-04 -6.080805457997888203e-04 -6.083224663465934025e-04 -6.030406159206809936e-04 -5.930634360082114248e-04 -5.822191877171579294e-04 -5.708559305525045136e-04 -5.617869552884229012e-04 -5.556019660113201662e-04 -5.550005775743160029e-04 -5.591753733258691050e-04 -5.651575995290118812e-04 -5.716924866344558773e-04 -5.765561816203948172e-04 -5.802621696955147018e-04
-6.266177105658421627e-04 -6.231360833107600292e-04 -6.187266243162073453e-04 -6.115792120740744546e-04 -5.984825432225592814e-04 -5.801763048158377822e-04 -5.599677239711231503e-04 -5.438181423626457095e-04 -5.304074467646020851e-04 -5.196685186361077327e-04 -5.130949054382397557e-04 -5.112515748655744154e-04 -5.080922602093076871e-04 -5.026388571458067188e-04 -5.006115976093310346e-04 -5.029188654377028233e-04 -5.111983649131957236e-04 -5.250876136254119123e-04 -5.460551896137260221e-04 -5.689104165197371573e-04 -5.904544908512704589e-04 -6.093392568056227483e-04 -6.216779339067294609e-04 -6.275230844652719643e-04
-6.535162838327488984e-04 -6.464526594989472574e-04 -6.357737332210674792e-04 -6.201009725868444509e-04 -5.968835483849839994e-04 -5.666497166239849951e-04 -5.287334104432987953e-04 -4.917897272650404708e-04 -4.593697664237973103e-04 -4.349643685702226053e-04 -4.212928784594334279e-04 -4.157709036924822133e-04 -4.167998881717572017e-04 -4.221151513930259161e-04 -4.325603559524893995e-04 -4.497085031794732920e-04 -4.747085683675925289e-04 -5.063705419520597457e-04 -5.425311115545791187e-04 -5.762308926367030017e-04 -6.073134027305780031e-04 -6.332158914976460107e-04 -6.490538950929646131e-04 -6.557620092401112268e-04
-6.502832545379653387e-04 -6.421016257410890006e-04 -6.280747288999347176e-04 -6.066184222881311787e-04 -5.774444418960324437e-04 -5.420408414467929202e-04 -4.968885541085772900e-04 -4.509954089960614525e-04 -4.108830826459731436e-04 -3.826362279384434568e-04 -3.681337616484829244e-04 -3.619173364876310099e-04 -3.670547682349041985e-04 -3.805147698346648022e-04 -3.982190964893501505e-04 -4.215808759745754948e-04 -4.519472120985368281e-04 -4.883540116883511133e-04 -5.275198419003121085e-04 -5.633311615427379852e-04 -5.970315563954405004e-04 -6.252722270252810202e-04 -6.428362703038200537e-04 -6.513335179547166936e-04
-6.212890125739122015e-04 -6.134835751906183958e-04 -5.976029036628468377e-04 -5.729453961512454311e-04 -5.414853538478159268e-04 -5.045824789892438319e-04 -4.605876366195557235e-04 -4.188613875459889255e-04 -3.841730536602622377e-04 -3.610503117530081412e-04 -3.505316506191310079e-04 -3.484355563996330936e-04 -3.559136219312330411e-04 -3.691679536068876257e-04 -3.857809940541969307e-04 -4.060959592797507207e-04 -4.316580816063265882e-04 -4.626392224682603256e-04 -4.976972170001753857e-04 -5.315643673571556491e-04 -5.638269391229382881e-04 -5.921183234014510029e-04 -6.108891777807572230e-04 -6.206563303529506444e-04
-5.691250796962223557e-04 -5.621100626024621650e-04 -5.456620664752582757e-04 -5.196180949261315282e-04 -4.884831079833931201e-04 -4.539217553782927731e-04 -4.191728814294651056e-04 -3.924104420805884369e-04 -3.731202449942541645e-04 -3.617021111986067875e-04 -3.572088596753604929e-04 -3.589249423902753479e-04 -3.642183016899089775e-04 -3.705903834087318611e-04 -3.798403938116766778e-04 -3.911866511906817996e-04 -4.061924856034835208e-04 -4.261606887773886662e-04 -4.526373423434488738e-04 -4.813879844646467426e-04 -5.094550462309251418e-04 -5.360288785356165679e-04 -5.554387911042523145e-04 -5.666042029520109487e-04
-5.060476609518654249e-04 -4.987773971427367182e-04 -4.815886306224322825e-04 -4.542713250271185701e-04 -4.241291928560786862e-04 -3.938068413062404565e-04 -3.687314310582353477e-04 -3.543509766360630037e-04 -3.470543222004254260e-04 -3.447722183470157864e-04 -3.434265724112739535e-04 -3.437272695759868561e-04 -3.437158514689965180e-04 -3.442590493592070141e-04 -3.476042320417438393e-04 -3.531432335301756559e-04 -3.622774508375749421e-04 -3.760821822880638975e-04 -3.966415678792476807e-04 -4.209417744431422450e-04 -4.458940509261476409e-04 -4.707494004433053752e-04 -4.899268762785804164e-04 -5.023151597449201228e-04
-4.335506362675310612e-04 -4.255727937785533420e-04 -4.071909249006680801e-04 -3.789138211757048366e-04 -3.508439475739186784e-04 -3.258400008768978220e-04 -3.086167762259449041e-04 -3.018963467253813816e-04 -3.018712749353448326e-04 -3.054920060374699303e-04 -3.055495357209224959e-04 -3.026904173671231117e-04 -2.974801001586848174e-04 -2.941506007989447410e-04 -2.935471423397354980e-04 -2.961295688101513884e-04 -3.031373441786012362e-04 -3.145237790721268898e-04 -3.315695714346639472e-04 -3.524815167672615528e-04 -3.753811822930003999e-04 -3.985870272202325757e-04 -4.166078483913565611e-04 -4.292947855454871519e-04
-3.527044727081320944e-04 -3.434764216729123561e-04 -3.244501633775845177e-04 -2.965054859486763398e-04 -2.707318597055160527e-04 -2.499459866280187115e-04 -2.375114500328567749e-04 -2.341743143335296348e-04 -2.368196843511976559e-04 -2.419231571725529210e-04 -2.415244220972908901e-04 -2.364944451386179311e-04 -2.282732840443617360e-04 -2.225868578949567473e-04 -2.199037486360534298e-04 -2.217155124650365934e-04 -2.296694274782622603e-04 -2.428230301771308977e-04 -2.608779460118911269e-04 -2.808431566853364391e-04 -3.020200306481493949e-04 -3.233393710054832410e-04 -3.396768605474413758e-04 -3.503935904322383159e-04
-2.753140184579610985e-04 -2.630616471905570402e-04 -2.427082305983759871e-04 -2.148581406878084170e-04 -1.897761060053580902e-04 -1.702793307268021870e-04 -1.595318837430535644e-04 -1.570537535056456711e-04 -1.595208672741769984e-04 -1.632251948231712099e-04 -1.618347243196574710e-04 -1.569468153781214783e-04 -1.487031065728538159e-04 -1.424520363040503667e-04 -1.398347787974859495e-04 -1.425362568625447622e-04 -1.531813098961409575e-04 -1.709599615545284246e-04 -1.946658101496073464e-04 -2.176915811186269601e-04 -2.390412512954368288e-04 -2.587544795606799408e-04 -2.723509770414350413e-04 -2.782976552327523284e-04
-2.042437558468692543e-04 -1.868727566234015011e-04 -1.630978740104878583e-04 -1.336158232635735650e-04 -1.078665911563374914e-04 -8.830012469122741397e-05 -7.736768801096646959e-05 -7.336319360512252971e-05 -7.326668149416178859e-05 -7.438961044371014306e-05 -7.202826748813017895e-05 -6.730328953991671678e-05 -6.020989927438186770e-05 -5.571905441148304318e-05 -5.549251818256062516e-05 -6.123367735748602020e-05 -7.654493263373155919e-05 -1.009236974739165493e-04 -1.328429436918448147e-04 -1.620791404592213255e-04 -1.867514723528106212e-04 -2.056174233339443764e-04 -2.148407328666769817e-04 -2.143851634776949920e-04
-1.429966278318618549e-04 -1.180222779266435211e-04 -8.803495166721850404e-05 -5.496960877226674989e-05 -2.742548427737189222e-05 -6.334030142381833254e-06 6.967800727901645615e-06 1.457392192007297467e-05 1.851925753446534824e-05 2.038542260421619408e-05 2.353350150051697641e-05 2.750224064729417416e-05 3.232744975987218521e-05 3.360876353664177046e-05 2.984358382840868854e-05 1.869213973633218205e-05 -3.360834589676634988e-06 -3.514732353413990929e-05 -7.598979335124002939e-05 -1.135137099995705385e-04 -1.442717625444801300e-04 -1.639531416997154858e-04 -1.687228526116644589e-04 -1.616133729487097693e-04
-8.264080370697064011e-05 -5.070859060427586969e-05 -1.484805328252171631e-05 2.182477516090939186e-05 5.156742139379965191e-05 7.491509406945892494e-05 9.137866951927514918e-05 1.026016375202016846e-04 1.096209516665016767e-04 1.136377451253784413e-04 1.169561439464650684e-04 1.191430569791025149e-04 1.208176737791584487e-04 1.183433332014814090e-04 1.098886253084865384e-04 9.245778148200099072e-05 6.368736686726091036e-05 2.578533846418449991e-05 -2.097528306716630670e-05 -6.353421352470631721e-05 -9.781104550113571224e-05 -1.182987483174348440e-04 -1.205208301476829678e-04 -1.084921577289261021e-04
-1.669606361320094009e-05 2.011470679756824123e-05 5.976914929224953223e-05 9.920649442384915076e-05 1.315410305635151178e-04 1.575382899486239027e-04 1.771796171472316125e-04 1.916580781266506435e-04 2.013900169745954706e-04 2.070781440829809234e-04 2.099696271798817411e-04 2.097774784494077179e-04 2.074425719577423276e-04 2.000919507161918402e-04 1.858270883290083682e-04 1.619688632143583289e-04 1.273056715128028304e-04 8.411276685302911289e-05 3.382472589322191471e-05 -9.812417003854808937e-06 -4.365122704213118869e-05 -6.347500836581057852e-05 -6.416577217666347805e-05 -4.823421806441008852e-05
