4.554375727101361751e-05 6.029749586857877824e-05 8.024484427687376747e-05 1.051395865709321231e-04 1.316112529164102651e-04 1.587825692934932589e-04 1.852413485915189019e-04 2.030647588820817741e-04 2.110240432997091730e-04 2.101341204522142879e-04 2.099225349157002221e-04 2.125502162743882803e-04 2.215063846894944010e-04 2.291853166166826555e-04 2.295625507132919674e-04 2.174398229462054196e-04 1.912003957014978938e-04 1.555036204743111771e-04 1.136738740973917787e-04 7.939777525380342660e-05 5.391315333848769686e-05 3.889004138307204715e-05 3.355732659084856675e-05 3.598793833128714081e-05
1.417809077892283245e-04 1.571343206892003911e-04 1.754894576614128630e-04 1.975595488389537328e-04 2.174369975723671562e-04 2.324393748454131202e-04 2.406668285028266225e-04 2.423369396941774839e-04 2.394220876245873675e-04 2.331874209075761968e-04 2.307163915281682355e-04 2.331050015345186043e-04 2.439139661900109265e-04 2.573430344388853296e-04 2.678980739991717284e-04 2.694598111579332451e-04 2.552515654819815659e-04 2.291337172065239776e-04 1.941448031287955269e-04 1.642905967994927330e-04 1.412011526049462634e-04 1.276180145622188864e-04 1.245651794770538353e-04 1.296424356009694557e-04
2.574299520892825129e-04 2.725098324218247102e-04 2.883995510881179032e-04 3.055538266674901241e-04 3.155279356953733590e-04 3.150522517709167963e-04 3.038459195189369740e-04 2.902669331669788179e-04 2.773821461660743153e-04 2.671674104916725123e-04 2.642620855377190233e-04 2.682367724600801515e-04 2.807810344779656966e-04 2.979000930241920589e-04 3.165727920238213555e-04 3.318174603769035759e-04 3.316974748309872928e-04 3.172156320685383824e-04 2.909541150917721109e-04 2.672378523190179107e-04 2.482596368875035877e-04 2.368444960585172317e-04 2.358115362402531524e-04 2.432754323074883549e-04
3.917329339133833097e-04 4.065914058332290937e-04 4.189827608382531120e-04 4.259240003987242902e-04 4.200024930161770317e-04 4.017303600541868142e-04 3.728134402603481396e-04 3.461028483224649422e-04 3.241764503888778528e-04 3.105702780081577574e-04 3.083462097976524276e-04 3.149888404145734233e-04 3.304938523780375729e-04 3.512883198647628251e-04 3.761855850812047481e-04 4.024299140147146012e-04 4.164085525300175090e-04 4.163396499280040469e-04 4.026511077242951597e-04 3.873850853932320551e-04 3.741277345773075420e-04 3.662133231734103402e-04 3.676073765466963223e-04 3.762974685886633064e-04
5.226705937448561596e-04 5.341538478955009826e-04 5.388079603726674384e-04 5.310736141404191453e-04 5.081394884476073473e-04 4.746277934131187142e-04 4.333578377966019416e-04 3.980265641284044722e-04 3.703803111589934428e-04 3.543505767688544857e-04 3.522883706132183090e-04 3.610458646966759663e-04 3.803071544054526464e-04 4.055375469154930677e-04 4.355413825658868026e-04 4.688616170212062052e-04 4.936931771997931599e-04 5.075580830765226252e-04 5.089156763537925005e-04 5.049234237503352806e-04 4.995078058033303658e-04 4.964534273878537301e-04 5.002235421805350038e-04 5.085212965318415676e-04
6.436611346692702176e-04 6.466213861658926670e-04 6.383904712303799852e-04 6.150022689196460099e-04 5.782467692298592053e-04 5.326867564361615270e-04 4.827071091970475884e-04 4.428505978854079613e-04 4.135799339670449977e-04 3.969969690740491339e-04 3.947418438995337975e-04 4.052594203757797493e-04 4.275862559072738690e-04 4.562258906691878612e-04 4.903096139820917014e-04 5.290502409680601604e-04 5.624503795990517738e-04 5.879647507436446159e-04 6.044251550180998250e-04 6.141043663855410206e-04 6.189281755507478012e-04 6.214972818940565349e-04 6.267726674035700675e-04 6.338072933616530156e-04
7.446718942986876475e-04 7.332028484012632691e-04 7.091892588534772163e-04 6.717472701464703971e-04 6.259546781286930281e-04 5.743879369251548520e-04 5.221092526483618514e-04 4.820052090575335227e-04 4.533091279599037876e-04 4.368158749214018865e-04 4.341948109264632378e-04 4.452075240706370742e-04 4.692714818016731565e-04 5.003884967605104874e-04 5.371417057130457124e-04 5.788452066557600280e-04 6.181773861621550148e-04 6.533836084269172484e-04 6.838608847505831282e-04 7.076104107035916966e-04 7.245689068422188090e-04 7.351096206411091016e-04 7.418362410985601197e-04 7.452434170726923886e-04
8.263441724836885884e-04 8.010846223941244957e-04 7.649357989764022986e-04 7.179740287798515698e-04 6.672514086101704375e-04 6.150423108532623992e-04 5.647973911898850844e-04 5.252450323093728725e-04 4.958440394274125657e-04 4.779823862028847819e-04 4.740987431649857134e-04 4.836180268312337987e-04 5.071695016134980484e-04 5.387132920850258881e-04 5.756068420250307462e-04 6.173699710270130194e-04 6.602249418139445949e-04 7.033926890333161387e-04 7.458755901591779388e-04 7.820163767322082160e-04 8.109269151252491330e-04 8.314002055734457872e-04 8.408276227840113647e-04 8.395466247575378467e-04
8.989243982290696759e-04 8.634533429851199348e-04 8.187482847352154421e-04 7.652003763960440585e-04 7.118360157305517145e-04 6.612728490763662573e-04 6.139345676480544370e-04 5.743913530650651906e-04 5.437429079859812690e-04 5.235817802181611967e-04 5.171159498355624821e-04 5.238221957221455899e-04 5.449422135995256279e-04 5.743944399732586617e-04 6.089099912902479466e-04 6.484829322622386819e-04 6.928794017616730612e-04 7.420273813676202387e-04 7.953388384131634741e-04 8.434980404092209255e-04 8.839877758596811127e-04 9.146408900567866125e-04 9.276364434166661441e-04 9.225346107857864504e-04
9.706598227682142546e-04 9.286943067093538602e-04 8.773293074273182373e-04 8.192998723325877874e-04 7.650390363881831753e-04 7.152894305046309962e-04 6.691073223779571769e-04 6.292440522051071482e-04 5.975604656890370469e-04 5.754018258860583426e-04 5.658783920440954487e-04 5.686816541894780053e-04 5.842040406994329247e-04 6.079614581218190875e-04 6.380667802620289914e-04 6.749952636795305324e-04 7.199434296343738826e-04 7.728348619871086653e-04 8.346616176320527034e-04 8.943098521102404736e-04 9.470828937076984731e-04 9.881544543940223944e-04 1.005410355650876789e-03 9.996388260025551586e-04
1.056509895723821467e-03 1.012011829899513637e-03 9.561280500953864888e-04 8.948557092086813214e-04 8.394668156453207906e-04 7.877215526433699929e-04 7.397518147581068739e-04 6.988294604113557285e-04 6.659132145217804043e-04 6.418118111848781105e-04 6.286707584517459710e-04 6.263964915772517617e-04 6.344012224160063343e-04 6.514374856681659932e-04 6.776772477125050324e-04 7.133962002478280153e-04 7.591077531599320664e-04 8.147073513786116635e-04 8.819335578431806121e-04 9.497347681846676076e-04 1.012688551340768048e-03 1.063641189490186281e-03 1.087104340536744831e-03 1.085068941603015407e-03
1.153213849070074603e-03 1.110088721464724728e-03 1.053591649122910361e-03 9.908553918931840409e-04 9.339909316243696566e-04 8.799025024175228474e-04 8.294268908929206029e-04 7.863564736972665156e-04 7.511185897591841432e-04 7.238137298552272704e-04 7.056226508396654063e-04 6.968384475540339521e-04 6.970680823104969748e-04 7.083007179615078775e-04 7.315924464790534744e-04 7.663709803053501838e-04 8.124666179519415398e-04 8.703950798137925554e-04 9.407735476028128126e-04 1.012612657040025226e-03 1.081632104987194408e-03 1.141678412010731876e-03 1.173889072436619645e-03 1.178130063807106840e-03
1.263070504793921542e-03 1.226202098860091792e-03 1.174950621068571914e-03 1.114133084041596822e-03 1.055219706872187338e-03 9.972168833024491839e-04 9.424100113925445391e-04 8.952117905460963906e-04 8.548077225041529311e-04 8.210225034323369699e-04 7.955249233551787025e-04 7.790465494485643728e-04 7.725591580337778236e-04 7.798690722034658457e-04 8.012732900005601570e-04 8.366208109299939953e-04 8.841600805890964228e-04 9.434582480053784869e-04 1.015109752853929955e-03 1.087900044931499862e-03 1.157496501161915615e-03 1.221309457987053513e-03 1.262482194705096331e-03 1.277985467973561523e-03
1.352951410673921108e-03 1.326732888494456565e-03 1.286095270971494712e-03 1.232642219723890063e-03 1.175723454890157272e-03 1.116851888230947429e-03 1.059640390741170037e-03 1.009221789113413535e-03 9.636941545836306923e-04 9.234918881714721580e-04 8.922245974388166813e-04 8.706610838866400432e-04 8.606794992719182325e-04 8.664838590153874998e-04 8.875973498336516910e-04 9.246942634986250395e-04 9.735424511534624455e-04 1.032056904740635220e-03 1.101987395173262187e-03 1.171606760309551812e-03 1.235256175189122438e-03 1.292434419463933714e-03 1.333670505954411738e-03 1.356308659282070206e-03
1.409514927315977210e-03 1.397197615048991533e-03 1.370425183952701364e-03 1.328866446641218096e-03 1.279750624298549560e-03 1.225818644705255374e-03 1.170486973156716331e-03 1.119608563634483939e-03 1.071717935503694718e-03 1.028291547955823265e-03 9.948798260900981825e-04 9.718564524147871656e-04 9.610095849360678717e-04 9.669409314027675294e-04 9.893962363916504205e-04 1.028072988058967643e-03 1.076258443093700045e-03 1.132017532235923656e-03 1.196493382476739161e-03 1.257446219735814785e-03 1.309652992328605913e-03 1.352643324424905938e-03 1.384331962367381895e-03 1.404494197433797014e-03
1.419169165867833647e-03 1.416444269590537604e-03 1.402264040800085603e-03 1.376170318674695917e-03 1.342718986566823368e-03 1.303886833082401435e-03 1.259444247136042722e-03 1.215059753511969721e-03 1.172852471556977980e-03 1.134193658632225718e-03 1.105143502161905211e-03 1.086350807259587985e-03 1.080199449490684476e-03 1.089639927941148285e-03 1.113271866740887274e-03 1.151427891043074617e-03 1.196486787691630532e-03 1.245575527148021049e-03 1.296338102338067885e-03 1.339129552185189817e-03 1.373090896738041232e-03 1.396218697048216308e-03 1.409680548020484422e-03 1.415869086904838732e-03
1.409231213137588246e-03 1.405005394886506493e-03 1.395359840240373035e-03 1.380362891450637695e-03 1.361344255161153717e-03 1.338678824668422356e-03 1.309576707489263150e-03 1.278617442724276848e-03 1.250117435890178361e-03 1.224320684511288459e-03 1.206366083124376905e-03 1.197722599050712704e-03 1.201375831377606701e-03 1.216576169537176427e-03 1.240088144252816590e-03 1.273943145878414637e-03 1.311183616021944012e-03 1.347458978198841318e-03 1.378340892048570245e-03 1.399886634440594170e-03 1.415210304691939076e-03 1.422316835488863064e-03 1.421493785338094271e-03 1.414832074388948759e-03
1.402398653580196703e-03 1.390877180792528516e-03 1.379971567727912660e-03 1.370015962963365983e-03 1.359113896434140361e-03 1.346299062874969357e-03 1.330744697322888909e-03 1.315941353194878235e-03 1.303879313259561929e-03 1.294274604516378784e-03 1.291344828614677566e-03 1.296779825771467555e-03 1.312264275612989731e-03 1.333348457917524254e-03 1.356864452984925121e-03 1.384009237275425066e-03 1.408488907161050763e-03 1.427008518305577936e-03 1.437064476464979933e-03 1.440416296454765169e-03 1.440154077457462449e-03 1.436373981620264794e-03 1.428483531051858661e-03 1.416189070974613329e-03
1.408303325524916990e-03 1.390785809262114637e-03 1.376474907957511186e-03 1.366123620029702614e-03 1.356978202287434203e-03 1.347367741915024781e-03 1.339504712364626531e-03 1.336090540150299769e-03 1.335813227324580315e-03 1.340130377517994437e-03 1.352013840372435919e-03 1.370996628804675623e-03 1.396278418826060568e-03 1.421546550179403432e-03 1.445497126767629394e-03 1.464076774147544165e-03 1.472620858072883152e-03 1.473627874904752518e-03 1.469252026221556061e-03 1.463459930394051369e-03 1.455419591967421159e-03 1.447226337300270855e-03 1.438103988214182180e-03 1.425698492291077027e-03
1.430544806412924891e-03 1.414017175427868681e-03 1.399842073753199828e-03 1.388935472235744862e-03 1.380055258139837237e-03 1.371871423040094910e-03 1.366359154036463639e-03 1.365730609520789856e-03 1.368747988523742265e-03 1.378468184373309469e-03 1.396292835583898230e-03 1.419632261665655388e-03 1.446632952630649708e-03 1.470956477804595411e-03 1.492343536950663111e-03 1.503835233719990434e-03 1.503361817865678327e-03 1.497192268987621510e-03 1.489874645557791658e-03 1.484087535111402274e-03 1.476175741688220099e-03 1.467681922939068247e-03 1.458342536509361952e-03 1.446527077296746663e-03
1.460691117062020523e-03 1.446940395713812921e-03 1.434688118028181131e-03 1.424207302626701727e-03 1.415767467229297203e-03 1.409185432454364284e-03 1.404918993751356603e-03 1.404691041389904320e-03 1.408618076677097984e-03 1.418739793164217923e-03 1.434887618238184746e-03 1.454965667476690360e-03 1.477652470935472999e-03 1.496583827523148861e-03 1.510959806820185184e-03 1.517397166154396421e-03 1.516421039278247973e-03 1.511589713448079943e-03 1.507179531919257539e-03 1.504581051391450401e-03 1.499981447509182763e-03 1.493173876815537043e-03 1.484407432779758732e-03 1.473971990015179997e-03
1.499377641783227995e-03 1.489359847600643313e-03 1.479147797808262913e-03 1.469016758518731838e-03 1.460863611454324851e-03 1.455045384409822630e-03 1.451213582470656585e-03 1.450783345800589312e-03 1.454574882702109901e-03 1.462371539498150000e-03 1.472722774842606186e-03 1.485361728630513059e-03 1.499603691502473515e-03 1.510344249382960732e-03 1.516566640272861430e-03 1.519879174620615515e-03 1.522167458902356054e-03 1.522451718161686989e-03 1.522761462813799083e-03 1.523998798009608847e-03 1.524434915050899278e-03 1.522147610228997494e-03 1.516375920252765411e-03 1.508788394400495825e-03
1.537380086680030424e-03 1.530988547688011750e-03 1.521871440189266275e-03 1.511684214333547773e-03 1.504066849392249761e-03 1.498577221639416307e-03 1.495501002041359478e-03 1.496127098672321923e-03 1.500599476590738258e-03 1.507250729205419264e-03 1.513636588831702859e-03 1.520609706165890326e-03 1.527233238653268608e-03 1.530948116667121351e-03 1.531838159553255583e-03 1.532098485765199516e-03 1.533740763227056875e-03 1.535240429460000980e-03 1.536562531072671947e-03 1.538920300954028019e-03 1.542753103458414585e-03 1.546100694758260159e-03 1.545669362217827513e-03 1.542321445452775721e-03
1.570988302809230757e-03 1.568593124028439716e-03 1.560941063843990576e-03 1.551238814228897336e-03 1.544869452003671617e-03 1.540420644135469816e-03 1.538504595451110294e-03 1.540283981935314673e-03 1.545534157422838971e-03 1.551246795288700395e-03 1.553983901509677773e-03 1.555607804703011991e-03 1.555189936066453307e-03 1.552716570422096702e-03 1.549111701512889596e-03 1.545877571967145493e-03 1.545151911156938561e-03 1.546145052911314290e-03 1.546968656798449956e-03 1.549147083445344669e-03 1.555076793492819699e-03 1.563753576296939181e-03 1.569350969877366742e-03 1.570931030884592646e-03
1.600082564096720139e-03 1.600190824607808935e-03 1.596699878919112222e-03 1.590963249431362426e-03 1.586588756542741535e-03 1.583425484651912419e-03 1.583778617773264714e-03 1.587636563467486987e-03 1.592690273573752532e-03 1.596682844746988381e-03 1.596254016016998350e-03 1.592540603738789359e-03 1.585273019877196351e-03 1.576827624947659424e-03 1.568266127157157434e-03 1.560724068047800780e-03 1.556224978092541136e-03 1.554307825906917941e-03 1.554412696005594546e-03 1.557329451512521256e-03 1.563881295621017721e-03 1.575099340910837264e-03 1.586394184041903764e-03 1.595204911321105191e-03
1.589528176565601107e-03 1.593238708727245153e-03 1.599196697993781257e-03 1.605458804570941049e-03 1.610339238463131747e-03 1.615219409466089493e-03 1.623289847728224189e-03 1.632316656051679754e-03 1.638364671888759916e-03 1.641124763879126284e-03 1.638385863497192818e-03 1.629720079261434739e-03 1.615773371415676245e-03 1.601156927413240018e-03 1.586761849494742463e-03 1.573911259803718573e-03 1.564274229566901776e-03 1.557083993716334167e-03 1.554494554717498296e-03 1.555515652950206860e-03 1.557663199408914441e-03 1.563000193873581621e-03 1.571944099629251929e-03 1.582571071324312189e-03
1.527733301631017558e-03 1.538871881501242909e-03 1.558104581781037017e-03 1.582976549964383757e-03 1.606508385661913844e-03 1.628828474583186468e-03 1.650806289816100694e-03 1.667985629404254494e-03 1.678011619607615084e-03 1.681438074452400568e-03 1.677203117857634833e-03 1.664398977103439268e-03 1.644322048323451938e-03 1.623818345908877242e-03 1.603873478523145605e-03 1.585022607679067389e-03 1.568580345357158861e-03 1.554449734038112693e-03 1.545314678927497878e-03 1.538404797660989070e-03 1.530112724244909409e-03 1.521750450877245578e-03 1.518742307468160749e-03 1.521584411789720899e-03
1.409673163207086476e-03 1.431288826732106129e-03 1.465139627749698862e-03 1.512094072224508994e-03 1.562052862900434672e-03 1.610781061394131464e-03 1.654867597307419207e-03 1.687082553864681237e-03 1.708427029205559838e-03 1.716765692060673830e-03 1.712591920194309492e-03 1.698205504130609160e-03 1.675101548634215336e-03 1.650429762065165661e-03 1.625078275778830831e-03 1.600125537202612674e-03 1.576162918355906170e-03 1.552309095817774702e-03 1.527421058039000849e-03 1.500436658465202676e-03 1.472144859794134860e-03 1.441965496609184244e-03 1.418719909700264696e-03 1.405928711413961894e-03
1.277886607714600210e-03 1.307411189722650210e-03 1.351606280084606104e-03 1.413081530609025093e-03 1.480791460700116909e-03 1.548444591684061938e-03 1.610956854000564686e-03 1.657773205994127110e-03 1.690459370006543475e-03 1.704615926515810290e-03 1.702697568532131290e-03 1.689921946580910054e-03 1.668037940776683804e-03 1.642567820479276693e-03 1.613603462027425346e-03 1.583226653105793916e-03 1.550936745057755880e-03 1.514485067313105487e-03 1.469620461144284258e-03 1.420477374360930778e-03 1.372685114960481897e-03 1.326165900446688375e-03 1.291528226743850162e-03 1.272386041656317201e-03
1.151578026713038138e-03 1.185347701771509183e-03 1.236223256045219368e-03 1.304118058257682043e-03 1.377040444473420474e-03 1.451079824657093564e-03 1.522362101224473008e-03 1.577007107640176565e-03 1.614262219309971214e-03 1.631681965494567385e-03 1.633682354450085401e-03 1.624180859667854072e-03 1.605590749526735871e-03 1.581806854386339509e-03 1.551714182654339831e-03 1.516260731436993182e-03 1.473853831401652397e-03 1.423014595664512513e-03 1.360967155204030003e-03 1.297042552193865489e-03 1.237127003046779600e-03 1.184576467494833328e-03 1.151786596596711615e-03 1.139533314306583663e-03
1.035790099803979292e-03 1.073663503912576254e-03 1.127933169870518493e-03 1.195955672835327449e-03 1.265040800217715703e-03 1.333601905997068180e-03 1.398651661601922440e-03 1.447601223349660564e-03 1.479241638584206193e-03 1.494607166070057022e-03 1.498486694744026893e-03 1.491442262153887081e-03 1.475692945207602528e-03 1.453117436074033734e-03 1.422122888568170922e-03 1.380051829467578151e-03 1.326732446604031923e-03 1.264764942477225639e-03 1.195673308446441310e-03 1.131351900511533455e-03 1.074241512646504325e-03 1.030714969109250163e-03 1.011496892345092966e-03 1.013789332244577519e-03
9.310280959829385881e-04 9.740288003229008798e-04 1.029571160919090511e-03 1.095976218912896082e-03 1.160102847747102647e-03 1.219249630761250246e-03 1.270020271217416541e-03 1.305733696018397325e-03 1.327559177536378901e-03 1.337345432278005475e-03 1.338665795295558960e-03 1.330862661766488110e-03 1.314771222581256980e-03 1.289865332527445748e-03 1.255134418977117087e-03 1.206412858405526371e-03 1.147462573649316768e-03 1.083703162512113238e-03 1.018725670677610076e-03 9.643544874340313463e-04 9.209400301937566494e-04 8.936456601833160955e-04 8.880667874869187369e-04 9.009051875727718981e-04
8.324177586468396945e-04 8.784351846942722473e-04 9.331396614048134436e-04 9.958882936825183031e-04 1.053089041002243376e-03 1.100854118284886295e-03 1.136964519476344609e-03 1.160646942064826959e-03 1.173862624600503822e-03 1.177904708390541989e-03 1.175130974602691877e-03 1.165034208985702780e-03 1.147034842911791048e-03 1.118201893787255236e-03 1.078137936041979232e-03 1.025124064715460725e-03 9.668559376492099830e-04 9.076176790842319835e-04 8.509076569380301554e-04 8.084802937871972449e-04 7.807553625730939998e-04 7.695388543258579453e-04 7.752969667685862725e-04 7.963791081121734559e-04
7.367340300240457062e-04 7.830762600044904398e-04 8.344931175387732642e-04 8.887567642898815861e-04 9.349661419279152409e-04 9.717154026799197392e-04 9.974347703774486332e-04 1.012718901694360362e-03 1.019335791690389147e-03 1.018635522456417695e-03 1.012000982668903593e-03 9.985430531291160806e-04 9.768401692284260640e-04 9.439193944777837580e-04 9.002113146561348516e-04 8.471901186473125133e-04 7.945160242638885269e-04 7.439349152262206798e-04 6.988444022011913032e-04 6.694791818253285074e-04 6.558532089772590784e-04 6.574900356585494047e-04 6.716328038825444303e-04 6.978390089854598485e-04
6.407396535349704769e-04 6.824214709274622863e-04 7.258076752483704278e-04 7.674475721714249174e-04 8.022729817251402331e-04 8.320452049119574176e-04 8.548283488496586551e-04 8.680452179979919599e-04 8.727726400590912975e-04 8.706954672967688776e-04 8.624623572894292000e-04 8.466046769660612661e-04 8.216890792946241568e-04 7.870635573766515160e-04 7.439441226113626500e-04 6.942976792950810924e-04 6.477798301776365071e-04 6.056422052126482925e-04 5.715918887165601786e-04 5.528940921574015651e-04 5.482634683747380881e-04 5.573785847705352466e-04 5.761656842997475193e-04 6.035882805453943786e-04
5.465806014247231353e-04 5.784336960433573331e-04 6.086209369649861044e-04 6.365178306602737104e-04 6.628890755161490544e-04 6.886140645242571842e-04 7.123273325372081769e-04 7.282798318006389717e-04 7.359206782104855352e-04 7.354532124698892918e-04 7.267918610592018734e-04 7.097047587687315686e-04 6.830591693356507198e-04 6.485240154520768331e-04 6.077883409448772050e-04 5.626709627735023388e-04 5.228228686250394530e-04 4.896422374357331693e-04 4.655436422604686698e-04 4.548228093987771313e-04 4.564970745622828245e-04 4.700688110698573530e-04 4.901473628180643511e-04 5.154334711202202381e-04
4.549919889737050346e-04 4.704050636172186638e-04 4.840114369976598039e-04 4.995084168490718235e-04 5.207446451634170073e-04 5.453056948706388367e-04 5.728803557150969217e-04 5.952096501145700061e-04 6.098517957972922256e-04 6.146973051026611125e-04 6.080066085167988186e-04 5.913093371956821154e-04 5.646257016040402959e-04 5.319738153834790897e-04 4.946728392831372745e-04 4.546387678228613828e-04 4.213701376439464921e-04 3.961171331069780516e-04 3.803369625548122220e-04 3.756677281422798626e-04 3.811982555781350630e-04 3.965848054674470363e-04 4.153858075878559043e-04 4.357978112601723500e-04
3.630876427751052789e-04 3.639111667568066793e-04 3.660165349687228989e-04 3.741385164424786136e-04 3.924607620216881746e-04 4.176430529559314007e-04 4.497085929528102225e-04 4.785503969884993152e-04 5.007762663474551361e-04 5.130062854587080909e-04 5.109271239179759196e-04 4.964809204948008150e-04 4.705790432132116500e-04 4.396170580232060341e-04 4.048154522174201328e-04 3.685498330801215139e-04 3.400184502237647735e-04 3.199117795682337312e-04 3.099116392018934634e-04 3.093103681586743142e-04 3.161902613615216111e-04 3.305688210388366328e-04 3.452195477888029412e-04 3.577161062490800112e-04
2.691703897462513853e-04 2.615184082329975626e-04 2.582368164432457592e-04 2.627736475827360785e-04 2.796475613467347757e-04 3.069167444279240491e-04 3.442704681651768549e-04 3.797537400930636915e-04 4.096922913842347409e-04 4.301177864990230696e-04 4.341431341427414640e-04 4.234409727568282924e-04 3.986407209484360060e-04 3.685153969759538770e-04 3.353599216516918403e-04 3.015249393506512542e-04 2.759084126564462333e-04 2.591256847219461043e-04 2.526103023472509772e-04 2.533088414453909523e-04 2.587699471872761513e-04 2.688775178982716254e-04 2.756201249971041594e-04 2.764433939646506930e-04
1.725272413503099733e-04 1.644387724536741180e-04 1.626897844970392028e-04 1.688250517135476394e-04 1.867440897963084908e-04 2.162019630765489695e-04 2.579157582111607397e-04 3.001525839592411333e-04 3.382843899169309934e-04 3.676773360718779107e-04 3.786490028805990790e-04 3.726057571742860805e-04 3.492068072831327205e-04 3.188087611346954869e-04 2.852046130412995298e-04 2.520477377963416883e-04 2.280977123742187725e-04 2.126210209729995104e-04 2.063646250160015784e-04 2.045179070970116336e-04 2.047303666573074073e-04 2.042068946192264261e-04 1.977533785526457751e-04 1.864335567251869559e-04
8.391336939833442515e-05 7.992981275762797710e-05 8.313537399663283988e-05 9.424138677905916008e-05 1.155740699420492650e-04 1.471974961009403916e-04 1.913929119112307180e-04 2.387196360226765041e-04 2.837495279963648067e-04 3.212567875777214794e-04 3.385420996160766710e-04 3.365981593157811808e-04 3.146643109325965998e-04 2.838868894240233220e-04 2.487419955201335825e-04 2.144409066715519509e-04 1.897667156630820310e-04 1.724358426390337155e-04 1.625618531547232777e-04 1.541655062863507054e-04 1.451401561706662253e-04 1.311317680530392070e-04 1.133657909851043565e-04 9.660474273870406229e-05
7.626819697509122875e-06 9.198729183239862152e-06 1.880939348839225921e-05 3.626096398361548811e-05 6.230636265008508798e-05 9.739441211087704981e-05 1.436016353465792580e-04 1.937795608976067242e-04 2.434688419635098382e-04 2.877345643017641640e-04 3.108605171545125614e-04 3.125428778449940333e-04 2.920794956618400157e-04 2.614064325924954054e-04 2.252045266774765951e-04 1.883283542325104069e-04 1.595845238528072923e-04 1.370539954210437327e-04 1.203993957204916232e-04 1.024728603097641196e-04 8.122914092512709529e-05 5.514774524334788706e-05 3.187368379781905191e-05 1.547578575623746370e-05
-5.393713062210634090e-05 -4.688481611325239710e-05 -3.109986472490938188e-05 -7.102542595579809095e-06 2.467921320601338970e-05 6.462302312879830940e-05 1.136873663824565164e-04 1.655280701649635387e-04 2.170719309992963689e-04 2.646048645539868216e-04 2.920915043345667498e-04 2.979008125076816095e-04 2.800859129497144289e-04 2.495217655024962967e-04 2.117802329035880799e-04 1.707884417908517641e-04 1.354155220552446593e-04 1.046907236892238787e-04 7.736628946434091531e-05 4.802253719750109779e-05 1.610066338945466858e-05 -1.573051197858207133e-05 -3.832556227827166892e-05 -5.130483194805132501e-05
-9.346070794104049603e-05 -8.364378640118050150e-05 -6.455610080140691798e-05 -3.625802842098505203e-05 3.407242753186707810e-08 4.397512625255802117e-05 9.564889246985684972e-05 1.480275857018661955e-04 1.986848514069684975e-04 2.452908144953170081e-04 2.741886926064085028e-04 2.831561000432552665e-04 2.689640916530369481e-04 2.395756959564137104e-04 2.008742009464264380e-04 1.567495824068962829e-04 1.161724970098678165e-04 7.824318786220127550e-05 4.101936220336115032e-05 3.706325884423809409e-06 -3.201852638371653295e-05 -6.265145442583794930e-05 -8.246576090547104085e-05 -9.305628688568131962e-05
-1.108999315161957727e-04 -1.003888315932261805e-04 -8.006884042991848174e-05 -4.935546605729005493e-05 -1.025348803172442964e-05 3.598434182566792946e-05 8.834037156052796215e-05 1.391032032197557879e-04 1.867200227733437589e-04 2.301059245360826538e-04 2.579827102814341165e-04 2.676758862857611860e-04 2.568406565785617975e-04 2.305281183593255949e-04 1.927667666650513534e-04 1.474428857891159545e-04 1.036286591846511909e-04 6.046186370932395365e-05 1.638851979221456667e-05 -2.476107868142958889e-05 -6.015618751227314243e-05 -8.734589420071435387e-05 -1.040222307021518549e-04 -1.118667868346537363e-04
-1.063271723340284498e-04 -9.578913623831025238e-05 -7.580454567047100172e-05 -4.485702553825879845e-05 -5.296052061387131807e-06 4.057884092798758714e-05 9.147589703383714470e-05 1.386852729775387306e-04 1.805954440622462855e-04 2.160533797643174997e-04 2.384432567627295342e-04 2.467128311407837523e-04 2.398361924852348355e-04 2.193912071137322660e-04 1.869297408787380915e-04 1.444745433378334513e-04 9.978860916003216407e-05 5.343685367742435877e-05 6.182054451122849964e-06 -3.460229172538712480e-05 -6.722113014872332687e-05 -9.035340513169484115e-05 -1.037783917750678941e-04 -1.087435707996221125e-04
-7.911007111537565273e-05 -6.739809474061152239e-05 -4.750236461058496984e-05 -1.790623440991298332e-05 1.913984755886135209e-05 6.136908554617390588e-05 1.080340137388499991e-04 1.491115107827587567e-04 1.820080020396979694e-04 2.053751647115795447e-04 2.195433411544469183e-04 2.259709682850691292e-04 2.244467928956777160e-04 2.125141508614127365e-04 1.895654073484229966e-04 1.545513698341702377e-04 1.125151286383453670e-04 6.618690639005019298e-05 1.857412824289835502e-05 -2.048829122732005186e-05 -5.072947231562189739e-05 -7.083535456855436256e-05 -8.134097008575063800e-05 -8.373872335387452380e-05
-2.896547044739352638e-05 -1.573098735260217065e-05 4.424448780592976285e-06 3.157790151283747086e-05 6.357795045875852286e-05 9.963039192925301525e-05 1.392934765792210971e-04 1.712308049790240024e-04 1.921053266638818487e-04 2.018154224670208846e-04 2.076376004215506040e-04 2.120989823719479498e-04 2.167172375584851230e-04 2.150011714137929468e-04 2.032693831751428550e-04 1.783027788048441840e-04 1.424245442732648755e-04 9.962816894155153283e-05 5.358116963492352695e-05 1.657987871147592561e-05 -1.094444320131233926e-05 -2.797262446606769496e-05 -3.579545418129019123e-05 -3.586236701718673942e-05
