1.439355322711684691e-05 3.565004636404107779e-05 6.662300781411604220e-05 1.073802957031148723e-04 1.561214047471858859e-04 2.121783083926054390e-04 2.739427770913289485e-04 3.261219942468681211e-04 3.652265838751043688e-04 3.893405060604169425e-04 3.985654925648332981e-04 3.948514938913168324e-04 3.812922693516483338e-04 3.585453750368126306e-04 3.237362369986904534e-04 2.755679209591478098e-04 2.219861364513153333e-04 1.669363875977038128e-04 1.121598169496932187e-04 6.686283931441645444e-05 3.237311707620466413e-05 1.043038908377346010e-05 1.075520075011352775e-06 2.582392780498877528e-06
3.530933977086782348e-05 5.689239397374446677e-05 8.603154590510032971e-05 1.236420133973812740e-04 1.653937539360009852e-04 2.089282021836514833e-04 2.517769448791219353e-04 2.861316348883527353e-04 3.118579030945347751e-04 3.278928011002613064e-04 3.338430902014901660e-04 3.306406392276139755e-04 3.216523254049468740e-04 3.075979141028104295e-04 2.853504498846641058e-04 2.518983643944972353e-04 2.098617913877427613e-04 1.631256771388888186e-04 1.136449376945806316e-04 7.241534789484290163e-05 4.114724997303850909e-05 2.248687846418703464e-05 1.669789063269718323e-05 2.122193769835229392e-05
6.272630629822028962e-05 8.397320822931769008e-05 1.106158373042228201e-04 1.431711701387320573e-04 1.747796269875244142e-04 2.026377046530299141e-04 2.259358327441003992e-04 2.443501335891050592e-04 2.585822183553151510e-04 2.685876617312046985e-04 2.734782545466617567e-04 2.730023523898415360e-04 2.684589887083574920e-04 2.606301381498678780e-04 2.484774254826450338e-04 2.291581267429622934e-04 1.999667999085548019e-04 1.628443549357272814e-04 1.199746709853781945e-04 8.414288293042383672e-05 5.742682323427123419e-05 4.249099671919602365e-05 3.982185317612718309e-05 4.691703771309864017e-05
9.321085883454954921e-05 1.138127521967109381e-04 1.370005081760714233e-04 1.604597796440044969e-04 1.776298303444943374e-04 1.886380953208288995e-04 1.949223823516235492e-04 2.009659055432843440e-04 2.068252618193314868e-04 2.141233701799490411e-04 2.206825021140174504e-04 2.241538291176458980e-04 2.240998666395476791e-04 2.213064409681067817e-04 2.164729787507379513e-04 2.080135645327427121e-04 1.906249737413483192e-04 1.641253803069957662e-04 1.300754763915926821e-04 1.009057638728964114e-04 7.919905121491848082e-05 6.764321068446103662e-05 6.738938152531465196e-05 7.613340455194078627e-05
1.256021306202464928e-04 1.437132029783004658e-04 1.609507794850078806e-04 1.731382452949798388e-04 1.768420883615457264e-04 1.750944195145373540e-04 1.703149988312300427e-04 1.691167545116751690e-04 1.712842358786144468e-04 1.789358579364444285e-04 1.878098239580998732e-04 1.943671200301624630e-04 1.982164757752904766e-04 2.000892114849832002e-04 2.006203709670821534e-04 1.990200125990532589e-04 1.901149224848062784e-04 1.729706376148452463e-04 1.483790544069936370e-04 1.262720487157993794e-04 1.091683494082882141e-04 9.977195078087546204e-05 1.003405784565549591e-04 1.089228133465759468e-04
1.629467600433994140e-04 1.758550232089282038e-04 1.844304320545647269e-04 1.859246878354146740e-04 1.800315027141523273e-04 1.693970794898967387e-04 1.574702088940738002e-04 1.529935332203800717e-04 1.554324758352884064e-04 1.651388199373054469e-04 1.757667005834204297e-04 1.848490462607896376e-04 1.916350475968427039e-04 1.968015188861942132e-04 2.013248742662861147e-04 2.050295593587659216e-04 2.028723709442259568e-04 1.933477956612160485e-04 1.774361789599973745e-04 1.625707706719084619e-04 1.502489752904672988e-04 1.422862269797432278e-04 1.420468377419331716e-04 1.488368107470336725e-04
2.066012398765561416e-04 2.112832708792789849e-04 2.107171345348114548e-04 2.039026664915096333e-04 1.924714380018439897e-04 1.779674705016153554e-04 1.646265812775430726e-04 1.605490624232597957e-04 1.641991940165903280e-04 1.744263986032852122e-04 1.852979178233359536e-04 1.959867430109889881e-04 2.054504060127430181e-04 2.134709150322687337e-04 2.210180742909576804e-04 2.279995736525782630e-04 2.307015558385354490e-04 2.279783785588626068e-04 2.207026925495833569e-04 2.128204550006989953e-04 2.047743342395195944e-04 1.979932798779297917e-04 1.961565184499539582e-04 1.990615091883824275e-04
2.650167479620565199e-04 2.608766923623650862e-04 2.531172018294329095e-04 2.403944671211601146e-04 2.250885534602646760e-04 2.093366251630859203e-04 1.969646440056472246e-04 1.926584875878082747e-04 1.941541533334987418e-04 2.008961930451485470e-04 2.098621297446992280e-04 2.205999193037013937e-04 2.324148119367867534e-04 2.433537096626230177e-04 2.534603296061341098e-04 2.627502441472182471e-04 2.700382772122232882e-04 2.749137977300338334e-04 2.776297898654808498e-04 2.776562515491009793e-04 2.745635312595759024e-04 2.701085772238783649e-04 2.674938586604846697e-04 2.660299170819138107e-04
3.396538508081326955e-04 3.272164784585059071e-04 3.127884035895879523e-04 2.947572924507971780e-04 2.762517042350991453e-04 2.599268257573974692e-04 2.479726710156674591e-04 2.416607031159958327e-04 2.392247290957692308e-04 2.408865938790637077e-04 2.465341018697709955e-04 2.559080096117787701e-04 2.690175284317003913e-04 2.821744541632002648e-04 2.941401740908865356e-04 3.055975982242306859e-04 3.178902316945236817e-04 3.307829995360578226e-04 3.445786933052864516e-04 3.542713516732822073e-04 3.578895293072823186e-04 3.568967010035377623e-04 3.540185786649763396e-04 3.487002581296563407e-04
4.302906703810970989e-04 4.106768692395631505e-04 3.890190664964460958e-04 3.657374276997684900e-04 3.449144886506709637e-04 3.274909290681782357e-04 3.137449781996272261e-04 3.034780202668318160e-04 2.963456207630597665e-04 2.929911569454399754e-04 2.947203990301614494e-04 3.013252264988252487e-04 3.130012396266949317e-04 3.260916821604535371e-04 3.391820350737315636e-04 3.535560310848387920e-04 3.714882690803667170e-04 3.924532159708694077e-04 4.168413055445985629e-04 4.375257306472268804e-04 4.517404551057268213e-04 4.579076235750022543e-04 4.556782569118292638e-04 4.465138840802299752e-04
5.324151547589037756e-04 5.080316342100892188e-04 4.798687814811580994e-04 4.511007630396596290e-04 4.269695739328374781e-04 4.060483793755572269e-04 3.874925903233319069e-04 3.715778477232033173e-04 3.592406209353390988e-04 3.511052420959975395e-04 3.484031316640127051e-04 3.509204309894045463e-04 3.587313809348492482e-04 3.699772272580695255e-04 3.839641443489633229e-04 4.018003825359570211e-04 4.250940470113004441e-04 4.532729225106503414e-04 4.862948230245057145e-04 5.172672090072041960e-04 5.439347532863591118e-04 5.612853150649138459e-04 5.632972904228904188e-04 5.529756188506867705e-04
6.447451646678913637e-04 6.178311231330725324e-04 5.854024188396040078e-04 5.513563099749842905e-04 5.220942508325604166e-04 4.958528013226154354e-04 4.708581997500263581e-04 4.478603437870630651e-04 4.288829610196053161e-04 4.146004134409008671e-04 4.061697717524286803e-04 4.033023641947675736e-04 4.065870800313114682e-04 4.159631670308233512e-04 4.308214851861628535e-04 4.517078706453337995e-04 4.795639349062441256e-04 5.141577123201926348e-04 5.549397418831057910e-04 5.952517516579861620e-04 6.334237786699077784e-04 6.635277931573925394e-04 6.738695664237090519e-04 6.664790519980912575e-04
7.726667706147939598e-04 7.450375741261252649e-04 7.095505838861800550e-04 6.700540965925845223e-04 6.335111144354855150e-04 5.983943414473058987e-04 5.639238978735985246e-04 5.321435281287216403e-04 5.045143601052417019e-04 4.815756505459365473e-04 4.652717329890489173e-04 4.557114618712157809e-04 4.541997654692353807e-04 4.619900968254834627e-04 4.781953453439537899e-04 5.029179704240484879e-04 5.353941007639167592e-04 5.752666531968727345e-04 6.235898668035693738e-04 6.731685153090013378e-04 7.205499508741806253e-04 7.616623354657912947e-04 7.842824292747285807e-04 7.884076570646073425e-04
8.912569593582082101e-04 8.667589097803908051e-04 8.314521350445768606e-04 7.889329789683031252e-04 7.461280802892140615e-04 7.017499747689883924e-04 6.573487820128852020e-04 6.170816831942112831e-04 5.807842857654753983e-04 5.492256903812381538e-04 5.259991060106253844e-04 5.115331683221195852e-04 5.071471837071157103e-04 5.149250137441765398e-04 5.342419725680942798e-04 5.643607134880311051e-04 6.017728932969604750e-04 6.460464109500447735e-04 6.999145476028254377e-04 7.548739006956173541e-04 8.053567215529836140e-04 8.498133427246845053e-04 8.806351269536233416e-04 8.968355292710083288e-04
9.868219893109317093e-04 9.704021995086378923e-04 9.402227531416275114e-04 8.983558810405786960e-04 8.516918584906341735e-04 8.004552130894967239e-04 7.479371265469442068e-04 7.004082167952315266e-04 6.566675081019981855e-04 6.185164657043962146e-04 5.911971740024353017e-04 5.746555292256334563e-04 5.696571550112973070e-04 5.791163214741761262e-04 6.032388283485468463e-04 6.393733020315120431e-04 6.812669274108699210e-04 7.294868063854499521e-04 7.856564295366796902e-04 8.399642180201942476e-04 8.875161549731103855e-04 9.289950042322440635e-04 9.614067310925073244e-04 9.830705601487214115e-04
1.039447981305190085e-03 1.033807643111685952e-03 1.014641592132591811e-03 9.798319356276788666e-04 9.350771721895379971e-04 8.843946940892611535e-04 8.295763679210577156e-04 7.783823619601882649e-04 7.316075323708640847e-04 6.916877665489835425e-04 6.643908866056143919e-04 6.492036125152145449e-04 6.475846045499360302e-04 6.614236054499815585e-04 6.898918691899337714e-04 7.318297651085878437e-04 7.792942698810487526e-04 8.307973397268899381e-04 8.841544274619283269e-04 9.300369114761450730e-04 9.675197984170498316e-04 9.969213290027545155e-04 1.018786200841416238e-03 1.032977739084310924e-03
1.062649299258070727e-03 1.059888552754798896e-03 1.047020912430909109e-03 1.019364408505156602e-03 9.802703496375301823e-04 9.355378084959382326e-04 8.847654004579736699e-04 8.365789577259621608e-04 7.942551423230860465e-04 7.595694197230494797e-04 7.376922120281534682e-04 7.285715277987942677e-04 7.347187005768819699e-04 7.551440098173394519e-04 7.870062151298980874e-04 8.326366031209567024e-04 8.834562059454110269e-04 9.342740810484942166e-04 9.802227588091030029e-04 1.014247708370590072e-03 1.038864889068510673e-03 1.053118125436716158e-03 1.060014977157850693e-03 1.061514139592276921e-03
1.080844610309710397e-03 1.071775832692244438e-03 1.056018980219132573e-03 1.030778588779928664e-03 9.970587771020199882e-04 9.579897155383157925e-04 9.137830858199924317e-04 8.739303840764405494e-04 8.413837606196144028e-04 8.168649107957050683e-04 8.049468566982468081e-04 8.064322436788930832e-04 8.231342406752623769e-04 8.511836638569989259e-04 8.874776163430312054e-04 9.348886204817555322e-04 9.842017639078580633e-04 1.029472886817837723e-03 1.065460581198250179e-03 1.087384406945821926e-03 1.098892292039571963e-03 1.099713320653346966e-03 1.095317914544275328e-03 1.087800463457554764e-03
1.108070908513084920e-03 1.088692953735126727e-03 1.064016935281036740e-03 1.034412036241598009e-03 1.000856661081573435e-03 9.633077615317669519e-04 9.240972441745073538e-04 8.927368332059595077e-04 8.700651967758502242e-04 8.575463475676805203e-04 8.588291488532142325e-04 8.736658757062049563e-04 9.021049913113374143e-04 9.384124886830846803e-04 9.806285689749208792e-04 1.026960159958697051e-03 1.068649305911194020e-03 1.104569760486155076e-03 1.131284587792542266e-03 1.145091087576968671e-03 1.148191962312675087e-03 1.142627964920754852e-03 1.134157168974802470e-03 1.122658179411591605e-03
1.158008940021069966e-03 1.132541014973494813e-03 1.101136229643842959e-03 1.064262694130926846e-03 1.025194574306861287e-03 9.845551486968712445e-04 9.453844058312994066e-04 9.163688621127946514e-04 8.973640344785639884e-04 8.914453344379215166e-04 9.010107076278569670e-04 9.237840577513866573e-04 9.589138062729806030e-04 9.998157631820538301e-04 1.045146777010607167e-03 1.089368172028846960e-03 1.125271850317952939e-03 1.155993788301447030e-03 1.180519776244717909e-03 1.195028502840779971e-03 1.199260407388581372e-03 1.195885807321960632e-03 1.188775217772959809e-03 1.176548493018423095e-03
1.221181959498314354e-03 1.191396911959593076e-03 1.155036207532849756e-03 1.111325650405232740e-03 1.065835167856207886e-03 1.021195598125115541e-03 9.800689273929028781e-04 9.503164642687023534e-04 9.318966587746113422e-04 9.278669650720119521e-04 9.393744111631210014e-04 9.637438855539610851e-04 1.000047870356558961e-03 1.040851992535268790e-03 1.084605645632850555e-03 1.127243964083513971e-03 1.163108707772839839e-03 1.194378662228478064e-03 1.222691119275852792e-03 1.244106156554378433e-03 1.255673174785103176e-03 1.258240380616528192e-03 1.253790730739144394e-03 1.242137004067946212e-03
1.297103590263035903e-03 1.264638744413524099e-03 1.223526077661822673e-03 1.172708530090002012e-03 1.120669601803612287e-03 1.071294186089099838e-03 1.026906905039216052e-03 9.948184782734991079e-04 9.751411902390446848e-04 9.697255173135199864e-04 9.785153289254900407e-04 9.996414385068093204e-04 1.032068552723390629e-03 1.068601080751539322e-03 1.107875785650777644e-03 1.149456235813328371e-03 1.189367562132398774e-03 1.226721239846837981e-03 1.263277989977806045e-03 1.294462955048719926e-03 1.316990461546223203e-03 1.329065468861557802e-03 1.329328792190752513e-03 1.319122410541241240e-03
1.381649686667038536e-03 1.346779052540792668e-03 1.299755066089967144e-03 1.241729741507257732e-03 1.184717963143031320e-03 1.131572678254715589e-03 1.084645637739990991e-03 1.050971591032724218e-03 1.030543703713190668e-03 1.023814678848685442e-03 1.029572986355245393e-03 1.046962079804254373e-03 1.074520866621074197e-03 1.106381503430968602e-03 1.142049135016997598e-03 1.182388216846270903e-03 1.225240764022853283e-03 1.269022992780991389e-03 1.313218265144028372e-03 1.352100464456982816e-03 1.384277523144848785e-03 1.406618240746851378e-03 1.412966707911647146e-03 1.404402155316231571e-03
1.473931910176037559e-03 1.436610583356462585e-03 1.383630372789918135e-03 1.319054462405518883e-03 1.258429120798450164e-03 1.202873253571325315e-03 1.154111462305245717e-03 1.118902526248406791e-03 1.097774770235771793e-03 1.089484734396021582e-03 1.091665489132664837e-03 1.104771517784856926e-03 1.127358447304153749e-03 1.154886181764779593e-03 1.187285728906584776e-03 1.225965617367706737e-03 1.270584746463067306e-03 1.319620887326170954e-03 1.370678530613810443e-03 1.416880300492604459e-03 1.458329247694632779e-03 1.490943968445241534e-03 1.503771828845717638e-03 1.497243354704476176e-03
1.584261774188703165e-03 1.541817035832350555e-03 1.483361336192928629e-03 1.413417221399998957e-03 1.348203032497993521e-03 1.288602337038828724e-03 1.237925298827506106e-03 1.202076179924928094e-03 1.179712903879726136e-03 1.169345863620828950e-03 1.168047773116184102e-03 1.176332477426178438e-03 1.193303054988328719e-03 1.216324266671508190e-03 1.245414620994491099e-03 1.282264582687955368e-03 1.327544633455972518e-03 1.379787802469222956e-03 1.437788005470677253e-03 1.492926642221636437e-03 1.543536930232895571e-03 1.586251813800086891e-03 1.608005327956163986e-03 1.607809206749814075e-03
1.683364443109769491e-03 1.637175612593049249e-03 1.577777197143449394e-03 1.508135449985159669e-03 1.442281472816289711e-03 1.381926046312020092e-03 1.332289783991304341e-03 1.297843883726129081e-03 1.274858131288203857e-03 1.262966799446062650e-03 1.259277288809059836e-03 1.263191126811778406e-03 1.274343575804867592e-03 1.292581362797541903e-03 1.318218134442222886e-03 1.352752304652227958e-03 1.397060635699071173e-03 1.449936967759939219e-03 1.512467631034713827e-03 1.573702835652458429e-03 1.628906321456312150e-03 1.676305761894537807e-03 1.703405254410798051e-03 1.707811824704718196e-03
1.751170125008810405e-03 1.706595015541605533e-03 1.651611697491710750e-03 1.588913763377276279e-03 1.530345075550090068e-03 1.477159995609264760e-03 1.433318209932291001e-03 1.401857852202241994e-03 1.379831947269316138e-03 1.367593606514073620e-03 1.362284917187274978e-03 1.362600130325279700e-03 1.368421211581827670e-03 1.382076854106473358e-03 1.404461323295329170e-03 1.435841701898607362e-03 1.477301032755263654e-03 1.528933247394736756e-03 1.591895168662421558e-03 1.652905817055144114e-03 1.706381376559784743e-03 1.751484645912954616e-03 1.776289784969025233e-03 1.777658714942841793e-03
1.765784399120241474e-03 1.729216968892487508e-03 1.685995501249159178e-03 1.640435541978699750e-03 1.601232744454533135e-03 1.566970114012689692e-03 1.538154637705343303e-03 1.515737917441102979e-03 1.499530166803997484e-03 1.489533074700844818e-03 1.484035285109960032e-03 1.482464657117295217e-03 1.484578124686663841e-03 1.494141649208025275e-03 1.512653617180886130e-03 1.541560282874652067e-03 1.580179701469761533e-03 1.626838303756954728e-03 1.681895767749725214e-03 1.732428317091615384e-03 1.773768348316978778e-03 1.800932035525477622e-03 1.807001064350551717e-03 1.794653155903687099e-03
1.725458773871883051e-03 1.700697305180327119e-03 1.673988765057236481e-03 1.649868209207654320e-03 1.632922112394597945e-03 1.620144243834028500e-03 1.610124838795417342e-03 1.601075499827361772e-03 1.593809859176589967e-03 1.587628364485527046e-03 1.583078086546189618e-03 1.581040934646823180e-03 1.581550604152109560e-03 1.588765626792476657e-03 1.604038484446717889e-03 1.631073445039986011e-03 1.665452307868245862e-03 1.701998071438330651e-03 1.740267845405293499e-03 1.770383449338347502e-03 1.789495046772176948e-03 1.790060453692997018e-03 1.774606344881678958e-03 1.751517129278965532e-03
1.651504839505260266e-03 1.640446244368865035e-03 1.632147543784975190e-03 1.628250859134529284e-03 1.629233486570137376e-03 1.633612403428396807e-03 1.639860009309288295e-03 1.643447907401397647e-03 1.644394232500938835e-03 1.641853739485185735e-03 1.638631925959857169e-03 1.636509202916249742e-03 1.636541917288286165e-03 1.643281171146863300e-03 1.657187651581688631e-03 1.681408812433593178e-03 1.707790197114065567e-03 1.730466199586104320e-03 1.747119057936091357e-03 1.750916187658910043e-03 1.741897822499806608e-03 1.718197171732335467e-03 1.691785899284799308e-03 1.668521350526411132e-03
1.559239112888637915e-03 1.564364919053721310e-03 1.573896563763117545e-03 1.586824431270645848e-03 1.599584572883424975e-03 1.611998621450008761e-03 1.623595389245253897e-03 1.631170132755186330e-03 1.634125791866958667e-03 1.631819058970764968e-03 1.628470212561707519e-03 1.626129319747959476e-03 1.627471331897566197e-03 1.635463110390930532e-03 1.648418657653476617e-03 1.664841731406595899e-03 1.676098100593669893e-03 1.680805930474434107e-03 1.673832917135282747e-03 1.652989169320951248e-03 1.622677027193289824e-03 1.590553821397735395e-03 1.570692250106005836e-03 1.560125882063237652e-03
1.477446135414379243e-03 1.498406228142293338e-03 1.522357081414095308e-03 1.548028538173433239e-03 1.567883338646852047e-03 1.580679219966218615e-03 1.586558890167429634e-03 1.587704911691404557e-03 1.584702097315886802e-03 1.577632200668400769e-03 1.571286635209116723e-03 1.567180785130567596e-03 1.568200623605109888e-03 1.573751960291695307e-03 1.580750758570952270e-03 1.584616581555498482e-03 1.579491905136977230e-03 1.568004658166650750e-03 1.545095221804459150e-03 1.514813495369170867e-03 1.483569064140435271e-03 1.460913008469473702e-03 1.455675105867403844e-03 1.461247535153377061e-03
1.400404237345005687e-03 1.435320005341425348e-03 1.471811455881307917e-03 1.508102111184044924e-03 1.532681400395608309e-03 1.543488944345262339e-03 1.540924575932221341e-03 1.532558163552299145e-03 1.520513163771552122e-03 1.506385931215860341e-03 1.495539014310463344e-03 1.488163574571226781e-03 1.485431116483600057e-03 1.483186397985083744e-03 1.478872833902728770e-03 1.469539476394680173e-03 1.452105508300842798e-03 1.428494938409705182e-03 1.397751059750986088e-03 1.370163562217486955e-03 1.350119049410423771e-03 1.341990636453400118e-03 1.349365180196933703e-03 1.369065184467592932e-03
1.328265940994237306e-03 1.374529627698826495e-03 1.420871160849303911e-03 1.462611476776384378e-03 1.487489925130727276e-03 1.496098686131838371e-03 1.487366160646517305e-03 1.470599674440047164e-03 1.449973268567390783e-03 1.429389205251674908e-03 1.414323191944889986e-03 1.402698202241238696e-03 1.393093663168668613e-03 1.380071822135677320e-03 1.363240667917151212e-03 1.342332289919332148e-03 1.316903304650097594e-03 1.287073828205830646e-03 1.257215554371537937e-03 1.239450955705801837e-03 1.233449162609809692e-03 1.238844781116388164e-03 1.256093945870862330e-03 1.285714095722177664e-03
1.258421138292054259e-03 1.308859168062621002e-03 1.357794450084353526e-03 1.398824734863563131e-03 1.422162524140861174e-03 1.430947567990140286e-03 1.422857654909462843e-03 1.405287719448160191e-03 1.383024951291280833e-03 1.360798378485241714e-03 1.343738891570467548e-03 1.328827759347348762e-03 1.313740484286736454e-03 1.294035344460576185e-03 1.270556263421998566e-03 1.243057779541750264e-03 1.213594669715393516e-03 1.183097321204034432e-03 1.157014904398310411e-03 1.144895666614330950e-03 1.144473186566828194e-03 1.155804808413794099e-03 1.178328143050765865e-03 1.211798383284929444e-03
1.189847270901394586e-03 1.236493273667807133e-03 1.280055934490662147e-03 1.316931592276048002e-03 1.339805900854527162e-03 1.349844405930199611e-03 1.345716681480552818e-03 1.332905270838966602e-03 1.314568114472412352e-03 1.294023281514496658e-03 1.276056845594077636e-03 1.258946095453835744e-03 1.240958134077644725e-03 1.218647270200897250e-03 1.192597837084850322e-03 1.162348323737507835e-03 1.132451667442115712e-03 1.104887024951752179e-03 1.082909386012026551e-03 1.073492772696575453e-03 1.075706869284334894e-03 1.089255764563860267e-03 1.112558545680901760e-03 1.145384152895484843e-03
1.121110802674332415e-03 1.154406318694179085e-03 1.186065786799584288e-03 1.216769228400271059e-03 1.240460133984316133e-03 1.254439645638022200e-03 1.258466521182087256e-03 1.254801232301152973e-03 1.244438511736067855e-03 1.228619684732799779e-03 1.211869205220195188e-03 1.194453899261900239e-03 1.176281055076943598e-03 1.155194837017430205e-03 1.130569344981700863e-03 1.102392129814972572e-03 1.075804926585814669e-03 1.052534096138534134e-03 1.033536722637123364e-03 1.024285754116677953e-03 1.025648422424904832e-03 1.037962528514376056e-03 1.058792586275405416e-03 1.086988966052191471e-03
1.034546024581545253e-03 1.054261481565213401e-03 1.076816072887394659e-03 1.104229027946027845e-03 1.130486358454266694e-03 1.151564172251889721e-03 1.166411148041050566e-03 1.172756005424866127e-03 1.170892972235555067e-03 1.161374926961726735e-03 1.148547901043765187e-03 1.133307693139858074e-03 1.116230271432098325e-03 1.096743480842570038e-03 1.074080634829875126e-03 1.048760213331305455e-03 1.024603386598394589e-03 1.002365398111027938e-03 9.833400312277327214e-04 9.725723111489972990e-04 9.704501295831240507e-04 9.786863875183031327e-04 9.941549760837658112e-04 1.014100958001064963e-03
9.256979030945183947e-04 9.363054475756075589e-04 9.542273086481639762e-04 9.814376064301516892e-04 1.011964873859800673e-03 1.041844501798557887e-03 1.068795272577470782e-03 1.086014153718133221e-03 1.093514685396694336e-03 1.091662350748439161e-03 1.084624758725292841e-03 1.073425629175944881e-03 1.058111681990045634e-03 1.039694442659658139e-03 1.018464366459152911e-03 9.944547054971920007e-04 9.701660652082724377e-04 9.463987286285643723e-04 9.251626273441280243e-04 9.110748637208437601e-04 9.036645402946118797e-04 9.049162250455065025e-04 9.110131863416761526e-04 9.186986123257623793e-04
7.892504187877857208e-04 7.986269202069977121e-04 8.181822211936289318e-04 8.492773849761790349e-04 8.859020200978340309e-04 9.246915995111572436e-04 9.630031419040115809e-04 9.917090674163228647e-04 1.010409830740203931e-03 1.018805977459588761e-03 1.018949768678561020e-03 1.011824745847881429e-03 9.976961191771138802e-04 9.791156445512262142e-04 9.566686970556439280e-04 9.301548165436995027e-04 9.026721532679685004e-04 8.754538841259775026e-04 8.504559517457401224e-04 8.309173942802018306e-04 8.159619484856642799e-04 8.048787719865825975e-04 7.962547406940204782e-04 7.903296556205435201e-04
6.401604661199441527e-04 6.532510592596329916e-04 6.777742356656897820e-04 7.144677352772969359e-04 7.572007966224769421e-04 8.031920926047220579e-04 8.507908545491470794e-04 8.907521599138690108e-04 9.216451365264785069e-04 9.417340325971720926e-04 9.490188360228119999e-04 9.445686278921557088e-04 9.294515626189548720e-04 9.077161763040085367e-04 8.796438265671654554e-04 8.460964459955541391e-04 8.126878392949450462e-04 7.804273421134659073e-04 7.505544455855415109e-04 7.239799822728553141e-04 6.997680718948770138e-04 6.752266027103278430e-04 6.544402884771844710e-04 6.414628121893841935e-04
4.887296960026576639e-04 5.060975478519579756e-04 5.361517666665752873e-04 5.783660267743639472e-04 6.264891966881827069e-04 6.789638915844635773e-04 7.353595295763717867e-04 7.863138454402150875e-04 8.291366659882639517e-04 8.607652366285379339e-04 8.751472720506776144e-04 8.733280984098772907e-04 8.557631730977920126e-04 8.279978124310522500e-04 7.914249977902135073e-04 7.483456834632643689e-04 7.068893286091694310e-04 6.674647986595943962e-04 6.311181484884242042e-04 5.964320050660806231e-04 5.618878558421517688e-04 5.266171777824103784e-04 5.002025224917460962e-04 4.867065968726828418e-04
3.417723638175882588e-04 3.622882107615561548e-04 3.962520965076890339e-04 4.425660046622346055e-04 4.955688814211357818e-04 5.544717252434591031e-04 6.195893423141741107e-04 6.810564802910768541e-04 7.352699155417967642e-04 7.785016625799697507e-04 8.005189479392180694e-04 8.016388326171130846e-04 7.798062726975040848e-04 7.427158514293374274e-04 6.949874738117459063e-04 6.403746922932499397e-04 5.890763138114055815e-04 5.407383882302111344e-04 4.959346468368150797e-04 4.530224002732139072e-04 4.108803541329245600e-04 3.718810432253979916e-04 3.465992125634777851e-04 3.361872423419941269e-04
2.206271955549596634e-04 2.416317494196653943e-04 2.763539020612832157e-04 3.243097916675484666e-04 3.811388898157362258e-04 4.458715488438694144e-04 5.183628961433210842e-04 5.878590478166739438e-04 6.509202485067491772e-04 7.040182515446821590e-04 7.326115803592794969e-04 7.353813227623417137e-04 7.088543115747699720e-04 6.635268836943103302e-04 6.063709852659770506e-04 5.420670346220393112e-04 4.824368798040430824e-04 4.267407184935672650e-04 3.746665135619037311e-04 3.264491485854611325e-04 2.824789552184171835e-04 2.457447323602682384e-04 2.233077739928529721e-04 2.145330458772876873e-04
1.255928444965185588e-04 1.456092395257821512e-04 1.796127933067049416e-04 2.277510168376639080e-04 2.869639070772661603e-04 3.560839520133370724e-04 4.337608835289130031e-04 5.083521861713635910e-04 5.773272895734417060e-04 6.377379108607959509e-04 6.707338703574173937e-04 6.729800577123218981e-04 6.421564510312694710e-04 5.915611408608060888e-04 5.279468459440198611e-04 4.565784011487220061e-04 3.909006956204478687e-04 3.301305242065646428e-04 2.734136865916597940e-04 2.228626392865540816e-04 1.800357347769337621e-04 1.469532102714456959e-04 1.271629087209234061e-04 1.198272072336645987e-04
5.821269691217444457e-05 7.703777333626058994e-05 1.094305743104550556e-04 1.567186642920880522e-04 2.168046368774731697e-04 2.876617921413846413e-04 3.685717235048849012e-04 4.462895630548254704e-04 5.171187613990946026e-04 5.767516706278820243e-04 6.077427175500179756e-04 6.085843590115893502e-04 5.772206844037765239e-04 5.260052417776701125e-04 4.611117910924534234e-04 3.875892415266121108e-04 3.190860173984178308e-04 2.551026843021422926e-04 1.960935693194062015e-04 1.459866640636796364e-04 1.056369719911655228e-04 7.591661623661744897e-05 5.830643940858271492e-05 5.242793257515671046e-05
1.819034951286418385e-05 3.727593514370389211e-05 6.882081694680319687e-05 1.145803722909640658e-04 1.730818626665808887e-04 2.420789978683164959e-04 3.224645551486922694e-04 3.986775932287380019e-04 4.646383544296089994e-04 5.146526793569910097e-04 5.383929108942071265e-04 5.381106560633458578e-04 5.113003672588243859e-04 4.656247538920236639e-04 4.061436000389869534e-04 3.365696550284068907e-04 2.693353724200384341e-04 2.048721540717737713e-04 1.453222090605363272e-04 9.636702627068297001e-05 5.775822625340938437e-05 3.031466525206984316e-05 1.489663622164405401e-05 1.097204723710428784e-05
3.883614932323587685e-06 2.395949412262545459e-05 5.538624110733817048e-05 9.862970280149887593e-05 1.528418085895827643e-04 2.172740213513778263e-04 2.925406724522190043e-04 3.607647472473143359e-04 4.153729094897314175e-04 4.522142897855679282e-04 4.680791470926400316e-04 4.660484371241218867e-04 4.459719581151495860e-04 4.108215808373945279e-04 3.617381306462774454e-04 3.003292250916909500e-04 2.378113469748731671e-04 1.763157063463441756e-04 1.180542181935247494e-04 7.046186867165868156e-05 3.380507151173973908e-05 8.963789705544387943e-06 -3.822233445515168507e-06 -5.353046499411400136e-06
