1.855076628042956851e-05 2.798400695087278114e-05 4.618310853809162215e-05 7.400042330650341213e-05 1.095105293446642798e-04 1.512192670843422898e-04 1.990276003227897195e-04 2.451120226550810113e-04 2.869637348156552060e-04 3.236047472750241548e-04 3.451501992775492288e-04 3.492831267675060888e-04 3.314598649675411539e-04 2.972091653969829409e-04 2.529176100062944643e-04 2.047982465801594077e-04 1.641900878048228863e-04 1.286597567910160197e-04 9.795868144561270616e-05 7.143768565943626537e-05 4.912894948922085718e-05 3.165188876175144901e-05 2.084348976885385722e-05 1.669666544768498651e-05
5.388053185701372454e-05 6.352374275141299488e-05 8.010707258739059036e-05 1.069141621893491363e-04 1.414123744547652304e-04 1.794738561917284445e-04 2.205446725433977983e-04 2.578109459894013149e-04 2.895553188797889903e-04 3.117970095268022494e-04 3.200265243696049223e-04 3.167214805756769693e-04 2.994875377933409752e-04 2.712632513515859695e-04 2.354224800450859542e-04 1.959537884004088266e-04 1.611847479452308766e-04 1.299026513288760237e-04 1.041960243414814027e-04 8.481717243165498479e-05 6.992833829212921203e-05 5.879636728087770563e-05 5.199807742193201702e-05 5.045889603199564099e-05
9.009384952639304519e-05 1.009209624412468325e-04 1.168624523224816010e-04 1.410465889940744919e-04 1.703335201624225719e-04 2.005483585723477494e-04 2.296155619842417926e-04 2.517308817622861562e-04 2.670351106008160970e-04 2.725128414108172505e-04 2.690299478262557433e-04 2.598904614808014149e-04 2.469773589629552300e-04 2.306389994113668932e-04 2.091085259504186654e-04 1.825409887782203497e-04 1.562525182638794109e-04 1.318601076656550927e-04 1.117164825406452713e-04 9.797542989524270479e-05 8.900215317448042303e-05 8.394215497699478265e-05 8.211208505902306001e-05 8.413865740734123805e-05
1.272489956322207371e-04 1.392982653904729104e-04 1.544519874067637227e-04 1.731706569005031743e-04 1.921552002045077089e-04 2.098454308769727807e-04 2.233214044661963873e-04 2.284417811099886649e-04 2.267460586393217246e-04 2.186650338998539470e-04 2.084994012966993589e-04 1.972519287859042102e-04 1.903816928600579204e-04 1.866472226716270853e-04 1.801756181121776275e-04 1.681805418634215430e-04 1.528309917460608021e-04 1.376363043519511476e-04 1.236736484905841553e-04 1.141757679100136638e-04 1.091430750500992683e-04 1.087307725021914036e-04 1.118919225585282454e-04 1.181223433918387322e-04
1.604840006738249996e-04 1.731234364746828288e-04 1.866732170920918548e-04 1.996741836040023354e-04 2.091160347871490405e-04 2.154544958224932118e-04 2.167091383617186632e-04 2.110548112053396794e-04 1.998635589685106859e-04 1.850886598368164796e-04 1.725250825628644828e-04 1.621512052119388587e-04 1.590686559914564159e-04 1.614465002718566136e-04 1.635727983025356334e-04 1.624088268985510500e-04 1.568407599423636719e-04 1.495360452464027882e-04 1.407291361888566607e-04 1.344092084433163930e-04 1.316715338561242178e-04 1.336453570100282011e-04 1.398167335370626525e-04 1.488851040651576092e-04
1.881199318073286904e-04 2.014298046156417317e-04 2.134559147990184463e-04 2.225801551565373035e-04 2.260809969088512904e-04 2.246693709970996454e-04 2.177132739740863859e-04 2.057037433030299990e-04 1.894364615855327020e-04 1.704826191965547460e-04 1.561314592361967590e-04 1.472415390295320236e-04 1.463752561424124768e-04 1.511122121632505497e-04 1.580832100556648083e-04 1.647839428146277447e-04 1.668177603843587074e-04 1.652234197512916813e-04 1.599498911871691145e-04 1.557427822911195520e-04 1.542349919911100244e-04 1.572054335662699596e-04 1.646731559884298827e-04 1.748655956357371714e-04
2.063409519174977684e-04 2.206294834585565453e-04 2.334313575561093221e-04 2.427954786754300451e-04 2.450212824506370411e-04 2.408263429611625359e-04 2.294431283005363923e-04 2.129789536782798265e-04 1.929037894040367871e-04 1.718879447751998218e-04 1.579135199320980034e-04 1.509709056241152498e-04 1.512142542617582605e-04 1.556225048678797161e-04 1.630344847062570085e-04 1.729489211439733793e-04 1.798954126441919667e-04 1.825517646608839631e-04 1.800545007660919446e-04 1.769117697897715593e-04 1.754897644365320595e-04 1.772612294400715519e-04 1.833740170446918397e-04 1.927379999314621836e-04
2.119094846299127860e-04 2.264849345594400847e-04 2.413620448498094242e-04 2.541828813524646836e-04 2.590000360845366245e-04 2.561889738669583970e-04 2.443282751905699666e-04 2.264416220947938329e-04 2.049583281019309714e-04 1.845246083736215646e-04 1.730140027831585309e-04 1.684048094599992554e-04 1.694544338218917747e-04 1.725299535425967577e-04 1.776629890956194890e-04 1.860381495972455849e-04 1.933203544867671689e-04 1.968799677943292785e-04 1.953832438728517185e-04 1.921069820884070104e-04 1.894771945434328383e-04 1.883286532848239456e-04 1.915338237620288291e-04 1.992154224113024249e-04
2.075621749350013289e-04 2.211715314584229383e-04 2.368708661470346835e-04 2.537896984675806268e-04 2.637337768202041815e-04 2.648421645382088461e-04 2.567359222634505735e-04 2.433550988652532273e-04 2.263919833248688180e-04 2.097582344626454452e-04 2.012188318848397650e-04 1.994504433065224819e-04 2.008059616981136672e-04 2.010406033842817880e-04 2.023865475028295959e-04 2.061200592123417746e-04 2.090413789282393516e-04 2.088076549637446521e-04 2.053309595426202336e-04 2.006567425670555994e-04 1.955547484473510976e-04 1.907294473825028392e-04 1.907779180271059871e-04 1.965280497336963951e-04
1.954854346786149503e-04 2.069456247088971796e-04 2.212330836319979072e-04 2.392199023340376362e-04 2.538797632183699459e-04 2.619984695333258426e-04 2.630985923695800042e-04 2.597106983404928737e-04 2.531557385598432451e-04 2.447656856101217138e-04 2.397721122214466476e-04 2.385869033880339170e-04 2.391786420318420714e-04 2.379765678724829643e-04 2.358218445612019702e-04 2.320458497776630097e-04 2.259956777339771142e-04 2.181223154878505078e-04 2.093600912112117483e-04 2.010401542285273420e-04 1.926718928093576662e-04 1.853979435525039655e-04 1.834097710580724714e-04 1.869618935939639350e-04
1.901213145857943358e-04 1.982703208725781119e-04 2.089328597030891519e-04 2.231270826578357830e-04 2.384093837635801864e-04 2.529470761154014734e-04 2.645804137192359442e-04 2.721046318466161613e-04 2.772778882487833183e-04 2.797873450732106569e-04 2.799063215647769353e-04 2.780387619909685699e-04 2.771894821509010239e-04 2.757476299031649618e-04 2.701714387348418448e-04 2.584649390997625505e-04 2.439336118272888347e-04 2.296752534067104229e-04 2.160231205668252427e-04 2.041111109405375839e-04 1.939839336766840657e-04 1.866610723767694478e-04 1.837981503267748905e-04 1.849275583538561652e-04
1.940974197190346829e-04 1.977103049166452125e-04 2.035229863088918801e-04 2.121251303610487441e-04 2.256558427232864246e-04 2.442384921470544209e-04 2.651369061987760836e-04 2.834109888081560676e-04 3.001502137186724296e-04 3.143931447031156974e-04 3.214548475211249923e-04 3.207351136531226099e-04 3.184676803564803673e-04 3.150016036287677673e-04 3.042194982118029715e-04 2.847425999924233582e-04 2.638347764172417598e-04 2.452960807482913990e-04 2.287084314030462270e-04 2.150084743228479380e-04 2.049265064040033080e-04 1.983601455632172329e-04 1.944291737723460455e-04 1.929425671053035100e-04
2.098319039332173985e-04 2.072056751457417956e-04 2.069627576977335094e-04 2.099848378256254197e-04 2.206342323245590747e-04 2.394833605564822103e-04 2.679626930072929428e-04 2.991220202747165574e-04 3.292141354054301233e-04 3.550905399676147463e-04 3.698904196821429309e-04 3.744753348877909822e-04 3.702414830970434290e-04 3.589269420563506513e-04 3.397148735020449678e-04 3.136222709674457471e-04 2.887303146575331651e-04 2.667157377739811730e-04 2.490362591832909374e-04 2.366428339453644403e-04 2.283947282136679509e-04 2.232282817711728933e-04 2.183934890413062786e-04 2.140373417155724887e-04
2.369328270837868760e-04 2.280575687230992563e-04 2.222463883406326269e-04 2.211070522084521161e-04 2.288655877882328255e-04 2.453229046284681296e-04 2.763425372409394030e-04 3.146893809012413158e-04 3.520881995227910510e-04 3.826378042827405213e-04 4.000838743096688508e-04 4.082428248026169514e-04 4.031655927593113956e-04 3.874083912849854254e-04 3.657723544169903243e-04 3.403684741538133443e-04 3.169541695999188407e-04 2.953375884583078607e-04 2.793238553200655828e-04 2.700897951737771339e-04 2.642225584245520885e-04 2.604033481137831138e-04 2.546784248821638385e-04 2.470486725685331307e-04
2.728513886010094512e-04 2.587595997318179798e-04 2.484126554796011453e-04 2.431879301798751697e-04 2.471751619608487894e-04 2.603602225297420368e-04 2.881767367326734165e-04 3.231047045231072814e-04 3.572038343727468399e-04 3.841135733193922863e-04 3.981860938993294729e-04 4.038993399201862267e-04 4.002299970237276224e-04 3.905524136739699269e-04 3.770146870504868211e-04 3.606592784160540907e-04 3.449198457746203246e-04 3.298984805313929071e-04 3.187234014874556175e-04 3.127973035600766188e-04 3.094595329205943653e-04 3.068648483027712438e-04 2.998557765645679346e-04 2.885584012582086914e-04
3.169840596219260752e-04 2.994644079148531994e-04 2.853151567828644841e-04 2.762465755801432371e-04 2.754014540325857674e-04 2.821171193613079701e-04 2.974024199345371724e-04 3.153549302219610948e-04 3.329983266785810359e-04 3.456236853629219403e-04 3.504824910527638772e-04 3.513674959488423226e-04 3.542479151548861421e-04 3.616991821220182524e-04 3.686105595635505070e-04 3.729848340857851185e-04 3.733504387343287555e-04 3.712140645847483841e-04 3.681503977959868826e-04 3.660258000567136617e-04 3.638877057708757908e-04 3.598466350209838052e-04 3.503119027529997555e-04 3.359760938663998789e-04
3.488218523610913486e-04 3.292612146896457446e-04 3.116413228707497554e-04 2.983970315040823250e-04 2.909135228443816249e-04 2.872176697102151659e-04 2.854295754995574272e-04 2.831668590366723140e-04 2.815152898650065405e-04 2.786662603634065664e-04 2.770633863849356841e-04 2.793298141684349089e-04 2.922123958059038131e-04 3.158705993638956421e-04 3.436107287725950581e-04 3.721096189500642409e-04 3.924090141257423271e-04 4.048459941247131906e-04 4.102660673747162714e-04 4.112370591785412515e-04 4.077694028760451791e-04 3.990161941985618296e-04 3.857240580507887264e-04 3.689887736696242405e-04
3.621319664196492958e-04 3.410271207857207667e-04 3.204333662818072527e-04 3.023248751430524547e-04 2.863292221530364611e-04 2.703480933378093315e-04 2.521244045267007116e-04 2.327958188985508809e-04 2.149986416836434941e-04 2.009681666855201137e-04 1.983401408325267674e-04 2.074245192972371270e-04 2.303079025965591958e-04 2.647337934124763042e-04 3.078634254554083339e-04 3.577983086062933981e-04 3.980934982784026135e-04 4.251658363952215544e-04 4.383753178228038446e-04 4.409912314780594375e-04 4.347433454672375752e-04 4.203621684627054534e-04 4.029316353278961766e-04 3.834158823449199615e-04
3.524494969270307331e-04 3.296465984557102346e-04 3.065252649154218308e-04 2.832991546269977693e-04 2.583029552477214942e-04 2.307679043425217341e-04 1.993608307903684549e-04 1.685825170431244809e-04 1.412663950391076530e-04 1.231707824353331327e-04 1.231960661121276582e-04 1.385507240392516563e-04 1.683721277656026428e-04 2.094870130757655225e-04 2.617002536823710267e-04 3.250567694038654343e-04 3.808287511159692742e-04 4.227286759588093617e-04 4.449060072575380075e-04 4.482298155617104717e-04 4.388403277293600547e-04 4.196618871840132039e-04 3.987596057716005738e-04 3.758975106839060071e-04
3.306358849571854617e-04 3.057261258003966093e-04 2.802685338992083391e-04 2.529537834933406155e-04 2.212883954586411343e-04 1.857505358473392264e-04 1.456636666652825259e-04 1.087347645558029108e-04 7.820935972749683697e-05 6.020424967248637490e-05 6.095697009977700217e-05 7.642990208691511831e-05 1.073205845798141304e-04 1.510381849528316547e-04 2.060215533848400388e-04 2.724280026301660108e-04 3.344506833055961581e-04 3.866633328623991371e-04 4.192950751998265934e-04 4.277130805186057558e-04 4.201439483197272080e-04 4.010345569904205112e-04 3.800750623828765429e-04 3.560486380605963597e-04
3.047765157386657332e-04 2.779167232674083807e-04 2.502797003763200978e-04 2.198976847912773253e-04 1.834490306066922276e-04 1.417942847948257886e-04 9.533392583528186995e-05 5.498112456286148445e-05 2.397312610956104902e-05 6.403904310789260609e-06 5.848143704230317680e-06 1.940343196703688493e-05 4.762075188936954026e-05 8.849170243535860810e-05 1.407958338028868792e-04 2.044204756982635198e-04 2.664797384793413386e-04 3.227909958924285189e-04 3.655936433726840614e-04 3.847529507720065674e-04 3.846512792725366426e-04 3.700759173873075414e-04 3.523420649747705815e-04 3.304341668080431282e-04
2.795757939688970359e-04 2.525617530111951697e-04 2.222343553999907143e-04 1.875937911227122396e-04 1.471560761642849604e-04 1.014263591989220315e-04 5.129779804527596074e-05 9.007424310722344433e-06 -2.225890928759944855e-05 -4.056353170642037240e-05 -4.397226953156886274e-05 -3.377806933492347104e-05 -1.057448388313960905e-05 2.341403972769821900e-05 6.803957189888387149e-05 1.234841002780595501e-04 1.801856500001475887e-04 2.347749084624798158e-04 2.844128356865352719e-04 3.173915309165462246e-04 3.326474005457779573e-04 3.310048280736170860e-04 3.205474759129460613e-04 3.031455147020056785e-04
2.712624669971145687e-04 2.461076329299482189e-04 2.127965874173670679e-04 1.712821561046443250e-04 1.245838455391669992e-04 7.375533225812460616e-05 2.001329874175681618e-05 -2.496369604888053185e-05 -5.849948160700863068e-05 -7.901001179084140582e-05 -8.517928426191133785e-05 -7.815267771584853500e-05 -5.893842442230952318e-05 -3.077549518758119584e-05 6.264685322563966647e-06 5.280824933727733305e-05 1.030200918045543688e-04 1.543290454779087982e-04 2.062263987179293603e-04 2.493598099023443498e-04 2.811205434631411804e-04 2.978553181538715479e-04 2.995596774900195118e-04 2.898854172231945582e-04
2.805417125756380181e-04 2.576931401686144820e-04 2.218455015242640682e-04 1.725798650075019761e-04 1.174192277281774156e-04 5.929018702465823504e-05 7.069099953121865958e-07 -4.721051704512465490e-05 -8.326956575677483489e-05 -1.060395756897114430e-04 -1.148227155811708895e-04 -1.108170354601588229e-04 -9.484839004559719039e-05 -7.117027385397531542e-05 -4.037466367186759458e-05 -2.327197804743443791e-06 4.086388850846563902e-05 8.836148849358529359e-05 1.405811240819578717e-04 1.905260127848075534e-04 2.354483718412001101e-04 2.710865376306356212e-04 2.893479347711996473e-04 2.917967017560871420e-04
3.100273717351198369e-04 2.901591844958751319e-04 2.516908418188626081e-04 1.930493477161939874e-04 1.268996075100257981e-04 5.903625229563179628e-05 -5.421776317747649594e-06 -5.601314367863761864e-05 -9.436967984578678017e-05 -1.191228594803003007e-04 -1.301497348377049848e-04 -1.287778486754045059e-04 -1.154123235435888648e-04 -9.477534918126533645e-05 -6.803586628457987233e-05 -3.633906308991470682e-05 4.204403241347470424e-07 4.342295883441888441e-05 9.415729911693434628e-05 1.474527864086701279e-04 2.000970557792925266e-04 2.511076578823262864e-04 2.884160818571168943e-04 3.089819400965882509e-04
3.422728663375948889e-04 3.268006133169137233e-04 2.863688812494950961e-04 2.202064310733084496e-04 1.467584939726630463e-04 7.294471940435899907e-05 5.122073060548953320e-06 -4.700714108749442220e-05 -8.656578740816613083e-05 -1.127281676267457720e-04 -1.259029299596369411e-04 -1.270519887536945207e-04 -1.163438559925836799e-04 -9.842358815014572214e-05 -7.467102540066250711e-05 -4.693458315873679632e-05 -1.440852099536510023e-05 2.502415664705645392e-05 7.380279426278954036e-05 1.280533734068566118e-04 1.840452101033368320e-04 2.428752145260330137e-04 2.926111237542093212e-04 3.281786066404843074e-04
3.688488293064221078e-04 3.592081326647768628e-04 3.182486333674244047e-04 2.483272941414658595e-04 1.736696720333630339e-04 9.999398999816873281e-05 3.230381067321560107e-05 -2.045759265042582277e-05 -6.031269151306472035e-05 -8.754096553982388068e-05 -1.030826589079836898e-04 -1.069717067181814694e-04 -9.910625496076187670e-05 -8.405422684440002679e-05 -6.344011744830965228e-05 -3.893268161613140210e-05 -9.025818411262939380e-06 2.845126065547055468e-05 7.511994566118643962e-05 1.284028744789405760e-04 1.858195363226342435e-04 2.476322147223682124e-04 3.020448946973252431e-04 3.448632877237989367e-04
3.811847659134168513e-04 3.739422128706157661e-04 3.375087887114539302e-04 2.743858154973353330e-04 2.068109195067102549e-04 1.396953207709916473e-04 7.663125204742407505e-05 2.541974852572221466e-05 -1.493107748812030720e-05 -4.403808179487320293e-05 -6.164076601079087594e-05 -6.803544154052170996e-05 -6.337722448236608589e-05 -5.191534878263542982e-05 -3.491110965846653673e-05 -1.288690642053258659e-05 1.601516322352157038e-05 5.293679934848744884e-05 9.899365564630763724e-05 1.513914750862408701e-04 2.080831849660974445e-04 2.677924548527555446e-04 3.187590630671994140e-04 3.583392661495457066e-04
3.676580577519695842e-04 3.575110526603273516e-04 3.287883631399870989e-04 2.815890344422504877e-04 2.283945054473924456e-04 1.732662105308696652e-04 1.197088898231635841e-04 7.399813299147925763e-05 3.472106312773702124e-05 4.009662102059912203e-06 -1.494249061887768467e-05 -2.320285041630735346e-05 -2.185413978553003543e-05 -1.458534741329593285e-05 -1.543413699887503492e-06 1.795924402980958592e-05 4.578377027205706720e-05 8.186296385049451766e-05 1.277101155924490871e-04 1.788005223415517486e-04 2.321126588850190575e-04 2.857613310221692468e-04 3.279216557376710920e-04 3.565371995604290321e-04
3.329649934147281293e-04 3.188569146113923300e-04 2.967883380670213495e-04 2.673654188333198997e-04 2.333134083923876637e-04 1.949345688532194264e-04 1.548970726865920471e-04 1.179510640372011292e-04 8.301175181583500561e-05 5.248882089096527942e-05 3.250893181219507966e-05 2.270461989425390725e-05 2.090824475461108294e-05 2.399106296607766896e-05 3.307780043545466135e-05 4.974481822724579488e-05 7.585650304161941390e-05 1.104579560474612261e-04 1.544798202901933649e-04 2.016669464878189505e-04 2.490036418342504352e-04 2.932601788841771593e-04 3.225470132859519965e-04 3.361306910343368174e-04
2.788915257971605007e-04 2.618467989867849770e-04 2.438528326909963104e-04 2.288419547635214173e-04 2.149426229288346030e-04 1.975986619080333760e-04 1.753759638303951278e-04 1.499521186598519538e-04 1.233204309217704941e-04 9.710571322031226319e-05 7.745184922482352017e-05 6.478198755425832844e-05 5.831823515405712850e-05 5.778574018847370170e-05 6.387077843348558208e-05 7.842396604923019892e-05 1.022373455286922642e-04 1.337243148760623940e-04 1.732522155655869607e-04 2.135120528702559822e-04 2.517001537401530875e-04 2.823435741976685286e-04 2.956127154228047125e-04 2.937039884531725330e-04
2.192288738123382376e-04 2.011821203719001909e-04 1.855934572696301842e-04 1.779753368933043533e-04 1.770188168503217360e-04 1.767751306220391189e-04 1.723413727912169588e-04 1.607754704827697864e-04 1.459996381555754303e-04 1.288444109626486788e-04 1.125550377298934645e-04 9.738273291292967051e-05 8.546990985467156252e-05 8.168925464269719732e-05 8.552258262995171567e-05 9.820692396863221058e-05 1.183863905334492492e-04 1.443719894637759049e-04 1.766252378822351203e-04 2.074598962974181008e-04 2.338523677562323372e-04 2.501618974137786435e-04 2.507434388496745307e-04 2.393560647686914173e-04
1.567881575358172808e-04 1.378963500322285803e-04 1.248699626903892654e-04 1.216241440165072697e-04 1.274125515009064721e-04 1.380712558008201417e-04 1.496784062219199112e-04 1.546722670501030994e-04 1.544541104083302059e-04 1.489932860936877363e-04 1.386364080886373781e-04 1.235296645902462414e-04 1.073196556544090682e-04 1.000266052920281229e-04 1.013439881175096579e-04 1.112096209322873975e-04 1.261196849927978926e-04 1.449684239164195575e-04 1.681820869019594073e-04 1.876971896936099568e-04 2.003996550072948530e-04 2.037106995906632181e-04 1.961698294229470433e-04 1.798689964162414746e-04
9.542447388052145230e-05 7.731317447129621226e-05 6.634829206398463282e-05 6.487150848959729406e-05 7.276633074028856466e-05 8.765224598243263150e-05 1.103795052173902296e-04 1.321317673111949826e-04 1.491200008844973995e-04 1.576435638505025653e-04 1.549813243543673113e-04 1.439268805312722218e-04 1.274485727350046626e-04 1.170425957970588058e-04 1.135726743074787128e-04 1.179260360044353905e-04 1.264245325710543764e-04 1.369548868302066858e-04 1.482844832256129445e-04 1.540653489696798637e-04 1.534141086894890414e-04 1.469502423031974656e-04 1.352659933476288705e-04 1.179392964169006380e-04
4.506654360081176268e-05 3.066492379212205915e-05 2.256438484209334237e-05 2.310342069853173517e-05 3.286263747432789368e-05 4.969707659263922905e-05 7.679919698011178158e-05 1.074631095020697356e-04 1.362610588536418107e-04 1.565758565320767893e-04 1.624495138513645917e-04 1.585132230855863182e-04 1.461592326818024902e-04 1.346881411893667796e-04 1.258078996776699251e-04 1.228462170301887382e-04 1.239242164017010305e-04 1.250878966269893336e-04 1.236020007063380643e-04 1.169268235529814239e-04 1.069510538043796661e-04 9.467814722194568431e-05 8.062127005807125546e-05 6.394802196880744775e-05
5.168843368551045908e-06 -3.627978474480483551e-06 -6.969055602103673866e-06 -3.634588251171008062e-06 7.653128811944462967e-06 2.610019756863749655e-05 5.339654948269301102e-05 8.494674741872578361e-05 1.175290475344891139e-04 1.462924763343320190e-04 1.620421883010774399e-04 1.665642084246506528e-04 1.599713925081823593e-04 1.493687428188856766e-04 1.370117376427009153e-04 1.269728675603453306e-04 1.191725271982490083e-04 1.095116908511713704e-04 9.599611002766260664e-05 7.989434734178432686e-05 6.362350548967359433e-05 4.786669332888703813e-05 3.305799982738458643e-05 1.865901245026296693e-05
-2.379777386763609251e-05 -2.550337856301010500e-05 -2.235253511211755565e-05 -1.422998365065362134e-05 -5.089053034297861888e-07 1.890437969031196437e-05 4.334887059888687863e-05 6.948297393911178287e-05 9.685382594827700580e-05 1.252807922286859935e-04 1.467731925668324874e-04 1.588481012892443609e-04 1.596231743900368210e-04 1.524494720738762499e-04 1.403263584148694231e-04 1.247189420099192143e-04 1.073955322552287939e-04 8.748045701929646706e-05 6.549367753711556875e-05 4.457254920717324199e-05 2.524289592730523119e-05 8.099548477200302650e-06 -5.820445865208354897e-06 -1.676623545363183348e-05
-3.975059732913024078e-05 -3.459183289892996197e-05 -2.492987731749395292e-05 -1.092686977008599817e-05 6.045136780869310713e-06 2.569093053316089101e-05 4.700017928508087167e-05 6.702852485855961828e-05 8.580484672928180285e-05 1.054428325036100460e-04 1.235969894065467505e-04 1.373717989067301144e-04 1.438341147997628953e-04 1.410227094473583153e-04 1.312169865078181418e-04 1.129653636018573359e-04 8.993270819357324813e-05 6.479222515028330398e-05 3.962521284824589251e-05 1.749834455397171278e-05 -2.647453686627308772e-06 -1.992795985989154856e-05 -3.202113278350954701e-05 -3.903718074370377564e-05
-4.246624303834960071e-05 -3.083234738956244114e-05 -1.504851758457036599e-05 4.414183924951175375e-06 2.418483233896448961e-05 4.361084850913242661e-05 6.128784065298446414e-05 7.466868589756453186e-05 8.430873506769112971e-05 9.225857095051011997e-05 1.018178882095325123e-04 1.120360022787828577e-04 1.214392703856000051e-04 1.227541770487442473e-04 1.150298598804634631e-04 9.625948566212801419e-05 7.200447992572938999e-05 4.612548440056102051e-05 2.087401948470736941e-05 -7.539236872972232768e-07 -2.001120180202581281e-05 -3.623439037782635690e-05 -4.581645432800911613e-05 -4.821847310532950790e-05
-3.096176445087146410e-05 -1.352942747297723306e-05 7.792314417914128136e-06 3.181288015134649879e-05 5.348737532683167813e-05 7.232474954799633692e-05 8.559552460138107632e-05 9.154762139678847255e-05 9.232649178427879675e-05 8.986704453865698152e-05 9.038790028146488338e-05 9.402702377841159868e-05 1.018010621627622931e-04 1.047289406935035793e-04 9.880032065703246410e-05 8.220669688316443449e-05 6.015635216044831572e-05 3.619388592191817957e-05 1.198370019127194552e-05 -8.604774025155733234e-06 -2.594612841561785962e-05 -3.936921988513070137e-05 -4.510934133661235427e-05 -4.258273349935257855e-05
-1.740885991028869333e-05 4.037110696521622060e-06 2.920468472494431314e-05 5.641044893256547620e-05 7.926044155560900840e-05 9.730675524856338882e-05 1.075193108835564994e-04 1.093388816307946574e-04 1.056091376748855010e-04 9.893216477556857698e-05 9.571924803193884224e-05 9.550539671728834807e-05 9.931248173848594913e-05 1.000565976779238547e-04 9.435457182286391940e-05 7.988209724584830146e-05 5.924461318064648031e-05 3.563490629930610165e-05 1.053681263330563156e-05 -1.036267493544316863e-05 -2.665172814444815810e-05 -3.722289469455027523e-05 -3.928111737226161438e-05 -3.300216273891192571e-05
-6.847708742221616265e-06 1.674516717223580817e-05 4.389184501692086062e-05 7.323426422620802191e-05 9.702939567303324648e-05 1.140542902140007016e-04 1.235408895184891939e-04 1.261228190171089034e-04 1.227793455173509479e-04 1.155361985278133968e-04 1.109973276251442125e-04 1.093383198262947364e-04 1.094087719666355469e-04 1.060219479519645041e-04 9.859933891551016748e-05 8.470533138470697073e-05 6.434252103854503399e-05 3.994738657591996573e-05 1.298393995449183073e-05 -9.043264068250481176e-06 -2.509671919747072740e-05 -3.387608676847377964e-05 -3.355595945136571391e-05 -2.482820680087703468e-05
-5.320253336663170724e-06 1.862106841095071557e-05 4.616301338454375646e-05 7.568098687188204552e-05 9.975561693016429918e-05 1.175383742906906435e-04 1.296290500842999904e-04 1.369058607039724134e-04 1.390617538165290568e-04 1.365965313902735311e-04 1.335755801879300150e-04 1.308542271621029754e-04 1.274495475258334207e-04 1.206061652897312737e-04 1.103885465776256763e-04 9.485272776717334055e-05 7.308793476919541192e-05 4.673453984297570472e-05 1.737902871399900700e-05 -6.611344641919917764e-06 -2.403398129166100819e-05 -3.347969793356586274e-05 -3.316919402884924194e-05 -2.391855269957455054e-05
-1.303214193434376747e-05 9.939122923688484989e-06 3.677245509058768439e-05 6.531021347598100232e-05 9.012940786888058720e-05 1.115800159559966954e-04 1.291555625774097257e-04 1.430305937904360284e-04 1.537697667741005371e-04 1.603738035134628557e-04 1.616383006658464406e-04 1.581610684652995434e-04 1.518144518037181699e-04 1.428086255779312187e-04 1.293413031949858488e-04 1.102917512912199012e-04 8.552529979589617551e-05 5.611779204909782916e-05 2.387808424660223190e-05 -2.918733074701335251e-06 -2.332315259829379671e-05 -3.599429016575032218e-05 -3.827540893690916507e-05 -3.062181412347459862e-05
-2.400998155884727340e-05 -3.235559575995564823e-06 2.166237379861088645e-05 4.924514873436146333e-05 7.608615675208173603e-05 1.024818648559909105e-04 1.272755607518379929e-04 1.499381201612755017e-04 1.714498806191052022e-04 1.893708426860038333e-04 1.972268129138943194e-04 1.952997262594074188e-04 1.866037512508802727e-04 1.743146136713607825e-04 1.564767202535279728e-04 1.328352284554046975e-04 1.040315722246953694e-04 7.053440541927864630e-05 3.447916177139140087e-05 4.048768378997570557e-06 -2.016456612415188949e-05 -3.725581563033713618e-05 -4.369080699801989210e-05 -3.919650862107388977e-05
-3.444748099996424823e-05 -1.702583316805476464e-05 5.554131175582624849e-06 3.290810533820437693e-05 6.274210558943673363e-05 9.467577737856536636e-05 1.288622512148479831e-04 1.631793407519347295e-04 1.967665200317845271e-04 2.271454236288754900e-04 2.446297204003865396e-04 2.484689987242322826e-04 2.387330152584719010e-04 2.204411626273196096e-04 1.951968150474544877e-04 1.636046232420949778e-04 1.286632810529336909e-04 9.076770237064969878e-05 5.119579655172005106e-05 1.650328193021742014e-05 -1.240251140564414825e-05 -3.416011412358651504e-05 -4.504760507580038128e-05 -4.518581321196083269e-05
-3.103838968839088693e-05 -1.695668339518525438e-05 4.091505566806840166e-06 3.175744486701771616e-05 6.401601854086150527e-05 1.005409202640439065e-04 1.428642843511946693e-04 1.863814706556229310e-04 2.280254648138019225e-04 2.668759785684394646e-04 2.920921954926270587e-04 3.009807983680206278e-04 2.897607451390234179e-04 2.641732112259632405e-04 2.299129638245461923e-04 1.892186542090462599e-04 1.490273919906906475e-04 1.094128957656146669e-04 6.989871065952318625e-05 3.387830091763227998e-05 2.959276162642494304e-06 -2.060549900896233542e-05 -3.359604373820747472e-05 -3.719189566858520108e-05
-1.315358197790204509e-05 -2.080251358332403428e-06 1.776772808708225376e-05 4.552364182278983886e-05 7.943124164999229911e-05 1.197718260379757754e-04 1.673913370151997883e-04 2.152026806346324535e-04 2.599975502188035543e-04 3.027308768591706377e-04 3.314073588447378669e-04 3.410736311803823795e-04 3.266242052722261599e-04 2.945220393367106162e-04 2.520269413731941613e-04 2.040954302264761386e-04 1.616030312773185623e-04 1.232184008078428868e-04 8.719794285542558244e-05 5.377286757642619298e-05 2.476384098558797204e-05 2.337765055307686264e-06 -1.078731964427444517e-05 -1.587230156217516049e-05
