1.724082825177642963e-05 3.477298182359572380e-05 5.990878521067582736e-05 9.317035510382862967e-05 1.301428324851712135e-04 1.688324809912641780e-04 2.067695846800888073e-04 2.361042269652039837e-04 2.566894849264813976e-04 2.689216215307472070e-04 2.771534707604587531e-04 2.824397143096089640e-04 2.841155938604669187e-04 2.789966598449834996e-04 2.666861873915396509e-04 2.463430172714858868e-04 2.171345234582277304e-04 1.796243231715504741e-04 1.345878171885114979e-04 9.246285307338208623e-05 5.595331257052862115e-05 2.762358311873839087e-05 1.218334746934165500e-05 8.638112433994539534e-06
4.120238674503731106e-05 5.866293257208222864e-05 8.448967202692850070e-05 1.192803996283659451e-04 1.594612215062174041e-04 2.032430451849673184e-04 2.474767934883577024e-04 2.848285207951556895e-04 3.160026557412085805e-04 3.398563115244715091e-04 3.550422071333284675e-04 3.622541356992852552e-04 3.647779608140770029e-04 3.599086088135593372e-04 3.434585248846155252e-04 3.129122057186227890e-04 2.727878835953592360e-04 2.271071392500407442e-04 1.755840151272768774e-04 1.275324494555088873e-04 8.634304586627426250e-05 5.532778829450061935e-05 3.839025136588221398e-05 3.351964268738952886e-05
6.634968184945356487e-05 8.176055714824403389e-05 1.063001698873763788e-04 1.402622894997694733e-04 1.809139872629517501e-04 2.270505175031806513e-04 2.761211232612066830e-04 3.213078298810053920e-04 3.628887361031515901e-04 3.988062437229817139e-04 4.220129567348062175e-04 4.322173413413917149e-04 4.339939674536323188e-04 4.251171373112884542e-04 4.002703817500527809e-04 3.579492888618002406e-04 3.080229492326817418e-04 2.552854716328725195e-04 2.008889341868174533e-04 1.530233657871278704e-04 1.132666979402290714e-04 8.305296996455181053e-05 6.547964836015433018e-05 6.014518264195868011e-05
9.543957540808975233e-05 1.071201629634739100e-04 1.278059156112730391e-04 1.580695670521792945e-04 1.959990816409239525e-04 2.403843804617253105e-04 2.920107432038470882e-04 3.442514161537443395e-04 3.941122017176385342e-04 4.397308280731635258e-04 4.713473414954798962e-04 4.875706958986736968e-04 4.850237557882029716e-04 4.633651191930291779e-04 4.258581209506815323e-04 3.739188689479125329e-04 3.191571431560765457e-04 2.640267623455392308e-04 2.132726796738599728e-04 1.728749220005422645e-04 1.400818784545278587e-04 1.146855086764820029e-04 9.849203484641883271e-05 9.231157138367789808e-05
1.384109241951517752e-04 1.453108007437482209e-04 1.602061538763652399e-04 1.841708527753206485e-04 2.160936828020455552e-04 2.545303698946993877e-04 3.029019780763398686e-04 3.544482245531726519e-04 4.034946177042087021e-04 4.484907261373310473e-04 4.799515956834747143e-04 4.962660063450676819e-04 4.874061447087448939e-04 4.563198244779652357e-04 4.140174636339135185e-04 3.638799252817817532e-04 3.156475098569589614e-04 2.691861210660493643e-04 2.301702948846880115e-04 2.012839634419930047e-04 1.777472348053688240e-04 1.596123214143252520e-04 1.469090649344244814e-04 1.395952001480106131e-04
1.958198186256439061e-04 1.968011799863331039e-04 2.047683294226485852e-04 2.204354778316285936e-04 2.434922315814043274e-04 2.731209152309811857e-04 3.120721002601605691e-04 3.534519747948988407e-04 3.922120300640467025e-04 4.264134151560366624e-04 4.468461754575779208e-04 4.523791770091404045e-04 4.377272651698398132e-04 4.091274693176327314e-04 3.739439538860553835e-04 3.363875153847875306e-04 3.043289747132525247e-04 2.761811423282453442e-04 2.546233556113359424e-04 2.390434519612570565e-04 2.265580397960164391e-04 2.170759999585029410e-04 2.088507935998267309e-04 2.013913602608021034e-04
2.734559702216930559e-04 2.673370954036312082e-04 2.658257761529261333e-04 2.705229722556340573e-04 2.820650444474390194e-04 2.990631531875128247e-04 3.214222773408897016e-04 3.431023098037598714e-04 3.621849026764859003e-04 3.756443225049453942e-04 3.772875998902421577e-04 3.680761451535332946e-04 3.523568193040224790e-04 3.366812797052127918e-04 3.188865511357344851e-04 3.023558640236691545e-04 2.923203590942038553e-04 2.871405194943195969e-04 2.863571594370878772e-04 2.873537107327388956e-04 2.897171697716114736e-04 2.915054680019205915e-04 2.889470009023977957e-04 2.827266355177386029e-04
3.592117134539578728e-04 3.471889251167631536e-04 3.360269158387806381e-04 3.291108245041316068e-04 3.281696995769060161e-04 3.303947516610124258e-04 3.341595579878854400e-04 3.352649500744327485e-04 3.339376278615223468e-04 3.276896837203708873e-04 3.160871191250983468e-04 3.014731755291944425e-04 2.905056421027190153e-04 2.870762165057700590e-04 2.858243421216536588e-04 2.877805774137281178e-04 2.947661822946737848e-04 3.063576849386921838e-04 3.221930985329840959e-04 3.389431384411601984e-04 3.558600299305566747e-04 3.695087013648521010e-04 3.738437973924732365e-04 3.702852711992169832e-04
4.432614482905308058e-04 4.273676671203663845e-04 4.085878885012695434e-04 3.907653340281881963e-04 3.767217398936181078e-04 3.635544632334432313e-04 3.494517908386864471e-04 3.320554928469726967e-04 3.123912058464876668e-04 2.909061499387529380e-04 2.729252974709041172e-04 2.597764191237983585e-04 2.555409764305361536e-04 2.614507073478110604e-04 2.738347296614195361e-04 2.904126328599923135e-04 3.095957960437024925e-04 3.331350894239773117e-04 3.613463393727539314e-04 3.901875448070233439e-04 4.179955456605121073e-04 4.421927682944833148e-04 4.544601065270590474e-04 4.546020986030165079e-04
5.152218513053717424e-04 4.987717310782533407e-04 4.762058286752618181e-04 4.497858295018670603e-04 4.233044562060164838e-04 3.957642642648888896e-04 3.664830701031636926e-04 3.354773049526787640e-04 3.034346294660343591e-04 2.738482001397733907e-04 2.546260148781711078e-04 2.449109164861096441e-04 2.468755591123817424e-04 2.601025146131064796e-04 2.822799861248639214e-04 3.097041539780386000e-04 3.377238775231711579e-04 3.684925962133908271e-04 4.029801956421712942e-04 4.374165065600656372e-04 4.695749202904517011e-04 4.983643558015727216e-04 5.164866233530975752e-04 5.226000740633389213e-04
5.571577285632901746e-04 5.446335675244697895e-04 5.232808313640389085e-04 4.930922265631603645e-04 4.587097609522789604e-04 4.216880639937131930e-04 3.825111295042568573e-04 3.441037722834562151e-04 3.069569367810332720e-04 2.748691787031824199e-04 2.551555761954420729e-04 2.464559329334639051e-04 2.520513681540740018e-04 2.708860812156482149e-04 2.993270193341522286e-04 3.347613703612655704e-04 3.698228349607711614e-04 4.046687921689172233e-04 4.397635110865109735e-04 4.725932025778498873e-04 5.018556678302263938e-04 5.273575291711478721e-04 5.461161805736819029e-04 5.573307977013431096e-04
5.734740055119299205e-04 5.684655836398849965e-04 5.519157937004923100e-04 5.220251684173357045e-04 4.842850008033573153e-04 4.423251891392872173e-04 3.974377860730746300e-04 3.554559899719743148e-04 3.170321476437889825e-04 2.848657214425477690e-04 2.656788697550526335e-04 2.590128496895410370e-04 2.675029927326447068e-04 2.894551257449959987e-04 3.216691928601741329e-04 3.625009015918954631e-04 4.018687939171851895e-04 4.380566763146685294e-04 4.700892532684237892e-04 4.967091157564930588e-04 5.184724229541455218e-04 5.368102898207928854e-04 5.530556940429011631e-04 5.662218465565473004e-04
5.675690504998557890e-04 5.708056381845162675e-04 5.614593956393084707e-04 5.362180819786378349e-04 4.995374430113701941e-04 4.562149682260551917e-04 4.083050839256670088e-04 3.649841861318071251e-04 3.272566472153688624e-04 2.965531364236567323e-04 2.791619767220932251e-04 2.757486065185149669e-04 2.879453326596399690e-04 3.125954501183642238e-04 3.470144170389350509e-04 3.899384248841257050e-04 4.302533530939707442e-04 4.655183033523749552e-04 4.917050407779152742e-04 5.089437634610221401e-04 5.213061056465957731e-04 5.318906412664724638e-04 5.439909592911078675e-04 5.556063487788173976e-04
5.683919790020865517e-04 5.754018711939161770e-04 5.704588017765742022e-04 5.497096618196319799e-04 5.146898175413055186e-04 4.697641666114280067e-04 4.181936360216748061e-04 3.729326335346325508e-04 3.350383680794884514e-04 3.053838762165347670e-04 2.899827298271731861e-04 2.899664163115787518e-04 3.063127504443641388e-04 3.335783359206959467e-04 3.689708925310167449e-04 4.111177864635447480e-04 4.495547307710910049e-04 4.821662636163744618e-04 5.038837806231910880e-04 5.163563139930037313e-04 5.252021455025044716e-04 5.334723175753182606e-04 5.440660580364817126e-04 5.548987337373813581e-04
5.821941278283957258e-04 5.896324705865842218e-04 5.857477203562974676e-04 5.675460458835940606e-04 5.336424337960400752e-04 4.865690442234312419e-04 4.310882692315946363e-04 3.839325283241021552e-04 3.459169026029844732e-04 3.171267836120695866e-04 3.033009921487382198e-04 3.062670769349559513e-04 3.255351337783723379e-04 3.533750750964242612e-04 3.877001092206077012e-04 4.270379245244845952e-04 4.615740676736427542e-04 4.895093658497159245e-04 5.086354898836473312e-04 5.221203060879326101e-04 5.332280990691268827e-04 5.433452265870756907e-04 5.549765553213959575e-04 5.675706830721144848e-04
6.155276057554833619e-04 6.219519057152442677e-04 6.178826897078456767e-04 5.988523568903800741e-04 5.629636874607920520e-04 5.140518756613036283e-04 4.561580014604160087e-04 4.060779464034941152e-04 3.653692577038249048e-04 3.370059614988118058e-04 3.256072554654821033e-04 3.297388460254419159e-04 3.485764312228226049e-04 3.739898646924573120e-04 4.040933996018257045e-04 4.366457411159641619e-04 4.647204911951476080e-04 4.882501453277646565e-04 5.087483033987443351e-04 5.287178747841040412e-04 5.474795627242541509e-04 5.655269026092792084e-04 5.832170517519106147e-04 6.001755271996408146e-04
6.444560999612847577e-04 6.476834976516488655e-04 6.414466647967880918e-04 6.202236038656696411e-04 5.840130617876457264e-04 5.383366184035337206e-04 4.849141322576412802e-04 4.368903972379334106e-04 3.969271527627575655e-04 3.715561057563113601e-04 3.634319587389364908e-04 3.669079056265499642e-04 3.820203352557318180e-04 4.021256749738375946e-04 4.249730117267389224e-04 4.478539145894442275e-04 4.689682624988263321e-04 4.904244460255011932e-04 5.139766480021635111e-04 5.392790298208425571e-04 5.644621291128532796e-04 5.904174774285904587e-04 6.136011744924333832e-04 6.319403886621139917e-04
6.544487307284117730e-04 6.501472174003246384e-04 6.374107589489476713e-04 6.147330004315008749e-04 5.840086555087445168e-04 5.473756503437128117e-04 5.053580769014484478e-04 4.674496414125168934e-04 4.362908206553969218e-04 4.177313454558672702e-04 4.124614231775846425e-04 4.148613921159890225e-04 4.250974614752808258e-04 4.380126323153378325e-04 4.517216957852521479e-04 4.643531023463927311e-04 4.792330079122303571e-04 4.993416806592200019e-04 5.247838644656719178e-04 5.523649727396271955e-04 5.809153994054555310e-04 6.107994606663615881e-04 6.345721986583731941e-04 6.493876445569613746e-04
6.244859428455014697e-04 6.067181832812805747e-04 5.832996901845182748e-04 5.599701017037955796e-04 5.406771460573506086e-04 5.209970945026825206e-04 5.019495223558711377e-04 4.881874369120599777e-04 4.802422652868838511e-04 4.775245716843050424e-04 4.777302241018340358e-04 4.806806143346785453e-04 4.851547920811542574e-04 4.888561193671777869e-04 4.922400005030724271e-04 4.962527053563460088e-04 5.057966742846646503e-04 5.215597842064095520e-04 5.444153964864819088e-04 5.695463979539549301e-04 5.944737228536185270e-04 6.172723711856855765e-04 6.304794210542941655e-04 6.335322318272772289e-04
5.470555609351925681e-04 5.177729452993048726e-04 4.873787338904375785e-04 4.636000479123056806e-04 4.525946779666952728e-04 4.486880997171535722e-04 4.534714402366274758e-04 4.655673966068171136e-04 4.829257407820089650e-04 4.999307724829215888e-04 5.102541761314582924e-04 5.174022134808685391e-04 5.193755552286300880e-04 5.181117116202147137e-04 5.162558487066359718e-04 5.171864004989106109e-04 5.238320992664975912e-04 5.337907550882001065e-04 5.501543745406868406e-04 5.677095392790840710e-04 5.816264366117647727e-04 5.881691933284932281e-04 5.837400170579801553e-04 5.708755168866984668e-04
4.406730817497270377e-04 4.060619018026508792e-04 3.748782638421568740e-04 3.505883306843596541e-04 3.415599553145931794e-04 3.471162592451874527e-04 3.683918007849233743e-04 3.979789668020578485e-04 4.322739946105618792e-04 4.659553861119908975e-04 4.886706421526413593e-04 5.022904277797233911e-04 5.061405114364493727e-04 5.063925515878472689e-04 5.057779992790471021e-04 5.082560124310851399e-04 5.147816152252135099e-04 5.217139911341464728e-04 5.311830650897723981e-04 5.375791135732700893e-04 5.369023038131442559e-04 5.256680696790026622e-04 5.041437483241289824e-04 4.759030182633435424e-04
3.210898719218704131e-04 2.866133401256519423e-04 2.574847156789449704e-04 2.340465960512061829e-04 2.245109080421524598e-04 2.312723631155657775e-04 2.553746112140684510e-04 2.874111781255448621e-04 3.232029225033342199e-04 3.597652649540304041e-04 3.872940562917766825e-04 4.055058261813597226e-04 4.151963325429416972e-04 4.236831904275664587e-04 4.326098469320868853e-04 4.436551345842813213e-04 4.557068188837021705e-04 4.667153224690879241e-04 4.738266033571314007e-04 4.703785738560234929e-04 4.570045800518017878e-04 4.325578510915029096e-04 4.000755060438913142e-04 3.617166887848516821e-04
2.175822875122463969e-04 1.843688816260468733e-04 1.558049760556555171e-04 1.336575141996645076e-04 1.236165081030086185e-04 1.258116850487406670e-04 1.415119647125320616e-04 1.633434609349659341e-04 1.875792919872319741e-04 2.120351501245036608e-04 2.320277696722240323e-04 2.481803698170339015e-04 2.611607443566672055e-04 2.763442732946450888e-04 2.948549561677406804e-04 3.165132979207417162e-04 3.380462547780075516e-04 3.585423072028701271e-04 3.718569597240038802e-04 3.696197014775708676e-04 3.551848576469508875e-04 3.291804063044275375e-04 2.963179008251536637e-04 2.575398809285632117e-04
1.241577472416308331e-04 9.261411275541495429e-05 6.502157155130399249e-05 4.287032916075870950e-05 2.932848287393198918e-05 2.396185958941397117e-05 2.717055179649392651e-05 3.361326138845383498e-05 4.110946317376514534e-05 4.882310294604713701e-05 5.719179854204274062e-05 6.719747678038051684e-05 7.915965030881674401e-05 9.651146408334984519e-05 1.200777871082228470e-04 1.503467526631356338e-04 1.818845076972547563e-04 2.123916345806023734e-04 2.368729890940763142e-04 2.452496372018102061e-04 2.391570784442838792e-04 2.195275073762980537e-04 1.927469116793940201e-04 1.600117593592847586e-04
3.987552775441917982e-05 1.109358708442854882e-05 -1.593835461381347112e-05 -4.040557961798660612e-05 -6.025194176810133204e-05 -7.560677673314813107e-05 -8.812982158560976218e-05 -1.001907564457616079e-04 -1.109197376145461023e-04 -1.190385144813648128e-04 -1.214782579010047697e-04 -1.184942754356598291e-04 -1.093722862695675085e-04 -9.251649394666447445e-05 -6.810924713069241017e-05 -3.432855276261478818e-05 3.012695146866440529e-06 4.015487220181403015e-05 7.564511407422697792e-05 9.954569056066475924e-05 1.099968892546482926e-04 1.055865513623552830e-04 9.086137006353382220e-05 6.874906854525558730e-05
-3.293649488521566355e-05 -5.781866413363559264e-05 -8.465461599731612325e-05 -1.124903650580761776e-04 -1.389717526614710121e-04 -1.642680446742001777e-04 -1.906713608355183975e-04 -2.166407333455146981e-04 -2.393703865316308200e-04 -2.561892527692562465e-04 -2.638869638075380252e-04 -2.640644645208019758e-04 -2.556493480219971170e-04 -2.387782798074076140e-04 -2.145692219295126208e-04 -1.818745348806416235e-04 -1.451043853160406693e-04 -1.068764682951289639e-04 -6.711369713176681625e-05 -3.376297119251382017e-05 -9.550343619029584113e-06 2.119559530630617245e-06 4.404081262401678170e-07 -1.145194848422116931e-05
-9.256163863361175660e-05 -1.130758507183576676e-04 -1.392476270053734063e-04 -1.700667909142029670e-04 -2.028811712959464463e-04 -2.378168876814265890e-04 -2.754012737022479740e-04 -3.101827136383133662e-04 -3.398166686179856307e-04 -3.616746575547765048e-04 -3.724047730921928095e-04 -3.735181938645584505e-04 -3.648442924940182826e-04 -3.482521964292041865e-04 -3.245355755308481673e-04 -2.942611142915779721e-04 -2.604362520111837970e-04 -2.234967839636345182e-04 -1.832695443961907618e-04 -1.457106018385313892e-04 -1.129784782199552549e-04 -8.794019141810636997e-05 -7.675509487318605509e-05 -7.860928852095072118e-05
-1.376276164892967344e-04 -1.532022653991335387e-04 -1.776423987731433763e-04 -2.108793221353129702e-04 -2.493863023245620732e-04 -2.920564560965440066e-04 -3.370290479630604183e-04 -3.761762427396773555e-04 -4.086494975197815273e-04 -4.320929087362688202e-04 -4.434871394194184516e-04 -4.441816474797615193e-04 -4.349018425206660965e-04 -4.187337156151163357e-04 -3.959805208507390442e-04 -3.682589690551664571e-04 -3.378079019350322212e-04 -3.037568892315816761e-04 -2.661079731361363078e-04 -2.291744095351914696e-04 -1.943919081995914352e-04 -1.622492372698521469e-04 -1.408742909461268168e-04 -1.324875991546172035e-04
-1.688901812805031048e-04 -1.792020575024236089e-04 -2.010914771253144125e-04 -2.352787178125017187e-04 -2.767859348730002350e-04 -3.232335690798215965e-04 -3.721847593257074675e-04 -4.140698794177362059e-04 -4.481359150655259615e-04 -4.720002365914392371e-04 -4.834501869049413541e-04 -4.841308433201577804e-04 -4.746432716572202264e-04 -4.587747282854708389e-04 -4.371865661745591653e-04 -4.109623042473846237e-04 -3.822063163797232615e-04 -3.505365416072677483e-04 -3.158631406945406478e-04 -2.812045750785523374e-04 -2.476568378071173715e-04 -2.144746837675762848e-04 -1.883700653700113117e-04 -1.723255451971092206e-04
-1.879735376181139515e-04 -1.928856507409853832e-04 -2.120873662016243806e-04 -2.456374326938553479e-04 -2.871068939967874318e-04 -3.342940160096325927e-04 -3.850356119155106554e-04 -4.283202645130129932e-04 -4.626406882185498596e-04 -4.863172046478465740e-04 -4.979438365895538570e-04 -4.987316033574965392e-04 -4.890642815870723361e-04 -4.734303929439813885e-04 -4.529423346813932910e-04 -4.279651768338154261e-04 -4.004688254461666753e-04 -3.707448458322457150e-04 -3.393275541019584343e-04 -3.079406172428301807e-04 -2.766242748074637312e-04 -2.448490303729389727e-04 -2.179108945592672978e-04 -1.981047006627056700e-04
-1.966746083435359272e-04 -1.979079118717371778e-04 -2.132337043332146727e-04 -2.433236765355838898e-04 -2.824676002568832656e-04 -3.280903752821769277e-04 -3.778616949356637623e-04 -4.205520388658762643e-04 -4.547485402981257829e-04 -4.786985197479733957e-04 -4.905399245038870879e-04 -4.914047498131287684e-04 -4.818587885810589528e-04 -4.667849772834659940e-04 -4.472451685069186284e-04 -4.233930127220290949e-04 -3.973143100596618761e-04 -3.695506767594930204e-04 -3.408395148571488923e-04 -3.123041139439365448e-04 -2.835815018479989017e-04 -2.544344512545999816e-04 -2.291005486376545793e-04 -2.092295501365371132e-04
-2.079792968077325075e-04 -2.077485033690585432e-04 -2.185039131178810221e-04 -2.426289290880787107e-04 -2.773018905854543752e-04 -3.191988410113964585e-04 -3.652206837678268945e-04 -4.051434832116471889e-04 -4.386583573932360185e-04 -4.633559268482586083e-04 -4.756553079856322896e-04 -4.767722524059976141e-04 -4.679485336756715116e-04 -4.541546525942597888e-04 -4.358056691953144431e-04 -4.134304564995833100e-04 -3.894810706406799444e-04 -3.642459906423940372e-04 -3.379463577142358295e-04 -3.117995011045611399e-04 -2.859900560199783335e-04 -2.598875234403835266e-04 -2.370285833375698661e-04 -2.192226280555728904e-04
-2.244193146196180988e-04 -2.232457793008243193e-04 -2.299521614237471821e-04 -2.469488071785935312e-04 -2.743026233989300021e-04 -3.096255661724051870e-04 -3.496850476693594235e-04 -3.852627169550638790e-04 -4.165183782142684423e-04 -4.413719674250320916e-04 -4.545237701167214499e-04 -4.562872788210663231e-04 -4.486135142789034213e-04 -4.365605416136563301e-04 -4.198633617922962373e-04 -3.993469637880937340e-04 -3.778296597374113932e-04 -3.554258980457656062e-04 -3.321588927591676314e-04 -3.093400127830217821e-04 -2.873831670397851033e-04 -2.656982651042378543e-04 -2.471210804460522120e-04 -2.331869613136718946e-04
-2.488502112745316739e-04 -2.465844688293992353e-04 -2.496057095041597082e-04 -2.593060833021915883e-04 -2.771530548226600098e-04 -3.022436289285749633e-04 -3.333389474389659578e-04 -3.632921514149228944e-04 -3.909598127244460868e-04 -4.144264787116354017e-04 -4.279700834586789432e-04 -4.315987243155396721e-04 -4.260026191733742255e-04 -4.155280399130048910e-04 -4.009335259368821173e-04 -3.826546092006106515e-04 -3.637299848561381839e-04 -3.447370193318433258e-04 -3.257833592997933761e-04 -3.078824522986340836e-04 -2.912644675025133812e-04 -2.763531493749137122e-04 -2.643922381769136425e-04 -2.553725695320570614e-04
-2.764491267334026983e-04 -2.726867163464481540e-04 -2.721317061815190235e-04 -2.757320830775579035e-04 -2.848678596371631111e-04 -2.990510532222580829e-04 -3.189859064850661917e-04 -3.406629597699458497e-04 -3.620414838727928656e-04 -3.808744352748337134e-04 -3.923138760434507631e-04 -3.969908703865448530e-04 -3.936680325728541489e-04 -3.851804836741801836e-04 -3.737106497790516077e-04 -3.590998826849182523e-04 -3.444613875721512465e-04 -3.309915477034245409e-04 -3.186955601569572472e-04 -3.078969900808293278e-04 -2.986984954461818754e-04 -2.922043840785981455e-04 -2.871752363240910209e-04 -2.820936044724153434e-04
-3.027528914878687598e-04 -2.976751741534949141e-04 -2.937252741432787675e-04 -2.918811425491906787e-04 -2.934353399772619852e-04 -2.978407688708663965e-04 -3.054762718117625515e-04 -3.154697884275772107e-04 -3.271517893457603302e-04 -3.384876580702074846e-04 -3.455035846534949850e-04 -3.489095822759193783e-04 -3.473115937659799015e-04 -3.420335893864572788e-04 -3.349109497297789281e-04 -3.257528729438947490e-04 -3.177470742375990381e-04 -3.121469271992065352e-04 -3.085478569630917961e-04 -3.065835462867692678e-04 -3.065364642883690836e-04 -3.088828986952694760e-04 -3.099002699384181326e-04 -3.078714304340860863e-04
-3.235170278137769972e-04 -3.171232809220788859e-04 -3.104033887879521932e-04 -3.041183566112643129e-04 -2.994513172454836840e-04 -2.960356431085659607e-04 -2.922867703739653574e-04 -2.883463313114498802e-04 -2.858461005041542345e-04 -2.850837570109803171e-04 -2.848802913791423277e-04 -2.845450213988095708e-04 -2.835033395214850904e-04 -2.820521826687978151e-04 -2.808651373631211373e-04 -2.802673346385783546e-04 -2.820985516331473049e-04 -2.866469163586975199e-04 -2.940080921630470589e-04 -3.029104431062641764e-04 -3.128344271938863380e-04 -3.225011845056387346e-04 -3.276409198020434235e-04 -3.281092279235493770e-04
-3.278706752553758289e-04 -3.206504196669556612e-04 -3.122756766008019029e-04 -3.031697130939185465e-04 -2.943842584912151599e-04 -2.858466222039910483e-04 -2.751564343246250179e-04 -2.613453131238990010e-04 -2.464908345996945100e-04 -2.329625904933408796e-04 -2.242970443561334961e-04 -2.193034256305083883e-04 -2.182391352990813822e-04 -2.208581944101991668e-04 -2.268212089973614253e-04 -2.361192919539252218e-04 -2.478218342478129862e-04 -2.616275199749750315e-04 -2.780538718118703108e-04 -2.947084988142396130e-04 -3.102764146575375361e-04 -3.229654416484907097e-04 -3.298945131218358295e-04 -3.318954512157581364e-04
-3.164346913849007056e-04 -3.092229460548372275e-04 -3.000283710117353122e-04 -2.895787797130255068e-04 -2.787944979950583452e-04 -2.672544876791870449e-04 -2.531882140931478891e-04 -2.345172815087367903e-04 -2.123194260221490746e-04 -1.884065014027949464e-04 -1.710304442060513305e-04 -1.611300461809669795e-04 -1.602808994832724283e-04 -1.676941092880321804e-04 -1.815311184978703370e-04 -2.001469982905492969e-04 -2.198407534639358380e-04 -2.410236477728897844e-04 -2.630098888163930732e-04 -2.822863306458596238e-04 -2.983677170127784807e-04 -3.107985788893758219e-04 -3.180865781846027108e-04 -3.201897378958829259e-04
-2.903880821695293581e-04 -2.838493445384128000e-04 -2.747616222840984306e-04 -2.640239657197514028e-04 -2.527553449670572679e-04 -2.404296997534128048e-04 -2.259174157408435919e-04 -2.072423404435974994e-04 -1.848753707043985280e-04 -1.587930016492094512e-04 -1.386422739962240300e-04 -1.276623728588771676e-04 -1.292350019548240303e-04 -1.416160833321073354e-04 -1.608425539557527858e-04 -1.840745079178266667e-04 -2.063280617786231858e-04 -2.287818269661741452e-04 -2.494214957890044651e-04 -2.651961402585779047e-04 -2.771030920701908332e-04 -2.862829840186045089e-04 -2.922435043545036637e-04 -2.936799163666887797e-04
-2.593743248618830409e-04 -2.531005797224105650e-04 -2.439738823747263487e-04 -2.325539079402375682e-04 -2.204883186198587349e-04 -2.077666600258210690e-04 -1.932535095111358116e-04 -1.762872150739416355e-04 -1.577826486939402266e-04 -1.374166881198231804e-04 -1.229111093913362292e-04 -1.171629601063695303e-04 -1.235283939640980798e-04 -1.388958826318036543e-04 -1.588720962994050342e-04 -1.812327237063094819e-04 -2.011984911077217982e-04 -2.194006185159694733e-04 -2.342749054096793324e-04 -2.448156147247425784e-04 -2.522517012944962105e-04 -2.577526948496946906e-04 -2.614376077502764801e-04 -2.621765810521333069e-04
-2.254289059123243063e-04 -2.188251553557172429e-04 -2.090644850058846456e-04 -1.965064093986980398e-04 -1.833272828143010596e-04 -1.698930421435367153e-04 -1.556310127571893084e-04 -1.411940431372882873e-04 -1.273724240737256794e-04 -1.146649145338484566e-04 -1.088680258789543633e-04 -1.114151695954621887e-04 -1.230303560471161534e-04 -1.392346065204370258e-04 -1.578109177471873363e-04 -1.776745590101386414e-04 -1.942508662594061720e-04 -2.070996821955900611e-04 -2.160201692926871908e-04 -2.220517814110162887e-04 -2.257418406966867780e-04 -2.277033361968420924e-04 -2.286666043806743684e-04 -2.282621016907708934e-04
-1.903082178859772267e-04 -1.827626809878309816e-04 -1.715311243604019894e-04 -1.569010432385290572e-04 -1.418538428640886352e-04 -1.270958297495337322e-04 -1.128613926412498788e-04 -1.008262497272425200e-04 -9.131458499046146758e-05 -8.633433508486461740e-05 -8.956569289590636898e-05 -1.002274527314468965e-04 -1.158859636259258183e-04 -1.316952658468869631e-04 -1.484736904490720070e-04 -1.653571374964549862e-04 -1.786418141933512752e-04 -1.879572228772252642e-04 -1.934588085816391480e-04 -1.966100309184579825e-04 -1.977432647247411317e-04 -1.973949972532229136e-04 -1.962976049141832867e-04 -1.941587259249812254e-04
-1.554291517060198764e-04 -1.464950205691874252e-04 -1.331206374159717024e-04 -1.154300847500844707e-04 -9.748617765763832393e-05 -8.051910533029237298e-05 -6.516993482872987368e-05 -5.384562326901799729e-05 -4.670742262916252027e-05 -4.613405246016813612e-05 -5.349833337425073280e-05 -6.687915269114417388e-05 -8.325447476376791726e-05 -9.841182820247318548e-05 -1.139690915244575474e-04 -1.290980877026417692e-04 -1.416321567548311361e-04 -1.516772557140398593e-04 -1.585970536546256232e-04 -1.626578307671182637e-04 -1.645846780406701681e-04 -1.648911814479212944e-04 -1.637024731720735434e-04 -1.605466779682207252e-04
-1.195076117817208295e-04 -1.088098525337669650e-04 -9.291760898232944007e-05 -7.163805255341902168e-05 -5.011540817738470454e-05 -3.025724607166515519e-05 -1.282026737918758162e-05 -9.426681440807896325e-07 5.086187428539500939e-06 3.829553304721455817e-06 -3.778018854512291955e-06 -1.598826579486898391e-05 -3.071056672634182199e-05 -4.436593860208934751e-05 -5.785200786317118839e-05 -7.187949547401929675e-05 -8.581887426592875998e-05 -9.874958088489929012e-05 -1.099687934940652556e-04 -1.185456128626215569e-04 -1.248725610838319767e-04 -1.282863007307887123e-04 -1.283047197596154983e-04 -1.254304515825946386e-04
-8.133389119499491882e-05 -6.850277920147487061e-05 -4.982493718392812145e-05 -2.512972726546278010e-05 3.951874490930947884e-08 2.366438570062575085e-05 4.413086196172251739e-05 5.716778425989240325e-05 6.296544314566368289e-05 6.199939613879662504e-05 5.721032331724179728e-05 4.910289385388919237e-05 3.861366650541724765e-05 2.789048408135722957e-05 1.671273542820775798e-05 3.520852924023828252e-06 -1.238570532619128281e-05 -2.968088566549147039e-05 -4.788284691554821673e-05 -6.388371458643653006e-05 -7.712937169317661676e-05 -8.616974180126843626e-05 -8.949792364384108532e-05 -8.806169323310432601e-05
-4.410414993868195025e-05 -2.936312257594327830e-05 -8.225106035192372413e-06 1.927657970599736751e-05 4.788179892552459099e-05 7.587049302692893814e-05 1.007126366991679511e-04 1.166023711536392008e-04 1.241344354385176822e-04 1.249183091572311321e-04 1.235995569483476367e-04 1.201172207546286362e-04 1.143744602798324906e-04 1.062903262016772832e-04 9.593467570897742545e-05 8.274468292168397161e-05 6.489680063088667161e-05 4.234600564699782038e-05 1.594419723110214579e-05 -8.043979029970809482e-06 -2.838220720169595964e-05 -4.390370486875427581e-05 -5.165923654536393861e-05 -5.183250615158334107e-05
-1.009348159514671315e-05 6.141612328189175097e-06 2.932395458352281335e-05 5.957954517529599341e-05 9.193144446831783424e-05 1.245946725797495509e-04 1.553248657471924742e-04 1.767814696617489318e-04 1.887619966495184389e-04 1.929909894694240458e-04 1.958188973206511610e-04 1.976379938440051313e-04 1.962559870272802991e-04 1.893631354163817038e-04 1.783818172054832949e-04 1.637836892610818854e-04 1.426221990603539658e-04 1.134435055625279898e-04 7.791562814486813963e-05 4.545998349110849863e-05 1.754902445189626155e-05 -4.686203303600839365e-06 -1.685413007069004655e-05 -1.862194495030812280e-05
