3.448352104041807465e-05 5.401631089198385467e-05 8.812319488618830608e-05 1.383062505026843377e-04 1.996290869598252684e-04 2.689441631840759715e-04 3.446610150621838803e-04 4.116396605278112059e-04 4.664239030054310531e-04 5.043866902674261224e-04 5.144963865004917964e-04 4.977028319944768256e-04 4.535204020426769362e-04 3.961040443862171826e-04 3.306576996455102982e-04 2.630119565428207609e-04 2.061340243990260280e-04 1.585157175988212354e-04 1.205229684469936964e-04 9.009268417828134848e-05 6.617123489947621356e-05 4.695547077669540506e-05 3.390500630038783202e-05 2.930952946791929648e-05
9.936411661167076519e-05 1.183297051095467576e-04 1.504600782449534507e-04 1.976676605515377875e-04 2.562556704108370255e-04 3.230794227497166770e-04 3.974916485279001441e-04 4.646986140867293176e-04 5.204163439135946504e-04 5.576413519065071857e-04 5.647549510792878018e-04 5.448877318718658210e-04 4.975681904162789805e-04 4.387101536395581402e-04 3.740897343853423354e-04 3.098167579466301310e-04 2.571605904394789230e-04 2.137678619429090167e-04 1.800752764485059323e-04 1.529644325144736256e-04 1.309591590019614903e-04 1.121515518468326389e-04 9.896530549088463562e-05 9.411622214552017775e-05
1.699856501812433915e-04 1.884768937289156652e-04 2.187236124090106417e-04 2.617714839866659552e-04 3.151633360066026729e-04 3.770344332185904452e-04 4.468372964856323279e-04 5.101244405567497558e-04 5.626275161519472519e-04 5.980648350062318409e-04 6.042306589605507105e-04 5.833380968935445972e-04 5.358193519437494130e-04 4.793471302241017690e-04 4.193801306337111641e-04 3.602911586420809681e-04 3.116517371604480549e-04 2.722795683563879947e-04 2.426262348011907696e-04 2.185180263765266790e-04 1.981121238049956504e-04 1.801355831229767670e-04 1.679761787236163837e-04 1.640361127015840131e-04
2.450854339260782585e-04 2.631067644619084194e-04 2.915493544075574428e-04 3.303841488978633586e-04 3.776617890619934264e-04 4.327615434748316925e-04 4.954001389382774482e-04 5.524497363507102198e-04 5.998176625430242347e-04 6.323000139414780996e-04 6.380637442682375550e-04 6.183684083377656180e-04 5.744521636098352422e-04 5.231402127249132686e-04 4.688027991033823032e-04 4.151241900620467268e-04 3.708784230492884128e-04 3.353059098977632978e-04 3.084932276125066579e-04 2.862881474103375111e-04 2.672200160251606157e-04 2.507039300421706252e-04 2.404013161243319298e-04 2.381175532407712125e-04
3.246415211182643963e-04 3.420719410933159587e-04 3.686644985380863482e-04 4.041664223722236417e-04 4.464043717306028056e-04 4.949066707385340854e-04 5.499701398836096813e-04 6.007599839552453785e-04 6.433677840623209772e-04 6.727812638432782884e-04 6.784998119555955831e-04 6.620355009799906189e-04 6.247680675509763608e-04 5.800688281781743580e-04 5.310151517302787562e-04 4.819510145554804044e-04 4.417533263812712632e-04 4.090370807686246517e-04 3.831075807627411646e-04 3.609108689272718089e-04 3.421236564049000566e-04 3.267327159886892780e-04 3.179826989298916839e-04 3.169683828525276127e-04
4.099092840048892353e-04 4.266744105062505077e-04 4.513425525372306802e-04 4.835721320156498066e-04 5.209658260820906146e-04 5.630661051989274560e-04 6.101084406513226617e-04 6.535510811197284926e-04 6.903113048791333171e-04 7.170105020470987937e-04 7.244804962164165920e-04 7.130438384671212645e-04 6.843559341612392381e-04 6.483342136775465531e-04 6.066290817802759330e-04 5.626276548058256697e-04 5.253097147607983537e-04 4.942814059776628978e-04 4.679623521045314476e-04 4.443968670518873786e-04 4.245134318084461023e-04 4.093842833202482258e-04 4.018372974268333742e-04 4.017428624620076986e-04
5.009523961299690341e-04 5.166048020528966889e-04 5.388997089877989354e-04 5.678707088210184235e-04 6.008982348442980801e-04 6.370755062685435482e-04 6.761304223830056801e-04 7.115197724622658940e-04 7.413345869752665292e-04 7.645424265225954537e-04 7.750531923797355626e-04 7.718692910379267285e-04 7.548187670910144970e-04 7.290473906263192968e-04 6.964423737457684080e-04 6.591048278854679541e-04 6.244017737137882561e-04 5.926877733507468840e-04 5.633033515511504108e-04 5.371725858765970599e-04 5.152629774261460434e-04 4.993554041054746066e-04 4.920720464394943679e-04 4.925060866974989831e-04
5.995788161005646474e-04 6.134359582193090864e-04 6.326736942548394273e-04 6.577753492312229163e-04 6.859008507368159844e-04 7.156201829436705571e-04 7.461838791428769676e-04 7.727527659062374430e-04 7.944632521332627541e-04 8.120397669830051787e-04 8.242159321610185085e-04 8.298451924101009347e-04 8.265144575597409456e-04 8.132800632451923873e-04 7.922405448487178370e-04 7.647308714269448505e-04 7.347896686926693940e-04 7.024281761601957556e-04 6.690536888419116451e-04 6.402515402548129928e-04 6.164762132255100814e-04 5.991745998927617200e-04 5.909742655639363710e-04 5.913041732027317409e-04
7.063275232416807523e-04 7.180015304819882104e-04 7.337942245438930974e-04 7.542543544010180730e-04 7.763213419383333978e-04 7.984262454772059203e-04 8.193360278107524432e-04 8.359155528079968700e-04 8.483528122988301130e-04 8.588354020297514621e-04 8.709206641363848467e-04 8.836067835841054756e-04 8.946259656568403187e-04 8.969451115377768567e-04 8.904876496707166654e-04 8.753378475687167200e-04 8.522059359889991737e-04 8.212443910042467208e-04 7.849419239766466504e-04 7.535451243785924909e-04 7.279808106720274787e-04 7.089879391296134920e-04 6.991994598411760539e-04 6.987540665639951996e-04
8.221268001389546139e-04 8.314369323313020727e-04 8.435386300608585346e-04 8.584509038963005498e-04 8.726967332253627576e-04 8.850981006086139575e-04 8.939866932074965475e-04 8.988349902853368534e-04 9.011354644351353806e-04 9.040435890965434554e-04 9.140765873437527297e-04 9.302513934285087330e-04 9.533284581551165239e-04 9.733272303696894300e-04 9.861604088832944415e-04 9.872936932216172436e-04 9.732112134743554650e-04 9.472753134790554575e-04 9.116533299761451570e-04 8.786635240840408268e-04 8.502446461017869805e-04 8.288215033731752670e-04 8.178331152187081786e-04 8.160010140680952224e-04
9.480019072881861689e-04 9.536964017924230881e-04 9.607901263602803069e-04 9.684584095445426507e-04 9.726118514418619640e-04 9.727119901983370806e-04 9.675059649782377386e-04 9.599774485362758169e-04 9.523738592930859701e-04 9.481394559695320665e-04 9.548875030868709569e-04 9.717114967646572898e-04 1.001511153698338629e-03 1.034500452511948965e-03 1.064517669384719379e-03 1.083308651870868757e-03 1.082233723680621224e-03 1.066667145163164784e-03 1.038194946483809609e-03 1.008617476097622111e-03 9.802821533243146878e-04 9.581156565378468179e-04 9.471637587376183047e-04 9.441817058828029388e-04
1.083366315602337553e-03 1.083629271383373255e-03 1.083899121754440878e-03 1.082498162389005985e-03 1.074724614092637410e-03 1.060688921460391666e-03 1.040617381517155516e-03 1.021004860509026934e-03 1.003790016826484281e-03 9.921671211437250049e-04 9.948454794290702893e-04 1.011533922997764380e-03 1.044628625061626509e-03 1.084538094022611220e-03 1.125668992802883982e-03 1.161251534434045059e-03 1.177522236246844860e-03 1.176663057653265509e-03 1.160217180359985039e-03 1.139467040158719576e-03 1.116630267273363781e-03 1.096657771704616022e-03 1.086202080130772981e-03 1.082529791443902429e-03
1.229455078531898390e-03 1.223370396441320410e-03 1.214494265676094179e-03 1.200523989565975601e-03 1.178430622032607122e-03 1.149507211053448288e-03 1.114597783015978385e-03 1.082809417862271592e-03 1.056333782518872628e-03 1.038786930961179333e-03 1.038282280037384738e-03 1.053908248054821577e-03 1.086874883192204310e-03 1.128375090938320497e-03 1.174263124944051892e-03 1.221641419310706472e-03 1.255906168419510102e-03 1.275087002962896690e-03 1.277899735167284563e-03 1.271785571822898813e-03 1.260509102966728611e-03 1.247437913175434253e-03 1.238743365008895987e-03 1.233114994743747441e-03
1.380802654711308589e-03 1.367743319833924576e-03 1.347688185226121865e-03 1.318869405665771015e-03 1.282216080597749046e-03 1.239805755059141803e-03 1.192133882771414296e-03 1.150020777577208213e-03 1.116577757035938818e-03 1.095518768588338342e-03 1.092669409395276249e-03 1.106257597736310999e-03 1.137122955116586691e-03 1.177832651420637885e-03 1.225069455104829978e-03 1.277476526426289108e-03 1.323893220246667507e-03 1.361956161262724415e-03 1.387028796994296083e-03 1.399387788891974516e-03 1.403761909919451966e-03 1.401902329846321273e-03 1.397411329316731532e-03 1.389738498775806418e-03
1.534352143568225128e-03 1.512887700513238865e-03 1.480223106672062588e-03 1.436358421748881687e-03 1.386180790711804070e-03 1.331319202179346911e-03 1.272844411690638583e-03 1.223289966988888068e-03 1.185762961782703970e-03 1.162208915405291577e-03 1.156165605330198090e-03 1.166866771382066856e-03 1.194136505563053383e-03 1.231916242153437060e-03 1.278362367244488410e-03 1.332570517356377292e-03 1.386823207831183822e-03 1.439452307262763546e-03 1.486020057641267633e-03 1.519638575077652621e-03 1.542449656285420530e-03 1.554209707047330379e-03 1.555951926091801848e-03 1.548264307212213718e-03
1.694668221601153746e-03 1.662216625935249159e-03 1.616595922356034833e-03 1.558372342393226978e-03 1.495052640715892204e-03 1.428572837350669837e-03 1.362380389224930773e-03 1.308568824573548301e-03 1.267721862547440889e-03 1.241030149687791413e-03 1.230923409646687968e-03 1.237020903766975670e-03 1.258610946323361103e-03 1.291543815656843531e-03 1.335147956939717641e-03 1.389328659231626540e-03 1.448176802082309228e-03 1.509817389615369584e-03 1.573856819264022287e-03 1.629473927524394085e-03 1.673455262461977840e-03 1.702926934313198862e-03 1.715377087622356553e-03 1.712842327001125623e-03
1.817018069130221835e-03 1.775664720426800179e-03 1.721408700611600428e-03 1.654639276344109337e-03 1.584144376172079167e-03 1.512464042951940004e-03 1.444317329428084070e-03 1.389204490918142295e-03 1.345573226450265088e-03 1.315539691319974258e-03 1.301605321223760431e-03 1.302487772764932298e-03 1.317952144897036916e-03 1.346292139686769765e-03 1.387173892202815759e-03 1.441337374601216149e-03 1.503047034366603724e-03 1.569651048504481497e-03 1.643269119291484613e-03 1.712378069333711375e-03 1.771017137223226652e-03 1.814889172705384367e-03 1.836961293871977336e-03 1.839186357008249818e-03
1.881926069763632066e-03 1.836463771307520441e-03 1.778365238541161934e-03 1.709687288605376242e-03 1.640499023926600625e-03 1.572099994839494617e-03 1.507529384200081762e-03 1.453694174408751930e-03 1.409857510076276176e-03 1.378083835320799725e-03 1.360946297883217256e-03 1.357238169559014593e-03 1.367266645325498128e-03 1.391768850975060425e-03 1.430683300127856897e-03 1.484053537184218266e-03 1.546317577563670461e-03 1.615577882005726253e-03 1.692850334710806247e-03 1.765909744394982255e-03 1.829665163096522466e-03 1.880474586376302583e-03 1.906784105873609485e-03 1.908384423240663168e-03
1.861434546101358280e-03 1.818545991987771410e-03 1.764294446752471190e-03 1.703239743714512339e-03 1.645532913024412916e-03 1.589997798079957267e-03 1.536361425177676680e-03 1.489321822170166631e-03 1.450717972045093744e-03 1.420946283397996664e-03 1.402646874328446029e-03 1.396303375607427320e-03 1.403229610947893599e-03 1.425514696738056477e-03 1.462541181394365168e-03 1.514405979741268501e-03 1.575309628323395047e-03 1.643222057831174700e-03 1.716355898253235602e-03 1.782205960447625541e-03 1.838391218045063759e-03 1.880751832165129941e-03 1.898217293074809216e-03 1.891257269743518241e-03
1.781831785717558287e-03 1.743925983525858531e-03 1.696937239787982147e-03 1.645739950859728641e-03 1.599367828461092673e-03 1.555957713476271509e-03 1.514213480700236057e-03 1.477008521807237533e-03 1.446596759227054135e-03 1.421963759259214791e-03 1.405811868676239964e-03 1.400056303436107404e-03 1.406778386723931329e-03 1.428327792393866520e-03 1.463406421878849775e-03 1.513074709581560279e-03 1.570884666361940492e-03 1.633626528103959436e-03 1.698370015231833634e-03 1.752751956777590407e-03 1.795581575327687704e-03 1.821989090414947434e-03 1.826391816014258894e-03 1.811798637251098775e-03
1.679838228536976574e-03 1.646009732864187882e-03 1.605378345220758850e-03 1.560945648566274902e-03 1.520628036190207078e-03 1.484062722896125090e-03 1.451207355244128749e-03 1.423110688730124581e-03 1.400164661959313285e-03 1.381464802432606689e-03 1.369775685595474649e-03 1.366923309095495215e-03 1.374883590967699177e-03 1.396266762532185138e-03 1.429966982860621846e-03 1.476690896380855079e-03 1.529341988268140317e-03 1.584848109153050993e-03 1.639998654686369720e-03 1.682572472074104651e-03 1.711706448067472353e-03 1.725207097734270849e-03 1.722979558757294690e-03 1.707185695296344757e-03
1.567849578785092835e-03 1.537655616671366066e-03 1.501559823917555025e-03 1.460915185217718246e-03 1.422609093798268658e-03 1.387584362707284646e-03 1.357402720108894564e-03 1.332995513266855897e-03 1.313111463104958947e-03 1.297847388057376357e-03 1.290064640790458943e-03 1.290620187092151802e-03 1.300753857995776619e-03 1.322486666921162280e-03 1.355252453974931147e-03 1.398913263449610110e-03 1.446121275215157169e-03 1.494565171602364262e-03 1.541079849297500269e-03 1.574777367847534412e-03 1.595193517081853639e-03 1.603402946325457748e-03 1.601850899850588072e-03 1.590277809756327062e-03
1.461970091012861246e-03 1.436618887649043861e-03 1.404887926730720004e-03 1.367957519129147812e-03 1.331774376375149125e-03 1.297140424774406416e-03 1.265446725219114945e-03 1.239214444687080762e-03 1.217892911278708893e-03 1.202279406121732922e-03 1.195366607651316641e-03 1.197354794218116704e-03 1.208869571601699786e-03 1.230492959955413902e-03 1.261793360217474758e-03 1.302442536167982418e-03 1.345238582750985607e-03 1.388109101167733263e-03 1.428216375279389326e-03 1.457196871140868872e-03 1.475100460242645883e-03 1.483849264839630670e-03 1.485480918675055042e-03 1.478752510741753205e-03
1.355172145845117641e-03 1.335959586695830001e-03 1.309889343077613906e-03 1.277450621355357427e-03 1.243649451364292830e-03 1.209665303351273747e-03 1.176162082583442816e-03 1.147250775752653353e-03 1.123637806489047666e-03 1.106752178149207752e-03 1.099717894937112320e-03 1.102147288230839522e-03 1.114182225400066903e-03 1.134965733331661820e-03 1.164070286951566797e-03 1.201186899685564684e-03 1.239259581551794501e-03 1.276245322463853216e-03 1.310437792022769651e-03 1.335997862791405387e-03 1.352685489356350969e-03 1.362639837291473258e-03 1.367490929810994543e-03 1.365642942412455176e-03
1.249771539184996345e-03 1.238355593970717240e-03 1.219174839470428887e-03 1.191881872806620267e-03 1.160662417141747598e-03 1.127259116407473751e-03 1.092017377977457090e-03 1.060906167185409529e-03 1.035569731768910730e-03 1.018003723590951877e-03 1.010989005334993847e-03 1.013456879365867052e-03 1.025460623593436177e-03 1.044874172124894088e-03 1.070935558419439885e-03 1.103134560327700226e-03 1.135096269906429606e-03 1.165205939990587207e-03 1.192439002542767428e-03 1.213895888020065242e-03 1.229634641278916102e-03 1.241384765968741449e-03 1.249646402079286622e-03 1.252856759291047246e-03
1.149920067565704789e-03 1.146130748435155626e-03 1.133240297298859344e-03 1.111004772623206804e-03 1.082909965920695813e-03 1.050361749229101159e-03 1.014654962846072003e-03 9.838847096749901884e-04 9.594545170526676010e-04 9.433817085103017239e-04 9.376295379215054526e-04 9.408350997129526303e-04 9.526519048192952236e-04 9.698546950548602667e-04 9.917148734231049853e-04 1.017373737407406857e-03 1.041672628067662762e-03 1.063750694940460888e-03 1.082630944102684492e-03 1.098768515291948617e-03 1.113292115677241107e-03 1.126826276147780900e-03 1.138018980773372862e-03 1.145795026688065620e-03
1.054685867261842070e-03 1.057381782917301335e-03 1.049640243847275826e-03 1.032249772941600972e-03 1.007996230062817040e-03 9.770197122752667402e-04 9.421537018953463592e-04 9.136194393961072358e-04 8.919905226188376947e-04 8.785973354772187629e-04 8.745855230350148106e-04 8.790065830664665208e-04 8.903029777542481593e-04 9.041502566198213620e-04 9.206644739876661395e-04 9.389456310370146918e-04 9.550513178309054212e-04 9.685673965444520448e-04 9.791223594418274525e-04 9.905260555411671882e-04 1.004419942251010391e-03 1.019601673966285312e-03 1.032867078836854175e-03 1.044350445184408747e-03
9.619133708986938149e-04 9.662220298863776402e-04 9.621992009278006099e-04 9.489115306749749739e-04 9.282380486979338813e-04 9.017384515346766379e-04 8.725123086440641747e-04 8.493597323102257488e-04 8.321145238356765592e-04 8.226078010850681197e-04 8.213844703721052878e-04 8.267950492700384220e-04 8.368624909641531875e-04 8.467508334309393429e-04 8.568251361439408170e-04 8.665676906647829057e-04 8.741299472933625322e-04 8.794134312346866362e-04 8.844146842709399653e-04 8.936304096408109309e-04 9.065629666416776975e-04 9.223451041692169597e-04 9.371250771858570137e-04 9.504862217833966133e-04
8.476002551018744146e-04 8.475884949916682358e-04 8.447935032133883177e-04 8.362435302265156575e-04 8.227038766660301752e-04 8.074013922841104859e-04 7.917902820217112211e-04 7.797022642154467862e-04 7.709603733699005399e-04 7.680734523674770040e-04 7.712025388316110777e-04 7.778924690877092943e-04 7.871100819688637076e-04 7.940955846544844182e-04 7.982955407046159278e-04 7.994839251119639518e-04 7.987836596470018020e-04 7.967950765738480556e-04 7.975598702142038497e-04 8.035937429673427205e-04 8.116935679779876088e-04 8.229799737796112498e-04 8.341582248797152098e-04 8.430094475806610430e-04
7.059013127879699935e-04 6.990135143137121265e-04 6.948907404495672027e-04 6.927022761507803123e-04 6.920996931172777129e-04 6.937975636271227417e-04 6.973420748193319288e-04 7.015965510830055865e-04 7.066359134088259514e-04 7.135905417422893238e-04 7.222376050165601026e-04 7.313724462638632011e-04 7.408569813758051877e-04 7.460075867347170471e-04 7.454011385764351856e-04 7.387248878707157072e-04 7.300732278586075531e-04 7.211237053173715113e-04 7.157404654356030104e-04 7.144582097731607111e-04 7.135910269947345376e-04 7.148466070601816299e-04 7.154872240220776919e-04 7.128926126047574127e-04
5.307787561610776339e-04 5.214647949925729862e-04 5.186749245539320043e-04 5.260032417512855874e-04 5.420855858074663221e-04 5.628731395572869264e-04 5.879669247151541548e-04 6.129992648403886912e-04 6.369132460716912542e-04 6.584002695063843977e-04 6.761030783855543963e-04 6.908778526922406066e-04 7.019981200971206264e-04 7.054658110239891327e-04 7.006747079434332394e-04 6.871538545055041417e-04 6.701299927323559492e-04 6.518163263146555756e-04 6.342528798937534240e-04 6.185122974894705474e-04 6.029121024670634158e-04 5.857698022763243488e-04 5.667974480271266435e-04 5.475815493063016176e-04
3.543541171989995041e-04 3.520713125873466023e-04 3.582824746668722372e-04 3.771078641958333904e-04 4.062655843779284810e-04 4.408747421894666308e-04 4.813101005521774629e-04 5.217103753133399673e-04 5.597470421669845098e-04 5.934591782306126257e-04 6.196045440514250579e-04 6.390633160276529843e-04 6.502506767118011819e-04 6.504634954076724549e-04 6.403855459973623824e-04 6.200395141234499394e-04 5.939453678997230757e-04 5.635870777215322772e-04 5.296855699958619330e-04 4.963703745018732986e-04 4.642970747589690518e-04 4.295635580868918516e-04 3.962244201650354475e-04 3.695333055667881952e-04
1.933723610235720176e-04 2.022416851443338494e-04 2.215748519175891429e-04 2.519544825701734172e-04 2.901809442866510593e-04 3.346050715683747878e-04 3.844541209331746637e-04 4.323732005162877665e-04 4.766834231782968645e-04 5.165115818083778308e-04 5.467304542598459306e-04 5.665041735946289153e-04 5.749587798340343500e-04 5.706860811618725150e-04 5.540906402847723886e-04 5.262748208624602221e-04 4.910518171003579136e-04 4.485903300738799710e-04 3.989382779190477415e-04 3.492820761743630083e-04 3.019692785499713595e-04 2.563410757794387044e-04 2.207946081116796242e-04 1.987877315627659515e-04
5.950288250500075844e-05 8.035835452806099381e-05 1.125028604699213774e-04 1.541116658629131629e-04 1.996769399568068917e-04 2.491874736358613775e-04 3.009126049271967354e-04 3.479601698218957721e-04 3.897634422898658122e-04 4.251862807303807053e-04 4.499256702823442762e-04 4.636834142594507433e-04 4.652338179559229467e-04 4.539598634173577741e-04 4.308815726980654405e-04 3.967625849423631491e-04 3.541897442506633563e-04 3.032616928454527584e-04 2.446217513982888465e-04 1.871326070449941432e-04 1.331051681592853046e-04 8.778578875516778856e-05 6.128653833513064632e-05 5.173175271933121790e-05
-3.040195609032421648e-05 -2.042696314969011532e-06 3.728610395048500138e-05 8.676478032461980533e-05 1.371868422067518459e-04 1.863031237780712836e-04 2.329820185752421065e-04 2.727504260130797823e-04 3.052489190265251714e-04 3.283283867918849433e-04 3.412192117131279049e-04 3.458139654152703950e-04 3.401642175565504161e-04 3.239403590261320039e-04 2.989809504621656375e-04 2.644689838657384622e-04 2.212453770356097511e-04 1.704074439036119988e-04 1.133343622400217066e-04 5.918447661596304020e-05 9.631390784867420441e-06 -2.846828096000164854e-05 -4.591515517852665486e-05 -4.649938501726529923e-05
-8.239409554381185979e-05 -4.949858160044805168e-05 -5.953020595686745375e-06 4.740704571687450868e-05 9.767646688609806546e-05 1.413890678485355576e-04 1.779142314885915786e-04 2.051979206448139724e-04 2.231860733789808166e-04 2.312574701006111469e-04 2.321758904787387800e-04 2.274838139935224921e-04 2.170013989701750445e-04 2.006864451414275936e-04 1.787047274263113409e-04 1.494799332469502555e-04 1.121070541004504540e-04 6.786073306372332123e-05 1.799815331141364647e-05 -2.802668315005270723e-05 -6.831962549317882540e-05 -9.822655942529957308e-05 -1.094607875686688626e-04 -1.039141917567031759e-04
-9.759634478808613522e-05 -6.149009794032331408e-05 -1.672752738947701727e-05 3.425657750754502567e-05 7.781273133219031573e-05 1.118258949685157404e-04 1.337287269846690015e-04 1.437789516024249291e-04 1.446298183275607848e-04 1.382384620692923881e-04 1.295247664572236456e-04 1.181715577920067472e-04 1.068390457078614169e-04 9.498069203148741470e-05 7.975410773756475555e-05 5.990013625682341636e-05 3.351603994028456182e-05 1.226729474225370504e-06 -3.675885257901503965e-05 -7.152222354565687700e-05 -1.002994984301126228e-04 -1.219079364239461402e-04 -1.294716050862445992e-04 -1.218812677451398146e-04
-9.240862220853305557e-05 -5.525664723287029997e-05 -1.311630184205062950e-05 3.009692999691179091e-05 6.294355278108880339e-05 8.552588530985184118e-05 9.383893581291743774e-05 9.034488785478177479e-05 7.986946106056036704e-05 6.503538127305246699e-05 5.154134277793745656e-05 3.866418449430919475e-05 2.935769405167723149e-05 2.177924862111097897e-05 1.236085296345730657e-05 -3.606900765171252546e-08 -1.756378693171142848e-05 -3.980114793551905322e-05 -6.708759555934167365e-05 -9.187134322999279624e-05 -1.112956852161431685e-04 -1.248395967738833909e-04 -1.275359892735956771e-04 -1.182501912493167452e-04
-7.117475833432409409e-05 -3.706390016556694437e-05 -1.632624869579440573e-06 3.097117248386706555e-05 5.151798630746870988e-05 6.107920980856227700e-05 5.802985157239390243e-05 4.703655450618101806e-05 3.127985766041670916e-05 1.263796915753315450e-05 -2.411606060714828344e-06 -1.358790780284118682e-05 -1.997616074875320602e-05 -2.471507238301176465e-05 -2.976565385389651628e-05 -3.702193968497021349e-05 -4.888573150624474163e-05 -6.426359533749473362e-05 -8.299974514744569562e-05 -9.890909046350441526e-05 -1.100857204927477122e-04 -1.150450456312051883e-04 -1.107288210605540468e-04 -9.760222144532368534e-05
-4.102619162345683124e-05 -1.388908109641206858e-05 1.113344365794829687e-05 3.051680662905523078e-05 3.855156244948561750e-05 3.685913867400079740e-05 2.742668014844192240e-05 1.492528594422535640e-05 -1.075155760684619381e-06 -1.880461201597718844e-05 -3.193808774148941261e-05 -4.013728419414441264e-05 -4.374957190955911629e-05 -4.668018338331625698e-05 -4.988349224499317623e-05 -5.538963929901152329e-05 -6.518479593436152849e-05 -7.790087847628503854e-05 -9.209304072878468476e-05 -1.015764702389102339e-04 -1.057344090516756707e-04 -1.021086609655599863e-04 -8.905681360180682570e-05 -6.848959236901834037e-05
-2.995971386558063035e-05 -7.331379357724498823e-06 9.980316865544325877e-06 2.021131416235262348e-05 2.248229768941435779e-05 1.826422314084075565e-05 9.659319677183055797e-06 -8.568606444659555420e-07 -1.456136296562659628e-05 -2.914479526138683793e-05 -3.936599283084280047e-05 -4.578729279860523370e-05 -4.829734334378358874e-05 -5.103834232837410476e-05 -5.550237419393268045e-05 -6.295641119380808665e-05 -7.430583224443070673e-05 -8.858545806459522647e-05 -1.037021841074758509e-04 -1.121050578588150273e-04 -1.133701996940193843e-04 -1.050437795719469711e-04 -8.640620618167936767e-05 -5.967144579405225856e-05
-4.017615053258105921e-05 -1.761330036894499321e-05 -3.569141001799136861e-06 3.576353999740299457e-06 7.774000316524335739e-06 8.720710077952911453e-06 6.145863651980857654e-06 3.294660813774046051e-07 -8.364527987555897673e-06 -1.848255384462032939e-05 -2.586727716817108271e-05 -3.058648456119196089e-05 -3.314402313964517481e-05 -3.791905613194040503e-05 -4.586745749825197601e-05 -5.799583962682470768e-05 -7.412878896152907547e-05 -9.320122192874376484e-05 -1.133410031661007887e-04 -1.256310400980352611e-04 -1.289711038950602210e-04 -1.206038024123841205e-04 -1.007323654069263667e-04 -7.218192827578498037e-05
-7.278386058376596279e-05 -4.711848439860228272e-05 -2.839718007595800657e-05 -1.441969048888453998e-05 -1.190803310329037610e-06 1.042096177511084674e-05 1.813916722446053988e-05 2.046854716643400272e-05 1.918711718691043839e-05 1.516721084258290390e-05 1.119073989610081825e-05 7.312674711654274239e-06 3.031906610374550962e-06 -5.495716043473102232e-06 -1.905046844959813504e-05 -3.883780277313431150e-05 -6.302476688833088603e-05 -8.979492458813714611e-05 -1.179537298497550549e-04 -1.379643211681228269e-04 -1.478422907310178989e-04 -1.444820282347629740e-04 -1.287302235933686964e-04 -1.039747170818492399e-04
-9.916060844758638779e-05 -7.209218672150488952e-05 -4.561654647809827240e-05 -1.989695049101349950e-05 4.320476335068734810e-06 2.695028847223517851e-05 4.637375131938984509e-05 5.974060419145978292e-05 6.771949479451663139e-05 7.109677564297566801e-05 7.098734376075467416e-05 6.697647897474431075e-05 5.932964174953849357e-05 4.550966900116590108e-05 2.440537923704216795e-05 -4.635331999732215979e-06 -3.754522791672391940e-05 -7.231645845955561439e-05 -1.077726496139230219e-04 -1.345035420770778964e-04 -1.505487567624084306e-04 -1.532926054872738671e-04 -1.439458774120294573e-04 -1.255278571061009703e-04
-1.086572899742181399e-04 -8.223251882739354484e-05 -5.004923878339927093e-05 -1.319718643904100325e-05 2.283617606926703847e-05 5.731143129285912717e-05 8.984160109339945667e-05 1.162214299720281671e-04 1.354361442341276887e-04 1.470851342292149339e-04 1.506162822424760364e-04 1.462461586861228582e-04 1.341273963180825439e-04 1.130298206061472748e-04 8.239074061498709214e-05 4.322377374612274491e-05 1.830441458670223415e-06 -4.070236649585259143e-05 -8.259762566533712116e-05 -1.145716789493485906e-04 -1.353069984331840522e-04 -1.435469515714219303e-04 -1.408664267707621380e-04 -1.290470193788593567e-04
-9.787163513993099042e-05 -7.319328670801436044e-05 -3.852335172098902754e-05 6.520305544426746906e-06 5.446321023412561014e-05 1.024317350067901816e-04 1.499461844718576610e-04 1.903854134961705999e-04 2.220220690925727510e-04 2.431066389314290451e-04 2.506947504047784994e-04 2.455544583062690077e-04 2.265393216742510860e-04 1.953813583198149865e-04 1.538043484749734933e-04 1.036542193888009161e-04 5.341587937555947446e-05 4.071703957595871769e-06 -4.173881356400954240e-05 -7.658794959435763169e-05 -1.006392895695623624e-04 -1.139214500152421208e-04 -1.177356168704945556e-04 -1.124869022560671478e-04
-6.825412238995514562e-05 -4.519828768869228253e-05 -1.003600149628713364e-05 3.909826047235695099e-05 9.549733515948010906e-05 1.550599772607324687e-04 2.160028971920507110e-04 2.682281653654694400e-04 3.101530948357298961e-04 3.395801223836706598e-04 3.504473803537679457e-04 3.429318094133421645e-04 3.151715526829952305e-04 2.735160241086502584e-04 2.219435518850127592e-04 1.625001612811779127e-04 1.058032496550182194e-04 5.334592419006289660e-05 7.631782049129707775e-06 -2.749671798163987960e-05 -5.326235346968317594e-05 -7.026248978830004538e-05 -7.888680869503928187e-05 -7.866783873578389390e-05
-2.369051456309766884e-05 -2.668314886122843426e-06 3.257520121802783458e-05 8.364355280501163117e-05 1.445968886134160682e-04 2.118517391671132476e-04 2.830467365743726351e-04 3.446071667924205080e-04 3.943694930320628127e-04 4.300041764671623328e-04 4.423318543946329687e-04 4.306222780729162267e-04 3.937786496077208152e-04 3.427677790798026305e-04 2.823420677437048936e-04 2.161282799498419284e-04 1.568763020996966247e-04 1.052093319766822163e-04 6.243364852044958513e-05 2.880644570838251269e-05 3.107175926624694209e-06 -1.584248368574928486e-05 -2.752071070473927560e-05 -3.057524146141986691e-05
