2.410527843399488197e-05 2.721676856653761322e-05 3.226664928881027724e-05 3.895979928127972280e-05 4.333225585276715233e-05 4.435781942574609072e-05 4.036404467674498494e-05 3.273467136482803152e-05 2.360339139982160826e-05 1.512098536462357930e-05 1.231541845418700973e-05 1.471189848393172207e-05 2.349496245510513141e-05 3.538624697022009561e-05 4.810842722886682062e-05 5.820815623131544400e-05 5.978647137814301413e-05 5.433039880260508522e-05 4.396519680104887654e-05 3.559558623352908780e-05 2.939788242371671489e-05 2.560771075915659883e-05 2.363566978130550116e-05 2.304966694977086860e-05
8.106145042106855476e-05 8.888819348012232482e-05 9.671129475301176877e-05 1.033435351357202313e-04 1.047371862071537377e-04 1.007302242642976091e-04 8.967649938784536662e-05 7.606847463311501437e-05 6.304978760451910517e-05 5.262342596378039630e-05 4.846877708394264857e-05 4.980931576096432216e-05 5.732972424826799279e-05 6.743367977712116565e-05 7.823772583785710687e-05 8.908009420940298179e-05 9.678349939015238441e-05 1.009506144339760434e-04 1.000759781257275146e-04 9.530989258714763174e-05 8.854125307396308998e-05 8.091401247366327473e-05 7.666858952004582182e-05 7.607450423688726061e-05
1.467171973786665640e-04 1.571452134249778324e-04 1.656275553092305430e-04 1.707105540189765797e-04 1.682627154032067499e-04 1.583605437573661415e-04 1.414857624479231614e-04 1.252395578264497435e-04 1.116739353103346477e-04 1.017843088367485603e-04 9.790148795682590218e-05 9.980699525044081665e-05 1.059885450654391971e-04 1.125318552618431690e-04 1.196444507784809032e-04 1.286059361975899166e-04 1.389607031153803826e-04 1.492772774816848605e-04 1.573255039304505254e-04 1.585012658451043861e-04 1.535000130528415402e-04 1.436668671288442905e-04 1.380720669992512148e-04 1.383939040642594100e-04
2.216922248620265727e-04 2.302494993882958771e-04 2.360263783488441094e-04 2.360591677827606643e-04 2.278791231345192686e-04 2.136270235131885000e-04 1.958839535062662342e-04 1.813715893060939359e-04 1.697494050559542902e-04 1.621982307293903542e-04 1.600712376593512029e-04 1.626386529832771471e-04 1.670185842117012382e-04 1.696717575884759297e-04 1.723003076843521587e-04 1.773431752577911619e-04 1.868286561908378532e-04 1.989939083523792731e-04 2.124657444709432592e-04 2.201604480269302860e-04 2.210899674519462151e-04 2.156897103918988445e-04 2.124978834424271997e-04 2.139251478228365274e-04
2.783821794206972448e-04 2.811842039863038378e-04 2.814784225547584812e-04 2.757847499560317386e-04 2.650437065554784753e-04 2.530488843115798214e-04 2.416052844531273820e-04 2.325668395577480522e-04 2.247465259225260212e-04 2.199088104431906891e-04 2.188001658382302797e-04 2.199049494514115758e-04 2.214338634952613973e-04 2.209156103525378742e-04 2.193157219383003024e-04 2.191197083664877415e-04 2.246019969929979518e-04 2.347018868225246775e-04 2.485569908069157168e-04 2.598788113588327751e-04 2.674335696639818655e-04 2.709895194954896119e-04 2.731909825956551014e-04 2.751511457721185060e-04
3.069659043492904129e-04 3.026820404372190841e-04 2.961629600965649009e-04 2.870207798633977363e-04 2.796052850239536479e-04 2.757542874709082597e-04 2.748023729359696924e-04 2.737357303820504070e-04 2.722151703984130124e-04 2.706693241661157373e-04 2.692379657891859541e-04 2.675390554545744866e-04 2.653585642137728596e-04 2.612931705884451779e-04 2.550891297009878073e-04 2.479873414539249992e-04 2.465083646770075505e-04 2.515848190776283225e-04 2.632007030358792963e-04 2.758627378966832457e-04 2.877558323949225738e-04 2.990785178499715479e-04 3.065812311507898585e-04 3.089822532743229729e-04
2.959887311255619065e-04 2.867973551737616972e-04 2.770246128550528483e-04 2.711268097600657559e-04 2.736606960181747414e-04 2.816888827485408133e-04 2.934228534590454032e-04 3.026627824350362327e-04 3.091305775970812917e-04 3.113869855943501418e-04 3.091357974770969326e-04 3.037175302795699352e-04 2.957502703618332960e-04 2.858293182381443096e-04 2.735350210531919480e-04 2.589339801197782886e-04 2.490531807540393426e-04 2.461683500818848732e-04 2.523670974667448848e-04 2.636824421870110745e-04 2.767044479720509056e-04 2.904185355432831921e-04 2.989711965568231529e-04 3.014258408432901452e-04
2.536492752249119766e-04 2.478946501204628032e-04 2.445937692038841621e-04 2.494082833868078975e-04 2.638996075640037209e-04 2.829265624554295837e-04 3.054963010551548625e-04 3.239047119081126143e-04 3.365766048685446261e-04 3.415791151402818612e-04 3.383507662804926836e-04 3.286372642710688459e-04 3.128986740650323457e-04 2.946595640229223464e-04 2.746347253118965352e-04 2.531430817878293289e-04 2.359783402657739408e-04 2.247528124948737277e-04 2.230421783909141385e-04 2.291368341669640016e-04 2.388912319782607926e-04 2.492107416220362237e-04 2.549278491420561019e-04 2.574146800890104157e-04
1.941350769947182832e-04 1.987077461527790828e-04 2.087692700534896952e-04 2.276074630686743933e-04 2.537884048584980890e-04 2.835463076045248313e-04 3.157516062309793361e-04 3.411959035423800502e-04 3.579392988826750549e-04 3.641776059118553908e-04 3.590840806940039077e-04 3.441873282571570008e-04 3.199427553706359756e-04 2.928041982412614842e-04 2.644675288353189068e-04 2.360212266663300423e-04 2.120257200482653331e-04 1.929126722389264972e-04 1.815843975966101374e-04 1.785886692690619691e-04 1.812057639472341238e-04 1.863936956804958245e-04 1.896709449002635748e-04 1.925856577009733546e-04
1.291463360637243611e-04 1.497251631253620346e-04 1.773754606490089974e-04 2.119030955455546432e-04 2.494322302131947596e-04 2.888650518737719539e-04 3.284417541072825954e-04 3.584090429125501580e-04 3.772756267091858986e-04 3.824558657552293035e-04 3.730712566545177811e-04 3.514146046836238448e-04 3.185971972432806269e-04 2.831215777476683393e-04 2.467106399341141912e-04 2.111899603912418210e-04 1.803418096837311544e-04 1.536013680778519793e-04 1.318025067394366901e-04 1.169408859891160049e-04 1.088478547679344485e-04 1.071862872448318699e-04 1.098975016011583499e-04 1.166323963950906788e-04
7.607980800948259295e-05 1.103453498628724933e-04 1.518124830622115721e-04 1.988999881305043079e-04 2.458435281766128901e-04 2.923028770471536872e-04 3.366937128955259199e-04 3.696772338495777277e-04 3.897248277985255116e-04 3.936257130343449331e-04 3.806631347334677069e-04 3.538089563293953378e-04 3.151302490318358429e-04 2.742977028234074434e-04 2.324678098219417461e-04 1.908480581380086485e-04 1.528976813387898951e-04 1.185622691694429137e-04 8.756033600775250058e-05 6.252593958544230238e-05 4.461858476863546342e-05 3.601732852675415178e-05 3.882317015336538718e-05 5.155738577690267924e-05
2.903421172909978839e-05 7.321260278554569717e-05 1.247227060718806668e-04 1.812876631879853503e-04 2.352546379533883389e-04 2.863495433747185711e-04 3.339634868787657120e-04 3.691721587224023769e-04 3.896096815644630330e-04 3.934843460243571595e-04 3.802411458511111030e-04 3.514867883416571202e-04 3.099166442212881642e-04 2.663695500410603032e-04 2.217630805926998426e-04 1.754402326624840197e-04 1.305372028200966420e-04 8.875639313582142512e-05 4.967041047540647636e-05 1.655170998166837756e-05 -9.081496830202084208e-06 -2.418913259600383988e-05 -2.251051690995291388e-05 -4.998833667655716735e-06
-2.344166932094537606e-05 2.288443790980673365e-05 7.746404235382475475e-05 1.379810973418730256e-04 1.961979993482554125e-04 2.516849272003087302e-04 3.030735478221411152e-04 3.421869845956886373e-04 3.676679450574883365e-04 3.777665246393160144e-04 3.704396827704443170e-04 3.467563104955218565e-04 3.090742572283390003e-04 2.664814189909294612e-04 2.196492450435140551e-04 1.685956322166099364e-04 1.176599881489433734e-04 6.827088522290614874e-05 2.064352230515669742e-05 -1.987994771902432849e-05 -5.173400608786860207e-05 -7.217601563908656453e-05 -7.420875454508569244e-05 -5.824245269229138362e-05
-9.610203332680525973e-05 -5.598486551670460329e-05 -5.900751410524115222e-06 5.211473528957786421e-05 1.105429556567890547e-04 1.689132704176636850e-04 2.245707574426130792e-04 2.704189142346754573e-04 3.067471620911187483e-04 3.302226327913102607e-04 3.356644685524216918e-04 3.246785850008094155e-04 2.983167810010232610e-04 2.609969249486134078e-04 2.131398407775470785e-04 1.577303033174654056e-04 1.018371793426782755e-04 4.483198294831442957e-05 -1.224182906249048037e-05 -6.054110573062078691e-05 -9.816158687284032053e-05 -1.231430014994369779e-04 -1.311747260514181939e-04 -1.227801569988317277e-04
-1.824137298070095062e-04 -1.530680637612002505e-04 -1.120420023364972293e-04 -6.084825136030554637e-05 -6.286485160553648083e-06 5.088944398085417688e-05 1.091482645473621990e-04 1.624738481631108180e-04 2.103920902193690586e-04 2.497013718703192196e-04 2.720830181210315345e-04 2.779657561523471974e-04 2.667642387719840191e-04 2.382263067490090255e-04 1.928532541987269464e-04 1.350204465521345895e-04 7.452620971912537779e-05 1.026128690533342324e-05 -5.573693597679109065e-05 -1.111243098942973998e-04 -1.538235044153189019e-04 -1.834137309603916892e-04 -1.982709642391230467e-04 -1.982746510675124766e-04
-2.767065877054820889e-04 -2.590717197849129200e-04 -2.293751558598397424e-04 -1.877364603173541189e-04 -1.400773473941445456e-04 -8.825215744868200292e-05 -3.174995404080136710e-05 2.426722635511253037e-05 7.756776847409949777e-05 1.285087107866659042e-04 1.675346374029041384e-04 1.911033712223385978e-04 1.957675944238573698e-04 1.787091843084787025e-04 1.424360844643204828e-04 8.646330547614336558e-05 2.145496283103601832e-05 -4.854924889339935182e-05 -1.192308199410972594e-04 -1.774791917827994389e-04 -2.232426879981522249e-04 -2.560117575925351997e-04 -2.755787330534314431e-04 -2.823839428712886777e-04
-3.656036993362714446e-04 -3.557009701720111679e-04 -3.346873928348400315e-04 -3.014597566019607856e-04 -2.609028201264659559e-04 -2.157480470155164615e-04 -1.651633712869003039e-04 -1.136830197331547692e-04 -6.365046726733797019e-05 -1.230765229873602789e-05 3.145434470488876549e-05 6.191376866356842557e-05 7.432848054779247365e-05 6.541845834896440357e-05 3.883250042706242930e-05 -1.041359668182197671e-05 -7.265359747179268640e-05 -1.396812199769758233e-04 -2.056635167670080636e-04 -2.594581083938514118e-04 -3.031838158051898958e-04 -3.351347920731258452e-04 -3.552494869722937882e-04 -3.652132306888026159e-04
-4.503162665268027739e-04 -4.461509641559847352e-04 -4.318256614438489589e-04 -4.061594975113464226e-04 -3.730002754279735733e-04 -3.348114570959444453e-04 -2.915491216687522182e-04 -2.471196862570871440e-04 -2.028692107443525773e-04 -1.580377869092385674e-04 -1.208521597973621518e-04 -9.481448597857222130e-05 -8.257018920846422147e-05 -8.786119080524952107e-05 -1.092893741194029953e-04 -1.490983290677253676e-04 -1.986197001255130424e-04 -2.527204455343975216e-04 -3.066260168883711283e-04 -3.511622138206160217e-04 -3.880455179482006616e-04 -4.158251843906652094e-04 -4.345857802097955608e-04 -4.458062393066467986e-04
-5.259018287500255876e-04 -5.238812333442017296e-04 -5.140023465465228718e-04 -4.953726060453634162e-04 -4.701033062633513579e-04 -4.397907743196552855e-04 -4.049734930348212352e-04 -3.694386764719445235e-04 -3.339102464981779143e-04 -3.010005929758259374e-04 -2.777008780274359961e-04 -2.637290991648865704e-04 -2.593961842382983452e-04 -2.668215823459938406e-04 -2.864008486706266354e-04 -3.143869790930879041e-04 -3.443152596283910374e-04 -3.777777897339823499e-04 -4.136949715222906082e-04 -4.458398410727856483e-04 -4.732163416328618016e-04 -4.950272355122836004e-04 -5.107256238168158711e-04 -5.209264446052829347e-04
-5.795637688912620277e-04 -5.782595355298499789e-04 -5.727495808439157180e-04 -5.621314874904222722e-04 -5.460804881818580054e-04 -5.253907444987558671e-04 -5.001888534493718723e-04 -4.746514326834598953e-04 -4.500440910760155743e-04 -4.289398398009044706e-04 -4.165230105566808784e-04 -4.119487027356643987e-04 -4.154537639227807002e-04 -4.254507994669604206e-04 -4.411738302329212564e-04 -4.575167847169939552e-04 -4.714243520324324114e-04 -4.869841667206575007e-04 -5.055278759395288911e-04 -5.247548095798713463e-04 -5.425664304474329827e-04 -5.580722327329074419e-04 -5.693162683428665315e-04 -5.765370603888080080e-04
-6.119790084393363777e-04 -6.122822583699571736e-04 -6.120323570433883285e-04 -6.105766872754736637e-04 -6.051544200685617493e-04 -5.954978962742581063e-04 -5.813797044186948476e-04 -5.673658657382844601e-04 -5.552057987856991736e-04 -5.454512172209590674e-04 -5.414796223186255433e-04 -5.438651341768656203e-04 -5.527099119955496869e-04 -5.627197173742160647e-04 -5.720276449795073199e-04 -5.774374045142837038e-04 -5.793030881900397772e-04 -5.809390170410809375e-04 -5.834339106799026455e-04 -5.884133928086843213e-04 -5.953306183823233550e-04 -6.031263041837149445e-04 -6.084354529202383672e-04 -6.111956820447917707e-04
-6.246454272836332328e-04 -6.281338610832837895e-04 -6.342508291362975370e-04 -6.426415672455787443e-04 -6.489285165640455580e-04 -6.520072550064335247e-04 -6.509535798533073103e-04 -6.491167454877451405e-04 -6.485373727568749828e-04 -6.486077491521508422e-04 -6.509333786789375147e-04 -6.566571418475687909e-04 -6.653986168155481698e-04 -6.716341086970634491e-04 -6.739028077060069902e-04 -6.712045240140629421e-04 -6.650749132825849565e-04 -6.570260505603409693e-04 -6.469040767350597246e-04 -6.383625273268266932e-04 -6.327731066212744122e-04 -6.296129133050751107e-04 -6.269951815628956688e-04 -6.248138907696188698e-04
-6.265645520174559701e-04 -6.335019051478564794e-04 -6.457785934853940311e-04 -6.625316255065827852e-04 -6.785860443756210275e-04 -6.930798560040602602e-04 -7.046702779756491321e-04 -7.138836273801380840e-04 -7.222381256636954249e-04 -7.301989240448130422e-04 -7.376343624144550328e-04 -7.440354028511176861e-04 -7.487513070479566955e-04 -7.495063108978505849e-04 -7.461925646719356348e-04 -7.380324620013525502e-04 -7.255153823489330408e-04 -7.095820585711468988e-04 -6.906845808820659752e-04 -6.726060146262323718e-04 -6.561552913710883440e-04 -6.415503062590087761e-04 -6.312698056284274167e-04 -6.259221431164468637e-04
-6.192390116158548148e-04 -6.287644518375909691e-04 -6.463400282202380175e-04 -6.697153329153738514e-04 -6.929180110984764626e-04 -7.162076856764600097e-04 -7.387088642826832117e-04 -7.581249267135683990e-04 -7.745658252678984607e-04 -7.894148807995623020e-04 -8.008032690851238627e-04 -8.067247278628818198e-04 -8.069444705555585797e-04 -8.024346638347231754e-04 -7.937541498348418302e-04 -7.806036392087202904e-04 -7.624262352206671303e-04 -7.393355949726468151e-04 -7.135331577216281031e-04 -6.889315186366103778e-04 -6.646334368502906194e-04 -6.408544349924866386e-04 -6.244387715553990524e-04 -6.174523434066104361e-04
-6.118250305128307377e-04 -6.223428005175861508e-04 -6.402343955760984038e-04 -6.644564693166122747e-04 -6.910947976811808273e-04 -7.198879856889101600e-04 -7.503249374431360513e-04 -7.784739083238889894e-04 -8.035354126878437205e-04 -8.249883842882577058e-04 -8.389202045880155261e-04 -8.445477336548217525e-04 -8.414864721182094493e-04 -8.322218139545536734e-04 -8.179667231931125404e-04 -7.986683304627526393e-04 -7.747105747267462976e-04 -7.462743050106515055e-04 -7.142035150484148933e-04 -6.835143450814034228e-04 -6.550348481227925672e-04 -6.304885473666114667e-04 -6.151219242193856421e-04 -6.089602826225944598e-04
-6.274852236598879194e-04 -6.358005567157642588e-04 -6.474262916573158026e-04 -6.647833086578367650e-04 -6.888710431812506470e-04 -7.176017602089046184e-04 -7.505408036745450521e-04 -7.833091174187466459e-04 -8.148816721212879264e-04 -8.414501005525895725e-04 -8.567513596625795551e-04 -8.625061356641464463e-04 -8.576246066845233385e-04 -8.443706905310075861e-04 -8.245888483454648539e-04 -7.984556094003756460e-04 -7.692828602554622813e-04 -7.379980338248180727e-04 -7.025026575452453887e-04 -6.698904319783899330e-04 -6.446243965413318887e-04 -6.303874450087801990e-04 -6.248649924621431069e-04 -6.236026168205142722e-04
-6.647842382735267468e-04 -6.679042895763339207e-04 -6.702713195967348802e-04 -6.764414957435657292e-04 -6.923279130026210567e-04 -7.153454356269958909e-04 -7.457749663806949141e-04 -7.787901375648365997e-04 -8.125012571824556488e-04 -8.415774867345958074e-04 -8.574053586582277859e-04 -8.624445555979651755e-04 -8.555996077908496235e-04 -8.389129568751013243e-04 -8.141608864930844226e-04 -7.822915590739773885e-04 -7.495448087739522069e-04 -7.170524178825542216e-04 -6.829458789783906299e-04 -6.563964529433863110e-04 -6.423297341595765250e-04 -6.442328139336889019e-04 -6.522300410220151657e-04 -6.595424403699233018e-04
-7.093606352718671458e-04 -7.075167468812131738e-04 -7.039687479228375067e-04 -7.016642654867003958e-04 -7.082126481997363466e-04 -7.232027185142967177e-04 -7.478238071883111992e-04 -7.759986943519494923e-04 -8.045123092906714818e-04 -8.301573795424015091e-04 -8.439726545689099418e-04 -8.461783233195286497e-04 -8.356571766099633739e-04 -8.150561168802036328e-04 -7.863746541278733440e-04 -7.512430773101787295e-04 -7.179813280349680270e-04 -6.877324312143174353e-04 -6.639133634098777362e-04 -6.540865070626682327e-04 -6.573556797580447581e-04 -6.734915911732744162e-04 -6.903122947160509346e-04 -7.039864318450049377e-04
-7.257104516456468419e-04 -7.230087878462482286e-04 -7.207642580765784854e-04 -7.197327252406906899e-04 -7.260023857259290678e-04 -7.408467754240221671e-04 -7.652046040367160590e-04 -7.909442588917383644e-04 -8.144164927299190303e-04 -8.346728465133196806e-04 -8.444069282662659565e-04 -8.421317330348040585e-04 -8.265178130280522459e-04 -8.016424684586169296e-04 -7.701942471882487979e-04 -7.340185959815083037e-04 -7.026677237531467422e-04 -6.774802533768539475e-04 -6.652019886494965010e-04 -6.680999948100028356e-04 -6.801841564744821531e-04 -6.978845347653454649e-04 -7.119676587182090840e-04 -7.229256435558673640e-04
-7.163604721403242113e-04 -7.149746177614692061e-04 -7.162071420097938530e-04 -7.215073425437860087e-04 -7.354422635111997281e-04 -7.580849553027985783e-04 -7.889600679456245042e-04 -8.178815959649634801e-04 -8.419295541755351551e-04 -8.594980734516621682e-04 -8.649356203802253257e-04 -8.579642196158618599e-04 -8.375093158344031801e-04 -8.090786070210729142e-04 -7.755825478284475655e-04 -7.391206945521882352e-04 -7.104775234139493840e-04 -6.911483035252876305e-04 -6.850305299051486158e-04 -6.890959505903697943e-04 -6.984376532409511265e-04 -7.091849603572346729e-04 -7.150528766027595485e-04 -7.178170810316962611e-04
-6.841873389084063848e-04 -6.836617555983626453e-04 -6.892927082358264171e-04 -7.044745124463679641e-04 -7.312732017326487640e-04 -7.669831383033183948e-04 -8.096771293490965041e-04 -8.473530663835657619e-04 -8.779374393872013942e-04 -8.976191058800485432e-04 -9.019128902926321989e-04 -8.931348765817489913e-04 -8.707383102023114529e-04 -8.411692459035113216e-04 -8.071231231468339613e-04 -7.717889360438718932e-04 -7.452665114331871038e-04 -7.277334641493739308e-04 -7.183376415802550591e-04 -7.122436330831794036e-04 -7.086917877227748210e-04 -7.052747458905060272e-04 -6.989771326928354922e-04 -6.912011827737857012e-04
-6.429796277723429099e-04 -6.423360642270951838e-04 -6.527641066725589289e-04 -6.772618390018185063e-04 -7.144144256669400853e-04 -7.607521709255275939e-04 -8.136092580554702986e-04 -8.594057653493877499e-04 -8.962808689602645880e-04 -9.204051434877642129e-04 -9.279712704871457933e-04 -9.215395692104986960e-04 -9.010499424674270298e-04 -8.733947607624427270e-04 -8.409315781207792788e-04 -8.074001983213001388e-04 -7.802988821294789623e-04 -7.583872460216103256e-04 -7.398653451965190794e-04 -7.215787688546702059e-04 -7.042759915307267478e-04 -6.868091168591257054e-04 -6.697535352042533483e-04 -6.544489397198017221e-04
-5.944568885204432442e-04 -5.951719789662347077e-04 -6.118737454459423613e-04 -6.452587951775495736e-04 -6.904314235625273136e-04 -7.450631218500480824e-04 -8.055873469001317453e-04 -8.568463637844354929e-04 -8.973541373334914225e-04 -9.253265406486179670e-04 -9.376341124098080395e-04 -9.350178257424076201e-04 -9.179526362350044419e-04 -8.937772301474306317e-04 -8.644628806443757597e-04 -8.325072109843989140e-04 -8.028069158598861782e-04 -7.744966035764064716e-04 -7.462556601910881344e-04 -7.166106747475114568e-04 -6.863911242030747541e-04 -6.561246038195180487e-04 -6.299772692191515184e-04 -6.088102436810059227e-04
-5.421151126597502585e-04 -5.475067285727334065e-04 -5.708210240334093792e-04 -6.122538403999422309e-04 -6.639509344174734755e-04 -7.230983836428860490e-04 -7.859216832066789199e-04 -8.390163786676938179e-04 -8.816888234150457209e-04 -9.129551359591367606e-04 -9.297335971372266798e-04 -9.319808487179996387e-04 -9.202236030494051868e-04 -9.005508669947167580e-04 -8.744655971604105814e-04 -8.426282727981736958e-04 -8.084997667338517146e-04 -7.725732239910393980e-04 -7.342462160411870322e-04 -6.943353783089963515e-04 -6.537153511312508367e-04 -6.130513477304520538e-04 -5.795810963212471136e-04 -5.550519597526843178e-04
-4.937546223149729937e-04 -5.071471955831329155e-04 -5.374193853833352961e-04 -5.853986365142493974e-04 -6.407944974589544320e-04 -6.993493729131407309e-04 -7.580561982035736784e-04 -8.085948930844276362e-04 -8.511991621469951240e-04 -8.839029020015147075e-04 -9.030420206750459358e-04 -9.093612575663695147e-04 -9.031297462896241933e-04 -8.874908191596477761e-04 -8.632231200005815053e-04 -8.300885498682142056e-04 -7.912779039283995321e-04 -7.480928795139665452e-04 -7.007732757848732577e-04 -6.530348210849485496e-04 -6.058762923688443963e-04 -5.591392383346196733e-04 -5.226137671236722078e-04 -4.997216994184089942e-04
-4.484795333539707976e-04 -4.713584454193286001e-04 -5.100739110010783870e-04 -5.632886113758409086e-04 -6.182758867646326968e-04 -6.721308359645054679e-04 -7.228285816433721502e-04 -7.671334177507399543e-04 -8.059916529351981388e-04 -8.378019910399558262e-04 -8.583179672818724805e-04 -8.677253895566912302e-04 -8.663161555376321489e-04 -8.542879229910970871e-04 -8.314146801660002827e-04 -7.968114654647120466e-04 -7.533989963930941844e-04 -7.030358070507301393e-04 -6.480779642909405497e-04 -5.951402893766822005e-04 -5.440716558756194697e-04 -4.950747645874829230e-04 -4.604921035804205622e-04 -4.442351347440846691e-04
-4.065346448273755853e-04 -4.409907051629383947e-04 -4.885905143663006470e-04 -5.441599960530627347e-04 -5.946375992181529265e-04 -6.408435499109466299e-04 -6.816248735519341625e-04 -7.169098118724357652e-04 -7.478274200290672535e-04 -7.748872119951074862e-04 -7.948792000282974913e-04 -8.062238742412725914e-04 -8.084624951318970972e-04 -7.988933972890790861e-04 -7.770747650779232093e-04 -7.410640448336479075e-04 -6.938017737995773315e-04 -6.382106847216016329e-04 -5.767826880033951080e-04 -5.194341293715788125e-04 -4.669785469980178988e-04 -4.217250897088447551e-04 -3.953666436648406880e-04 -3.894916887601349194e-04
-3.670537205849478280e-04 -4.099570289134833886e-04 -4.616615398282835660e-04 -5.159443307552886689e-04 -5.615102764993121437e-04 -6.008172579026845777e-04 -6.331430599164018834e-04 -6.596594456400771888e-04 -6.814792178225856237e-04 -7.007005388084286022e-04 -7.167687477473124250e-04 -7.274007953446381394e-04 -7.310779790148957437e-04 -7.222456615404400978e-04 -7.005709997675666628e-04 -6.639728722923869545e-04 -6.157015334931429653e-04 -5.589215228998031934e-04 -4.940320591293893620e-04 -4.346534439167234901e-04 -3.849265592230581676e-04 -3.486524324920058267e-04 -3.336723661428655108e-04 -3.387991002051247763e-04
-3.295032161926429769e-04 -3.753782076225193253e-04 -4.257118553571253563e-04 -4.763825644839629571e-04 -5.178616356177308602e-04 -5.510944305424929530e-04 -5.755630960399629476e-04 -5.936829165780470752e-04 -6.067768401976675764e-04 -6.168544872064246317e-04 -6.260165236459901399e-04 -6.329535512226543365e-04 -6.359860141623167786e-04 -6.267063034407798676e-04 -6.039914384907451358e-04 -5.676464507007362732e-04 -5.212313115839127889e-04 -4.661276469228031868e-04 -4.015852086273010205e-04 -3.449282544404297054e-04 -3.026817850333039447e-04 -2.781770359815962865e-04 -2.754037259631234025e-04 -2.923605256281515451e-04
-2.919168205236105109e-04 -3.343125048196661248e-04 -3.787442658128664327e-04 -4.235398219713097136e-04 -4.607431263124027606e-04 -4.893744447071827477e-04 -5.078010707629140820e-04 -5.182042812560760199e-04 -5.229438748382305010e-04 -5.236691567647834902e-04 -5.242543745370678489e-04 -5.243416387334556665e-04 -5.231634473115863090e-04 -5.122989734986629819e-04 -4.897087770794474959e-04 -4.544779895228378609e-04 -4.101786578818433782e-04 -3.589163330385691927e-04 -3.019189308268695540e-04 -2.562232774778917680e-04 -2.262803992348305605e-04 -2.158230756065927878e-04 -2.255617867412508320e-04 -2.520005798459217655e-04
-2.541368729937088108e-04 -2.899736325424267592e-04 -3.273438558546543586e-04 -3.648962587611458900e-04 -3.960536732748393607e-04 -4.199749942359598249e-04 -4.339648688278483239e-04 -4.384930370758363021e-04 -4.364114318050266780e-04 -4.296979263265296315e-04 -4.231186041690354897e-04 -4.162842865309971177e-04 -4.093087628712491276e-04 -3.965977427263490084e-04 -3.761726731496479775e-04 -3.442238084691681861e-04 -3.040376296827025215e-04 -2.605193761281600481e-04 -2.176981467668051996e-04 -1.883319487978312053e-04 -1.726443523263709954e-04 -1.741885001042835397e-04 -1.909679789616350396e-04 -2.187641750899218715e-04
-2.180771312017409111e-04 -2.463745646070153797e-04 -2.757028488421645919e-04 -3.048801353025198339e-04 -3.287081349965504350e-04 -3.466359335317479749e-04 -3.565076963086656679e-04 -3.570816266014876887e-04 -3.500996267677216364e-04 -3.374718225969829295e-04 -3.248561336453187104e-04 -3.122284073084626802e-04 -3.000112755733947627e-04 -2.854369842860265136e-04 -2.671603167413487087e-04 -2.410761379790774168e-04 -2.101853629417894909e-04 -1.795934315706275691e-04 -1.540010357969384030e-04 -1.418873637879608204e-04 -1.413781196680942008e-04 -1.519484502914545711e-04 -1.688950491701020600e-04 -1.911750006206073508e-04
-1.867037502343815681e-04 -2.066445672091937530e-04 -2.270715366647270026e-04 -2.471362898302887430e-04 -2.626925801939923762e-04 -2.732066943559015651e-04 -2.779151790704133891e-04 -2.754543596603598802e-04 -2.661331311456214296e-04 -2.505725034234022614e-04 -2.336681505371767179e-04 -2.164309539375654278e-04 -1.998201836363979660e-04 -1.839135304807147067e-04 -1.677776214076995244e-04 -1.509017341177081896e-04 -1.358118058259038391e-04 -1.238605379036516573e-04 -1.176800250447110135e-04 -1.202578166672132765e-04 -1.299576678834429302e-04 -1.423998603909194295e-04 -1.542245126498986122e-04 -1.686913824496129690e-04
-1.585231702887685598e-04 -1.715696200962440977e-04 -1.845154386197686298e-04 -1.969136939142444279e-04 -2.053433454315423134e-04 -2.091109782673833146e-04 -2.084179764637895938e-04 -2.033684461920374684e-04 -1.937957054671970265e-04 -1.788544453132528446e-04 -1.610240127211768767e-04 -1.419761656639750890e-04 -1.227910719931115562e-04 -1.064107762485298297e-04 -9.273579209208056425e-05 -8.460739839016655738e-05 -8.388714295833996808e-05 -8.835426286871530827e-05 -9.785357849926765422e-05 -1.086681808018679539e-04 -1.197142797158313749e-04 -1.279242483330070073e-04 -1.353319483280481514e-04 -1.456829605006569345e-04
-1.300713830106061362e-04 -1.382824503214986390e-04 -1.458061025837681195e-04 -1.523171665094601493e-04 -1.551198075142026442e-04 -1.536405873578259229e-04 -1.489406824073134306e-04 -1.425919796823857161e-04 -1.340572651559662830e-04 -1.220208159217643298e-04 -1.065456519182493409e-04 -8.896850269786843186e-05 -6.905993740277788207e-05 -5.262635426582469778e-05 -4.183265022246827051e-05 -3.996197523301185829e-05 -4.821148771339658819e-05 -6.369709050863297444e-05 -8.404209036288117851e-05 -9.882511976175176139e-05 -1.069490827896212232e-04 -1.093518525383464139e-04 -1.134610338969782725e-04 -1.208146220700102212e-04
-9.964449570547620223e-05 -1.055830564510072347e-04 -1.102193769577928303e-04 -1.122945561745218487e-04 -1.105179144034865494e-04 -1.057181261300954833e-04 -9.924696268812342335e-05 -9.305434226236641848e-05 -8.643846624731514464e-05 -7.890335874131081378e-05 -6.854435773688393873e-05 -5.522255179987007288e-05 -3.760117398805299733e-05 -2.223226748615904287e-05 -1.263661363131312125e-05 -1.306091020244950018e-05 -2.543592715440311049e-05 -4.615855669318466082e-05 -7.009208568724601437e-05 -8.412819514211870983e-05 -8.903415852452815503e-05 -8.767544808517984442e-05 -8.898984616340080618e-05 -9.309114128826120839e-05
-6.383839903715741006e-05 -6.797008882656619397e-05 -7.015667176165691797e-05 -6.842419011737584295e-05 -6.356706800558679460e-05 -5.782407118863150809e-05 -5.235620766282925913e-05 -4.840167709468280467e-05 -4.521220471004036882e-05 -4.269204755529672701e-05 -3.741750678360707464e-05 -2.834309239962833646e-05 -1.432368093752171254e-05 -5.382517928687849993e-07 1.014174510329782404e-05 1.145144775313223716e-05 -6.715262755989958317e-07 -2.131644246246115082e-05 -4.350643147521330559e-05 -5.546372982548977037e-05 -6.023928568274290101e-05 -5.913704236265692057e-05 -5.872139389071350538e-05 -5.987652829305563070e-05
-2.322228258799387377e-05 -2.480976566272435652e-05 -2.380927526756416990e-05 -1.895099551541798476e-05 -1.311445432772121339e-05 -8.529310232047661349e-06 -6.177881663162110928e-06 -6.586649769273946739e-06 -8.948789831688089589e-06 -1.228513013248264017e-05 -1.165293498543751202e-05 -6.383797546401220840e-06 4.443969475277092062e-06 1.702445047316056233e-05 2.916731962111943435e-05 3.478909454047616426e-05 2.769578032159879480e-05 1.190619437328753153e-05 -6.272891676039027455e-06 -1.639426984411789532e-05 -2.128230909861334683e-05 -2.149119608891872111e-05 -2.121193652667031549e-05 -2.128734566635360126e-05
