1.819193524650564267e-05 2.098177789659897414e-05 3.026127358653960653e-05 4.735756238127449138e-05 7.164728110490042499e-05 1.015955019671694286e-04 1.369368268386680540e-04 1.705877174706987224e-04 2.004523925764425160e-04 2.251633689097420139e-04 2.380983771101172317e-04 2.384174773035654775e-04 2.248153463599737506e-04 2.011386556907006123e-04 1.699749522296455670e-04 1.355667561686296882e-04 1.075852472976710096e-04 8.501163202162094143e-05 6.785138986083676755e-05 5.368004608161028296e-05 4.168396291901481550e-05 3.175632870873960873e-05 2.450587436905792430e-05 2.024232187037161714e-05
5.878014744976977712e-05 6.208915964663936802e-05 6.925980673020737160e-05 8.376757906808723572e-05 1.043243875823001023e-04 1.270253788792395980e-04 1.502966551328011296e-04 1.692789493540548427e-04 1.839264037061289381e-04 1.908021972154661601e-04 1.890423598347598590e-04 1.817957225217982267e-04 1.708896077813216324e-04 1.574008265749858972e-04 1.398609933852693131e-04 1.191717720209403957e-04 1.003764284287558399e-04 8.425438744886582041e-05 7.327216765433935801e-05 6.724952466694596295e-05 6.365985845420645114e-05 6.109720486497875584e-05 5.891232800539925735e-05 5.829478006198875938e-05
1.009911593128835869e-04 1.057133323771842159e-04 1.116691221750344166e-04 1.220616229155893856e-04 1.349380196187946273e-04 1.464442797488101316e-04 1.540440499657539102e-04 1.551023345404639142e-04 1.512771549031015578e-04 1.406447636254254700e-04 1.280994899733021465e-04 1.171965244635951191e-04 1.119796544917026619e-04 1.107558305695777336e-04 1.089169154724730553e-04 1.041596988524450196e-04 9.689953281298903669e-05 8.957807840321352951e-05 8.474796684228743098e-05 8.447318410745800049e-05 8.688909430530530583e-05 9.067814839303217091e-05 9.393314366463804391e-05 9.733589492758660167e-05
1.419424612584680974e-04 1.475535169264964553e-04 1.521566371111595089e-04 1.557353992163506770e-04 1.562426997114234990e-04 1.530125933489360156e-04 1.438419577610640008e-04 1.281715346526450495e-04 1.080180269597823424e-04 8.505310678525037455e-05 6.757872902308421936e-05 5.669053986852097587e-05 5.790787815456082066e-05 6.801407170233954411e-05 8.041755761923558899e-05 9.131097074787728331e-05 9.729381303067641186e-05 1.010399502724751761e-04 1.031461769116196224e-04 1.068184177313004438e-04 1.125285198875685869e-04 1.202913054937769131e-04 1.281283724455138868e-04 1.353654312612895402e-04
1.735442341028251283e-04 1.787055004341197933e-04 1.810037450013682965e-04 1.779886105400085958e-04 1.680891423202863708e-04 1.532320460301790166e-04 1.325633671535310051e-04 1.074510510034109521e-04 7.920503386699714963e-05 5.111030383299108485e-05 3.252576773859159069e-05 2.328607310749675484e-05 2.830262787561170631e-05 4.408137493214088319e-05 6.454622063758056806e-05 8.630897487749917608e-05 1.029653531154028993e-04 1.157687839535587063e-04 1.239435912145127328e-04 1.307353469378651429e-04 1.380015846476031799e-04 1.469146670015050770e-04 1.566117599104744663e-04 1.656328893537008479e-04
1.959823810287676551e-04 2.005019911083058689e-04 2.003034931431170907e-04 1.930587857838726967e-04 1.776730631017104528e-04 1.561094911363382560e-04 1.288363279312170775e-04 9.914872240764674395e-05 6.767679949593266727e-05 3.748200850236706866e-05 1.898020820731256765e-05 1.258190223126447325e-05 1.988429502664974531e-05 3.711594455074141373e-05 6.142249900353678347e-05 9.026773954666419139e-05 1.142435951647242638e-04 1.327502610242888004e-04 1.447650847147537265e-04 1.535732855321286501e-04 1.612925889856874247e-04 1.697487503267703626e-04 1.791945034815960202e-04 1.878883378408970908e-04
2.076828715690926083e-04 2.119005061846731164e-04 2.114415059816721803e-04 2.044419863927777906e-04 1.890726177265176784e-04 1.665875079863798176e-04 1.370000058104641123e-04 1.049225479657523862e-04 7.187926473647209100e-05 4.176682231859631323e-05 2.510550276458779247e-05 2.150540056262774299e-05 3.011763173218581592e-05 4.672888927058675771e-05 7.078362149080248244e-05 1.016444062509348203e-04 1.293520224983028941e-04 1.512241520239111878e-04 1.656279387143909463e-04 1.750955166820738378e-04 1.821037867444393456e-04 1.879857277343327255e-04 1.944526918515377442e-04 2.007421509964702746e-04
2.144388052790147851e-04 2.180364634848962527e-04 2.188955196051683104e-04 2.152191096868388224e-04 2.032327077123234995e-04 1.834750022954196604e-04 1.550619710771680704e-04 1.233134229076837836e-04 9.088664976263133744e-05 6.291393206445079289e-05 4.906744646664145158e-05 4.743897143126300157e-05 5.714557050869744931e-05 7.336759170830446891e-05 9.538142081615526508e-05 1.238496567170672958e-04 1.507145647627022693e-04 1.726276345187965401e-04 1.874597567862527057e-04 1.961972480536375047e-04 2.012979896829040637e-04 2.033514341325225183e-04 2.058706021340916980e-04 2.094370481396742477e-04
2.197552458108086102e-04 2.216641517139149743e-04 2.227724882643839627e-04 2.229210599945924940e-04 2.163901445608442861e-04 2.014323633161968486e-04 1.780189147769525133e-04 1.521769798763597818e-04 1.259444204091991922e-04 1.029744651423031537e-04 9.209118533020762480e-05 9.258270929092538015e-05 1.028843367371662132e-04 1.175700706903247292e-04 1.363959457781560255e-04 1.595632433584178258e-04 1.809157151871143630e-04 1.981999971584893290e-04 2.105524588192335552e-04 2.174135990341489859e-04 2.194605478781452932e-04 2.172289755593563077e-04 2.160335713411958946e-04 2.171102281033347639e-04
2.260863836679506168e-04 2.251974422723492289e-04 2.243852396492402993e-04 2.249190540041078729e-04 2.226389583742496890e-04 2.148890322332812927e-04 2.018593547356184361e-04 1.879840626088048403e-04 1.745511222742728225e-04 1.620405101188765972e-04 1.556869314160985046e-04 1.567553115369118677e-04 1.659078778089826431e-04 1.789051150057502663e-04 1.936716240573620976e-04 2.081384089758563192e-04 2.191735913615249583e-04 2.278022077357603548e-04 2.342870156733769182e-04 2.372020040608856576e-04 2.358090782856427168e-04 2.312163358036419902e-04 2.280041831406535156e-04 2.265913250159398338e-04
2.368541420474383659e-04 2.319340738752657873e-04 2.269073279928735172e-04 2.227102661275312133e-04 2.202477484046374374e-04 2.188850331387221426e-04 2.176608171761467640e-04 2.171157767499124749e-04 2.183914404246579965e-04 2.201868025560731212e-04 2.214059418544969129e-04 2.229845568676860966e-04 2.295216286102023029e-04 2.397569503475399340e-04 2.486714721536356382e-04 2.533486830205159334e-04 2.548039578327057349e-04 2.562922658930199280e-04 2.574887109213265806e-04 2.567800794713203305e-04 2.539535300076978448e-04 2.498992803423033949e-04 2.459275029938039485e-04 2.415847043232444852e-04
2.507449715114607532e-04 2.405594213604000475e-04 2.300837770164073921e-04 2.194225378141754785e-04 2.145453509672035823e-04 2.173375995452988879e-04 2.264606263470634044e-04 2.385616471109555409e-04 2.538617242845258291e-04 2.706794990744704589e-04 2.815884236279850555e-04 2.857943407874389261e-04 2.895867867114531864e-04 2.946848631575773409e-04 2.953720678863732980e-04 2.904319991752376227e-04 2.850272851929279557e-04 2.820952037183004774e-04 2.803850015605872915e-04 2.780962629406664478e-04 2.758796024562649757e-04 2.732084138788403696e-04 2.681226357199570690e-04 2.604955203786788061e-04
2.669652252796513546e-04 2.497131939024625942e-04 2.325608427621840232e-04 2.163247450161008654e-04 2.090277737348014925e-04 2.125276467845303458e-04 2.299422692848317803e-04 2.556768194645329972e-04 2.847484516136988895e-04 3.135367091562581317e-04 3.328543903979339189e-04 3.432595513500382714e-04 3.446316511182100496e-04 3.402095860488216759e-04 3.311935291516920530e-04 3.196122743644251021e-04 3.109580016551891286e-04 3.050326437424362045e-04 3.026613400902876047e-04 3.021661412558708580e-04 3.021625912941069644e-04 3.007359868957780978e-04 2.941053159833480115e-04 2.829249445068561801e-04
2.821460124987913275e-04 2.586612928693957092e-04 2.362392188193070336e-04 2.171538923183525486e-04 2.084698510631983483e-04 2.102678389829057567e-04 2.298947699599716941e-04 2.611652076985044430e-04 2.946704262173764112e-04 3.242629530527047551e-04 3.435649053904100297e-04 3.565977947563487866e-04 3.578145642177702423e-04 3.505143908066380397e-04 3.413440571330244298e-04 3.330592527367305482e-04 3.276640079005132774e-04 3.230706431788233062e-04 3.228577536228802625e-04 3.257795247951272215e-04 3.278420901651585523e-04 3.268380226298206286e-04 3.186146429404794434e-04 3.039951517840777575e-04
2.959580163315073012e-04 2.685193095424694512e-04 2.431062136751352973e-04 2.218867719638853897e-04 2.109671867314631927e-04 2.102148155177360951e-04 2.252309826595267847e-04 2.492396373362243812e-04 2.743807716041357951e-04 2.946749613653763355e-04 3.065536426860642968e-04 3.148067183527904407e-04 3.183266744670912958e-04 3.204729687465218886e-04 3.234729343287309159e-04 3.279389320839680086e-04 3.323868426095780843e-04 3.357095985677597096e-04 3.408021320300541742e-04 3.468507635642198287e-04 3.506893346213015364e-04 3.500409450106777595e-04 3.403812483126171648e-04 3.224790292444973134e-04
3.093667201132234922e-04 2.813304955109548504e-04 2.547234202368761071e-04 2.314891805822420095e-04 2.164680199947507976e-04 2.093296666657134522e-04 2.094572113423566982e-04 2.120603361178348986e-04 2.161591776093061974e-04 2.190140363621114698e-04 2.201827168225772618e-04 2.222575199274713664e-04 2.322215226061158919e-04 2.524661900912957501e-04 2.768056005312838027e-04 3.028937803664078204e-04 3.248878359745742276e-04 3.431861097080910177e-04 3.573203861124545099e-04 3.663661114914973176e-04 3.704833167343337037e-04 3.680748025661119568e-04 3.566250729968129213e-04 3.368928286379482828e-04
3.146033998970569254e-04 2.873708933467547608e-04 2.594116475952178212e-04 2.329761463859432707e-04 2.113310507904607991e-04 1.933147640891165085e-04 1.751876953213657667e-04 1.567216069326126131e-04 1.415800106985361966e-04 1.306696162777813079e-04 1.269916459968930406e-04 1.306397976394085912e-04 1.485686981741179296e-04 1.811735471786742459e-04 2.216314508768384346e-04 2.675308441419104333e-04 3.077994345983321874e-04 3.411580232476174156e-04 3.646541188877193938e-04 3.767092842893033353e-04 3.797498649113042243e-04 3.736384813904122088e-04 3.602490057671299236e-04 3.403434414182680986e-04
3.081129976986226454e-04 2.813559323178991579e-04 2.517162392065163301e-04 2.210535488162867948e-04 1.910609398425718269e-04 1.604431413986793272e-04 1.264542104086621927e-04 9.342798967017397612e-05 6.555503652504624402e-05 4.653021158950428282e-05 4.279815507031218110e-05 5.281221975349934179e-05 7.767119027757906171e-05 1.157740005650727483e-04 1.654881772849740667e-04 2.264100043028255882e-04 2.822377904896043992e-04 3.279413549367598841e-04 3.593912872277491011e-04 3.743552666000699719e-04 3.762185965494313760e-04 3.665682283205788650e-04 3.516674019845372431e-04 3.320169129869021988e-04
2.877942044638162286e-04 2.603829245563193365e-04 2.288837205379587361e-04 1.934060409451710254e-04 1.548125965017586804e-04 1.132815089125527937e-04 6.883167316127741754e-05 2.907257451476656291e-05 -3.478186921759208647e-06 -2.351172335860889467e-05 -2.430469237780501183e-05 -8.924867629712805416e-06 1.992399826760698372e-05 5.963575805397379416e-05 1.120454485940549169e-04 1.787631874830715169e-04 2.432356205395506368e-04 2.983348454411134730e-04 3.372031078106758634e-04 3.551061518837580642e-04 3.573236467826175836e-04 3.467562193786932561e-04 3.316042561651322295e-04 3.117005924348779434e-04
2.614317316463227485e-04 2.329270762985507983e-04 2.000797926089308877e-04 1.612197659862343098e-04 1.171225535873145874e-04 6.971678905568507042e-05 2.018376879227972169e-05 -2.187781734995612330e-05 -5.444970248764122514e-05 -7.255408465464690962e-05 -7.235363489078782762e-05 -5.754704550879757987e-05 -2.898687922424744400e-05 1.070681999241017001e-05 6.151326686659581663e-05 1.248028466204081672e-04 1.887482777209395371e-04 2.480367477684553186e-04 2.940622126546484387e-04 3.177404301442511678e-04 3.246493636004813086e-04 3.179317627272034742e-04 3.052729388312877090e-04 2.860919126444928925e-04
2.337217921181415268e-04 2.047161441581738385e-04 1.711131636253738835e-04 1.305387852721240491e-04 8.368141268832895887e-05 3.314457898490786203e-05 -1.910985751767313087e-05 -6.149400238035718702e-05 -9.210708244392483315e-05 -1.081886253387500898e-04 -1.087873155624396912e-04 -9.634652031715528972e-05 -7.089444200524164144e-05 -3.506502130742305401e-05 1.029196395173727959e-05 6.536787272683709988e-05 1.230614961335339071e-04 1.808144055891158482e-04 2.329549290875841086e-04 2.660488379228829461e-04 2.812897278656592884e-04 2.814457850648439843e-04 2.736872456410304084e-04 2.576360021521518812e-04
2.077177199226037127e-04 1.802973240503205111e-04 1.458174949281868839e-04 1.031131311753158083e-04 5.505843513507424717e-05 3.776575636138431976e-06 -4.854167037939039495e-05 -9.006741443969845120e-05 -1.190484706629489658e-04 -1.348014826080557718e-04 -1.377972942424761913e-04 -1.288762099964489585e-04 -1.085583613889820669e-04 -7.985053424932930842e-05 -4.323485900156719684e-05 6.921478648053535211e-07 4.845140780341695833e-05 9.947974445497591018e-05 1.535151680164521879e-04 1.969876162536735010e-04 2.256357248916125192e-04 2.383712951851714164e-04 2.384238055504676976e-04 2.279579475379716008e-04
1.935273457225040160e-04 1.700612794473469868e-04 1.348662827992875744e-04 8.806516952159770535e-05 3.699089303151829861e-05 -1.603504260847554312e-05 -6.852281092261487076e-05 -1.101507399596833104e-04 -1.399680988783775983e-04 -1.575436500779908743e-04 -1.633065430078895733e-04 -1.578310650852360970e-04 -1.421885789852832076e-04 -1.201176641240719276e-04 -9.179315096502979067e-05 -5.759612631756386679e-05 -1.848748070066884633e-05 2.559357585539735017e-05 7.700694322686728582e-05 1.262608785941235620e-04 1.678315678077277697e-04 1.965062479356292403e-04 2.081479571712711960e-04 2.065904711778517933e-04
1.914666123621091534e-04 1.729243689249062763e-04 1.379836979917490312e-04 8.668565654709024120e-05 3.082194908204469327e-05 -2.571791322413547061e-05 -7.969786157978485841e-05 -1.223034405542843895e-04 -1.538325671290931859e-04 -1.737459884232270800e-04 -1.824311593679616599e-04 -1.805564844880395417e-04 -1.690954040171435452e-04 -1.525182909581019913e-04 -1.313418294115080767e-04 -1.058547646666766645e-04 -7.449979921522583901e-05 -3.646908859838002883e-05 1.088434840706490990e-05 6.214708839604635539e-05 1.128676756770059520e-04 1.573769528051422990e-04 1.841715177512241730e-04 1.950860606169757896e-04
2.015638500127187754e-04 1.883887247902501149e-04 1.548234111707638640e-04 9.945896534653840592e-05 3.746742468204325389e-05 -2.468492122684338763e-05 -8.181952833981826292e-05 -1.259274279594726174e-04 -1.595175078936401198e-04 -1.818383746427628062e-04 -1.933893613178579857e-04 -1.950883057888227838e-04 -1.875503110364285246e-04 -1.754324163643821235e-04 -1.596718652264811562e-04 -1.409425423918257822e-04 -1.160304068901555464e-04 -8.319022696228338030e-05 -3.974732330151440935e-05 1.097621662323568935e-05 6.519835101563346521e-05 1.211555372100152567e-04 1.645595942358415173e-04 1.924113377685961039e-04
2.070291758534932927e-04 1.994587488660907613e-04 1.681841088025962604e-04 1.120267253569495411e-04 4.846055056645578194e-05 -1.551123458372305995e-05 -7.370021574461825856e-05 -1.182011811646442557e-04 -1.525674746089078298e-04 -1.764002828870782152e-04 -1.904643899877473073e-04 -1.954135370974431748e-04 -1.916852958599964737e-04 -1.835782445940839969e-04 -1.720876710954339110e-04 -1.581525285677078043e-04 -1.377634771442648020e-04 -1.086451169992297633e-04 -6.783239518145148359e-05 -1.854304670210651563e-05 3.518529715059501956e-05 9.438433860929223995e-05 1.465627790435035729e-04 1.865251500104293109e-04
2.022376321061865616e-04 2.009671094527472422e-04 1.726783490441415742e-04 1.191184399625809683e-04 6.006324891820630262e-05 3.576423988529609421e-07 -5.519135265256786742e-05 -9.878228143029366473e-05 -1.326216859419814681e-04 -1.571949942073348804e-04 -1.735324410925203156e-04 -1.814920101998896557e-04 -1.812728825416013041e-04 -1.768151754513020671e-04 -1.692330803613821782e-04 -1.590569710099289059e-04 -1.414822086339211321e-04 -1.143768732409311073e-04 -7.612426813504712965e-05 -2.983777586970675459e-05 2.182811267469908454e-05 7.907200873968328451e-05 1.311994960348221331e-04 1.744471578884614657e-04
1.817788921809556670e-04 1.831273172879184562e-04 1.610305379733011012e-04 1.180970843397290528e-04 7.072639880327145304e-05 2.177643206665908529e-05 -2.607690631426979352e-05 -6.627284575237945815e-05 -9.930037227446280408e-05 -1.248706006661655312e-04 -1.426377171175267748e-04 -1.527753355729139255e-04 -1.556955385269362532e-04 -1.546637839119827779e-04 -1.503564752109071731e-04 -1.423200004645055290e-04 -1.260446173243049165e-04 -1.004806903000183865e-04 -6.469648233575878192e-05 -2.192086591928554516e-05 2.583813106426096495e-05 7.664054674666517916e-05 1.208291324691869375e-04 1.571247672137951750e-04
1.462911211668175182e-04 1.451834591180937040e-04 1.310906839940364252e-04 1.047549153992832912e-04 7.352083248892430029e-05 3.909454204335191676e-05 3.294232259702094566e-06 -2.969693776631963656e-05 -6.030276986661402803e-05 -8.637001466650507243e-05 -1.045353101262029176e-04 -1.158307849404535987e-04 -1.215582937857264632e-04 -1.239924367769254878e-04 -1.225895592758825109e-04 -1.161230320269122224e-04 -1.014682044070186668e-04 -7.881015546422202086e-05 -4.663329286306211506e-05 -8.501821417681364887e-06 3.288059826507940073e-05 7.510633767538245646e-05 1.087956010777969829e-04 1.332294184036838863e-04
1.013973673499539142e-04 9.667005312107038943e-05 8.941771716310018784e-05 8.032637693524387139e-05 6.768594833161249746e-05 5.024038585770906564e-05 2.925639998309258874e-05 6.539538312038431457e-06 -1.857506042358736181e-05 -4.335944828003232624e-05 -6.143271498767753397e-05 -7.339583840040249981e-05 -8.168035752885377608e-05 -8.757001467045018805e-05 -8.906118491368468569e-05 -8.452907331629069105e-05 -7.223412098074934423e-05 -5.322126988348768679e-05 -2.622257790332500768e-05 4.862417819213446132e-06 3.746592944943863884e-05 6.905284406207316730e-05 9.052081884499551959e-05 1.013708524527760926e-04
5.031506654782407021e-05 4.338128287866529267e-05 4.032487684244659431e-05 4.424013068103649777e-05 4.963564565876842218e-05 5.158667328855163098e-05 4.825785375743183255e-05 3.839120650563388761e-05 2.340276449285375092e-05 4.732982022785915758e-06 -1.201870890076396983e-05 -2.642628524688847805e-05 -3.908392578072797591e-05 -4.808121427481349173e-05 -5.218716655484835715e-05 -4.962638231608689242e-05 -4.020110225692440781e-05 -2.562080691490504017e-05 -5.449397902465847037e-06 1.619022281238574533e-05 3.748765618608431230e-05 5.500399826016686610e-05 6.204633924725036324e-05 5.982261317667005387e-05
5.252958519599667480e-07 -6.055670727887293804e-06 -6.414552296987632079e-06 3.776022873360414424e-06 2.051679004891415959e-05 3.814728925622456264e-05 5.195775928846530368e-05 5.694077474919063085e-05 5.613695504641158973e-05 4.905766781936380896e-05 3.672184031039742657e-05 1.995774729439349951e-05 1.868402739764736561e-06 -1.023831789372954808e-05 -1.702947008791563815e-05 -1.715682421857352196e-05 -1.212112845044979011e-05 -3.770861796013302317e-06 7.788245965400838870e-06 1.832189553720355650e-05 2.652438359986695771e-05 2.906760171877032802e-05 2.380005323269791191e-05 1.333268102253184715e-05
-4.869568819125358425e-05 -5.455926431999265510e-05 -5.185604806017795465e-05 -3.806799280897703108e-05 -1.570222929920868591e-05 1.188748562202167033e-05 4.112758157657808218e-05 6.326118833134416152e-05 7.894291952008368246e-05 8.609285610597291203e-05 8.114942056990650198e-05 6.500533944233959809e-05 4.274462448407208856e-05 2.707261038715360295e-05 1.714039695480086626e-05 1.305390389560451546e-05 1.161387557846668976e-05 1.164797375109748616e-05 1.284274708815528953e-05 1.085249896446937559e-05 4.542115163657850833e-06 -6.577677432510522021e-06 -2.011696235908424271e-05 -3.478982767618146602e-05
-9.661824584738050090e-05 -1.002975766973129563e-04 -9.453085160373862262e-05 -7.873701050476562477e-05 -5.470127843920688895e-05 -2.359979048189196494e-05 1.608201657287313926e-05 5.489830242702966950e-05 8.818589044219730900e-05 1.107558534334932877e-04 1.158887402495292079e-04 1.065336610247250471e-04 8.563282020947563802e-05 6.650059427884688016e-05 5.063290427413256935e-05 3.911630181493214642e-05 2.925849113335739901e-05 1.907548868717949124e-05 6.914098792695759922e-06 -9.695165165263315118e-06 -2.992226970805161016e-05 -5.117431531062306520e-05 -6.896851724908466329e-05 -8.440351347385138087e-05
-1.395309746597387008e-04 -1.389874793882672581e-04 -1.295841084411897823e-04 -1.109340708632337570e-04 -8.487091430662432683e-05 -5.239261227737565996e-05 -9.559242301576299111e-06 3.655486002950085163e-05 7.965166037818663706e-05 1.129989120036307824e-04 1.281419212513344329e-04 1.289947036439816552e-04 1.150283860257077207e-04 9.537796920532074147e-05 7.361732660828799188e-05 5.330167349617426638e-05 3.445114129386185023e-05 1.351722521474680113e-05 -1.209531134890206227e-05 -4.099213766367039018e-05 -7.011324021068886204e-05 -9.667737483011449337e-05 -1.165574334063386387e-04 -1.311589573940012969e-04
-1.769263802105369297e-04 -1.710331841026663940e-04 -1.568662925870905136e-04 -1.347817599620011210e-04 -1.066614564930354846e-04 -7.277661797054757313e-05 -3.157099319084881580e-05 1.225258696157368762e-05 5.557026098820237487e-05 9.455547599940728083e-05 1.190182958375791294e-04 1.293886280064781213e-04 1.236750398787309167e-04 1.068331565968877315e-04 8.250628583583861279e-05 5.492328713643424725e-05 2.681671911632752279e-05 -5.131424892781320758e-06 -4.208468080617788418e-05 -7.878490054186394937e-05 -1.123158321572210723e-04 -1.411627341788865644e-04 -1.615541750995360586e-04 -1.737477525567574996e-04
-2.084720104343659015e-04 -1.964640100143397346e-04 -1.766241026866215841e-04 -1.499543659552480873e-04 -1.193170218623524194e-04 -8.466406691794243415e-05 -4.800766708441020188e-05 -1.293637475881662833e-05 2.136579188887669336e-05 5.599700400109571875e-05 8.308673044916692904e-05 9.891328971443985000e-05 1.010724558054408465e-04 9.005881846572570595e-05 6.844146693462006955e-05 3.722582492149661406e-05 1.140134037369108595e-06 -3.924494889013063981e-05 -8.228001801473234329e-05 -1.210754837878628813e-04 -1.549842222062681075e-04 -1.832510082789076406e-04 -2.020535553553839926e-04 -2.108729928766048495e-04
-2.273275922194497093e-04 -2.101284858121309663e-04 -1.853948692292461378e-04 -1.542562615129084097e-04 -1.214872656448307014e-04 -8.754989691013760232e-05 -5.490729022040256846e-05 -2.729094570462009807e-05 -3.481561827548242458e-06 1.942588991554247606e-05 3.993493095696042729e-05 5.464170660274560143e-05 6.118058004216649982e-05 5.530344588704814524e-05 3.795990581873034681e-05 6.761113739662231873e-06 -3.228574994519134910e-05 -7.478944566995792017e-05 -1.178231669566399465e-04 -1.550982586720984417e-04 -1.874453089166178230e-04 -2.136390532973020428e-04 -2.293998182693227192e-04 -2.345263103772997186e-04
-2.315454865939389631e-04 -2.102801352184918390e-04 -1.817776703996045547e-04 -1.472812827041130776e-04 -1.134779560533101663e-04 -8.135349452079080441e-05 -5.289477368874089371e-05 -3.197624141808855713e-05 -1.790250474695719485e-05 -8.361860201909956784e-06 1.523266210343385804e-06 1.106702901412944494e-05 1.915305396412192269e-05 1.679054054041504075e-05 2.098929481699807648e-06 -2.753158629875314953e-05 -6.481488760202786718e-05 -1.047124609417563043e-04 -1.445354005236582637e-04 -1.785959856300287454e-04 -2.076872151492463654e-04 -2.306052063678093347e-04 -2.426128988464585409e-04 -2.433351551522758066e-04
-2.185631496733050688e-04 -1.942723216626881567e-04 -1.633570418603582665e-04 -1.273178353401499172e-04 -9.383978254586924418e-05 -6.398405188495049451e-05 -4.035644363505716157e-05 -2.630552171383085150e-05 -2.034167381615525720e-05 -2.092644944915350206e-05 -2.063214989510153431e-05 -1.852132607430153987e-05 -1.360472083762677181e-05 -1.562253710116141202e-05 -2.881076631939359571e-05 -5.486336955766290001e-05 -8.732917294627464170e-05 -1.223638241299910374e-04 -1.580272185506140584e-04 -1.882401724792209287e-04 -2.129163958977021867e-04 -2.310093661229036519e-04 -2.382835042069250675e-04 -2.343734731836205826e-04
-1.924752093809489696e-04 -1.665448265410944073e-04 -1.349179184808552243e-04 -9.910747457501611055e-05 -6.688238737283021143e-05 -3.931929834926402995e-05 -1.943482162663570599e-05 -9.382805504080297702e-06 -6.864585292324746400e-06 -1.019024135238747643e-05 -1.320587807865871502e-05 -1.555011657491677147e-05 -1.588570304251123947e-05 -2.070895005815220097e-05 -3.352254894606009186e-05 -5.632589360166815283e-05 -8.561663960767540514e-05 -1.182279449295482954e-04 -1.522087990434120065e-04 -1.800961577824743739e-04 -2.013533502816793215e-04 -2.149202739255216246e-04 -2.180216996432500921e-04 -2.107926536934528127e-04
-1.572090855758664397e-04 -1.312242135565696612e-04 -1.004707428882166328e-04 -6.594231298208954532e-05 -3.549162849288867605e-05 -1.074261822756535258e-05 7.542244626394019680e-06 1.840382738836083065e-05 2.228489235227864681e-05 2.009951267754687469e-05 1.672778085766100299e-05 1.288232123105346719e-05 7.973719531925191437e-06 -1.250446477059805035e-06 -1.528490327588111596e-05 -3.640528325505596786e-05 -6.405807144967708264e-05 -9.578313048092478542e-05 -1.294397015025269305e-04 -1.561808799098216396e-04 -1.751984563475271213e-04 -1.855009449308348414e-04 -1.857734664661425661e-04 -1.765692137737247247e-04
-1.183802164510544151e-04 -9.408649669190846177e-05 -6.559765483973614936e-05 -3.417842695695762618e-05 -6.292497701646747266e-06 1.717030743592533662e-05 3.717214179060690716e-05 5.297282606844630644e-05 6.336348050327804534e-05 6.770258383402760142e-05 6.732439528540145137e-05 6.331518919337637819e-05 5.495378846074068101e-05 4.205957850937734334e-05 2.529353157712575543e-05 3.014592709730964476e-06 -2.484385654720627315e-05 -5.666296739089745081e-05 -9.032135226476163616e-05 -1.170426261031995001e-04 -1.360227147742588169e-04 -1.461122110200542676e-04 -1.461829462732246719e-04 -1.370082716025349098e-04
-8.902814212831022171e-05 -6.770908892856349959e-05 -4.241394017652189662e-05 -1.499967165776024397e-05 1.093188406834764997e-05 3.603709193425200740e-05 6.034015413045843861e-05 8.234408251786272414e-05 1.015256788595911416e-04 1.159999345159334671e-04 1.212832452861326027e-04 1.177660850763130839e-04 1.071235951425223652e-04 9.207488588570733384e-05 7.185118618346956153e-05 4.630910102066808798e-05 1.709057455668427041e-05 -1.511368347354720732e-05 -4.857198081748866211e-05 -7.603283192553534383e-05 -9.681076720035664603e-05 -1.096335433720579321e-04 -1.122860632486111167e-04 -1.053022043692347539e-04
-6.788393778856922575e-05 -5.050844727755772229e-05 -2.937588775498277557e-05 -5.777922408289814181e-06 1.954546830184734676e-05 4.763928740931623140e-05 7.741065640085891182e-05 1.066057782922184876e-04 1.355662659352339808e-04 1.616921143295126637e-04 1.746818558488339042e-04 1.737016729515167594e-04 1.615259284684078794e-04 1.437734577795180219e-04 1.195428431806709428e-04 9.015389935952324442e-05 5.895713308923688134e-05 2.574956527320914138e-05 -8.162903986362590318e-06 -3.705368865586807479e-05 -6.031982682630135763e-05 -7.699726716526070734e-05 -8.378398385605110676e-05 -8.054335295884256418e-05
-5.528628235071491708e-05 -4.284307121754635564e-05 -2.605961994730940923e-05 -4.915828328188130957e-06 2.111559159290342914e-05 5.219030225517799900e-05 8.877186114235078120e-05 1.273008214356306203e-04 1.661271433783718552e-04 2.031722007854788997e-04 2.258437577049802060e-04 2.320230283379809259e-04 2.200474246312851740e-04 1.966794617488803749e-04 1.658358994652914199e-04 1.304243228977690935e-04 9.594624489829832893e-05 6.132791796695668434e-05 2.702734180225537726e-05 -3.409801684702715177e-06 -2.925961822206116553e-05 -4.940974541522280002e-05 -6.044932243594020835e-05 -6.235375806939480491e-05
-3.942424556549848508e-05 -3.149373771954785565e-05 -1.783762094478749316e-05 2.024246906088889898e-06 2.829183851498673119e-05 6.055166929523486539e-05 1.014604588249482577e-04 1.456042694614196730e-04 1.885217357456317163e-04 2.294327675623758901e-04 2.569814557336427027e-04 2.681625873153040411e-04 2.565028987399611739e-04 2.281525397604906098e-04 1.916348238619165561e-04 1.513376918984986775e-04 1.153561062660873990e-04 8.200044690903984606e-05 5.059251809331478369e-05 2.184109300099508499e-05 -3.339374906516997551e-06 -2.338233271607920291e-05 -3.574617820100642058e-05 -4.115026353221252901e-05
-1.602217176428682839e-05 -1.169553962857972317e-05 -2.579297723215469426e-07 1.825749785536443217e-05 4.372340066520309719e-05 7.613049107655937213e-05 1.174338003981133867e-04 1.603649001632419312e-04 2.005459495743903086e-04 2.384115950423378364e-04 2.638422541630368887e-04 2.730300863910256333e-04 2.602773196378169759e-04 2.311217382451766179e-04 1.931070424155134364e-04 1.517577779446037324e-04 1.177623567721635311e-04 8.915903708232167445e-05 6.427574849482677803e-05 4.098435546274183458e-05 2.024754985067248137e-05 3.454215749685274385e-06 -7.723303215096885893e-06 -1.411644325969964114e-05
