4.356074102322585011e-05 5.594604429129344103e-05 7.045024362681637101e-05 8.610152193557771901e-05 9.907420307083195359e-05 1.090648787445474898e-04 1.149236876478670173e-04 1.136800212300304790e-04 1.054935379496418376e-04 9.272581246217540831e-05 8.724665237106704976e-05 9.065108555532112498e-05 1.066627690603762576e-04 1.262364555363229936e-04 1.426334054877528596e-04 1.494494982423292965e-04 1.398721271955320256e-04 1.180345441515244872e-04 8.707901198181931574e-05 6.129353120596782814e-05 4.229850579230790561e-05 3.185233623993671744e-05 2.961932646848392537e-05 3.372917728539543162e-05
1.340298405898911779e-04 1.453023198858650693e-04 1.561026888381899700e-04 1.662023658309824561e-04 1.702404128081938474e-04 1.666584320336912683e-04 1.541191510845895069e-04 1.376543803151702734e-04 1.202786622664128957e-04 1.044131377683390187e-04 9.823726205151800568e-05 1.020563793627847433e-04 1.196136058033484391e-04 1.440154569599533523e-04 1.692209885936383574e-04 1.887967479881122034e-04 1.920455833036390685e-04 1.818352299765983217e-04 1.604346343126002096e-04 1.410181274150348733e-04 1.257082066794220948e-04 1.171542275337259203e-04 1.169277053509659898e-04 1.229031231608512808e-04
2.423418527798927114e-04 2.515779111649186421e-04 2.577508527951912929e-04 2.607961587305103316e-04 2.538176290055238677e-04 2.345810492386482700e-04 2.035938136135330596e-04 1.738901513895019582e-04 1.493074114693466038e-04 1.322817423456042207e-04 1.273022468759777044e-04 1.334291441871642556e-04 1.521965499108796950e-04 1.788627425705221173e-04 2.103130327088414985e-04 2.417274030494830149e-04 2.585241565174950843e-04 2.606627446975822923e-04 2.498340274656688930e-04 2.380986665089839189e-04 2.277860225140125225e-04 2.216104048252868597e-04 2.230505402692164096e-04 2.305516951100721585e-04
3.697827835584171293e-04 3.769397446155832400e-04 3.778614139225347089e-04 3.695861983236974524e-04 3.470069719477304336e-04 3.113829526597607783e-04 2.654241115928121920e-04 2.258161130366516205e-04 1.954108739548441774e-04 1.776656739225459158e-04 1.749000650242328201e-04 1.844299517129075979e-04 2.055846225186259242e-04 2.341598143500093880e-04 2.694248176465428531e-04 3.091036926573225829e-04 3.382254912797645315e-04 3.540758372305777540e-04 3.563094029675851560e-04 3.537930346108719270e-04 3.498276750759775236e-04 3.474465994334147503e-04 3.508754690881347679e-04 3.584895627712754657e-04
5.035553092997516493e-04 5.057401458553914238e-04 4.979363470809979866e-04 4.747024073328298156e-04 4.360446108368710083e-04 3.874065579788576411e-04 3.325773791918718286e-04 2.875431899215246550e-04 2.538435648832715764e-04 2.353884129605657305e-04 2.338485370642958826e-04 2.458709626146383118e-04 2.702909849168594033e-04 3.018274947133744415e-04 3.398848269463885770e-04 3.837842122201352607e-04 4.216607456119810904e-04 4.502382282101481475e-04 4.671936179325040725e-04 4.761197991810091302e-04 4.805374421717821098e-04 4.836400641331722134e-04 4.892399841738246128e-04 4.954144581016055966e-04
6.381076494968054673e-04 6.305962969363916853e-04 6.093429654661257962e-04 5.704847956424667415e-04 5.191414817887231564e-04 4.608824481228731965e-04 4.006329581090791033e-04 3.536795783487967776e-04 3.201925675783494590e-04 3.023904052182226207e-04 3.012951450057177005e-04 3.150289920994493796e-04 3.419803364000149697e-04 3.757912224836234237e-04 4.159539419750800165e-04 4.625262643098747642e-04 5.067493277453248264e-04 5.456457422650460697e-04 5.772320798719177875e-04 5.998272632497749944e-04 6.148543612903494904e-04 6.242908185307850365e-04 6.315356117834208154e-04 6.357442887818931911e-04
7.625250272159035843e-04 7.393246831075358941e-04 7.014942976006705499e-04 6.487492046770748817e-04 5.896476735388284443e-04 5.273271266048573094e-04 4.671858491807782737e-04 4.220340944876748508e-04 3.907436616269579013e-04 3.742188041039700959e-04 3.732464234121488046e-04 3.871845665439643553e-04 4.150338160352446759e-04 4.502608528116632631e-04 4.916873213126159289e-04 5.393596480007941882e-04 5.876961581283981443e-04 6.347898669834694694e-04 6.795980200908831748e-04 7.163481596127705981e-04 7.441588874116341658e-04 7.624206593401316274e-04 7.713730016464349437e-04 7.717053005606107135e-04
8.619050476234992693e-04 8.243573809025283314e-04 7.741568913855861314e-04 7.127348182174878194e-04 6.504131702605293842e-04 5.892013779906613664e-04 5.328973885630661125e-04 4.900583772822375995e-04 4.597387887611578509e-04 4.431345643485389593e-04 4.412110502236790579e-04 4.530940870976315929e-04 4.790982920780576622e-04 5.134164649557656666e-04 5.537982552200304250e-04 6.003340723583831763e-04 6.506905724328391864e-04 7.039995646432058553e-04 7.593116387161124789e-04 8.079455374884095915e-04 8.479569188457514086e-04 8.767074171883215477e-04 8.885309999322638401e-04 8.841773551494423950e-04
9.421950227087514925e-04 8.953552639169841008e-04 8.378399009317718388e-04 7.717055227661835572e-04 7.090378779427316787e-04 6.518089602891850073e-04 6.003930208049632847e-04 5.590941568779706806e-04 5.289728166380889152e-04 5.110108507870530061e-04 5.063520501900210368e-04 5.143958277669773149e-04 5.363415815464714267e-04 5.671082301844473277e-04 6.038026818710026580e-04 6.467696413302183702e-04 6.969240954339251098e-04 7.542263350819857978e-04 8.182064378181193570e-04 8.772743471538955182e-04 9.280366333827851609e-04 9.670219055705135246e-04 9.826585723011953353e-04 9.745608273704773261e-04
1.010491551884874903e-03 9.596875367502654113e-04 8.984093554935532926e-04 8.309541865285484255e-04 7.702355251200664358e-04 7.162606912759027613e-04 6.680677687947222726e-04 6.279563898931998008e-04 5.976550148448958166e-04 5.776739786472406216e-04 5.691892622559938325e-04 5.720825243256449835e-04 5.867755438975970914e-04 6.102191346202242087e-04 6.409751220015820223e-04 6.798142775510734263e-04 7.286088946797470095e-04 7.872122996818824159e-04 8.568259587017026295e-04 9.247397042976534523e-04 9.855153478449936531e-04 1.033573709400978586e-03 1.053599445002604976e-03 1.046066619938282576e-03
1.083152491776022451e-03 1.033565156218723248e-03 9.719293120794795116e-04 9.054048015770196651e-04 8.467968738005495237e-04 7.932141028944091239e-04 7.453258587798651698e-04 7.056759212477245989e-04 6.744428469736558473e-04 6.517889362659226886e-04 6.387761055756273126e-04 6.355960267448737761e-04 6.414567711952837321e-04 6.566468236949582569e-04 6.820542744116430117e-04 7.182278057207340484e-04 7.657059933018997046e-04 8.241196800062995350e-04 8.956360707067532794e-04 9.682135753807400097e-04 1.035671125814599351e-03 1.090752306553397638e-03 1.116559827371922751e-03 1.114717673650038408e-03
1.158533861843697322e-03 1.115022569995112326e-03 1.057888427104740998e-03 9.947391637303564394e-04 9.382717827855544370e-04 8.851108880170936027e-04 8.369070099546468229e-04 7.964480759631527079e-04 7.630128646345837439e-04 7.364177378609773486e-04 7.176105475887788274e-04 7.070908825747656114e-04 7.040589346703703165e-04 7.121408597634208259e-04 7.333451846317610989e-04 7.671155781043548227e-04 8.126568981294897583e-04 8.702604285276315443e-04 9.409151889751029944e-04 1.013248166868416233e-03 1.082479338330085642e-03 1.143144604738058909e-03 1.176764729604916045e-03 1.182644066056902843e-03
1.238677085548291635e-03 1.207065868447611571e-03 1.161897783384706123e-03 1.106848125965803880e-03 1.052659769396733667e-03 9.992383758065446868e-04 9.492047699561857645e-04 9.057219276012334116e-04 8.672233492325969167e-04 8.336662242351175044e-04 8.071154547540388552e-04 7.883021521196025613e-04 7.781161592286544876e-04 7.816472501724434224e-04 7.997021734178729521e-04 8.321223595808979615e-04 8.764389936266276998e-04 9.319877065941437706e-04 9.993398486351967504e-04 1.067661039982781539e-03 1.132768470562813034e-03 1.193130509519253974e-03 1.233397665292220412e-03 1.249985071551121480e-03
1.297097404535192114e-03 1.279981552869392109e-03 1.251015141860331711e-03 1.209606115424639687e-03 1.162697333528222698e-03 1.113195138909755643e-03 1.064220359373344721e-03 1.019441919881710788e-03 9.769619676183202532e-04 9.374613500684789809e-04 9.053531342796871046e-04 8.814274951158071339e-04 8.680240507488477331e-04 8.698221405571722594e-04 8.860419261615598346e-04 9.177119450491865674e-04 9.603497539501851515e-04 1.011432667620757115e-03 1.072402803363150603e-03 1.132834469664293665e-03 1.187810318717580837e-03 1.237578753564706757e-03 1.274631718763067972e-03 1.296218126123434202e-03
1.322925142559134388e-03 1.320859033323332123e-03 1.308648673363233374e-03 1.284413754843376481e-03 1.251297124489747026e-03 1.212226705713135774e-03 1.169560637431959257e-03 1.127473793816082676e-03 1.084999660670377683e-03 1.043672926118395560e-03 1.010254822109892892e-03 9.854644045045723305e-04 9.717136862847236285e-04 9.732715721158252545e-04 9.891490172374121665e-04 1.019727501263199138e-03 1.058510952688342197e-03 1.102952534730845466e-03 1.153925102589223881e-03 1.201411653004337337e-03 1.241200329691292958e-03 1.273065675532698664e-03 1.297341071203231928e-03 1.314363100711841027e-03
1.307637124053881265e-03 1.313057477528746866e-03 1.312149130701328751e-03 1.305234242007010954e-03 1.292247635710546761e-03 1.272845428131470042e-03 1.245901692324734213e-03 1.215057158947343858e-03 1.182651331830012528e-03 1.149436969825011088e-03 1.122529951511471542e-03 1.103549477563500573e-03 1.095248438163222773e-03 1.099854085066014715e-03 1.115355945341544360e-03 1.142146137039080737e-03 1.173420623620084280e-03 1.206519274855773856e-03 1.238900917481737529e-03 1.264084125866120432e-03 1.282449598062716713e-03 1.292854902401582894e-03 1.298573878172872877e-03 1.301840236809914415e-03
1.278872154467544349e-03 1.281704599668527554e-03 1.284133136792286719e-03 1.287955999726345460e-03 1.290491981052914201e-03 1.289049111078539606e-03 1.280353825466026829e-03 1.266472618639512921e-03 1.251367886410905371e-03 1.234389772024466723e-03 1.221015282415821622e-03 1.213719943319249359e-03 1.215505426445136769e-03 1.224926112441544236e-03 1.238498456480772439e-03 1.257324354485933214e-03 1.275997468086074527e-03 1.291613788567765606e-03 1.300022194723233701e-03 1.301403727921259098e-03 1.299969856492542899e-03 1.295380225314168203e-03 1.288948154789964747e-03 1.281451773510792818e-03
1.254366344515730645e-03 1.251817136750986740e-03 1.254788813134078904e-03 1.263911971153318511e-03 1.273889371708373120e-03 1.282324670944154019e-03 1.287944382467917431e-03 1.291240764470934612e-03 1.293651389409705265e-03 1.294607412221996691e-03 1.297946968199925957e-03 1.305518280836433188e-03 1.318713652157121495e-03 1.332414591702735934e-03 1.343522633961253274e-03 1.352070545490646064e-03 1.354049686087547850e-03 1.348091075792864219e-03 1.333192078706237028e-03 1.316196203197083237e-03 1.300387254622232657e-03 1.286855947673038077e-03 1.274955083867005713e-03 1.263378215685285284e-03
1.241522203359049547e-03 1.236592872174394888e-03 1.239636666323331270e-03 1.250115238968072104e-03 1.262050429862015578e-03 1.273987865760749195e-03 1.287176411986860110e-03 1.301026791537860695e-03 1.314093713423667483e-03 1.328078612426223997e-03 1.345319877668569317e-03 1.364895537409771932e-03 1.385422890247656061e-03 1.400284769471691346e-03 1.408658154247212357e-03 1.406218206541548933e-03 1.391098945279662172e-03 1.367003214802540220e-03 1.338312684082468978e-03 1.313921529973799667e-03 1.292412809122363889e-03 1.275621937817177001e-03 1.262775485093104626e-03 1.251780224339420168e-03
1.242612252941319292e-03 1.240936065004491148e-03 1.246212692547703010e-03 1.258361373873348888e-03 1.272658138124834349e-03 1.287609090047567816e-03 1.303849742239311400e-03 1.320201983542927237e-03 1.335637597641606104e-03 1.353140382327202955e-03 1.373688106028103694e-03 1.394622893761916348e-03 1.413512251828575586e-03 1.424414532122322049e-03 1.427781678974634474e-03 1.417315744059583632e-03 1.394038366391197117e-03 1.364588040633413213e-03 1.335002832041901153e-03 1.311615787440245304e-03 1.290499857180637307e-03 1.272805943133004753e-03 1.259468668253257116e-03 1.249648671656769820e-03
1.250991491416536929e-03 1.253283684864917600e-03 1.261508383939787242e-03 1.275569150089922530e-03 1.291996201848735976e-03 1.309729383945255291e-03 1.328061267307637568e-03 1.345224906624094057e-03 1.361338749195871271e-03 1.377916336479659319e-03 1.394574816209193753e-03 1.409673029505694505e-03 1.421724998988680268e-03 1.425464595157161602e-03 1.420622418891289785e-03 1.404712463696734023e-03 1.381643988676589056e-03 1.355206086692884501e-03 1.329900014996134071e-03 1.309497690379155714e-03 1.290755161189039097e-03 1.273777344410342719e-03 1.261206916920018387e-03 1.253819854025826604e-03
1.267741912284246373e-03 1.274093480275128925e-03 1.284731011161063937e-03 1.299766295397600203e-03 1.317088610510741033e-03 1.335882591886936640e-03 1.355033344269834707e-03 1.372488158348084478e-03 1.388677692940921493e-03 1.402410337790947759e-03 1.412120787738714318e-03 1.418478884655138134e-03 1.421078787651613518e-03 1.416378056700862142e-03 1.403601719349062936e-03 1.384935359329571205e-03 1.365350134257609788e-03 1.344317512938232508e-03 1.323385618508852698e-03 1.305699806417670063e-03 1.290760405343336541e-03 1.277981893788308855e-03 1.269281472756357424e-03 1.265883730746282911e-03
1.283294533633914762e-03 1.293122626958120901e-03 1.304963907568057295e-03 1.319993794361603396e-03 1.337565493459935001e-03 1.356287988005561987e-03 1.375799029051877906e-03 1.394063213443058440e-03 1.410764322407102650e-03 1.423246144118642774e-03 1.428939088326516837e-03 1.429642836772374113e-03 1.424791411638456733e-03 1.413614233240138027e-03 1.396420419500300596e-03 1.375643429869356435e-03 1.355490598897720906e-03 1.334930911985118731e-03 1.313779413865310023e-03 1.296489467328027249e-03 1.284730481902752715e-03 1.278204808231283348e-03 1.275670641649983379e-03 1.277011696629177726e-03
1.293377701329154542e-03 1.306499101635437291e-03 1.319360913618128307e-03 1.334570914057197103e-03 1.352946237668991528e-03 1.372151485912321721e-03 1.392146983217760819e-03 1.410914632585011375e-03 1.427821410583401821e-03 1.439294478507914749e-03 1.441759961015675814e-03 1.437599405030746047e-03 1.426251146299258640e-03 1.409716465479239449e-03 1.389224120377230420e-03 1.366196014409939031e-03 1.344075659062970562e-03 1.322588988081485097e-03 1.300139939263573454e-03 1.282489882740500426e-03 1.273155337424594765e-03 1.272595407921607580e-03 1.276409283900497129e-03 1.282670923978498391e-03
1.293989750228662994e-03 1.308510563750052424e-03 1.324651362565663730e-03 1.343400722983788959e-03 1.363980886901913119e-03 1.385144025310907495e-03 1.407534113595735681e-03 1.427646857633579252e-03 1.443670183998534053e-03 1.453278057907314916e-03 1.453031447448128056e-03 1.444110043433660283e-03 1.426694282696309123e-03 1.405184358836071394e-03 1.380866566220549305e-03 1.354495914809535680e-03 1.329094736016590405e-03 1.304915463686441698e-03 1.282105138305632318e-03 1.265856888853633590e-03 1.257754717837059359e-03 1.259731272469300639e-03 1.268225246293345305e-03 1.280116889943463954e-03
1.249518217409652590e-03 1.265632268435784927e-03 1.289398227601089644e-03 1.318781164116977593e-03 1.348349605648042340e-03 1.378327992204404513e-03 1.409234487800000140e-03 1.434575097911439589e-03 1.451666993683656953e-03 1.460200342831493485e-03 1.458010085397028026e-03 1.444684367012777923e-03 1.421493652797383008e-03 1.394864101892130800e-03 1.365667302225476295e-03 1.334838294464686442e-03 1.305320872944042577e-03 1.277161261774372976e-03 1.253341750878965389e-03 1.236610979592174704e-03 1.224902871102162344e-03 1.220628952366389170e-03 1.225065930343307609e-03 1.236227847061607604e-03
1.152093947039162236e-03 1.172401641294265303e-03 1.206393166533491689e-03 1.251575149949221656e-03 1.297862404973156676e-03 1.344386575556816548e-03 1.389549221540366903e-03 1.423866647999847985e-03 1.445776063453773231e-03 1.455673103170115456e-03 1.452666679144824606e-03 1.436064126775244950e-03 1.407870576196114344e-03 1.376538152090011008e-03 1.342879099216387657e-03 1.307418739316021676e-03 1.273022329643916069e-03 1.240119634210961989e-03 1.212100746677409165e-03 1.189269816732494095e-03 1.168338133945712046e-03 1.150383051500195649e-03 1.141519289769862963e-03 1.142707735696219407e-03
1.004409161943094946e-03 1.030655158955068405e-03 1.073674127156709363e-03 1.134739241386905967e-03 1.201923073083597691e-03 1.269976637887209768e-03 1.334704462487975793e-03 1.384159972210109984e-03 1.418556448804783338e-03 1.434812158643154973e-03 1.433131969046499976e-03 1.416665902750750567e-03 1.387280585422007596e-03 1.353450778772201206e-03 1.316134777705873496e-03 1.276393833050176816e-03 1.236860112844450363e-03 1.197349755607988184e-03 1.157004871653188535e-03 1.116912770984110391e-03 1.078293779956374793e-03 1.040965074654706495e-03 1.013715639347107693e-03 9.996579593715216108e-04
8.574607093286793370e-04 8.876539093173091335e-04 9.347664380617451505e-04 1.002328130098505132e-03 1.079380787110897954e-03 1.158741841790174483e-03 1.235785533575865444e-03 1.296629228689105077e-03 1.341271143097407838e-03 1.363963147924778484e-03 1.365828049189268464e-03 1.352988244439557418e-03 1.327004151680817329e-03 1.294369841142394310e-03 1.255689584895564644e-03 1.212753058552947221e-03 1.167804788801831079e-03 1.119803275592027875e-03 1.064680631153215769e-03 1.007534975764216205e-03 9.541335706216249506e-04 9.053925392423136514e-04 8.706113802669907236e-04 8.519738030590199001e-04
7.255553154390884931e-04 7.573151117177849209e-04 8.061405943184263984e-04 8.727368190671248209e-04 9.471148178925577026e-04 1.025239878944838407e-03 1.103594728110574279e-03 1.166360672507820231e-03 1.211782088622653493e-03 1.236792130853064942e-03 1.243431543913884121e-03 1.235447421645395659e-03 1.214679232844957484e-03 1.185640356259331455e-03 1.147995782673413238e-03 1.102669659766293813e-03 1.051518872873212929e-03 9.942382360934927821e-04 9.287141143409014107e-04 8.640554381690241422e-04 8.054121528486202957e-04 7.560331129498301835e-04 7.257283314860671396e-04 7.145189582249958024e-04
6.115613596547257551e-04 6.456629142405455454e-04 6.947139594434685898e-04 7.562239587320441526e-04 8.205298917005361811e-04 8.869012880784837545e-04 9.524020579793938349e-04 1.003640550168433468e-03 1.039088970787152349e-03 1.060108913091361996e-03 1.068474599264933496e-03 1.063415843446677798e-03 1.046466110789541406e-03 1.020081768006880036e-03 9.835481388502005391e-04 9.352398908261539811e-04 8.784923748603457039e-04 8.160427070879938466e-04 7.504005629698654121e-04 6.921200084701129105e-04 6.422093901160197058e-04 6.051910934557690972e-04 5.889744894954349920e-04 5.916736496888587264e-04
5.116787040790180723e-04 5.493920492142997372e-04 5.976761359908633201e-04 6.547370066271729480e-04 7.105943058032974458e-04 7.637152061941299011e-04 8.112858215095694863e-04 8.467046429120897661e-04 8.705850537459489894e-04 8.849129660777755712e-04 8.900116183327460217e-04 8.840028445859569959e-04 8.671167879505550877e-04 8.396764825556707985e-04 8.015594633312013960e-04 7.502219682758006023e-04 6.923439208478566207e-04 6.326957242015114353e-04 5.755112342953978746e-04 5.302239776400409933e-04 4.957446071136499370e-04 4.751763365489786867e-04 4.721167385647168351e-04 4.846617902010065711e-04
4.217722566993692803e-04 4.613766126645665357e-04 5.071729612952243730e-04 5.586664648245343121e-04 6.055594330183708147e-04 6.449141402321673620e-04 6.756687729228930432e-04 6.980119646503269663e-04 7.130684068107595282e-04 7.213943079616603896e-04 7.218619227695114837e-04 7.135391275656708223e-04 6.953883165982141339e-04 6.655991914120459440e-04 6.246059249407255468e-04 5.717723768270541662e-04 5.171230430622028671e-04 4.646355626670929033e-04 4.180079723156420878e-04 3.855532590647482369e-04 3.663443819261264682e-04 3.611211631472271196e-04 3.691693769593549276e-04 3.895111258588278540e-04
3.383718346866905501e-04 3.773574569963029273e-04 4.187100233993770347e-04 4.605621102822702131e-04 4.954689558454745957e-04 5.228163964361302917e-04 5.427445494810183638e-04 5.570201606142193831e-04 5.660920276203133990e-04 5.698684996650160272e-04 5.662048355097206017e-04 5.544777722425087065e-04 5.330919884801752851e-04 5.004424134401667902e-04 4.575893449115033831e-04 4.065357030041779523e-04 3.587384552091705354e-04 3.160136705801484011e-04 2.814374108246214964e-04 2.614978366138641440e-04 2.552816064641241431e-04 2.621745674188046514e-04 2.785478014550993092e-04 3.038058221886692886e-04
2.579499438535831201e-04 2.916289647661310185e-04 3.244035816039646594e-04 3.530090849015038988e-04 3.760239046426711723e-04 3.962388936210209140e-04 4.135741838494371336e-04 4.261626027132989236e-04 4.334616273281821880e-04 4.357590189223341042e-04 4.303270282056641922e-04 4.159686441865614198e-04 3.913150701233119319e-04 3.573050231626709273e-04 3.156202057619373995e-04 2.689647634800069803e-04 2.283160342746969865e-04 1.946289852397172513e-04 1.710208092468483237e-04 1.614505536497439918e-04 1.641207080278414554e-04 1.784719933280766999e-04 1.993579054068054059e-04 2.256222219358769595e-04
1.828009356333359968e-04 2.065484110879677862e-04 2.261201342997092218e-04 2.409859923578012498e-04 2.557476070295965813e-04 2.724689651483054001e-04 2.913177163216589742e-04 3.067927696863345373e-04 3.168927786801599986e-04 3.205581307231116189e-04 3.144780684736151583e-04 2.986086187311696636e-04 2.719420252889237933e-04 2.379607932229421967e-04 1.988335137654302219e-04 1.572325772878898427e-04 1.236556922149751941e-04 9.892970431673586153e-05 8.495195359646957704e-05 8.315237409020974325e-05 9.211027047333620308e-05 1.109095946948740116e-04 1.328862564903412016e-04 1.567349404892186835e-04
1.135986158217132093e-04 1.214693432053649781e-04 1.252962125430985194e-04 1.289468484828175973e-04 1.396312580324726997e-04 1.558851522134769056e-04 1.787173851988516332e-04 2.002322203524818970e-04 2.167888912893078869e-04 2.250811856831291054e-04 2.205189154915261260e-04 2.048782303598928897e-04 1.780463520998104175e-04 1.457749234223920361e-04 1.100939367530946267e-04 7.380701538690161200e-05 4.680444371181655773e-05 2.957935989552378905e-05 2.343569091154512043e-05 2.752635800716320824e-05 4.026507462461717654e-05 6.054213343824652689e-05 8.072774975734475214e-05 9.938836934400346532e-05
4.849438500415536072e-05 4.289554980203989565e-05 3.678799311612660600e-05 3.509805374933866760e-05 4.422931740739158198e-05 6.138997385593403656e-05 8.784498447173135719e-05 1.145432393217857953e-04 1.372027403849993270e-04 1.514406213261645907e-04 1.506908407526554928e-04 1.371475845354705979e-04 1.114853459152562176e-04 8.145025494391526380e-05 4.894986173143575582e-05 1.704967221233132286e-05 -5.095247765533063549e-06 -1.749871552071604887e-05 -1.846215440342375270e-05 -1.085755542625421567e-05 2.659174423465999370e-06 2.122057008599605269e-05 3.678304413901805974e-05 4.753286583483358349e-05
-1.380176241995468309e-05 -2.635858680432011866e-05 -3.588899611036302335e-05 -3.894560751669584521e-05 -2.993125661983811318e-05 -1.042760477335044142e-05 1.998220716936856346e-05 5.109169597843827470e-05 7.908184143063040974e-05 9.952523287769632734e-05 1.038799755768032873e-04 9.372618192858891007e-05 6.980460706555655364e-05 4.185586838039870121e-05 1.238608320484282948e-05 -1.605345838313328659e-05 -3.504290907580316801e-05 -4.432694318190254299e-05 -4.259115458499652257e-05 -3.473244655756387483e-05 -2.369752630686572785e-05 -1.015953710499349406e-05 -2.575869105876404059e-06 -3.092509088732775372e-06
-7.372934354033173262e-05 -8.501972889148846023e-05 -9.109753300275897953e-05 -9.057066740303207255e-05 -7.927789951839902334e-05 -5.722424029533474342e-05 -2.370224773191623329e-05 1.150246185279368479e-05 4.442057435051766491e-05 7.077982995635583279e-05 8.060198796993727497e-05 7.483322796270481777e-05 5.352569329301253096e-05 2.714726508683655163e-05 -8.649063055183793698e-07 -2.709576747892373329e-05 -4.390627701980664624e-05 -5.216514119543801104e-05 -5.142030608087200483e-05 -4.755919694252207426e-05 -4.299634279413848599e-05 -4.067899201436611867e-05 -4.599631086463414222e-05 -5.779743972010740127e-05
-1.232527279487619163e-04 -1.289619965585273780e-04 -1.286214881673994218e-04 -1.216215124686038549e-04 -1.058662792451405666e-04 -8.126688206478373971e-05 -4.592974811530208180e-05 -7.643386597240115984e-06 2.910245994365594284e-05 6.006466881705519107e-05 7.436816075771702399e-05 7.263103203422549504e-05 5.438308755588303284e-05 2.955224857444372749e-05 1.918017264523158935e-06 -2.378667157420476773e-05 -4.074916977633574343e-05 -5.143152941974217930e-05 -5.596643343749248706e-05 -6.019743882398867523e-05 -6.593971497762965244e-05 -7.752591352138494879e-05 -9.379495020007231503e-05 -1.100271453056614465e-04
-1.592538550861259173e-04 -1.580834342273508509e-04 -1.500260406066752114e-04 -1.353264061453098867e-04 -1.139541829831633034e-04 -8.565452324566091434e-05 -4.877611558483600904e-05 -9.110362082714930048e-06 2.976095855206028646e-05 6.422169192613357046e-05 8.249992020939465648e-05 8.428782518516289102e-05 6.910005976461988783e-05 4.632458532529766293e-05 1.957606941519188026e-05 -7.102585089266526535e-06 -2.772512327084171170e-05 -4.433902970021937892e-05 -5.743281505597325627e-05 -7.280616806049395478e-05 -9.190380760933790263e-05 -1.160155373728270967e-04 -1.374300225791678552e-04 -1.522870146341068882e-04
-1.798031443059849399e-04 -1.717422481935123289e-04 -1.561697628000184102e-04 -1.336897520932306979e-04 -1.058241664454884499e-04 -7.247625867984379628e-05 -3.326890919988376378e-05 6.793188186334184728e-06 4.566468261304455517e-05 8.095359186294454144e-05 1.019888157148327436e-04 1.076053029789449355e-04 9.646113580907554369e-05 7.585469327287927186e-05 4.956068623911320283e-05 1.999851504362545217e-05 -7.325946728915383974e-06 -3.299680821946777905e-05 -5.839165856296637115e-05 -8.676200433935761579e-05 -1.178140919403556725e-04 -1.482268394084620370e-04 -1.686658712865170273e-04 -1.793408110462994028e-04
-1.814755712209407804e-04 -1.695368762779633830e-04 -1.496745547767302283e-04 -1.222060589316764081e-04 -8.969249322309379049e-05 -5.267010692997803757e-05 -1.179612096055414783e-05 2.750108030653974838e-05 6.406925631998261288e-05 9.683445118606711960e-05 1.182240384662793951e-04 1.267877652414887784e-04 1.203771023204577872e-04 1.026512240253086563e-04 7.697838432131962191e-05 4.524276692078266286e-05 1.281587599140062649e-05 -2.039597078988412607e-05 -5.648443276759368279e-05 -9.364852050879766607e-05 -1.291962448579971469e-04 -1.587509678020793179e-04 -1.762824830297642889e-04 -1.841573597837382621e-04
-1.650590416816326528e-04 -1.519752581254675821e-04 -1.305558107338123319e-04 -1.007024258736695670e-04 -6.601536213328399621e-05 -2.779297934173448602e-05 1.254047752581566831e-05 4.913293352014768165e-05 8.145794196668521133e-05 1.096862715023408391e-04 1.293437694712880359e-04 1.387682830180055125e-04 1.367003622859834554e-04 1.231599768518116709e-04 9.941323309752982226e-05 6.749686017324123440e-05 3.264799282968298971e-05 -5.424386499669130136e-06 -4.835275297957708734e-05 -8.928362116423368901e-05 -1.243000207402745008e-04 -1.503726627718394613e-04 -1.647755100935282960e-04 -1.696291725860677227e-04
-1.320365805918220228e-04 -1.193247589141298065e-04 -9.892580196251349258e-05 -6.997074699586641755e-05 -3.640246458138847067e-05 -4.042076492529134363e-07 3.648970512534690114e-05 6.806403721310652904e-05 9.378136177945115264e-05 1.138044213581087063e-04 1.279816167769883624e-04 1.360996724449987309e-04 1.381245056222126855e-04 1.308695675087771240e-04 1.133067579113347553e-04 8.565055996354152686e-05 5.139754303612384243e-05 1.149874711900134683e-05 -3.324528339526956994e-05 -7.254396475854551270e-05 -1.037676467806684493e-04 -1.251580437870480943e-04 -1.360350789184783683e-04 -1.379303455631474896e-04
-8.659497012892119767e-05 -7.382617935993134733e-05 -5.507934771738409372e-05 -2.945702153617880143e-05 -5.481412334730035889e-07 2.955352605324689866e-05 5.973489473180151432e-05 8.347809568329574842e-05 9.972359146027734151e-05 1.084616923188376654e-04 1.150874322716699880e-04 1.214088457335806210e-04 1.281192609960527841e-04 1.292582972518800536e-04 1.221458326071771499e-04 1.036423406917228612e-04 7.389762953318820718e-05 3.610116151101804591e-05 -6.605244298200533626e-06 -4.210930355452872827e-05 -6.951540722124069718e-05 -8.691253152547220645e-05 -9.440835107452580919e-05 -9.394978117703320732e-05
-2.864677944830613368e-05 -1.595908785676114657e-05 9.975502079746053128e-07 2.181531150274557848e-05 4.325918576043656752e-05 6.465865946849815081e-05 8.542167177697894138e-05 9.872772097739323019e-05 1.028953673501972277e-04 9.912031302667361897e-05 9.834422520429957754e-05 1.030186241509514853e-04 1.151476147132458959e-04 1.259969840766231590e-04 1.306512231229467881e-04 1.238952619952580136e-04 1.025321473781723561e-04 7.071129802352048841e-05 3.233495508013980459e-05 1.337103479764644272e-06 -2.153983628253111095e-05 -3.483848007706173672e-05 -3.945425397763833037e-05 -3.714301747188365391e-05
