6.531459387858002251e-06 1.765937690004986093e-05 3.715376693167618760e-05 6.485229693782066751e-05 9.827532383529191901e-05 1.367586324746092059e-04 1.806367206500584773e-04 2.249771055826437405e-04 2.678011285517471209e-04 3.090672012245225596e-04 3.369332780001809617e-04 3.474935986779719853e-04 3.339811187620712082e-04 3.014282082902814677e-04 2.582793684376944007e-04 2.112127179303192892e-04 1.708110581119782166e-04 1.339238707046025868e-04 1.000152864867532763e-04 6.942821545479338355e-05 4.281283016228320485e-05 2.138473619158305777e-05 8.318991041837730301e-06 3.458341630401873108e-06
1.808704550424420352e-05 3.021789327989109206e-05 5.013643423504095969e-05 7.999296052229061386e-05 1.164264859392193915e-04 1.561663895990902213e-04 1.999408576184146663e-04 2.422792775769039828e-04 2.806299258846170356e-04 3.121311309323223271e-04 3.296864635413169174e-04 3.337921189279309986e-04 3.174980963574397562e-04 2.844397136440172990e-04 2.427787441271129273e-04 1.985089868425489934e-04 1.600350247130165944e-04 1.241645863435907179e-04 9.229821261680720636e-05 6.595840754895479681e-05 4.425213159626060415e-05 2.724118034615880917e-05 1.688595889673489146e-05 1.377814002658316735e-05
3.352505183480251102e-05 4.741774209135698917e-05 6.851934618748294905e-05 9.894728549939902414e-05 1.344592307054551955e-04 1.715236506555494085e-04 2.091330955792451663e-04 2.412788234149609065e-04 2.669653699126060017e-04 2.832892351223942557e-04 2.878996062877086119e-04 2.829163791061295994e-04 2.675154766152162771e-04 2.439351644055141606e-04 2.137456079696456229e-04 1.786886090244689388e-04 1.449905320715446256e-04 1.129850302278677789e-04 8.445699301575712570e-05 6.210851847142709586e-05 4.505541641796380613e-05 3.304479824116989093e-05 2.682241663807158577e-05 2.688974445520819924e-05
5.690732639881385639e-05 7.281774967703556907e-05 9.456968091413942609e-05 1.225772435210157598e-04 1.522324448568965476e-04 1.815851639639686540e-04 2.075926554413884612e-04 2.247805737649541944e-04 2.343668824941088345e-04 2.357454547733905904e-04 2.303255188743753520e-04 2.191829444097169639e-04 2.076988106653965759e-04 1.967613125319319430e-04 1.812854356868478156e-04 1.586153822201767855e-04 1.323836375469060250e-04 1.064568280486654684e-04 8.218908745019893301e-05 6.351383178474947599e-05 5.038806600532097957e-05 4.318930228098918943e-05 4.206303833177271989e-05 4.668026122860198258e-05
8.114679372562061464e-05 9.898473080480221201e-05 1.205081434214186949e-04 1.451020523927724199e-04 1.683084815590885194e-04 1.892564180498063932e-04 2.049198603594254073e-04 2.114313856797961670e-04 2.105278545803693452e-04 2.029394506473567957e-04 1.928498677866343630e-04 1.809234870472821595e-04 1.725775720236611430e-04 1.673972284298628989e-04 1.598268945762236829e-04 1.463024832664154204e-04 1.274469401634098780e-04 1.070320010178589076e-04 8.628846881283178778e-05 7.043280155570327361e-05 5.997301559919564456e-05 5.606833555721647279e-05 5.887840159682855378e-05 6.729720249314528782e-05
9.981924730572274914e-05 1.198821307213606855e-04 1.414744572529862826e-04 1.637328130646761436e-04 1.823492384776486243e-04 1.967511607682333077e-04 2.049355971427109589e-04 2.046420475089844005e-04 1.971199946300738266e-04 1.828138353529888075e-04 1.686817292179051964e-04 1.565986658912052205e-04 1.499960340652410032e-04 1.471558502776779609e-04 1.440740646820523607e-04 1.375571733646683084e-04 1.252185822364820290e-04 1.094562638481747440e-04 9.132233496795963759e-05 7.731629557734309482e-05 6.855252890194738879e-05 6.675273336267874454e-05 7.209069157364425388e-05 8.290263265197328967e-05
1.047852213901228485e-04 1.273338054953031707e-04 1.512485561511370648e-04 1.746568625973078756e-04 1.919250294463512984e-04 2.030477689960957875e-04 2.062110463904261225e-04 2.009022412954267092e-04 1.887645151225743540e-04 1.713322471445754267e-04 1.564394951342681103e-04 1.451632324098920779e-04 1.390422483045900795e-04 1.356543770060930913e-04 1.326534405771688963e-04 1.288477212271876946e-04 1.209450728654872323e-04 1.090398312524763953e-04 9.319110424045529346e-05 8.001048884726194728e-05 7.164274289320889339e-05 6.955958640473217526e-05 7.474820793146349346e-05 8.606595029684404707e-05
9.186024059428690258e-05 1.160929088111436086e-04 1.435212228694328666e-04 1.713935876179057403e-04 1.912748197707390962e-04 2.031047867172408713e-04 2.047970111296723496e-04 1.977277094744289937e-04 1.844420979013814126e-04 1.684848761488520318e-04 1.566674328207040914e-04 1.477155310465694347e-04 1.414570663309977939e-04 1.353645973382778406e-04 1.287677481186228054e-04 1.223347918352980801e-04 1.139720181464197500e-04 1.023132504414277357e-04 8.685898945877396212e-05 7.316198431482813123e-05 6.357265064326148431e-05 5.902183647248193356e-05 6.210939977612627688e-05 7.277111185033220361e-05
6.778894553903433960e-05 9.258663582846111419e-05 1.224094512500994612e-04 1.555954466083013835e-04 1.809079507188850005e-04 1.962633517161044435e-04 2.008059117703023515e-04 1.978006841481852712e-04 1.891917577683127638e-04 1.783048141537749208e-04 1.709285727394599581e-04 1.656669251472403330e-04 1.587327204931069323e-04 1.474932419179060691e-04 1.348580680192623302e-04 1.222703381371886117e-04 1.088347776785794061e-04 9.280982243905323359e-05 7.474697657419456366e-05 5.914014129890469843e-05 4.693577952923296307e-05 3.900004012160703833e-05 3.954545047366886005e-05 4.911003752820466061e-05
3.897779570053730924e-05 6.335881641898078603e-05 9.347904331611591627e-05 1.293018741865705585e-04 1.603226487395696741e-04 1.830764157502269497e-04 1.963071078544774948e-04 2.021677096020491895e-04 2.026319498735829657e-04 1.997516149969124646e-04 1.970284403224913301e-04 1.935778846393039292e-04 1.853022627740716626e-04 1.700838889856175326e-04 1.513145532001614827e-04 1.297086780325014269e-04 1.071245352190733249e-04 8.346712605722451960e-05 6.000514036754003898e-05 4.045718464346365463e-05 2.479410456222492679e-05 1.433681437533995313e-05 1.317477051960721753e-05 2.135021088911012716e-05
2.868328026487768778e-05 5.125449515804422686e-05 7.916359903208358131e-05 1.129389340965250728e-04 1.463413497457658776e-04 1.767627869017425371e-04 2.007892492334197010e-04 2.164607470562570225e-04 2.265379468064428886e-04 2.323170345028466028e-04 2.337484464960280426e-04 2.295194755506380080e-04 2.196115541053338908e-04 2.030423341783349185e-04 1.795029340037235688e-04 1.489425841515180351e-04 1.175282132684590353e-04 8.736623366677515501e-05 5.912168361416068657e-05 3.602142806261264530e-05 1.847605039510244246e-05 7.724594584125755976e-06 5.997705720789168503e-06 1.279988819629923133e-05
3.825110281791052733e-05 5.734485703237339883e-05 8.137518302989030184e-05 1.112758796346928383e-04 1.450733059263505890e-04 1.811757827738217535e-04 2.153458596487079911e-04 2.415105726322005380e-04 2.618830509464280926e-04 2.768721041088694759e-04 2.828768694701909339e-04 2.782882499631357098e-04 2.667094961475533366e-04 2.482935978010592133e-04 2.194883009563422548e-04 1.803486628046903253e-04 1.413502689031487106e-04 1.059299239127780385e-04 7.444259912501686733e-05 4.962341795041549681e-05 3.202911690105216018e-05 2.188490884154699575e-05 1.956262751731471200e-05 2.496100464554007687e-05
6.924446249295996181e-05 8.292501221309249925e-05 1.016042314211744989e-04 1.267022086265264490e-04 1.589856057790156238e-04 1.972898883526106716e-04 2.407236758162727684e-04 2.805622095962087038e-04 3.147886173655259248e-04 3.411427252254602051e-04 3.533018330973459217e-04 3.514185481870587776e-04 3.366466903700955247e-04 3.108111915302069804e-04 2.733665424198135851e-04 2.256649987179667387e-04 1.801874171282241341e-04 1.397418275393868994e-04 1.064617911338496166e-04 8.265339505430220157e-05 6.695177383258003531e-05 5.881261998298569123e-05 5.657744991414579236e-05 6.023774324796656959e-05
1.135914983614232321e-04 1.213933894417978151e-04 1.347194626177315529e-04 1.551079566039613585e-04 1.845406294057777054e-04 2.221398283102071216e-04 2.711710843713364787e-04 3.217190239396718466e-04 3.672129914112948635e-04 4.024564209762260844e-04 4.192342366970301854e-04 4.200046457378745477e-04 4.019336451153272490e-04 3.690547131660140982e-04 3.255463456522424679e-04 2.739005129353634443e-04 2.262999571016546406e-04 1.843136218185241568e-04 1.516518950430254149e-04 1.302545329235744683e-04 1.170577328859231199e-04 1.113307110225787792e-04 1.092131604142836760e-04 1.101490959954443599e-04
1.670383909804421094e-04 1.692543547945640650e-04 1.775200133118548680e-04 1.927336375855236291e-04 2.180920816762838986e-04 2.537626925511644069e-04 3.040241441430427860e-04 3.577704477267243865e-04 4.070209331275998908e-04 4.455297976585569997e-04 4.631895895233902548e-04 4.628769608104769473e-04 4.433565950280052769e-04 4.108705169654760440e-04 3.687347180445345947e-04 3.196534277456037319e-04 2.755112735376812061e-04 2.375655684300099775e-04 2.083432184195920856e-04 1.894176486605696945e-04 1.787864282073211967e-04 1.750519801296565147e-04 1.721521741804335460e-04 1.694638772074614141e-04
2.267278128044886718e-04 2.238249613871733112e-04 2.269620826488048598e-04 2.376267515026878833e-04 2.587689724124426550e-04 2.898845052859714481e-04 3.337222470715869860e-04 3.795950460868939991e-04 4.211916214894481343e-04 4.516126834765834337e-04 4.630170620376574298e-04 4.596903236384552397e-04 4.447619682003382141e-04 4.239033431779162028e-04 3.958753978013646708e-04 3.617345970676229933e-04 3.291377292700709977e-04 2.995805921762296846e-04 2.756145678448468622e-04 2.598446345288129167e-04 2.505877362536760591e-04 2.458413649568737562e-04 2.402016273194788605e-04 2.338697336310785414e-04
2.667128565959729766e-04 2.598279668816696358e-04 2.584380931902595943e-04 2.652161916349443259e-04 2.814034714297346620e-04 3.047407128660992257e-04 3.361908930093794883e-04 3.670951493384800668e-04 3.936042172810278405e-04 4.097176605589543039e-04 4.140192485915125632e-04 4.120373407965222676e-04 4.080513758273532745e-04 4.043828000159595173e-04 3.975259901529553134e-04 3.865720484078820980e-04 3.710201993401648804e-04 3.516124156334040035e-04 3.324999351999728442e-04 3.187171734845315276e-04 3.077910310562597990e-04 2.979879251969910054e-04 2.874222597721131766e-04 2.771990854549223810e-04
2.812018808212261444e-04 2.715205707162856208e-04 2.667893199781847598e-04 2.692640891439819256e-04 2.784772921780782917e-04 2.920171065315490914e-04 3.089658566336952604e-04 3.226929691247213024e-04 3.319059284553945582e-04 3.349324280777548008e-04 3.367811768409508183e-04 3.407940509093257495e-04 3.500122602151843295e-04 3.634073499678239791e-04 3.775952919713722561e-04 3.908309370162662243e-04 3.944559459279760208e-04 3.873293548578879246e-04 3.729318445307335515e-04 3.587272675829429277e-04 3.437228941685941210e-04 3.270564097616068550e-04 3.103605154116841200e-04 2.950417593281406850e-04
2.667843229945016407e-04 2.550275116506729028e-04 2.479747748986298899e-04 2.463885778602130220e-04 2.477252941992295573e-04 2.503745833484418023e-04 2.520108231170075448e-04 2.493692927758570425e-04 2.436873742728091422e-04 2.385893159378273478e-04 2.419296430078700334e-04 2.527022822319598561e-04 2.734630212414421386e-04 3.016765035271206773e-04 3.339418226212512619e-04 3.679727803057463885e-04 3.904155747190989393e-04 3.991051367922271984e-04 3.918955091901396657e-04 3.753021723478515317e-04 3.536429104120261896e-04 3.285921039445075160e-04 3.054375808937436257e-04 2.842675700140399777e-04
2.432006919456329553e-04 2.291638613727060467e-04 2.198840924975106791e-04 2.150159595045529463e-04 2.095725507060625310e-04 2.022369880216099542e-04 1.905540055214523330e-04 1.759622985766711389e-04 1.613966982407032775e-04 1.523549024030895077e-04 1.559581296465119369e-04 1.690824216089904547e-04 1.946193139727044313e-04 2.303695479141264668e-04 2.727085014765682027e-04 3.192212814364719584e-04 3.553207242923307621e-04 3.785593354338666556e-04 3.819490111202213057e-04 3.676790501918113067e-04 3.434673226696334947e-04 3.136753649111113321e-04 2.873829614778678431e-04 2.632551708663540511e-04
2.204417197703109654e-04 2.040765716853580451e-04 1.925214724040824274e-04 1.846702008202276673e-04 1.730925598944456551e-04 1.564180383865437188e-04 1.330411230286014960e-04 1.091039252918519841e-04 8.825932893462649497e-05 7.545238365667145011e-05 7.707100138639260919e-05 9.029943640017878124e-05 1.160679568868858613e-04 1.525134017086554974e-04 1.980844489640124070e-04 2.515228240488546606e-04 2.970080018216756496e-04 3.305247485060750011e-04 3.456264976153113977e-04 3.401763663952022949e-04 3.199086270810949368e-04 2.904543597561048377e-04 2.646853055950302018e-04 2.412609649063546095e-04
2.040196607933211564e-04 1.868352276811798679e-04 1.725231453413801272e-04 1.602641768879541496e-04 1.425955462030206104e-04 1.178488981332536008e-04 8.489144560916254967e-05 5.325540378066015695e-05 2.725096476720792737e-05 1.057499788533677122e-05 8.549869546507063081e-06 1.925283257134134519e-05 4.182424673627492344e-05 7.402710471727489165e-05 1.159753776298949244e-04 1.683122073577577248e-04 2.168803440601841759e-04 2.563175625733252107e-04 2.826397746549600808e-04 2.912742198838593334e-04 2.846807330285005210e-04 2.654629624912170443e-04 2.448976191927702958e-04 2.241399583710806725e-04
2.097290834764122761e-04 1.933377537696057016e-04 1.758903916665234307e-04 1.567298589820828201e-04 1.307715067929137451e-04 9.697759030964210006e-05 5.477577096140369585e-05 1.577505515531926368e-05 -1.558254973537326538e-05 -3.591987462907023847e-05 -4.131233749392570321e-05 -3.382891340092804245e-05 -1.420193305548791266e-05 1.424780616034352066e-05 5.114570249129321696e-05 9.763741544149290720e-05 1.441256074119180925e-04 1.862655063654289366e-04 2.208957974779553407e-04 2.428981465887729036e-04 2.537277571350436038e-04 2.521194940055111158e-04 2.423680509996885702e-04 2.271701278286699668e-04
2.373225896487153412e-04 2.218138729945627466e-04 2.013207407755172114e-04 1.741316957800133336e-04 1.375402162791921343e-04 9.235562557499934675e-05 4.016509501404009189e-05 -5.345577739356681277e-06 -4.120163147701983168e-05 -6.460634531269847706e-05 -7.303292159416108046e-05 -6.843581532358144006e-05 -5.138925143281112748e-05 -2.629781736191955061e-05 5.944516007588501283e-06 4.541297711130062815e-05 8.707014059184707490e-05 1.291616362278503300e-04 1.699850785176759964e-04 2.038765595611048058e-04 2.306504955596979821e-04 2.483628539169454186e-04 2.543263113111119572e-04 2.495891258981291464e-04
2.899989940669639140e-04 2.766141860690298718e-04 2.515450823455461717e-04 2.119390576051551750e-04 1.609594893974573620e-04 1.025134621970108745e-04 4.099011190903603262e-05 -9.610142660422599838e-06 -4.900963114790377441e-05 -7.472725787951023109e-05 -8.525846870013054882e-05 -8.258284123195814674e-05 -6.726134539279710501e-05 -4.443547068315486354e-05 -1.525807701872985603e-05 1.875704125771822655e-05 5.503596679009981058e-05 9.423452146914469978e-05 1.371642559576550038e-04 1.791713539255599709e-04 2.178929926000338984e-04 2.530704909248853124e-04 2.779670763963293162e-04 2.905958392359624001e-04
3.471873223560145434e-04 3.378383197039822820e-04 3.073336441737044701e-04 2.539036212734573604e-04 1.900732999152497747e-04 1.217873708948083737e-04 5.436691242528161134e-05 3.647943389372816468e-07 -4.135577163328360908e-05 -6.870333817109133183e-05 -8.082005373400010743e-05 -7.951141512880435661e-05 -6.525135562770132140e-05 -4.357137879405648530e-05 -1.584138587679443863e-05 1.579714411406699825e-05 4.913739758334389291e-05 8.558524900932609953e-05 1.274271971141250151e-04 1.725751824474619034e-04 2.180466864704658995e-04 2.644170516587637733e-04 3.038326242657194949e-04 3.331001772334941219e-04
3.988317683007522188e-04 3.945022154234328069e-04 3.595456125151718437e-04 2.951399087334933831e-04 2.231718243528145343e-04 1.497589836404167839e-04 7.940349934710923328e-05 2.321069233138313735e-05 -1.961977653807353854e-05 -4.809865108734140264e-05 -6.201478239056024990e-05 -6.228704364636279125e-05 -4.898002537117327680e-05 -2.801524519121524040e-05 -1.301951798805545531e-06 2.879098220091671660e-05 6.042384697367328525e-05 9.535227851317716586e-05 1.351818862422972736e-04 1.803903675905468948e-04 2.295313456115616628e-04 2.829166362956925945e-04 3.315757046534525271e-04 3.722065563646611902e-04
4.346362835345242187e-04 4.318905898515074137e-04 3.978907537573521890e-04 3.330671668826850132e-04 2.601248246028818861e-04 1.862016670791088178e-04 1.160372951769924547e-04 5.961568900552263013e-05 1.552524106873588055e-05 -1.497655661168214882e-05 -3.082249987516805023e-05 -3.291434602321966348e-05 -2.119647751560596664e-05 -1.596610814907768746e-06 2.385373105111698126e-05 5.297985366672853575e-05 8.436520857099113558e-05 1.197123073593325197e-04 1.597317625255634493e-04 2.049180329716267636e-04 2.547253258376926816e-04 3.103456920053902844e-04 3.621181553258470513e-04 4.056303395344763581e-04
4.405931047945516456e-04 4.343694655608649124e-04 4.051088763083424030e-04 3.504849684600250389e-04 2.854776162307991541e-04 2.174064796025863085e-04 1.519672522172933868e-04 9.834878165868416410e-05 5.391832347943934862e-05 2.095324152100753323e-05 2.879553027984207705e-06 -1.438100092880712416e-06 7.533404996884692526e-06 2.424396822484301147e-05 4.731043339504320750e-05 7.538857442104391065e-05 1.075410618276885911e-04 1.447996785430330480e-04 1.878821709281691080e-04 2.347507639501066664e-04 2.840084529034235679e-04 3.372329810512275324e-04 3.844993711687265110e-04 4.209215542512157143e-04
4.223290260265608314e-04 4.114428001182656781e-04 3.857368165834373377e-04 3.442405908144227189e-04 2.942088758656184353e-04 2.390304073628102255e-04 1.831555987329925239e-04 1.349781650347028981e-04 9.284559786045899819e-05 5.851753538252308675e-05 3.777880792952282701e-05 3.079805410540509161e-05 3.643678407798641095e-05 4.952251416497278929e-05 6.946957297111636207e-05 9.645078495191551898e-05 1.300080396179928660e-04 1.698158090173909477e-04 2.159314539214709843e-04 2.637849653623096022e-04 3.117956462459044111e-04 3.586449770179426003e-04 3.941439793777129995e-04 4.162148467792913084e-04
3.822782858380581938e-04 3.663886090440539485e-04 3.423484766414077894e-04 3.132005310798833273e-04 2.816772536529141367e-04 2.456468290085479247e-04 2.047244924818424300e-04 1.645220775248452212e-04 1.272949599531811727e-04 9.441414528959889531e-05 7.230294667275276169e-05 6.173146295944552842e-05 6.252477206893215604e-05 7.196360608102912975e-05 8.931646443642029479e-05 1.158673910933292648e-04 1.504819045855032892e-04 1.914978004659678419e-04 2.388791754059695354e-04 2.859412850920034499e-04 3.304917847483215322e-04 3.666688984149077423e-04 3.856121770078607550e-04 3.902299134592293931e-04
3.380204169579843808e-04 3.176629649264609131e-04 2.942764689297754348e-04 2.725814075141499591e-04 2.539908396115817023e-04 2.342553063198474434e-04 2.093596366887062591e-04 1.801470334824525096e-04 1.509137352394253014e-04 1.235690807198231822e-04 1.034545355983219081e-04 9.044124967294813865e-05 8.615295842014917725e-05 9.239920905381902253e-05 1.081594485021416949e-04 1.341987770323182410e-04 1.675507522385658781e-04 2.064614597184225237e-04 2.515110842639062890e-04 2.943176448052826216e-04 3.315069628606220919e-04 3.563001064102332594e-04 3.627576858797541522e-04 3.556788367640883086e-04
2.929810250218130101e-04 2.681398764412191082e-04 2.453910955389430448e-04 2.285889290691316329e-04 2.178270136023452972e-04 2.092823145746240058e-04 1.995007746707858228e-04 1.845569659673719813e-04 1.665964698050781162e-04 1.475931911823244013e-04 1.318067483098080172e-04 1.186831089260077283e-04 1.104287606072136400e-04 1.133820657013972778e-04 1.274493240815923649e-04 1.519308316639075450e-04 1.820281851030298135e-04 2.168416207010795979e-04 2.570895328888611890e-04 2.926927038404103206e-04 3.195729998496015596e-04 3.337831695505837906e-04 3.323048828785337989e-04 3.180792811776947089e-04
2.517671238461680386e-04 2.240151096041461689e-04 2.007110620725381460e-04 1.851755102154973621e-04 1.776951614427863977e-04 1.750450559268393607e-04 1.771568239012424331e-04 1.780792077598886255e-04 1.758968247338227775e-04 1.690495384121736510e-04 1.590384895117954284e-04 1.479241946825103897e-04 1.383321219553184734e-04 1.387232168940459836e-04 1.492923266556353003e-04 1.701209041333360205e-04 1.961309273327539152e-04 2.255482693625078874e-04 2.573635723034496756e-04 2.822795759000382957e-04 2.982065513195750325e-04 3.040368152480460873e-04 2.979293376802508403e-04 2.803781252618029016e-04
2.214533443932888254e-04 1.939217253638254304e-04 1.704278594654879417e-04 1.547651375210868979e-04 1.489258309802258477e-04 1.497806395032953632e-04 1.588123212757829245e-04 1.707865900140385224e-04 1.824759254380245834e-04 1.886156619380501855e-04 1.862718327072617657e-04 1.797311144197322110e-04 1.719183494073800802e-04 1.710108345316641010e-04 1.768094930811519932e-04 1.920247786632743245e-04 2.128513929250042862e-04 2.353104494745689688e-04 2.565853851186578136e-04 2.706400914988056541e-04 2.782790956888348769e-04 2.785488648058972398e-04 2.690419094544986090e-04 2.499092660523224074e-04
1.997908831672979570e-04 1.745416446873003784e-04 1.529199457591407928e-04 1.375467253711776749e-04 1.321198190128555956e-04 1.352508995256307205e-04 1.479531949531483627e-04 1.657093903342153846e-04 1.860004859714554004e-04 2.039543465344423692e-04 2.122018976926150094e-04 2.131589166662121689e-04 2.088926019525109675e-04 2.072966017106025560e-04 2.089349334962399996e-04 2.176703675160402459e-04 2.309703290583439879e-04 2.441278563459810670e-04 2.544233145155318232e-04 2.590817471056071786e-04 2.598978034924969110e-04 2.562298645798094000e-04 2.451039815817568899e-04 2.261704573328018756e-04
1.860876742244139655e-04 1.650493446748974404e-04 1.472071864483027082e-04 1.342916635662526781e-04 1.301708714813760320e-04 1.344037113229259431e-04 1.475158004921258998e-04 1.655547102920429500e-04 1.866773470891427750e-04 2.096369455174889262e-04 2.269505048917860000e-04 2.373704570162054098e-04 2.395217598785737460e-04 2.388655396651379330e-04 2.385972137834869858e-04 2.405800707748017946e-04 2.439673090545001351e-04 2.466133728865404031e-04 2.479530037371036467e-04 2.467639310987054021e-04 2.432039900026702515e-04 2.371043364199739898e-04 2.258139424219679666e-04 2.086179760614600347e-04
1.739166561277254272e-04 1.581736888867710104e-04 1.451743700901939266e-04 1.368001178497167659e-04 1.355539835044955444e-04 1.403888993891930833e-04 1.518369774495898286e-04 1.663585901948166251e-04 1.822417498488033624e-04 2.005081971839786030e-04 2.178821863292866882e-04 2.322500612219470615e-04 2.401028338202214319e-04 2.423202350670362274e-04 2.427044966517717369e-04 2.405479129095877949e-04 2.371025048686892212e-04 2.334933185366511394e-04 2.309462377473535638e-04 2.280832120040461998e-04 2.232190073072659630e-04 2.162828962278951612e-04 2.058361519418565972e-04 1.914699262702422491e-04
1.618275410087098847e-04 1.523164880759792601e-04 1.450965607090815902e-04 1.415674203355550673e-04 1.428670741810831506e-04 1.479751965600221162e-04 1.560926501190443554e-04 1.640926085733444828e-04 1.717319338479817174e-04 1.802783276500356270e-04 1.906632989226901087e-04 2.019296489399269388e-04 2.124679470344758886e-04 2.185765289059426455e-04 2.206309371214660187e-04 2.173161686605732507e-04 2.119830671642561511e-04 2.070635835333181076e-04 2.042513016245765453e-04 2.020123909520153661e-04 1.981419908301453741e-04 1.921112274538828134e-04 1.836936751037219942e-04 1.733427323449115152e-04
1.471859882793870181e-04 1.445461717976973329e-04 1.436601008250437792e-04 1.449137859921915115e-04 1.479156833548345878e-04 1.521492676341059541e-04 1.549371717628223735e-04 1.541174453968996211e-04 1.516468054888263188e-04 1.487818715713790714e-04 1.493559444062604927e-04 1.533901713812614435e-04 1.623935169369103936e-04 1.706640038698430627e-04 1.747920086717429599e-04 1.737351296677874422e-04 1.708291413673390321e-04 1.682283702816744927e-04 1.671033723206580984e-04 1.665069623758265937e-04 1.649528561678280153e-04 1.616395025203262563e-04 1.569671477886703159e-04 1.518707586009792286e-04
1.246176115272795151e-04 1.279410691900250612e-04 1.323960351267576606e-04 1.376971904522904331e-04 1.417589329958114620e-04 1.441713809189035288e-04 1.423390353938974284e-04 1.356168967520874063e-04 1.263854639315742997e-04 1.166956115913213082e-04 1.119769693158288287e-04 1.119885389743002346e-04 1.179707093147465164e-04 1.248022725711841856e-04 1.295357707402744311e-04 1.307513975742263844e-04 1.296559667063569771e-04 1.280715555955626132e-04 1.267015493511143543e-04 1.259278336089202977e-04 1.251743184716785310e-04 1.241872799462035565e-04 1.234080074329819998e-04 1.232373213920283058e-04
9.496528920287510434e-05 1.031255270771540164e-04 1.117950359903708223e-04 1.205500772916494426e-04 1.256109905836718776e-04 1.261416277182080849e-04 1.216333854209274926e-04 1.129582146985029658e-04 1.009153691608227250e-04 8.774394060191394651e-05 8.046988742907456617e-05 7.919610398404344071e-05 8.278682868148466896e-05 8.670162319279556761e-05 9.056276966044445867e-05 9.249688128752603193e-05 9.158181083131161453e-05 8.938356267446333203e-05 8.621035560256507023e-05 8.377314599589606281e-05 8.233403386229874938e-05 8.247757348211776779e-05 8.468609730097749174e-05 8.853582852040803395e-05
5.914745176007460187e-05 7.088019563960567030e-05 8.297810930831769113e-05 9.410248439985173367e-05 9.996674420107896052e-05 1.004807381739820097e-04 9.621076760636057014e-05 8.891637062948302365e-05 7.861775866597251578e-05 6.700319293806027187e-05 6.000348869611895345e-05 5.790732313470826757e-05 5.964622201045502095e-05 6.178598233915974253e-05 6.425034403612920524e-05 6.523115925211297452e-05 6.259948767823626933e-05 5.745383039412454973e-05 5.028206281453713163e-05 4.441159277314216184e-05 4.046368079973643216e-05 3.955192605627552157e-05 4.266638651101679685e-05 4.902348232475712783e-05
2.895783328158288222e-05 4.286260230520888553e-05 5.746657585355128043e-05 7.057316915363862292e-05 7.857603108722654420e-05 8.246962938787173476e-05 8.207337929378738940e-05 7.940504251005441234e-05 7.531779103348659494e-05 7.014435330596175506e-05 6.602892944120439180e-05 6.335352436857811468e-05 6.364750587057980968e-05 6.510837221443580112e-05 6.560592170672477092e-05 6.384019958579140110e-05 5.739764028651467141e-05 4.677367671550946941e-05 3.332168885303331881e-05 2.227291669516124958e-05 1.401772692699405935e-05 9.443002309744234340e-06 1.051320881179753856e-05 1.699628566140340091e-05
7.409248007734150891e-06 2.217793936938516607e-05 3.797986999128800522e-05 5.340501278900713878e-05 6.552724223918270378e-05 7.478121025179693083e-05 8.116474050195686949e-05 8.695381826855598712e-05 9.290928163611837187e-05 9.731474893944882577e-05 9.852780515562365154e-05 9.771736027553004416e-05 9.701920547816952770e-05 9.626254028219430315e-05 9.325464001482023323e-05 8.702641321673611360e-05 7.487966906657461707e-05 5.688410208319119035e-05 3.547863460052765960e-05 1.779833877706588378e-05 3.782649665024632627e-06 -6.213185805326849832e-06 -9.250293665474422700e-06 -4.704296189515926548e-06
-4.266675634940606026e-06 9.907957253625679193e-06 2.652544769710827525e-05 4.488335641796623694e-05 6.248684422400542504e-05 7.920673732870206832e-05 9.614142590575967524e-05 1.145179211836197828e-04 1.336468367313927103e-04 1.510062668538416741e-04 1.612806337562880095e-04 1.652199838690757063e-04 1.639527596556537349e-04 1.589716522612624641e-04 1.496457829375331461e-04 1.346594957503666201e-04 1.135910229175854901e-04 8.761543111256297361e-05 5.831507480518400611e-05 3.238796302625303509e-05 1.048441098281993654e-05 -6.291038580023923778e-06 -1.445292340518417654e-05 -1.394396548538739886e-05
-7.113444183448107769e-06 5.872989929985714823e-06 2.378748345212940821e-05 4.532608999861973499e-05 6.817631744470952220e-05 9.287128146651300550e-05 1.208219024616589515e-04 1.508990199838725413e-04 1.813153268200999081e-04 2.110144807164230306e-04 2.311211934713017896e-04 2.397333779381410185e-04 2.363280623854709800e-04 2.240932199602828411e-04 2.046144801097097904e-04 1.775303005220442779e-04 1.472563847497347720e-04 1.156261762886383847e-04 8.200648603869457583e-05 5.031736461294604977e-05 2.249868464913445457e-05 9.849754104134539825e-07 -1.061953226909054929e-05 -1.354795737448909068e-05
-2.710521576654912376e-06 8.931398300992542962e-06 2.798657944114342567e-05 5.255383573832660967e-05 8.050302213524194756e-05 1.130252763849271886e-04 1.504890844802516943e-04 1.894091143002242625e-04 2.282551024783116057e-04 2.681126947343001284e-04 2.965468924597883791e-04 3.083270503988560455e-04 3.005803061726712534e-04 2.781899149299755071e-04 2.456564907658481743e-04 2.060327497048033464e-04 1.685718666339155189e-04 1.333055171576953961e-04 9.838251907679282761e-05 6.494496458648903192e-05 3.522473328456121871e-05 1.174776693199158504e-05 -1.762935060061408415e-06 -6.592314648860511948e-06
