3.318126662634956320e-07 3.321843307750184025e-07 3.540797597338070133e-07 3.865711628798460836e-07 4.239397987252293760e-07 4.752072103673371414e-07 5.910122026193505341e-07 7.247481667755304946e-07 8.102407617874493036e-07 8.294370630448187710e-07 8.014092025788908949e-07 7.505674823437035782e-07 6.538283522815369463e-07 5.698881758672799202e-07 5.413959576502828263e-07 5.899977322559004001e-07 5.998323679074859553e-07 5.106334527208018926e-07 3.291449790122848399e-07 2.093626652093278834e-07 1.958744251379593306e-07 2.564114696447425663e-07 3.004897117440077177e-07 3.302165782606347140e-07
8.494393770970244260e-07 8.388694333319132499e-07 8.523486088976881765e-07 8.975737266421057926e-07 9.494925410160698232e-07 9.920574806554583623e-07 1.066244052218365073e-06 1.163755627941988152e-06 1.240851158580632736e-06 1.243231037654450953e-06 1.179692968672916025e-06 1.107469125952365206e-06 1.049440595794873128e-06 1.022231785776729139e-06 1.008503078787955899e-06 9.850273002930854961e-07 9.063070034884468444e-07 7.804035473082837052e-07 6.302115964443309806e-07 5.508745309587254945e-07 5.512121461804447255e-07 6.312209679167036546e-07 7.276873369392479926e-07 8.195435076981111165e-07
1.191364436720634978e-06 1.232721497719625448e-06 1.300653032933122177e-06 1.407492817171037300e-06 1.508855100823085035e-06 1.577610859209257209e-06 1.614009476919654789e-06 1.648064307134412861e-06 1.689530416323475201e-06 1.674139737891666323e-06 1.600415546826679616e-06 1.532133668052921414e-06 1.498986213767442375e-06 1.475525635647933221e-06 1.423577305389905740e-06 1.300422435414437802e-06 1.130927263890833816e-06 9.660993244544499430e-07 8.642371686297991310e-07 8.616318381137613063e-07 9.120817952807842736e-07 9.912371160535850988e-07 1.063154568961326055e-06 1.140203000924342898e-06
1.480876489813127733e-06 1.610804332143907022e-06 1.752174433147190013e-06 1.906215283031198891e-06 2.038164721795189932e-06 2.135206872564023836e-06 2.162340448582469203e-06 2.146324525111235776e-06 2.131080080659126279e-06 2.082477231938371115e-06 2.015326453179920524e-06 1.968694452415197007e-06 1.954047945219044852e-06 1.912034301802461108e-06 1.811402596660937507e-06 1.621359128451812689e-06 1.406901228215549595e-06 1.220488374308295187e-06 1.142114468574632243e-06 1.184674479585576245e-06 1.272472828353547529e-06 1.342398460986801829e-06 1.367021533509810361e-06 1.400309818489140562e-06
1.907123469936573043e-06 2.076008812215818381e-06 2.223546627199941938e-06 2.345787831845027660e-06 2.446550949430602171e-06 2.531057904093755934e-06 2.577830549991721714e-06 2.568809425603424647e-06 2.519452856264610401e-06 2.429771474099667063e-06 2.357424580347842007e-06 2.321621309964496555e-06 2.330407633219391920e-06 2.298692713288743202e-06 2.190066967628197888e-06 2.001463382448792535e-06 1.807777789560331226e-06 1.637042480021710827e-06 1.542008287939672208e-06 1.547630373998753884e-06 1.609476290987059747e-06 1.683269920697779163e-06 1.731337766388586568e-06 1.785398114018850745e-06
2.409866043599529243e-06 2.565568088266629365e-06 2.667132819670981374e-06 2.720339184255442132e-06 2.767586388579810724e-06 2.817228555054494958e-06 2.887979003549802614e-06 2.916959735762874646e-06 2.864498099055787542e-06 2.742884380962016943e-06 2.652626709729106933e-06 2.614937507239429054e-06 2.648409819771921945e-06 2.642214603468020447e-06 2.540815797429265191e-06 2.373434540921384172e-06 2.224865166523522826e-06 2.094151312496334403e-06 1.979080784272587480e-06 1.916668934650345512e-06 1.921466409129525059e-06 2.007434587582244346e-06 2.126656320499382519e-06 2.249197844839111718e-06
2.831260514088763568e-06 2.913447486411140494e-06 2.951320825298311096e-06 2.958104930404416293e-06 2.978669463102094828e-06 3.014746577528084375e-06 3.112016922691081259e-06 3.184124861798225649e-06 3.156604533576533626e-06 3.027686027743252422e-06 2.920789979294904917e-06 2.878826510179752776e-06 2.912500213029392777e-06 2.900955689737046920e-06 2.793203214968863188e-06 2.654368710240179736e-06 2.567546694078670895e-06 2.495309417811551820e-06 2.371736721931909246e-06 2.246735064009036308e-06 2.202860089406279431e-06 2.313280256819273032e-06 2.507269237002621795e-06 2.688083128178892443e-06
3.014548579484791510e-06 3.020565546027080587e-06 3.034706024756873673e-06 3.064882092195216449e-06 3.122323636060156628e-06 3.202861875736663866e-06 3.326302808615495904e-06 3.404154057705570450e-06 3.387112166619099791e-06 3.264063660781962720e-06 3.161405361680343842e-06 3.132383017717091721e-06 3.148650743572592330e-06 3.095038639678429867e-06 2.961502624831415915e-06 2.834017030747994508e-06 2.782378247083550699e-06 2.743877405340097056e-06 2.625676624066328212e-06 2.491404378260481671e-06 2.455108041039942533e-06 2.591031021098433307e-06 2.793072282484808653e-06 2.951621404521631232e-06
3.065321169194345920e-06 3.019929787458887549e-06 3.035099063533642670e-06 3.114367420120288597e-06 3.235324971282284127e-06 3.386963332339101070e-06 3.537058381621986133e-06 3.594981001941633292e-06 3.562745609237024339e-06 3.439442953639840547e-06 3.354446043125929517e-06 3.351788463555556637e-06 3.361073013442359712e-06 3.272815291756283020e-06 3.120917699640342073e-06 2.991867109521838904e-06 2.942161782183868865e-06 2.904147598793491509e-06 2.791062567366880146e-06 2.680257180331216228e-06 2.684276927146051054e-06 2.839040449470506398e-06 3.003072004647686470e-06 3.093294370132839122e-06
3.072049998963804780e-06 3.030835290181853912e-06 3.056375423859649896e-06 3.161384794748921997e-06 3.322075018201357664e-06 3.517802237915788282e-06 3.686353791882295100e-06 3.738905529401497794e-06 3.708062062250191444e-06 3.601778468548825896e-06 3.533340873844273364e-06 3.532556241865035195e-06 3.541796740023404523e-06 3.472579833117905306e-06 3.353039175335757757e-06 3.223710402665139380e-06 3.126240304211181737e-06 3.033975507020753440e-06 2.908340332758390468e-06 2.833023598393141947e-06 2.874497254583486437e-06 3.013326894821595655e-06 3.108496015397302517e-06 3.132433521581714500e-06
3.069756217100802131e-06 3.085931170745164273e-06 3.128812190525629233e-06 3.212288340400224537e-06 3.343454011951686816e-06 3.510784938416236345e-06 3.680026738501879440e-06 3.768101934687320650e-06 3.781572415757453203e-06 3.721562914772385644e-06 3.666209605931373025e-06 3.640433147574056227e-06 3.636604821053703647e-06 3.602560324287639363e-06 3.528540275228371367e-06 3.407399242784251906e-06 3.264379201576782293e-06 3.115039574238114107e-06 2.963750337812478719e-06 2.893154940923717079e-06 2.926431222735545643e-06 3.019314588546357872e-06 3.067081719245195393e-06 3.079089436496677771e-06
2.981641823961506226e-06 3.076805388523252889e-06 3.158626242897458759e-06 3.214372217944608177e-06 3.282020481478491613e-06 3.386962258576553331e-06 3.544619637677483096e-06 3.677661814438066945e-06 3.744889765638543370e-06 3.741005966499735559e-06 3.708996639873283521e-06 3.668488051488908760e-06 3.635395171727872684e-06 3.593871931626298223e-06 3.522721337814966782e-06 3.406426284644536338e-06 3.253823932252880070e-06 3.083377106335297731e-06 2.912260274128188849e-06 2.822071515910189584e-06 2.822835724537776021e-06 2.869459921556906373e-06 2.893513972455828858e-06 2.917280810851334241e-06
2.801484114863506849e-06 2.944865204085563826e-06 3.059988031643333194e-06 3.103521404828893046e-06 3.130314320333432168e-06 3.201980969761932292e-06 3.354810558486058019e-06 3.511772676107950510e-06 3.610901313789992497e-06 3.645639134336783008e-06 3.637824237840193438e-06 3.601293328192915226e-06 3.534268065155892891e-06 3.440122843221160156e-06 3.321760800791786286e-06 3.199202099411801900e-06 3.073269776066139640e-06 2.924218014872417053e-06 2.753280456242848801e-06 2.636660085147642122e-06 2.598524256164650166e-06 2.614278039107632226e-06 2.640651769854177071e-06 2.687817157216388754e-06
2.562789370801589238e-06 2.689959735861517872e-06 2.799089512627305913e-06 2.854067027878428913e-06 2.912602159829818026e-06 3.030043207773641704e-06 3.197312446703600954e-06 3.332233580934466961e-06 3.416492236910795497e-06 3.459829182916149647e-06 3.476936224870482861e-06 3.462969863130217100e-06 3.388423810843130885e-06 3.258795156294285334e-06 3.105422549097586142e-06 2.970150269986412510e-06 2.854177924123450068e-06 2.716061099162882053e-06 2.557888624435470572e-06 2.446118662639776167e-06 2.400815105344554374e-06 2.400806772070387544e-06 2.416851754874339810e-06 2.460373931588188328e-06
2.282949056789761087e-06 2.370631429424810940e-06 2.450490887135868488e-06 2.521567818588181021e-06 2.644432983520425451e-06 2.840236246513578008e-06 3.026351548511825106e-06 3.115456708542567109e-06 3.161070392004084249e-06 3.206166856509469512e-06 3.258291613806757976e-06 3.276985576865535439e-06 3.220162238848059680e-06 3.095441381832414551e-06 2.947449440015703276e-06 2.802334752836008926e-06 2.661673493633769270e-06 2.499842714084380067e-06 2.350367044261731771e-06 2.269959824592738650e-06 2.244000871812476875e-06 2.227543585481396652e-06 2.205373813836040864e-06 2.217366773394809047e-06
1.970833244501203094e-06 2.037802414898778049e-06 2.107908995715766016e-06 2.207034006754131760e-06 2.373826333800381503e-06 2.595287918981383767e-06 2.764319351282019138e-06 2.820413872713532565e-06 2.850501974961457598e-06 2.911747238030621138e-06 2.995089446572382477e-06 3.040344948799037441e-06 3.024170077504347103e-06 2.950657877684838798e-06 2.844516364878923846e-06 2.684053433419446707e-06 2.491409343555667688e-06 2.295656287704497877e-06 2.152073605329091756e-06 2.088949626383403794e-06 2.060434454722267580e-06 2.013111448663675159e-06 1.952150473613148452e-06 1.932691459721201308e-06
1.689642553791495516e-06 1.765017189665613345e-06 1.855232213275806108e-06 1.985575714626614103e-06 2.147991950076459373e-06 2.314507581740275777e-06 2.434195557501570350e-06 2.505325850626646762e-06 2.578248837654095530e-06 2.676081007172173759e-06 2.763696983810812620e-06 2.806271820525066810e-06 2.810423319794148668e-06 2.771068358658442991e-06 2.679894760318864289e-06 2.491059035796915609e-06 2.267453050981754005e-06 2.075884250148263524e-06 1.953927780587810817e-06 1.882766773580090789e-06 1.818553792260300775e-06 1.736196437212104767e-06 1.667604851999502529e-06 1.648508150560161624e-06
1.451573786272646978e-06 1.525868456062708604e-06 1.626706490905507508e-06 1.781219419826422751e-06 1.934646869755791988e-06 2.041603853978350124e-06 2.121248580628316497e-06 2.230627754227053073e-06 2.369598734814122756e-06 2.505243307584439853e-06 2.576370937146505299e-06 2.595502993174907776e-06 2.587560568377845846e-06 2.538284371839564726e-06 2.418000213879943782e-06 2.193637915862958068e-06 1.968840949317660537e-06 1.811227316723095832e-06 1.731544838080519037e-06 1.663871445995364229e-06 1.575485298001518119e-06 1.471070940335297382e-06 1.409278794719177291e-06 1.404974455491001363e-06
1.242659079998121687e-06 1.286777341915603416e-06 1.370839928552554388e-06 1.524798130990988514e-06 1.677620058836675384e-06 1.775677124209524848e-06 1.878242367740915097e-06 2.047843203463558922e-06 2.246049062090315375e-06 2.389716270706281174e-06 2.423206099664358581e-06 2.411115978663748387e-06 2.372265567598432019e-06 2.277810521211949637e-06 2.099316397858167235e-06 1.851896742543107619e-06 1.655348341076988492e-06 1.534489910390524874e-06 1.479377690937753499e-06 1.417186919170109674e-06 1.333586433450703316e-06 1.240841299452515745e-06 1.196872605317275642e-06 1.208722314752577779e-06
9.850301603755155646e-07 1.012855746864966811e-06 1.095724600090689943e-06 1.247122058120929055e-06 1.410177825340401144e-06 1.552449798475767359e-06 1.717431568876990826e-06 1.919835238344434462e-06 2.121071249461589868e-06 2.238326187207163551e-06 2.253130093444279659e-06 2.242139730481938889e-06 2.203469629000501868e-06 2.088281503018247110e-06 1.882181393194237897e-06 1.626627098289663943e-06 1.432970427037173589e-06 1.296870850253125584e-06 1.216041119314124350e-06 1.150956277037874415e-06 1.090728586320339952e-06 1.022852403947231240e-06 9.770498727403031857e-07 9.757340168544317528e-07
6.666987978205613525e-07 7.260531762988149064e-07 8.555497635301430939e-07 1.027628262579017475e-06 1.199579972609102137e-06 1.384728956943813089e-06 1.590137120303762961e-06 1.782701252256965216e-06 1.944325044605479442e-06 2.030199689204708902e-06 2.059023999428001961e-06 2.081839721211068440e-06 2.077466112089261085e-06 1.977070945355593796e-06 1.778890887905717829e-06 1.511319508327857733e-06 1.277263638277093334e-06 1.082631986383557699e-06 9.532871367972981061e-07 8.830039387022888308e-07 8.438447576764735612e-07 7.864462088613358531e-07 7.123314897586588515e-07 6.713717177275522173e-07
3.135522326366915802e-07 4.235688886848790410e-07 6.162377183511628646e-07 8.314189461813297473e-07 1.026522612443952528e-06 1.247491839349435458e-06 1.468026475303777324e-06 1.625192284171726067e-06 1.724311338835532777e-06 1.780299887229343316e-06 1.842982510791894122e-06 1.914051155401950139e-06 1.959299840459464423e-06 1.900331777635862562e-06 1.745220684755001017e-06 1.483593252743223716e-06 1.208384695815564835e-06 9.609467277840267962e-07 7.919642915839249861e-07 7.047481208735971352e-07 6.497168506038401851e-07 5.584047899808724432e-07 4.287657627752714421e-07 3.285834010376779813e-07
3.595167297616508338e-08 1.627288959148816533e-07 3.820792801849353764e-07 6.369939279223226283e-07 8.709587668264879865e-07 1.122144670661249467e-06 1.363599241747901354e-06 1.520541504777009884e-06 1.594996865657469447e-06 1.624163354892138190e-06 1.682948318540308505e-06 1.759122841452219006e-06 1.817849305058927244e-06 1.781595738513948480e-06 1.659355770104063727e-06 1.431775482749105770e-06 1.180291832861591714e-06 9.514043896591960281e-07 7.876765575869122797e-07 6.781910328855364162e-07 5.767453098570069221e-07 4.212075837404129578e-07 2.305918761638953742e-07 7.336799909774537396e-08
-1.552030520803647326e-07 -3.455738984833492749e-08 1.885824214282727549e-07 4.720842789840722735e-07 7.455099979493794608e-07 1.027512286133018691e-06 1.309354502310543488e-06 1.504408931998338068e-06 1.592536311592976959e-06 1.592005839533023295e-06 1.602807626498326273e-06 1.640002510943604412e-06 1.677695845942164181e-06 1.639220478129608611e-06 1.524915336644501594e-06 1.341022635331084006e-06 1.157481072799356940e-06 9.913613347417459838e-07 8.581100445805777695e-07 7.325818611391072021e-07 5.909483806027583670e-07 3.755656598321052588e-07 1.265079183128523906e-07 -8.522282765367303630e-08
-2.513255350492398424e-07 -1.488565294783312376e-07 8.988062785299214780e-08 4.141969239080953391e-07 7.079845800933544739e-07 9.832300165808636455e-07 1.265700292854592940e-06 1.497963769725920433e-06 1.635109507981334779e-06 1.640982442742196617e-06 1.600869265177998887e-06 1.579353937223877113e-06 1.571069648086236099e-06 1.512150399460229703e-06 1.386674336037839788e-06 1.247708270738699622e-06 1.147533068922496507e-06 1.050508872789493509e-06 9.195252459730773117e-07 7.465603713350292762e-07 5.660507461958895205e-07 3.399450134910514546e-07 8.864247591057468199e-08 -1.430057419175810413e-07
-3.185099084650786285e-07 -2.411502440889719144e-07 3.010458976598304651e-08 4.110167937925104396e-07 7.080635145182360825e-07 9.409749334263114594e-07 1.161695394178864825e-06 1.383032147351443257e-06 1.557309932807100775e-06 1.615868201915623785e-06 1.589504042205236120e-06 1.557143698148892510e-06 1.521870613609783686e-06 1.444556282920075482e-06 1.309074426993967193e-06 1.194505614073981755e-06 1.129313300821697026e-06 1.043904737881782687e-06 8.586842693707587464e-07 6.141051636450022101e-07 4.032474993734513683e-07 2.235733708595243060e-07 3.507204934442799195e-08 -1.730554690615202585e-07
-3.873739573230788152e-07 -3.511992131779846233e-07 -6.350228183560869166e-08 3.675986077951733142e-07 6.711655273632370770e-07 8.650040629937502713e-07 1.013284697353407103e-06 1.199053570781924079e-06 1.385822247392512370e-06 1.507766361261760116e-06 1.541193396276623103e-06 1.544030212989497607e-06 1.505835191575290923e-06 1.412217319003180865e-06 1.268821210754653308e-06 1.159265513454731338e-06 1.088196275066883578e-06 9.735435316205762718e-07 7.215806572342484780e-07 4.212360057588721094e-07 1.958789876929988501e-07 7.772731208317936199e-08 -3.363978127823178950e-08 -2.039135881736678234e-07
-4.417157482580738878e-07 -4.372517089670912149e-07 -1.930189912559504436e-07 2.207980125625523858e-07 5.479843291739025288e-07 7.733193597860570534e-07 9.291790313490089062e-07 1.092930289303100175e-06 1.257986188511785082e-06 1.389723945357441283e-06 1.466030784520345989e-06 1.514158564511549117e-06 1.510658184173408111e-06 1.426615230944251584e-06 1.275840668461164609e-06 1.126196629909639125e-06 1.003335143110644202e-06 8.479447508190120188e-07 5.696639006871198429e-07 2.524105978142495595e-07 1.451906291445013827e-08 -8.772653603444750613e-08 -1.540486260156586466e-07 -2.739721840014194607e-07
-4.560766582414301633e-07 -4.349567457098484670e-07 -2.552021900307892891e-07 6.690709543872463787e-08 3.820171223361464194e-07 6.566231412309831035e-07 8.946047377239849026e-07 1.091731577692575165e-06 1.242713964161812325e-06 1.329012584211536966e-06 1.386163747749942066e-06 1.444552204333251087e-06 1.489734352544969561e-06 1.439011488124716142e-06 1.279260977735523580e-06 1.059908416540784206e-06 8.724352007745797615e-07 6.979095340182110869e-07 4.478515811184794692e-07 1.476835641766897435e-07 -1.056406076201908701e-07 -2.444859425232117066e-07 -3.067681696178741808e-07 -3.727608570149627800e-07
-4.381724129621028232e-07 -3.646157226023866824e-07 -2.135584243678734649e-07 1.167572225246531894e-09 2.370692637663944756e-07 4.938142253015677368e-07 7.959264346936499338e-07 1.057578278257146522e-06 1.225636573567342421e-06 1.275009129916836982e-06 1.298881342441737892e-06 1.353407200228147796e-06 1.439833814879603284e-06 1.421678190437010722e-06 1.252198883310470319e-06 9.643953633535026831e-07 7.155783952133014851e-07 5.251854305854098267e-07 3.096667345344551885e-07 3.594874616376623503e-08 -2.234433198901752107e-07 -3.929834571966010150e-07 -4.487806969432984627e-07 -4.583973892902985001e-07
-4.127098739698725872e-07 -2.786604978625135180e-07 -1.185282207641035959e-07 2.168147601939544008e-09 1.048481319095510981e-07 2.621703834401273562e-07 5.443571272246989343e-07 8.430425159749636964e-07 1.051882375563789741e-06 1.142093158840911227e-06 1.194773927799700483e-06 1.265741250254881040e-06 1.360291431280505406e-06 1.345792784804830136e-06 1.172738443729887888e-06 8.468986999053617921e-07 5.475579662110730345e-07 3.287074217572795876e-07 1.362476122821124879e-07 -9.787411407762908407e-08 -3.422425203478095774e-07 -5.182682941205375002e-07 -5.586043957980348381e-07 -5.193911245889331624e-07
-4.581493710635335105e-07 -3.079317207507840881e-07 -1.533325479417958552e-07 -8.220393444916857352e-08 -5.216228438190686554e-08 3.877234936958766608e-08 2.548325065659239914e-07 5.241731522761025786e-07 7.586134017625143491e-07 9.479816796227083397e-07 1.091555296336672830e-06 1.199264930800187945e-06 1.264808273902469338e-06 1.217040551045183475e-06 1.038549146473002115e-06 7.105775466364442440e-07 3.905280924674764820e-07 1.496247444929022256e-07 -2.963329093956092507e-08 -2.267610646281957868e-07 -4.507627998534805454e-07 -6.262178668481989343e-07 -6.606737823411551792e-07 -5.987336816758335867e-07
-5.759374859595697346e-07 -4.436110828029091951e-07 -3.286045356448219404e-07 -2.812416306138899137e-07 -2.381747006020580460e-07 -1.279640704447251292e-07 5.445146483356197814e-08 2.737476826591059643e-07 5.130886371985550872e-07 7.842007854409751294e-07 1.004539686352969475e-06 1.134864069267673769e-06 1.158616506693896126e-06 1.066139135506712078e-06 8.707700954890040138e-07 5.492437141358770412e-07 2.370802604314426303e-07 2.718829875300026029e-09 -1.548567282446344319e-07 -3.266238636617252528e-07 -5.418922422416768935e-07 -7.337420991647218572e-07 -7.846155074862468879e-07 -7.222462563778148339e-07
-7.978688571111508595e-07 -7.431605411671202846e-07 -6.904509922564691792e-07 -6.051285871687200452e-07 -4.451987766114253296e-07 -2.312750006975800301e-07 -2.105037234279761463e-08 1.698592721465261581e-07 3.939417669172062847e-07 6.720516235955484918e-07 9.040211422133331668e-07 1.035606577821514721e-06 1.038760365700964252e-06 9.191561653759009846e-07 7.067327614068596628e-07 3.976120256543559393e-07 1.141630080027398378e-07 -9.894648011372008805e-08 -2.514205070513187056e-07 -4.296559250489106854e-07 -6.527476164964858734e-07 -8.522851478700031991e-07 -9.181932119461248895e-07 -8.821904731744468149e-07
-1.045821875868493853e-06 -1.071752209377964118e-06 -1.047337753495613968e-06 -8.957347300584290144e-07 -6.386188966222375524e-07 -3.600592838686636831e-07 -1.115375811035110704e-07 9.422633554412448623e-08 3.044741966703476980e-07 5.212695969635202256e-07 6.910200700991607630e-07 7.937978659474135632e-07 8.163388013327716713e-07 7.334926696043331587e-07 5.501402517206372471e-07 2.687727760779476796e-07 7.338926308947491988e-09 -1.973362981050658708e-07 -3.713884053090556708e-07 -5.805906536177749825e-07 -8.207319543245112513e-07 -1.001667138961962920e-06 -1.053391583422762836e-06 -1.042715581471756343e-06
-1.261961367561834718e-06 -1.326981501465391539e-06 -1.289313289551928060e-06 -1.090166388321445192e-06 -8.148868621780478198e-07 -5.507137427564365873e-07 -2.993673124582876560e-07 -7.067148723539766018e-08 1.338193766633113979e-07 2.804653592040832935e-07 3.622492277061748155e-07 4.104718246430943015e-07 4.646738943461717595e-07 4.688813639893838434e-07 3.648954649660590246e-07 1.323745737846447409e-07 -1.151529921738433576e-07 -3.195028369575139821e-07 -5.201172082494487261e-07 -7.621457704402991480e-07 -1.021196163977200117e-06 -1.177050624306678610e-06 -1.199775210437336454e-06 -1.199609706592181246e-06
-1.440214068323378958e-06 -1.462537044377994478e-06 -1.366231239401164194e-06 -1.164321225728192990e-06 -9.619993743883594354e-07 -7.813052367227848371e-07 -5.612630278544402040e-07 -3.136850692560985107e-07 -1.034845862957138499e-07 -1.104225924984164914e-08 -1.828846235201864398e-08 -3.881930673686830204e-08 4.061187651478943544e-08 1.489878028503980042e-07 1.493893751665918450e-07 -1.505133749870581336e-08 -2.450030546415380932e-07 -4.504874184651759462e-07 -6.767373473549273139e-07 -9.399785478617000642e-07 -1.200386670450488658e-06 -1.339924859762656125e-06 -1.359249777528998000e-06 -1.376617166351749587e-06
-1.595400815890912110e-06 -1.553244674181787106e-06 -1.412922437437565602e-06 -1.237572709525963643e-06 -1.108410167878331007e-06 -9.893677677707350491e-07 -7.957125841409574785e-07 -5.461297096810262791e-07 -3.315804336838350474e-07 -2.545984130998488034e-07 -2.935155389119293403e-07 -3.385754511638992019e-07 -2.537191882288132360e-07 -1.092265919371727257e-07 -6.458323785942301710e-08 -1.864357127597461790e-07 -3.994264436366357187e-07 -6.117896527254074426e-07 -8.552172702986993406e-07 -1.108710681152033482e-06 -1.333578416611279834e-06 -1.459094207313280203e-06 -1.507025237317246975e-06 -1.555353504006076051e-06
-1.738535153378157537e-06 -1.670357709283515411e-06 -1.524476856150125876e-06 -1.373814331693428478e-06 -1.275607119746844835e-06 -1.176012477206074956e-06 -9.921551388201901591e-07 -7.495929685004719553e-07 -5.397205194682767600e-07 -4.566369843460566964e-07 -4.750757708659993894e-07 -4.925154889830479197e-07 -4.077895103474070660e-07 -2.904402340675227672e-07 -2.648150881960053108e-07 -3.826200473878710304e-07 -5.924712461440638178e-07 -8.255347546432154801e-07 -1.081082694822737734e-06 -1.300892129722767541e-06 -1.466283291752605395e-06 -1.562670865094505124e-06 -1.632932556136096813e-06 -1.705946249491002975e-06
-1.873823993185513410e-06 -1.831946452671525957e-06 -1.715273765611785566e-06 -1.551215039988346306e-06 -1.399649485026229170e-06 -1.253127729151723313e-06 -1.084415852173230367e-06 -9.049304363112375820e-07 -7.457109291641726208e-07 -6.471544647700702779e-07 -5.967826680295582382e-07 -5.500389465381444453e-07 -4.754891024928194418e-07 -4.360374884149777716e-07 -4.840864196147603358e-07 -6.435023643631065711e-07 -8.639033278815921017e-07 -1.104628843639803052e-06 -1.339455347754469359e-06 -1.506080232583134901e-06 -1.609959526128249443e-06 -1.671156696705155375e-06 -1.743055394597374287e-06 -1.823386701584071908e-06
-1.917644970853458897e-06 -1.921224253120108971e-06 -1.835362227830645953e-06 -1.629957968821571619e-06 -1.394152829699041487e-06 -1.187761521161939519e-06 -1.054191789773996654e-06 -9.697048831548582022e-07 -8.829801372806740055e-07 -7.862753456280441449e-07 -6.962870506851522878e-07 -6.263229731381264543e-07 -5.724651960858556641e-07 -5.850794215976871067e-07 -6.848721339311816729e-07 -8.782275056140469517e-07 -1.092793575806672706e-06 -1.298068851701479961e-06 -1.490853934341596492e-06 -1.637911196474761733e-06 -1.731360827973762571e-06 -1.767805381117919241e-06 -1.800529871654122251e-06 -1.850693419218679845e-06
-1.837917052495087617e-06 -1.881191923899012514e-06 -1.820379326736464167e-06 -1.585268548572299433e-06 -1.294263087393806235e-06 -1.057041488298558513e-06 -9.615568131993697137e-07 -9.489149751150427833e-07 -9.115315498056968571e-07 -8.307112988904248061e-07 -7.523256824449665978e-07 -7.103604255421427193e-07 -6.833768556149561855e-07 -7.092020242807077323e-07 -8.218836213121610799e-07 -1.016612395470198049e-06 -1.199066419854020476e-06 -1.342614303402481226e-06 -1.503662962839258247e-06 -1.678039751302289495e-06 -1.807946869780541877e-06 -1.826532947724868966e-06 -1.786984366345527225e-06 -1.773881289928416790e-06
-1.646406894245490311e-06 -1.688881817197217904e-06 -1.642214426821748326e-06 -1.439831662680611768e-06 -1.180510971244290499e-06 -9.637512284414162833e-07 -8.642622733511356797e-07 -8.420681532565963950e-07 -8.091337115063672097e-07 -7.711354301233933254e-07 -7.581582726251024130e-07 -7.745540781610254435e-07 -7.606263532252084396e-07 -7.585153154981057623e-07 -8.419641977124889447e-07 -1.008836021248266090e-06 -1.157090103510285361e-06 -1.254849862253587972e-06 -1.401454930333292042e-06 -1.609106962863789620e-06 -1.782533545361426321e-06 -1.799338490811555759e-06 -1.700745203667264229e-06 -1.622891005760892914e-06
-1.444478385041448650e-06 -1.439598975574158677e-06 -1.390113724268582773e-06 -1.262139877363418932e-06 -1.085940633914405275e-06 -9.054864807014243110e-07 -7.597574410534127363e-07 -6.817691653830525829e-07 -6.435468471656338646e-07 -6.585459373032708387e-07 -6.961034886092112351e-07 -7.325430677857562829e-07 -7.098937055515307922e-07 -6.914606021653421935e-07 -7.563164603281687891e-07 -9.100290339939266082e-07 -1.057090095239942807e-06 -1.160095814138076086e-06 -1.287852230180294904e-06 -1.456244622043702883e-06 -1.601762043128699579e-06 -1.626450801712394046e-06 -1.547706983270163112e-06 -1.469282974683356245e-06
-1.254152831726797775e-06 -1.188079394360662719e-06 -1.121936586645152759e-06 -1.052339164586273269e-06 -9.410360798250184339e-07 -7.786622269023820378e-07 -5.894407223457873715e-07 -4.793788196974505809e-07 -4.595891536106863492e-07 -5.192691141893169782e-07 -5.670078435424095158e-07 -5.831376656024977310e-07 -5.473366459938088104e-07 -5.440749675535045246e-07 -6.218312922697445558e-07 -7.883893300723634927e-07 -9.547733077111667427e-07 -1.083540924172920602e-06 -1.173823163079960702e-06 -1.245188926672102873e-06 -1.305030198740283354e-06 -1.335947049919968715e-06 -1.331508246708825896e-06 -1.306969973970610572e-06
-1.097786517914542959e-06 -9.737428000070021322e-07 -8.648212887611195580e-07 -7.961403152157671497e-07 -7.066184008918494373e-07 -5.507767219241288567e-07 -3.483255731454084830e-07 -2.289777670077086376e-07 -2.162606128288995092e-07 -2.747341089838812296e-07 -2.988760200547781522e-07 -2.889522691940644881e-07 -2.857821831146407079e-07 -3.552876000177572811e-07 -4.786231392575971569e-07 -6.317651795076187260e-07 -7.684629282167141412e-07 -8.973230758610564528e-07 -9.597950451338911635e-07 -9.431507831178575470e-07 -9.016981828139230155e-07 -9.344208703403883474e-07 -1.043384651681993183e-06 -1.130294502715349782e-06
-8.112523303895805717e-07 -6.839503355684770347e-07 -5.576172299421863983e-07 -4.715218912809191720e-07 -3.874362282801422332e-07 -2.533486660681338550e-07 -7.126385237683462299e-08 5.468588565166009680e-08 9.179442003525922493e-08 7.089317717123606657e-08 6.497923682717252422e-08 6.755353252832267292e-08 4.965481341494107258e-09 -1.304450830843877330e-07 -2.675809665998218037e-07 -3.456461065735665976e-07 -3.973072171802115718e-07 -4.942492657758615888e-07 -5.802880836507025135e-07 -5.744180840103092538e-07 -5.058215732996874574e-07 -5.226765732572957093e-07 -6.678702878197288333e-07 -8.075204298940597815e-07
-3.174849478005387860e-07 -2.417359889465829273e-07 -1.528026018205945116e-07 -8.543262259147642349e-08 -2.425134712925844338e-08 7.061396211161940181e-08 2.251406095688966578e-07 3.607767534104029271e-07 4.253611419210086243e-07 4.376532587644518582e-07 4.381250280580203636e-07 4.215076075104058234e-07 3.144652886890341872e-07 1.675995770930068309e-07 7.111334965459832949e-08 8.931965066254372786e-08 1.106342592165566352e-07 3.354939072780649221e-08 -1.130483649649996670e-07 -1.798758871903717691e-07 -1.460587255631876070e-07 -1.277219605257956202e-07 -2.085741939666461862e-07 -3.003932127395407175e-07
