2.801751651105848520e-05 2.099833497987701550e-05 2.030583699672559340e-05 2.598055208393292701e-05 3.444649422243548000e-05 4.447113855021678582e-05 5.501947100962696787e-05 6.233795062541418479e-05 6.621041113014425653e-05 6.584309836208671800e-05 6.128004643426339924e-05 5.332968754607877646e-05 4.332365267162579544e-05 3.667552632783243613e-05 3.385820571291503196e-05 3.632142236169632395e-05 4.383893207452924204e-05 5.488558858337541169e-05 6.870666928865206313e-05 7.740564183270876139e-05 7.910505136257823513e-05 7.099720719431045347e-05 5.724497567399817338e-05 4.204366960095561257e-05
1.006034040566836454e-04 9.201193891362315698e-05 8.692658824417147313e-05 8.596302471168752019e-05 8.739832710063220357e-05 9.004251567580029533e-05 9.368757500737046626e-05 9.599958952306676999e-05 9.640860279528516610e-05 9.253808100806288858e-05 8.501349861389167844e-05 7.641988091289827860e-05 6.807455466306219674e-05 6.449449497188110508e-05 6.586803345054136863e-05 7.394148541411202510e-05 8.759603649013691397e-05 1.047124332393949982e-04 1.241773517389202172e-04 1.372993321290878375e-04 1.422945450463223693e-04 1.371523381614485543e-04 1.263723808991812304e-04 1.134652153969335916e-04
1.790046576152889881e-04 1.684314042614144379e-04 1.585436963067275034e-04 1.500291751395627202e-04 1.430179843479055166e-04 1.368658637394164007e-04 1.315822846484473790e-04 1.262529569056985426e-04 1.205636457870509954e-04 1.131502628393682436e-04 1.052197228546119525e-04 9.853841921657264028e-05 9.428279303985229588e-05 9.607321002251832448e-05 1.039400176159911287e-04 1.186044701035731530e-04 1.380551829399991872e-04 1.609004403268783742e-04 1.855556967040445347e-04 2.025345647098985896e-04 2.102594607840737055e-04 2.080544571296571229e-04 2.007560262499856246e-04 1.906522534430838247e-04
2.626913691040749506e-04 2.499615011071039329e-04 2.355102882745655412e-04 2.197375842121094213e-04 2.041297749641083172e-04 1.887824689397029287e-04 1.735863623685369116e-04 1.593934496499675659e-04 1.465970326874704529e-04 1.359473817307459489e-04 1.294682163403548792e-04 1.270838394534504125e-04 1.295822979422202325e-04 1.383871731822229178e-04 1.531849454264570408e-04 1.743536337658990569e-04 1.991519207832691621e-04 2.262880149151642905e-04 2.535846825546435594e-04 2.725820898946833856e-04 2.826375259398836290e-04 2.840158907516066272e-04 2.805987583838176177e-04 2.734150867931424401e-04
3.446065916996479510e-04 3.301561032930661727e-04 3.119910586558277688e-04 2.904187893667908686e-04 2.677851015795777961e-04 2.445645990998711241e-04 2.207657313898484972e-04 1.993534365832062057e-04 1.813075779289985391e-04 1.684016066026216380e-04 1.637114113623646143e-04 1.664888372855942737e-04 1.769351936021312875e-04 1.929771024519472003e-04 2.137221286518784685e-04 2.400199827655833296e-04 2.685620518045618555e-04 2.973957542089892560e-04 3.241042261549672296e-04 3.430756684465978553e-04 3.548563451758135695e-04 3.599133516775128569e-04 3.598816620282958368e-04 3.548391722521307672e-04
4.229279178770100462e-04 4.071617320162394674e-04 3.856877785297232824e-04 3.589577222382105614e-04 3.301767894045735063e-04 2.999617239623533467e-04 2.685929370174395029e-04 2.411483104378670385e-04 2.190400604070916451e-04 2.047359225537275006e-04 2.023639548337919758e-04 2.108324409373432413e-04 2.296949246233499309e-04 2.533810687961965554e-04 2.804805506650424798e-04 3.111705952216377562e-04 3.415752939062624408e-04 3.702254522072598785e-04 3.949846547558138283e-04 4.130891369671517064e-04 4.257540593484993442e-04 4.337267508047769663e-04 4.363955854352201164e-04 4.328093590346530645e-04
4.965843951891972313e-04 4.790274964237175421e-04 4.542281201870390747e-04 4.222582376950312008e-04 3.873661674779532087e-04 3.508960444966893288e-04 3.134450208316509438e-04 2.815916953499371161e-04 2.569317822601695201e-04 2.428083449251064452e-04 2.437044747370519665e-04 2.577714721306829742e-04 2.845052843726093915e-04 3.163442310192023359e-04 3.512718046559754276e-04 3.870591231313871752e-04 4.183318282209389101e-04 4.455273493346724413e-04 4.676110653087621341e-04 4.841810330262887128e-04 4.961378926121047918e-04 5.050443850059187050e-04 5.092228692590796855e-04 5.065513907823295057e-04
5.548186617137670050e-04 5.342220313201503533e-04 5.053067151595180481e-04 4.677878412703044488e-04 4.271404926082944943e-04 3.854745687869823192e-04 3.438043812689371747e-04 3.095970191850471571e-04 2.843272007830393005e-04 2.713849955580142849e-04 2.749113925771220937e-04 2.928966520343124027e-04 3.252297860827274610e-04 3.638633868182988233e-04 4.062259727865279472e-04 4.482070247919265954e-04 4.820025808516586389e-04 5.091218395002669031e-04 5.298855133777266276e-04 5.457672676916991645e-04 5.569376115380960659e-04 5.652101061694010881e-04 5.690216805185570456e-04 5.660377496440614819e-04
5.951158825902018879e-04 5.708524391599942337e-04 5.371941016669536714e-04 4.944651799397182124e-04 4.493675213595984467e-04 4.038107652250601818e-04 3.594547762277750273e-04 3.246551337624201138e-04 3.005371662688834534e-04 2.888632330584934996e-04 2.934322208732464423e-04 3.137480659824789533e-04 3.498458074645770764e-04 3.931923099550327762e-04 4.409081559206237981e-04 4.888678009716295510e-04 5.268376793668765002e-04 5.555321469156938776e-04 5.763902538657662746e-04 5.927612737493355086e-04 6.043225808294641881e-04 6.117502347188591384e-04 6.135957342320567552e-04 6.087001860278624900e-04
6.142005632063012250e-04 5.858603071263760939e-04 5.479625598326317865e-04 5.010022403555023859e-04 4.523375521388207508e-04 4.039263106334303093e-04 3.583553530700095153e-04 3.242231213814604409e-04 3.018089256480720075e-04 2.918957409298269558e-04 2.970684007337975950e-04 3.174055411690252155e-04 3.539073941096589006e-04 3.986345234920398426e-04 4.479402187541324542e-04 4.984777811873369229e-04 5.407661492223245258e-04 5.749916677112523484e-04 6.008938548326617094e-04 6.202622520684386099e-04 6.339538550673369565e-04 6.414527612713241201e-04 6.409014379686429419e-04 6.321966101467406569e-04
6.127086940827289026e-04 5.814036393440571646e-04 5.412921073854108601e-04 4.922176170388904487e-04 4.416243194478473508e-04 3.921500794946309481e-04 3.466310244541778002e-04 3.132628310720500693e-04 2.919412643218321514e-04 2.838588430331906247e-04 2.895143965685042110e-04 3.078816825522325364e-04 3.404632082031430903e-04 3.809926635197150567e-04 4.258787712826736104e-04 4.728121706362736374e-04 5.162464121132139330e-04 5.566420400801400407e-04 5.914903454071118380e-04 6.175857971507233909e-04 6.363685941264453100e-04 6.469201352475978904e-04 6.464502548682432830e-04 6.349474988597489378e-04
5.941277666719071244e-04 5.612601833381642607e-04 5.203371367782911152e-04 4.710055215113968731e-04 4.207954363803510832e-04 3.725700198136674903e-04 3.283642805712801735e-04 2.959711302114117104e-04 2.759531971602022325e-04 2.692252971523598454e-04 2.742002554055695206e-04 2.894341979243516931e-04 3.149754248819183842e-04 3.462307523388869325e-04 3.816208188089172029e-04 4.210263748673401490e-04 4.628355831488825721e-04 5.066304139564561286e-04 5.504425005722347582e-04 5.860712396275199413e-04 6.127514633839048442e-04 6.288985158375825233e-04 6.307895984084350895e-04 6.187684342402293954e-04
5.629289305209833746e-04 5.304258781571950234e-04 4.899014864650458149e-04 4.419196346572146217e-04 3.941885885885544833e-04 3.487138909980043878e-04 3.073608818820459162e-04 2.769505857418412434e-04 2.578913374146294410e-04 2.508574355819629146e-04 2.533344848054065648e-04 2.638100545905963223e-04 2.800763060201033887e-04 2.991496619260785293e-04 3.222434355033341308e-04 3.514973858824208377e-04 3.881332657723456786e-04 4.304185669455607680e-04 4.794844301128050918e-04 5.251169703782183765e-04 5.627804187324410030e-04 5.880267258046585187e-04 5.950588638964778802e-04 5.863925398125826877e-04
5.178515173570985130e-04 4.885551588423707892e-04 4.505546948009762302e-04 4.059323908311898016e-04 3.626668991123141558e-04 3.213355047725085806e-04 2.844970635376276166e-04 2.574315909820525431e-04 2.393402365713891014e-04 2.306639440612060648e-04 2.291198808455214544e-04 2.335061589667726848e-04 2.411223854870417826e-04 2.505310707194090248e-04 2.639534443728192882e-04 2.837825145107608746e-04 3.129726018887738588e-04 3.501154720285497833e-04 3.978762809308252304e-04 4.470096530707084624e-04 4.917686406058321188e-04 5.255404275077772388e-04 5.393121607757823521e-04 5.366923721046792809e-04
4.540041548754849264e-04 4.305368980255998182e-04 3.976827694507420051e-04 3.588142539340777011e-04 3.221803899793592796e-04 2.871583723046711189e-04 2.562591434610140650e-04 2.332217100959883393e-04 2.167814652077930339e-04 2.064187188751963103e-04 2.000822013246697712e-04 1.976078458862688333e-04 1.972669126983962761e-04 1.991679995550619153e-04 2.050760455825331632e-04 2.160238723602245594e-04 2.366983686902086556e-04 2.676290092604286549e-04 3.103039922088547914e-04 3.564464513815640253e-04 4.018092332559448205e-04 4.412126856365424584e-04 4.624281302202269336e-04 4.665589931014096480e-04
3.570697800542652739e-04 3.422345837639079440e-04 3.202701993185227817e-04 2.935240165632399599e-04 2.681369604921214752e-04 2.438086162580580191e-04 2.220158223255829476e-04 2.043403135836491583e-04 1.898324965307074950e-04 1.775886912833096829e-04 1.664566808835982214e-04 1.569560728957357322e-04 1.492990232466912556e-04 1.452697432801791665e-04 1.452508141838016029e-04 1.500605709221727478e-04 1.637823642341661688e-04 1.869589760681256651e-04 2.205387889942737726e-04 2.575245224917221661e-04 2.946353671499519480e-04 3.298077640994949346e-04 3.527790557429928003e-04 3.621919150841273311e-04
2.124416459228887241e-04 2.073866393162624149e-04 2.004005778928043215e-04 1.917294739202699374e-04 1.830276390488914896e-04 1.746004982276576324e-04 1.666996676154882534e-04 1.581333475108226069e-04 1.482526551875539261e-04 1.366526319093275363e-04 1.237476035171752062e-04 1.100806373611286538e-04 9.707411038070358651e-05 8.831737353809325356e-05 8.358450021451312585e-05 8.478662343574920341e-05 9.306744976774418876e-05 1.068970817066929827e-04 1.280423913303692645e-04 1.510967600129854119e-04 1.724911094681718445e-04 1.914788191862301062e-04 2.049450982837132233e-04 2.125983036425041386e-04
2.956789984638228622e-05 3.470905104529324581e-05 4.311728076556846931e-05 5.436109847500370830e-05 6.560820248000137926e-05 7.634598274823322988e-05 8.591950115206989076e-05 9.036342339943706752e-05 8.901090952060600886e-05 8.163653303513457467e-05 7.022116258294355861e-05 5.565051419111522753e-05 3.975483625750102402e-05 2.792861936277328547e-05 2.013977863597137777e-05 1.799425615597385761e-05 1.969611431579245748e-05 2.304076516755262639e-05 2.886414751752321460e-05 3.335030463501736399e-05 3.439131213687063435e-05 3.151263908473798291e-05 2.874736130908411331e-05 2.791436835840895484e-05
-1.706447127099549785e-04 -1.572944990997115805e-04 -1.370875938710771355e-04 -1.096149323601237560e-04 -8.046503737600300488e-05 -5.190981451902656086e-05 -2.487578085594855369e-05 -5.029325805475806120e-06 6.667271226243574607e-06 8.257815985063969428e-06 2.185207985929875642e-06 -8.780058678698324709e-06 -2.306087682892876226e-05 -3.532618126475851341e-05 -4.537605743274523962e-05 -5.281512780852372162e-05 -6.056250861013546730e-05 -6.998661610129295219e-05 -8.301727964435591132e-05 -1.007434429316329615e-04 -1.215982578315339519e-04 -1.447874655002094591e-04 -1.623682402957946026e-04 -1.724872325148505304e-04
-3.377625986157031454e-04 -3.198226296687660094e-04 -2.930448762475800373e-04 -2.569524925647703999e-04 -2.181598303167665647e-04 -1.793485191897534908e-04 -1.415625124089867125e-04 -1.110967750559245049e-04 -8.900567559913068183e-05 -7.855130593788724777e-05 -7.793324760609128435e-05 -8.328926921575988216e-05 -9.335914980628660963e-05 -1.047438145574865892e-04 -1.175704594899046898e-04 -1.319984846326060785e-04 -1.502537192528080687e-04 -1.729187064105179854e-04 -2.030490082297735659e-04 -2.378702042212278711e-04 -2.734019254310608238e-04 -3.068329003434203616e-04 -3.295486704075531307e-04 -3.414890209557265165e-04
-4.758813056260215537e-04 -4.551118954611628074e-04 -4.235236079661972735e-04 -3.822023842112571537e-04 -3.387884047800501048e-04 -2.947424554636800817e-04 -2.515483677159079459e-04 -2.161296822809434569e-04 -1.893104146197623669e-04 -1.728641829570533197e-04 -1.656330498755550389e-04 -1.654574180114917520e-04 -1.713999452777938961e-04 -1.819935472340946856e-04 -1.976865378206747726e-04 -2.185095361498572359e-04 -2.459950845380351470e-04 -2.806234113116831989e-04 -3.236920737301401474e-04 -3.685632871224036808e-04 -4.117268993388004876e-04 -4.497307780746027592e-04 -4.732888318701682757e-04 -4.827578292103442683e-04
-5.855601396291755696e-04 -5.622008675792047709e-04 -5.274720131427358899e-04 -4.831248301863906927e-04 -4.376751722508104032e-04 -3.922104033162539705e-04 -3.491357363250392276e-04 -3.148337864286005578e-04 -2.890268790684319866e-04 -2.711594793194678347e-04 -2.602545866959165319e-04 -2.565420692942470011e-04 -2.597494540999807991e-04 -2.700878236405762243e-04 -2.879000117729976749e-04 -3.137853429481171890e-04 -3.482873445558307742e-04 -3.909878679418982866e-04 -4.409251547831634973e-04 -4.890948283566422077e-04 -5.334571880778293373e-04 -5.705492256344751358e-04 -5.913732173500862435e-04 -5.963929303114154194e-04
-6.743873118759080533e-04 -6.474452476544177715e-04 -6.100132837895043359e-04 -5.630462790549092692e-04 -5.157856040178631198e-04 -4.703568567603679538e-04 -4.297049254452554672e-04 -3.985019983756586193e-04 -3.753605834897901059e-04 -3.590239896951936721e-04 -3.482346093201765629e-04 -3.438299308999640783e-04 -3.463700479334531381e-04 -3.574903865039339682e-04 -3.771759951402732383e-04 -4.070507100981957940e-04 -4.463733158654275266e-04 -4.932729043488185989e-04 -5.459669440683062201e-04 -5.945812383785987120e-04 -6.376069198779948282e-04 -6.714581432976325431e-04 -6.883855534362056262e-04 -6.893918771621409093e-04
-7.443329202282015838e-04 -7.139250317950071850e-04 -6.739069264614645609e-04 -6.253153241182520796e-04 -5.781171123591893977e-04 -5.345978671582047714e-04 -4.974136479311881296e-04 -4.695262161329704655e-04 -4.492667661659394802e-04 -4.351746480605519227e-04 -4.257116469592135276e-04 -4.218256745456027182e-04 -4.246829931418825456e-04 -4.373433723871754885e-04 -4.596604731723590151e-04 -4.932768453691893217e-04 -5.361665305632219670e-04 -5.860116594112194186e-04 -6.399116605076817042e-04 -6.871225172850096118e-04 -7.269634622928365653e-04 -7.561127042148880909e-04 -7.680692563250450869e-04 -7.639879143642088486e-04
-7.959434583317708846e-04 -7.612965504375203895e-04 -7.186946228090315344e-04 -6.702047064896640618e-04 -6.253759247656025906e-04 -5.853242876888823960e-04 -5.520391719423219708e-04 -5.269209624769092106e-04 -5.084470775934883625e-04 -4.950780945936618209e-04 -4.862742435660030054e-04 -4.833950239051006256e-04 -4.876533866429103980e-04 -5.026444761251950503e-04 -5.283537227685864779e-04 -5.664255694640576815e-04 -6.130489674870388773e-04 -6.653091243717005427e-04 -7.199359439226228966e-04 -7.652853534322175090e-04 -8.007460915267085961e-04 -8.236354771891079684e-04 -8.298324061228154642e-04 -8.206458579126189304e-04
-8.313122825911293829e-04 -7.936138733037740017e-04 -7.503911558713249538e-04 -7.036276249172227501e-04 -6.613113580857929354e-04 -6.241215533017032248e-04 -5.931631921581970819e-04 -5.684243334468774139e-04 -5.487960151717017265e-04 -5.332633731188899176e-04 -5.235641344552522877e-04 -5.212924057835055611e-04 -5.278212142437565656e-04 -5.463921100392165990e-04 -5.767125827641828885e-04 -6.203740504648566113e-04 -6.712800266985876870e-04 -7.258069312716254173e-04 -7.812297760037670335e-04 -8.249741958297544505e-04 -8.555737239080372361e-04 -8.716920871678304370e-04 -8.727195776963845349e-04 -8.597892325935685550e-04
-8.505906848287331365e-04 -8.125720265311592262e-04 -7.714597716776361259e-04 -7.272824045370417708e-04 -6.864669571118429568e-04 -6.511272891339830744e-04 -6.208690053125080505e-04 -5.942678382796356962e-04 -5.712434275370597159e-04 -5.524401913995724773e-04 -5.418733541122212156e-04 -5.402369054418956502e-04 -5.497347076291860066e-04 -5.732547167347526408e-04 -6.095557225382254455e-04 -6.591195236959778618e-04 -7.135641960472799460e-04 -7.696139662155147615e-04 -8.250131774933269855e-04 -8.662571724577882272e-04 -8.911000553419439483e-04 -9.003818403307020614e-04 -8.970042158951643417e-04 -8.810943973407899541e-04
-8.552930413737135085e-04 -8.224494186808948030e-04 -7.859712304188655203e-04 -7.459218063661429959e-04 -7.069607656943836240e-04 -6.705779850156232125e-04 -6.361373985900275725e-04 -6.042896130723905300e-04 -5.758875630874770064e-04 -5.523570199182757526e-04 -5.399304459454364914e-04 -5.392595573461866128e-04 -5.529375171190075355e-04 -5.824492095948259444e-04 -6.256964332188031915e-04 -6.814906647912320281e-04 -7.389679866449018345e-04 -7.956956160904491825e-04 -8.478922443303227308e-04 -8.840417312820067529e-04 -9.040866723822143765e-04 -9.084187127018622911e-04 -9.011541227516712800e-04 -8.832733476309652040e-04
-8.661419632651771094e-04 -8.428374775540898407e-04 -8.123857766581243098e-04 -7.762101795458578330e-04 -7.369965253691884363e-04 -6.942167748768387960e-04 -6.488701453997900402e-04 -6.071693177973721449e-04 -5.701859683583795566e-04 -5.392930658301621103e-04 -5.228800517863378943e-04 -5.223704380040965082e-04 -5.395796432924054474e-04 -5.735400026652761902e-04 -6.221135423184115170e-04 -6.829761727973141785e-04 -7.425854271398922828e-04 -7.987512391466115814e-04 -8.461308162246241899e-04 -8.781153453299107760e-04 -8.978446813739794467e-04 -9.035781738942834547e-04 -8.983498610969316072e-04 -8.849117395131732983e-04
-8.885306111870287273e-04 -8.759882705232278043e-04 -8.527860650588813679e-04 -8.189495461062762166e-04 -7.751907727975515744e-04 -7.217215468644674848e-04 -6.613870496933670854e-04 -6.059620363481165025e-04 -5.565262437969929060e-04 -5.155929277043847132e-04 -4.937085088368781604e-04 -4.918752051189476679e-04 -5.108341026892986286e-04 -5.471649872450272054e-04 -5.989867012131258953e-04 -6.632436050959784153e-04 -7.237146826366108428e-04 -7.780485679136481172e-04 -8.218774104738338967e-04 -8.534997243116448093e-04 -8.767161978784962896e-04 -8.897380710881505009e-04 -8.945171498421035155e-04 -8.934927961937587804e-04
-9.253798810668383478e-04 -9.200110919674657451e-04 -9.013541654147133294e-04 -8.660430371665371434e-04 -8.145033149959649173e-04 -7.502429324027169158e-04 -6.745364063285185690e-04 -6.025487037769301302e-04 -5.380602968074127759e-04 -4.853413666207120609e-04 -4.557261488153662192e-04 -4.487225407234758461e-04 -4.663252623948753776e-04 -5.028233760450304081e-04 -5.543185156959282763e-04 -6.172523710183878791e-04 -6.762057277135472260e-04 -7.295971580109665219e-04 -7.759159458956459490e-04 -8.147873043066573232e-04 -8.475970202386912122e-04 -8.760050060354312822e-04 -8.996964934029860706e-04 -9.169066472330412434e-04
-9.586207568525040431e-04 -9.523771657376670996e-04 -9.311015414794489948e-04 -8.908944755749449154e-04 -8.335824530987189472e-04 -7.636737109118634263e-04 -6.798573111100753843e-04 -5.985165703717698887e-04 -5.264235321607210185e-04 -4.682661404014168980e-04 -4.347972811633306323e-04 -4.249133058784658554e-04 -4.418285921953217640e-04 -4.777033046830187813e-04 -5.267097872160977435e-04 -5.849233116229767687e-04 -6.412068168158994910e-04 -6.957726772705290393e-04 -7.489703362706468057e-04 -7.981710776060193472e-04 -8.421492192561201399e-04 -8.842362977828609194e-04 -9.206666288061865879e-04 -9.468534476375011725e-04
-9.793093372657552930e-04 -9.674676054049629898e-04 -9.388499447107880687e-04 -8.927353378284621143e-04 -8.323511471340849181e-04 -7.594941774411246085e-04 -6.736811677818891611e-04 -5.925137845096482402e-04 -5.223425107098499196e-04 -4.668584072408217480e-04 -4.362330106429724609e-04 -4.301657722381106827e-04 -4.496448816008452977e-04 -4.847016056539516123e-04 -5.310248437970790329e-04 -5.846039645980602266e-04 -6.385840601802441263e-04 -6.946907926835819459e-04 -7.538313007080046663e-04 -8.111229388939730431e-04 -8.640310201883756244e-04 -9.126111175940487775e-04 -9.496466306447746367e-04 -9.726764528489775102e-04
-9.822117461797941467e-04 -9.616298527654585943e-04 -9.245554587022312282e-04 -8.720060537196073613e-04 -8.093105229598059275e-04 -7.372276717407386841e-04 -6.578380185672860541e-04 -5.871864260250967771e-04 -5.285406631378400822e-04 -4.858299159329243001e-04 -4.672837105124035559e-04 -4.717160362162215446e-04 -4.969854491968117181e-04 -5.326967948646870203e-04 -5.775264655375849081e-04 -6.283799174070315088e-04 -6.805851103730150252e-04 -7.356792415440045665e-04 -7.942743382283739976e-04 -8.510378167145809646e-04 -9.035801217904049828e-04 -9.474677293044428059e-04 -9.744371794772993230e-04 -9.861675098672454624e-04
-9.607653987351084425e-04 -9.343870170879581749e-04 -8.938268868508988333e-04 -8.383984355575568913e-04 -7.762327165808551640e-04 -7.107266535114753611e-04 -6.442021984987204679e-04 -5.883722569181448368e-04 -5.448191784122966442e-04 -5.179843342305191084e-04 -5.127945791272225332e-04 -5.264508267712009019e-04 -5.563347807174957686e-04 -5.933273409984409028e-04 -6.370071040697723123e-04 -6.854027349819506211e-04 -7.339257759771337496e-04 -7.830180760855813202e-04 -8.329046482724366878e-04 -8.796069612714588161e-04 -9.215738250287569761e-04 -9.541388328834440619e-04 -9.703957225159330234e-04 -9.727088131472494837e-04
-9.180166427719914628e-04 -8.892326929992902225e-04 -8.485777466956629734e-04 -7.947026576528503587e-04 -7.385406474744795084e-04 -6.850852695700183166e-04 -6.349017770303515187e-04 -5.953711180209383209e-04 -5.683883555060474180e-04 -5.562111359238736423e-04 -5.604636426811838556e-04 -5.794296238087048986e-04 -6.113097194889567871e-04 -6.482608843760939536e-04 -6.894681298389815187e-04 -7.333040181701095664e-04 -7.752636739538071439e-04 -8.154729097590271468e-04 -8.534817982997653860e-04 -8.866658607550817082e-04 -9.146001981373334767e-04 -9.347303978187380654e-04 -9.415073949395171352e-04 -9.356359138408610384e-04
-8.567630970334346417e-04 -8.275809446795434274e-04 -7.904260976765340677e-04 -7.455813483299968342e-04 -7.026552451392896730e-04 -6.645678452986082587e-04 -6.315154700452901533e-04 -6.082001117255000922e-04 -5.959927798839555332e-04 -5.943833457794098565e-04 -6.036332889557640595e-04 -6.243398980022320504e-04 -6.553018930785409766e-04 -6.896432260128325647e-04 -7.262731605880934317e-04 -7.631846933871537682e-04 -7.962018232170827879e-04 -8.259395530974064517e-04 -8.511951735700360681e-04 -8.700799712038672761e-04 -8.831670843132876031e-04 -8.904942924267687018e-04 -8.890260997402318162e-04 -8.777128947905133869e-04
-7.823717616625766721e-04 -7.546371243088738009e-04 -7.244156440106862055e-04 -6.937810739319872451e-04 -6.668904481328931594e-04 -6.430556914694694802e-04 -6.236408988200589209e-04 -6.123221081023319870e-04 -6.089605704105017885e-04 -6.126682813613280312e-04 -6.242839841206248349e-04 -6.449752641269050233e-04 -6.730862834375921219e-04 -7.023989336069811316e-04 -7.324963497624131662e-04 -7.615898036263180678e-04 -7.860774601090749067e-04 -8.065474357917129522e-04 -8.217335009259262284e-04 -8.298644204149818347e-04 -8.316160123082751415e-04 -8.277590950857243021e-04 -8.189281135948422085e-04 -8.045637309715480490e-04
-6.938340179641388009e-04 -6.707222851005780265e-04 -6.506095609971659487e-04 -6.355547282486421427e-04 -6.242633064758814666e-04 -6.142449196244356398e-04 -6.062318878970533427e-04 -6.028742947829106346e-04 -6.043231812423163285e-04 -6.105820237579401982e-04 -6.230668291175101361e-04 -6.422461231009331641e-04 -6.661962569825450285e-04 -6.893570620427945470e-04 -7.117987974341608362e-04 -7.329334368030353221e-04 -7.497333111631064974e-04 -7.617772238725454420e-04 -7.684703040553178630e-04 -7.681587949490627535e-04 -7.608863151756939261e-04 -7.473824636052238662e-04 -7.319516257367560293e-04 -7.152989978666460377e-04
-5.893555937057054321e-04 -5.761185776326058390e-04 -5.692254151591111082e-04 -5.691579215197001057e-04 -5.713200283132236715e-04 -5.736978975048188023e-04 -5.744277041754579285e-04 -5.753271263222995606e-04 -5.788658815300913498e-04 -5.859649493807747491e-04 -5.977630487662775449e-04 -6.137187730686340320e-04 -6.321367424934657385e-04 -6.488052140867402173e-04 -6.640156533248249083e-04 -6.775988855329164850e-04 -6.873476623327378536e-04 -6.926954089396679436e-04 -6.928919067874316591e-04 -6.859818240152621696e-04 -6.720636019025118604e-04 -6.511009493769410452e-04 -6.291758796534965750e-04 -6.083520215427332470e-04
-4.870979526971317710e-04 -4.827492164297386961e-04 -4.859481717362288517e-04 -4.951845794426125652e-04 -5.047107095429337505e-04 -5.141208912091962480e-04 -5.204743123302635853e-04 -5.249497943477562240e-04 -5.308810898533506458e-04 -5.390920573982017731e-04 -5.495895764607228650e-04 -5.615520816492302301e-04 -5.741105170548200382e-04 -5.850920515283454483e-04 -5.946414639289947495e-04 -6.021030882237966408e-04 -6.063363511472361425e-04 -6.076167276437799240e-04 -6.043883102602507331e-04 -5.939751386046978731e-04 -5.770411333329814084e-04 -5.528938802852917563e-04 -5.275007074566703683e-04 -5.035431383386070221e-04
-3.949091884407850400e-04 -3.943064557556199591e-04 -4.024552526186167480e-04 -4.155770670101245363e-04 -4.267725073193805283e-04 -4.375202883624474174e-04 -4.466477670206164493e-04 -4.546949081799695489e-04 -4.630143432545763289e-04 -4.722146377881493765e-04 -4.811708318455875321e-04 -4.888993732381443800e-04 -4.956802442480307339e-04 -5.013795255309855215e-04 -5.056725950233776625e-04 -5.082350650626772529e-04 -5.089930374961311021e-04 -5.082462672686847895e-04 -5.046031910238828622e-04 -4.946672198385908660e-04 -4.786977207615525343e-04 -4.556844809000731096e-04 -4.314801430292890239e-04 -4.090458009669398795e-04
-3.210203858083025548e-04 -3.184330245511318171e-04 -3.221913804618181296e-04 -3.298845530726310024e-04 -3.371517307954132771e-04 -3.449502102351766075e-04 -3.545397487675157788e-04 -3.655215584765759648e-04 -3.765029526814771851e-04 -3.864814617137066980e-04 -3.934694757531309790e-04 -3.978069278615517035e-04 -3.995384693055715726e-04 -3.999235584719090710e-04 -3.993373635562010287e-04 -3.984785586050190276e-04 -3.977823577419915282e-04 -3.966951582950895699e-04 -3.950453363923571762e-04 -3.895068587293923031e-04 -3.791426714100168947e-04 -3.630557869024320355e-04 -3.462882218701693066e-04 -3.314176360662048353e-04
-2.610220735243825143e-04 -2.569668227514801374e-04 -2.532418264115466949e-04 -2.509338220314163027e-04 -2.519108196729507622e-04 -2.557087518299368473e-04 -2.637488321998472380e-04 -2.743936238184917090e-04 -2.856761006670006215e-04 -2.952597617969176754e-04 -3.005635370315591984e-04 -3.030635705938204108e-04 -3.017380578305500988e-04 -2.985943007855405254e-04 -2.953232047932064864e-04 -2.928985759241375768e-04 -2.917071777419636075e-04 -2.909041253639710811e-04 -2.909977333555898837e-04 -2.895237081810667122e-04 -2.851523040963876076e-04 -2.776269819581400188e-04 -2.704831914265519834e-04 -2.651559548651117757e-04
-2.052133429589530816e-04 -2.028777547275175861e-04 -1.948569581941629364e-04 -1.834512998365131779e-04 -1.767576113664493431e-04 -1.751744902103077308e-04 -1.792161950062395360e-04 -1.860066397417188902e-04 -1.940728704410860388e-04 -2.018565110820401192e-04 -2.061830311313473654e-04 -2.075526297668973301e-04 -2.049374197915282327e-04 -2.010925469061057081e-04 -1.979642802080799284e-04 -1.956997101556765309e-04 -1.946371497525262433e-04 -1.947422795416135712e-04 -1.960459235961896785e-04 -1.969455281491505182e-04 -1.968760845382097830e-04 -1.966880916079736326e-04 -1.984104320153665612e-04 -2.018689011347569692e-04
-1.522103738427878705e-04 -1.532661151233369356e-04 -1.457882453318763900e-04 -1.300840552414546771e-04 -1.162466667029514840e-04 -1.073331628936117772e-04 -1.039659730400079545e-04 -1.039761473076853727e-04 -1.060182731919200142e-04 -1.099921213690934185e-04 -1.130460889224003826e-04 -1.143298708698576687e-04 -1.136609133642955385e-04 -1.126697911432753777e-04 -1.120825829664873685e-04 -1.116797049163515944e-04 -1.116862232814344396e-04 -1.123967440755046739e-04 -1.131342377187771493e-04 -1.141721457433791882e-04 -1.162786449064716094e-04 -1.218586645496576239e-04 -1.313094598345339477e-04 -1.423585198066963382e-04
-9.631753509772306837e-05 -9.977561513193242376e-05 -9.501874128883980471e-05 -8.063654338916972518e-05 -6.448590191178035726e-05 -5.059614719556653476e-05 -4.076294107190483134e-05 -3.547025511081837939e-05 -3.308375133760500759e-05 -3.360610294233070186e-05 -3.542502259759760142e-05 -3.800040800420708201e-05 -4.137868768113182926e-05 -4.419345078225142651e-05 -4.594279850655303571e-05 -4.674977544595320663e-05 -4.666140501888878104e-05 -4.557031710625549875e-05 -4.302334639697884776e-05 -4.218418525300047503e-05 -4.456056310604208112e-05 -5.350327934146756575e-05 -6.765290113352227591e-05 -8.320548482159076538e-05
-3.702010330026398073e-05 -4.252053050687645131e-05 -4.012466103089450917e-05 -2.906318057376843463e-05 -1.495672824233481862e-05 -4.481647040888123325e-07 1.249544516113448815e-05 2.073720837883419188e-05 2.519855883734499577e-05 2.637545257018330538e-05 2.464086131533968670e-05 1.962315295196124487e-05 1.194356572299266443e-05 5.965496058236145787e-06 2.522171191347776870e-06 1.917416792304454118e-06 4.282252312798854854e-06 9.356525233418359379e-06 1.697752408261699869e-05 2.109130566863878206e-05 1.984260039911098995e-05 9.876086528229288881e-06 -5.692115130900250050e-06 -2.246797589477127758e-05
