2.399209095804569810e-05 4.717771567422056198e-05 8.955569591096967084e-05 1.596143238580013772e-04 2.337562387881786591e-04 2.956273616027476031e-04 3.203653222766159026e-04 3.160114267179281304e-04 3.101084802544913600e-04 3.134836481706267434e-04 3.386140490095551972e-04 3.788315570013621805e-04 4.526469858185995661e-04 5.087941904940334378e-04 5.116736423660336614e-04 4.519478607264636964e-04 3.660703259760314564e-04 2.755296789564434193e-04 1.831891405111289609e-04 1.069780486477495162e-04 5.000962852542947172e-05 2.088605381218887265e-05 1.277275887880797121e-05 1.478938151419347745e-05
7.313326171986818218e-05 1.024087032154393970e-04 1.489828478022313634e-04 2.170101331670821359e-04 2.818039611582065854e-04 3.309810280381713884e-04 3.521228923107193602e-04 3.587743917289757181e-04 3.678689137069061249e-04 3.851628955854449797e-04 4.160168778072181992e-04 4.564612698455000226e-04 5.208109022887098078e-04 5.673656123043750764e-04 5.679105150265848856e-04 5.079489608709799328e-04 4.140170914999777643e-04 3.094569370520776960e-04 2.067791845801113205e-04 1.318009881602105911e-04 8.061737876492096160e-05 5.768945294834014015e-05 5.288898203176503528e-05 5.837879323486351178e-05
1.296331782519492902e-04 1.632004110787156192e-04 2.121726945673492199e-04 2.750780602830012992e-04 3.261406726492383293e-04 3.582405549087645672e-04 3.705612365788297602e-04 3.821510872575399056e-04 4.001760339603472553e-04 4.311520337178345900e-04 4.733230488720333137e-04 5.195877765063704450e-04 5.746527604880674166e-04 6.063838201194125376e-04 5.993630179672804420e-04 5.410038882473467391e-04 4.479252338837388242e-04 3.382531216354907984e-04 2.327011600394633239e-04 1.649743192402586278e-04 1.255939807492166636e-04 1.103508800280620045e-04 1.058231253486081815e-04 1.117460173397351135e-04
2.066775360349645710e-04 2.393296498968060335e-04 2.832201741572111021e-04 3.369017891095200425e-04 3.768827396508788352e-04 3.967797604536619995e-04 3.982696468025931791e-04 4.027528409687846636e-04 4.156860284245499494e-04 4.514428538734028976e-04 5.024999073368147324e-04 5.519757407850952799e-04 5.917623315488024270e-04 6.021581879980579749e-04 5.847041689256786932e-04 5.335587970876187313e-04 4.571886819389922823e-04 3.642575038755498920e-04 2.742677455943713129e-04 2.179588750016794320e-04 1.860748987024689370e-04 1.747657736570309202e-04 1.741993232704374815e-04 1.849481983840881472e-04
2.885559610703976536e-04 3.188127091028129497e-04 3.538682394365377836e-04 3.967427807367450063e-04 4.296019762723870920e-04 4.434808118012751308e-04 4.360902228319585403e-04 4.280312651365813592e-04 4.284600217973086691e-04 4.543990953850563777e-04 4.939069093807706753e-04 5.259803357071847095e-04 5.410415928584799998e-04 5.346885852056857368e-04 5.150317290449633921e-04 4.796629519086778614e-04 4.306618150522062709e-04 3.711295780283093977e-04 3.133223478733983746e-04 2.741607719484674601e-04 2.470289590041033906e-04 2.361303339804770131e-04 2.421058135986608822e-04 2.609656118255083805e-04
3.568459665447344426e-04 3.878782078750136727e-04 4.172696034093486433e-04 4.496045049576168854e-04 4.727059541605775563e-04 4.779306130886058161e-04 4.617143728952624701e-04 4.438589028537232527e-04 4.345288682348191073e-04 4.428168800581562428e-04 4.523631952641561410e-04 4.486219551466866370e-04 4.345347657474921458e-04 4.209989274385087595e-04 4.087052676353042022e-04 3.948866199840964509e-04 3.752354975405256194e-04 3.510832376769201096e-04 3.305000903808790608e-04 3.165878824681681025e-04 3.023103062231094484e-04 2.936145224411337959e-04 3.016145411593141538e-04 3.240678715945776930e-04
4.330986791352009089e-04 4.755736146185107305e-04 5.089525430577020127e-04 5.253330202702595443e-04 5.215350498855605803e-04 5.044010772959131843e-04 4.776998368125128327e-04 4.541571582126572313e-04 4.342462504442503560e-04 4.146389792076754445e-04 3.841443211830297710e-04 3.423600695632960907e-04 3.072064103715895465e-04 2.960346637246798500e-04 2.967084169717082117e-04 3.058300352707040456e-04 3.116092451708076644e-04 3.135135903637027125e-04 3.205438230397022656e-04 3.338070988060855846e-04 3.446717173416330416e-04 3.518489399577474702e-04 3.658136035265025258e-04 3.913460590271863404e-04
5.118101194241934286e-04 5.602987345156686463e-04 5.912206481639312129e-04 5.879330239365219372e-04 5.595923910682491049e-04 5.258937624031745969e-04 4.972843794711779685e-04 4.731377795567693906e-04 4.427979002249062121e-04 3.945555411218025781e-04 3.319752849474324357e-04 2.679545262889064332e-04 2.230491525231244321e-04 2.122191272556158846e-04 2.198952176446573230e-04 2.464867297092298063e-04 2.716248651852110041e-04 2.881107186322455125e-04 3.039876758110418684e-04 3.301923704571365780e-04 3.623269613883334174e-04 3.947023402403289968e-04 4.260419042391972951e-04 4.616092274912662538e-04
5.695945009286176863e-04 6.058060342221732383e-04 6.159801716734215936e-04 5.955600232122301762e-04 5.660386436788374890e-04 5.391372747567900990e-04 5.223228493470724685e-04 5.016166122414079378e-04 4.648920454693854796e-04 3.928538439149614325e-04 3.038221962979861996e-04 2.231991373077872804e-04 1.684293073104631245e-04 1.520813134003030605e-04 1.609000509093048287e-04 2.015876466564202037e-04 2.451967775642642663e-04 2.753762091214234935e-04 2.929335087590671511e-04 3.186347883409889367e-04 3.585945177239510608e-04 4.121670402734688176e-04 4.663243135696168353e-04 5.173693134402373604e-04
5.533753315138319499e-04 5.554867594136213976e-04 5.329474834524241221e-04 5.078315222507993930e-04 5.052853999639085212e-04 5.116172726895791599e-04 5.249390513345268900e-04 5.204589545145233125e-04 4.918011441947768222e-04 4.117479637858639557e-04 3.074302194888049820e-04 2.151091699600309428e-04 1.522977941956125633e-04 1.319446215802452511e-04 1.408528495794232908e-04 1.893254980103457517e-04 2.466190531987888035e-04 2.921826574361455512e-04 3.160322180694204305e-04 3.333759019425578166e-04 3.592671906565345335e-04 4.045746029608754488e-04 4.614312192239517570e-04 5.163462141523619603e-04
4.553054788557143909e-04 4.330658839406559702e-04 3.974196635263457767e-04 3.806172263221821103e-04 4.027755095077397828e-04 4.383497501001455037e-04 4.830158631377345674e-04 5.037083073771638246e-04 4.937293206989831458e-04 4.236495341166509276e-04 3.234653827736513648e-04 2.326050473710216423e-04 1.702285857507053154e-04 1.524357283894502634e-04 1.654329942708957022e-04 2.170560411443928008e-04 2.815474989553029030e-04 3.424859199360621260e-04 3.820529561304454548e-04 3.945114062144410494e-04 3.957672177029361842e-04 3.988907547331143819e-04 4.180887828959396996e-04 4.450265265845498950e-04
3.258457243141992844e-04 3.030604867445604172e-04 2.781127020374047818e-04 2.729228663629465392e-04 3.025783299251743816e-04 3.501877132885368102e-04 4.170571057637629023e-04 4.618472062483944870e-04 4.694721583975496547e-04 4.171483565026571456e-04 3.377378646496653519e-04 2.649783099091284396e-04 2.117954200377786755e-04 1.974401266044166817e-04 2.154036790419102635e-04 2.690384832849529451e-04 3.375733128984913256e-04 4.107320198028139809e-04 4.652678775526138035e-04 4.744983166559225756e-04 4.527758737273910976e-04 4.037725081633319934e-04 3.637686707773023459e-04 3.411858857775083962e-04
2.237125592729177336e-04 2.122830073204646693e-04 2.096822528975490285e-04 2.172937148017891240e-04 2.415496107601466957e-04 2.832105945506573443e-04 3.590554903666219252e-04 4.255450818826896943e-04 4.513874727971095482e-04 4.193989410826631575e-04 3.646417724247039182e-04 3.159871174122353657e-04 2.768515818003237342e-04 2.647834107072664163e-04 2.822154134174296243e-04 3.388701961463849548e-04 4.189729527817687236e-04 5.075428084038878171e-04 5.670486211074569254e-04 5.596278506778610932e-04 5.101907922821810430e-04 4.187491487030226044e-04 3.305799394329253927e-04 2.607638015201301711e-04
2.030282468870192732e-04 1.941273148867846089e-04 2.047937913884611812e-04 2.247007696485763028e-04 2.479997894156244984e-04 2.830682706825766483e-04 3.567563425323991028e-04 4.293987180530710475e-04 4.609235058576191578e-04 4.372771442265644152e-04 3.950567331016075433e-04 3.605148675161279825e-04 3.331237154129752277e-04 3.238749479173877953e-04 3.369602874615954067e-04 3.894377036346587497e-04 4.705390873500082103e-04 5.596170993230598599e-04 6.131092074165308105e-04 5.917382981384700395e-04 5.259745324621766882e-04 4.262556644671048776e-04 3.337781657811664791e-04 2.518364395342118350e-04
2.231170501579224103e-04 2.129122596878621401e-04 2.330134886920869465e-04 2.662557578112335422e-04 2.945099288153292636e-04 3.288979349870797624e-04 3.940820596357796305e-04 4.542709452627379831e-04 4.728718560590965277e-04 4.459204079188790540e-04 4.115485150401329627e-04 3.864311995948506440e-04 3.700007509237868510e-04 3.666922661591212780e-04 3.785518216708253750e-04 4.147724753374053882e-04 4.695928150980858279e-04 5.318993123874353208e-04 5.773160045821566213e-04 5.651512049129623141e-04 5.062169804133870646e-04 4.209077660423912910e-04 3.463394855632595006e-04 2.744896786047931747e-04
2.973617390940201449e-04 2.914864972181926517e-04 3.114507281713362248e-04 3.478770849948672268e-04 3.801968912955251950e-04 4.109312685674735037e-04 4.438143388312143370e-04 4.568265940524039682e-04 4.388940761990927199e-04 4.007994405857805012e-04 3.755647875464343684e-04 3.634148285445435215e-04 3.636846044588327282e-04 3.715498765606443715e-04 3.860675243950343694e-04 3.997742113353665088e-04 4.105831526658466619e-04 4.252620901078464047e-04 4.561816756413065218e-04 4.742593395174382934e-04 4.574302398400382813e-04 4.155385084539046491e-04 3.740414940168241176e-04 3.315808475699274301e-04
4.006600170291407413e-04 4.083484716438276724e-04 4.222046948244837818e-04 4.453845633691983007e-04 4.647210025366024636e-04 4.726691106148173788e-04 4.534051123159552965e-04 4.085792691210374727e-04 3.545654434782921118e-04 3.098388045404550334e-04 2.956670106569854396e-04 3.006641121249676424e-04 3.229907560768059227e-04 3.458606060552276763e-04 3.655175694420707984e-04 3.663832739113605718e-04 3.487134924114715221e-04 3.281718549178363250e-04 3.379382303266245018e-04 3.735628562073813335e-04 4.003826095204526814e-04 4.089160897210492745e-04 4.053840431205895712e-04 4.013414523676689231e-04
5.112616817328338639e-04 5.334823421922889894e-04 5.421990669547111343e-04 5.447997246190274326e-04 5.355188420957603286e-04 5.050467264228244426e-04 4.325566603346359400e-04 3.433686748275808424e-04 2.667494974993716585e-04 2.202093121277904839e-04 2.132613350777889103e-04 2.315664546932355897e-04 2.746557830045298718e-04 3.137808858257839758e-04 3.398278397313024080e-04 3.370134170789185419e-04 3.079359484811754481e-04 2.692447717844204157e-04 2.554836755120191310e-04 2.868357045518512010e-04 3.354847520098441413e-04 3.877968541586033157e-04 4.307561549631789199e-04 4.736579994726488989e-04
6.305898792962887512e-04 6.696225094460860451e-04 6.816355846027236402e-04 6.578311448171801634e-04 5.986806773101442571e-04 5.131393044375347733e-04 3.985679820961348383e-04 2.918245674287113750e-04 2.078340569194032754e-04 1.621389774546393484e-04 1.580748636311607176e-04 1.812110334281195629e-04 2.348183281598970431e-04 2.864402091717033433e-04 3.219869889308938434e-04 3.226332934885732463e-04 2.920658524996606973e-04 2.503389497980248578e-04 2.183809034808716662e-04 2.282353857084422084e-04 2.696553024369437537e-04 3.533844268355300724e-04 4.540779157847014318e-04 5.525437150754712329e-04
6.884647212476683199e-04 7.371985088804161026e-04 7.515532071907524755e-04 7.119594737609938329e-04 6.239611147802705997e-04 5.089754080626436236e-04 3.826808706014819535e-04 2.813412423169494941e-04 2.013659195223981729e-04 1.567699917711763225e-04 1.502880721081126345e-04 1.688166086614685752e-04 2.177001478849091586e-04 2.690280399144557330e-04 3.081521883417834263e-04 3.112168339937053233e-04 2.817429469457251485e-04 2.447599430628643919e-04 2.111209007485023411e-04 2.119579393892682539e-04 2.467953537106591351e-04 3.437260572670240580e-04 4.719838351161323182e-04 5.932203687228916177e-04
6.600697653385041589e-04 7.069524517378348053e-04 7.120965144855022225e-04 6.713030186434221398e-04 5.951880893691658975e-04 4.914893699866755301e-04 3.780102576421415835e-04 2.904203750331246195e-04 2.228061992459544598e-04 1.809217380539406743e-04 1.669006829499994143e-04 1.757002566584599083e-04 2.119031847090074145e-04 2.521447060284742270e-04 2.840538413961190504e-04 2.877866962282424291e-04 2.666984810209325043e-04 2.417514938565847060e-04 2.189711038699700672e-04 2.285778776741063153e-04 2.746199683385615515e-04 3.703005368891867021e-04 4.794319965610204437e-04 5.767486574065578764e-04
5.468096988689401380e-04 5.701040166318988630e-04 5.611703249933340520e-04 5.394215342529318225e-04 5.092829287126913931e-04 4.528166928402591052e-04 3.757524081082563665e-04 3.090823793697583923e-04 2.574077934365023423e-04 2.198945350208496915e-04 1.995559621319452641e-04 1.982306427271425899e-04 2.173595742741630307e-04 2.377260062913555188e-04 2.514833578171149584e-04 2.508566141298526966e-04 2.430820373461641264e-04 2.383467295598365996e-04 2.449733887798368837e-04 2.831255675353939083e-04 3.512017519939504952e-04 4.290008908559675730e-04 4.803556644712657885e-04 5.134113509226580869e-04
4.318583963304273776e-04 4.254158819423284181e-04 4.131261209822363698e-04 4.162628447399707157e-04 4.217973368379436191e-04 4.041129605271395796e-04 3.613526446039893323e-04 3.157481754552005798e-04 2.765672197465783794e-04 2.446763702337610073e-04 2.254492395102632011e-04 2.198104390182851022e-04 2.261953455363350574e-04 2.291373409749843299e-04 2.250455091925816515e-04 2.164182607863003919e-04 2.184197206931666544e-04 2.336061866283490316e-04 2.700796305395835998e-04 3.288011295621334675e-04 4.019890707933503515e-04 4.587007719921571401e-04 4.682308195606697983e-04 4.512867578740042377e-04
3.415357952533063109e-04 3.145892618488067903e-04 3.081762447018448450e-04 3.315831366995540064e-04 3.543272207847600330e-04 3.569611983846038153e-04 3.387631431072526196e-04 3.132043228730464735e-04 2.854970867139315074e-04 2.602962541620433296e-04 2.453356923952667809e-04 2.385385376074278122e-04 2.358537058388716510e-04 2.255647113923919453e-04 2.078171429952413592e-04 1.912884599558387045e-04 1.990706500316405511e-04 2.301835831667136648e-04 2.848985782351415265e-04 3.449742369782217216e-04 4.040587744356362245e-04 4.431317060854027485e-04 4.369495243819324689e-04 3.961182113320118312e-04
2.847388055842752690e-04 2.511668977729768779e-04 2.473064171132160170e-04 2.753514091651878561e-04 3.025581310725520895e-04 3.158179563230002567e-04 3.148323161574193333e-04 3.050943338870284885e-04 2.887336193746806688e-04 2.722017717148843426e-04 2.629988779021261223e-04 2.571733678400599243e-04 2.484225393533274497e-04 2.297335372659195019e-04 2.050714453611912603e-04 1.875200556915281784e-04 1.983699816958310418e-04 2.316343024680144055e-04 2.791298886477308985e-04 3.211914047479782108e-04 3.594468683001029617e-04 3.891690238425530679e-04 3.858902214803264902e-04 3.461818333766409554e-04
2.762601437725017853e-04 2.434223658439439806e-04 2.322710740253937378e-04 2.483544720170336416e-04 2.718607660437792075e-04 2.906378211470862566e-04 3.015885140162547851e-04 3.030101972106301377e-04 2.974324448940273606e-04 2.906359392380004425e-04 2.872929522858698697e-04 2.831802258805219243e-04 2.700560239466635176e-04 2.465646199584576237e-04 2.204958411492514026e-04 2.070316809340382849e-04 2.159321412941763699e-04 2.352685628084584589e-04 2.581027183355052990e-04 2.811238733256810713e-04 3.101666767371528185e-04 3.424750782805284521e-04 3.496712373096833178e-04 3.250519238986343301e-04
3.121338053543425421e-04 2.805707833497668403e-04 2.626693064136685694e-04 2.608855961816390298e-04 2.683398079598494496e-04 2.802824385480989018e-04 2.961927742316407394e-04 3.071723968179464279e-04 3.107758806242528864e-04 3.135655106041093654e-04 3.173857438496703880e-04 3.162891144381045887e-04 3.007176680696458694e-04 2.749728068686288322e-04 2.500462858429316516e-04 2.384100359438646544e-04 2.382934476952439584e-04 2.366343869870307702e-04 2.338937960366292105e-04 2.431155412317698161e-04 2.681866358176250684e-04 3.113953230314533212e-04 3.404535714760073052e-04 3.423104607816125394e-04
3.918093524401401848e-04 3.606584005572098257e-04 3.318519357700320236e-04 3.064414493513769786e-04 2.910476824976464044e-04 2.868260576682044212e-04 3.001361786054101933e-04 3.164020141935334172e-04 3.244052836516382512e-04 3.324781391245243303e-04 3.426461023676122698e-04 3.472521951545758101e-04 3.394937567644499437e-04 3.226719541827772933e-04 3.046898371257033612e-04 2.844331563656438003e-04 2.602353908734976766e-04 2.326552828671493418e-04 2.116102357291013746e-04 2.150376928986888730e-04 2.389993988065210575e-04 2.961549789085542845e-04 3.560511692066212317e-04 3.958772562453766880e-04
4.403116562573176191e-04 4.160998546100078848e-04 3.796233651545309552e-04 3.387614839698003567e-04 3.142041749514234679e-04 3.049687966523566838e-04 3.183784267828759871e-04 3.356975791327219570e-04 3.433580139215319923e-04 3.507136068851615380e-04 3.629798240567295737e-04 3.725412783780871254e-04 3.762453290537324363e-04 3.697355441414509696e-04 3.547124204560063031e-04 3.175483242821491641e-04 2.683155229424881764e-04 2.239990725931419820e-04 1.977859008416708354e-04 2.010460042932532521e-04 2.243824542087218975e-04 2.841327062683040227e-04 3.574232220231156006e-04 4.202920329766348306e-04
4.331994451046731684e-04 4.263204409559745857e-04 3.925675740951892721e-04 3.489288498257202427e-04 3.301634547423813000e-04 3.308697790733738128e-04 3.510816701773093133e-04 3.679041867493992629e-04 3.736718343294357877e-04 3.778975212700131877e-04 3.889866578819488612e-04 4.002281392495880201e-04 4.085064462362024439e-04 4.018075479718211411e-04 3.792422866365145035e-04 3.257932647430020461e-04 2.632715379656015708e-04 2.139648556830329204e-04 1.894916318725884243e-04 1.946544163052901235e-04 2.194356449275195668e-04 2.708961710829667119e-04 3.337421818720308808e-04 3.958148863178218447e-04
3.841135435396048721e-04 3.962567780620212740e-04 3.817659336015351117e-04 3.576393004771843487e-04 3.577134447700358057e-04 3.762689315214073969e-04 4.054507772553477734e-04 4.258798266425159332e-04 4.389513447157495762e-04 4.464720696796058933e-04 4.496726326212670852e-04 4.471565056985698106e-04 4.374969036890736596e-04 4.122708909380706148e-04 3.700976074497652432e-04 3.070760872459603872e-04 2.496012781918553595e-04 2.103724622207137009e-04 1.958767671927267933e-04 2.040287230191587908e-04 2.276460451435732824e-04 2.640463255776455040e-04 3.036399968041995912e-04 3.459129443058351098e-04
3.382351114155590600e-04 3.567521613572885897e-04 3.637238746784038574e-04 3.646472503137735137e-04 3.774443906177651301e-04 4.025923307736327243e-04 4.347669968583480968e-04 4.657802605879947616e-04 4.982268197909620533e-04 5.234039186382025925e-04 5.250026854919292779e-04 5.062895856352597323e-04 4.687118114091809668e-04 4.186862165172689941e-04 3.569045598530626827e-04 2.924065582697905224e-04 2.490161556627056689e-04 2.256349498103303228e-04 2.227028752118404974e-04 2.309258688931417516e-04 2.467659753636934844e-04 2.687665255391689673e-04 2.911667171179585316e-04 3.135029517505193326e-04
2.969837107929525037e-04 3.131510708512452376e-04 3.328618366512119033e-04 3.491750839073005041e-04 3.640984512471795789e-04 3.852420758322902582e-04 4.162525434667920616e-04 4.601327529121931274e-04 5.142370846181699637e-04 5.652397695866979033e-04 5.792924334550200553e-04 5.584380537669086453e-04 5.027630773515896897e-04 4.335241472709236649e-04 3.577203643829711269e-04 2.942131571429899557e-04 2.642554654762868790e-04 2.560701742360396650e-04 2.627411403623085653e-04 2.677657079956407334e-04 2.725591349094913648e-04 2.791836040047099765e-04 2.857070781952536650e-04 2.894233622182584495e-04
2.650713822588134940e-04 2.730778413651346686e-04 2.896247941588298339e-04 3.033627705435905765e-04 3.100432974248996227e-04 3.195996872008931419e-04 3.431366391220039259e-04 3.891233923507777430e-04 4.492783273576298310e-04 5.192180279564898807e-04 5.618730745114213984e-04 5.692704099965159885e-04 5.281655468139287001e-04 4.622250293723661660e-04 3.925821934059089535e-04 3.400860727433825214e-04 3.183539276724901552e-04 3.110758111269741936e-04 3.117455603159968790e-04 3.074893886677894502e-04 3.005221967826001502e-04 2.917433714665988698e-04 2.819702679564241787e-04 2.705759511914527008e-04
2.466292906067889582e-04 2.492744339944769245e-04 2.553655045986511309e-04 2.591406039156068561e-04 2.597534991331551003e-04 2.626840111509375487e-04 2.760599966955506307e-04 3.080923486861896670e-04 3.533901747026568850e-04 4.167581471958526577e-04 4.722242587084515635e-04 5.063265009704442498e-04 5.011605728755781988e-04 4.703730321679689763e-04 4.364170325352412444e-04 4.101796684296384532e-04 3.925778448336034849e-04 3.730301022890400832e-04 3.526929501300990998e-04 3.331589332457387826e-04 3.138023905981279131e-04 2.924083167441092631e-04 2.714640863501184770e-04 2.540138297481250623e-04
2.383224501810664558e-04 2.383638342832020466e-04 2.367565791309361267e-04 2.350120459685118397e-04 2.356862422660684054e-04 2.381198092694089606e-04 2.420069651032959320e-04 2.553002564435749512e-04 2.809563140574318735e-04 3.210948730228120954e-04 3.608413380610005087e-04 3.931177756678136273e-04 4.186470945987022627e-04 4.410558659331910761e-04 4.608300379423374950e-04 4.702885431101569663e-04 4.576479311138318068e-04 4.266614526950735929e-04 3.841549171518139627e-04 3.461872008337384989e-04 3.112854532261438018e-04 2.800534589513356456e-04 2.566486121055470211e-04 2.418529260985498178e-04
2.451928471720007702e-04 2.480670112841098585e-04 2.472087716367811733e-04 2.461014910475417474e-04 2.496004537208246330e-04 2.558407249072472021e-04 2.595003836550647679e-04 2.625808962822317517e-04 2.710713391798111977e-04 2.787975284372392324e-04 2.827907363805076181e-04 2.882355710288442394e-04 3.190087970209540291e-04 3.754419024851475529e-04 4.337686188254895065e-04 4.718375530827838521e-04 4.687295785950710289e-04 4.396230461008944121e-04 3.876722984317541192e-04 3.374300068636268543e-04 2.939260523236711842e-04 2.640182357206630193e-04 2.490030955991671198e-04 2.424550105652625951e-04
2.684453874072314800e-04 2.776886977726604000e-04 2.841266418394666629e-04 2.863038706920026139e-04 2.902719817209609122e-04 2.995035229722203883e-04 3.116751269472351946e-04 3.171444454915280510e-04 3.150207300521528481e-04 2.988427854187097887e-04 2.783562069479934126e-04 2.632707216360020584e-04 2.740382846977202540e-04 3.144202050236204649e-04 3.652182970288751817e-04 4.090169304468165468e-04 4.193259812424632738e-04 4.047310383374897835e-04 3.618178203708528017e-04 3.176602570103838319e-04 2.846972728397366859e-04 2.688894579327543452e-04 2.641416203008683595e-04 2.624614392073793077e-04
3.034397199722831465e-04 3.192761689545400394e-04 3.332342890989896085e-04 3.384597677364268339e-04 3.422005154438043074e-04 3.537268150826445071e-04 3.743866472021087897e-04 3.828938491752886071e-04 3.708050529107198979e-04 3.376535449605442348e-04 3.058992437123592058e-04 2.834955020765557681e-04 2.692827407764763212e-04 2.704520894647552301e-04 2.905601706355947209e-04 3.284652296041751978e-04 3.521061449624937026e-04 3.519376309260354579e-04 3.245748880521410465e-04 2.996131044004972052e-04 2.903021421003251995e-04 2.935232915821122030e-04 2.957896303241562834e-04 2.957242270554028300e-04
3.638344911892933404e-04 3.725997260658273492e-04 3.830058632328186782e-04 3.949228619782383233e-04 4.122911979934174649e-04 4.365544038874956271e-04 4.635703591132106396e-04 4.722472501160246460e-04 4.596965929250202776e-04 4.241675490705029651e-04 3.836686211435858256e-04 3.459534818110010621e-04 3.024229794641311109e-04 2.678459561011205378e-04 2.557445106633018700e-04 2.785992180723140927e-04 3.088875172096414200e-04 3.249546461141392074e-04 3.258856745800386263e-04 3.271401751415249962e-04 3.347862688490958207e-04 3.463089356093880652e-04 3.543633633862251450e-04 3.590163015942446747e-04
3.880045861127288877e-04 3.784361129547778621e-04 3.766199668829981113e-04 3.920126415279560970e-04 4.207434296234805696e-04 4.520656017836147231e-04 4.788865312747919364e-04 4.921469171596465700e-04 4.959196191926237623e-04 4.799061365543657383e-04 4.404978172122137330e-04 3.867902779746392665e-04 3.256034372881562531e-04 2.834317410797681938e-04 2.622867528786288274e-04 2.743288857403978088e-04 3.066836964985548259e-04 3.428992910419335254e-04 3.786813570693328300e-04 3.986969776720813464e-04 4.021294928484894348e-04 3.973937204778060046e-04 3.968208000280386478e-04 3.961062934426079051e-04
3.417496534386080427e-04 3.172739430013983455e-04 3.066619844460739320e-04 3.161485892916625416e-04 3.340518673144906030e-04 3.502430435876390598e-04 3.709531718580775573e-04 3.991554638056131065e-04 4.296099362432119310e-04 4.497720116729650333e-04 4.344158834384419829e-04 3.876775268187415257e-04 3.251914455508002040e-04 2.851776894904804001e-04 2.647417715194660764e-04 2.722074617206932589e-04 3.093484348796374348e-04 3.684321458418543527e-04 4.373301547872002443e-04 4.699170553641466241e-04 4.629461519423278015e-04 4.284375574011226994e-04 3.983983627127235202e-04 3.714774853218151193e-04
2.123010340966585740e-04 1.894966091994094136e-04 1.816460834091503703e-04 1.760933971069263311e-04 1.586873063666795777e-04 1.373667894986793083e-04 1.408462553616620456e-04 1.812813649106126467e-04 2.340095962717893784e-04 2.952376253682671052e-04 3.320522065099782783e-04 3.372755818771587598e-04 3.105076613072158703e-04 2.837239760287049543e-04 2.679831266137373564e-04 2.756295585350281236e-04 3.170072453132990347e-04 3.832197326494092581e-04 4.549537729854476425e-04 4.789981111806480320e-04 4.569289097459991282e-04 3.913004269904863958e-04 3.216012286574752507e-04 2.584399116857685015e-04
8.631350025922557647e-05 7.608663602673432095e-05 7.688254055572889495e-05 6.279849748025054766e-05 2.255573842697590069e-05 -2.170260969591079978e-05 -3.409457585411762104e-05 3.867886840522935662e-06 6.246548964977482023e-05 1.432166605187542132e-04 2.194504303138912580e-04 2.807580480455464751e-04 3.021082947602014238e-04 2.912620605029393327e-04 2.758375275756395559e-04 2.780225197737606554e-04 3.106534901365217371e-04 3.558214325482039406e-04 3.974808663843987081e-04 3.990413283687208761e-04 3.643514780334507230e-04 2.874474586136172710e-04 2.031048338907482677e-04 1.288793152236571919e-04
5.440635054029348366e-06 3.654805315626636715e-06 8.960613993205483057e-06 -2.181657257099133419e-06 -3.817830125587626239e-05 -7.829169726612398910e-05 -9.583208216774373261e-05 -6.597902313938535919e-05 -7.148805694030494634e-06 7.454122714195399852e-05 1.586623827914960714e-04 2.445224400886050449e-04 2.975247589222030959e-04 3.012155881539013095e-04 2.847069841819808338e-04 2.738008474451824833e-04 2.838261105012226905e-04 2.940905170972660460e-04 3.004326146390206686e-04 2.828827317144826038e-04 2.389457637806090815e-04 1.655070481152731720e-04 9.262914653816494077e-05 3.344757571130806020e-05
-2.376363900844562726e-05 -1.887553809873483568e-05 -6.359179197124384945e-06 2.130237674471841002e-06 -3.057790356599920330e-06 -1.348489755931041258e-05 -2.501706126196030552e-05 -1.345050331032260663e-05 2.514867967531248522e-05 8.694754533422279939e-05 1.601956996829752885e-04 2.448092870878143708e-04 3.133548394882604911e-04 3.326899411034399683e-04 3.192005880668748251e-04 2.922093979662727633e-04 2.724310393607466576e-04 2.474477841822933510e-04 2.193467773728711089e-04 1.807428610282066448e-04 1.270871709049168307e-04 6.584213398785470359e-05 1.923151195858328720e-05 -1.279920160722936191e-05
-2.426054635552582850e-05 -1.245216355600671561e-05 1.198884673275259555e-05 4.662182578253108657e-05 7.643537506381141173e-05 9.886635379497535673e-05 9.911724373418408728e-05 9.382612776823547789e-05 1.033365517679010238e-04 1.386495435422413470e-04 1.991290297386038969e-04 2.735619580970437780e-04 3.500136347061863018e-04 3.861789556836615900e-04 3.798909136467210198e-04 3.398358918193688702e-04 2.950075512450142786e-04 2.463840623807893814e-04 1.922101834835651516e-04 1.336489918001480229e-04 7.284342148926909886e-05 2.244801205218093147e-05 -6.278073143969859250e-06 -2.223631914472025924e-05
-1.025775097347130713e-05 7.018994328746585657e-06 4.193273661754521074e-05 1.006116834566731763e-04 1.626835406597495288e-04 2.152293359342318706e-04 2.308105494604170466e-04 2.184995688576738123e-04 2.087590431521615432e-04 2.179823111518800600e-04 2.566476201349573126e-04 3.118543803861026343e-04 3.910417249635453167e-04 4.427418618834190944e-04 4.423597274262056674e-04 3.896313794149378735e-04 3.218294713773209499e-04 2.516421633328907786e-04 1.761473496467499543e-04 1.050563427167848610e-04 4.452835231052155421e-05 6.293509089457529303e-06 -9.353621893676976909e-06 -1.404498294946946555e-05
