5.559242920135205678e-05 8.686951666917957864e-05 1.265455476822835196e-04 1.724210716491278417e-04 2.179189105654180387e-04 2.630461223545922395e-04 3.081016497343920177e-04 3.497473383770867915e-04 3.865715274556910446e-04 4.184199525190469881e-04 4.363759792314724070e-04 4.376216605988976494e-04 4.220135186822279185e-04 3.945163952998833505e-04 3.569287156637656168e-04 3.103344700949319489e-04 2.603722764661856449e-04 2.078376837474040959e-04 1.529385151561198346e-04 1.044801422943716549e-04 6.518986581197346920e-05 3.820266012402174751e-05 2.840272236959201347e-05 3.428314384661267805e-05
1.625036496341081846e-04 1.906838384387753616e-04 2.248294105415668185e-04 2.626083363216079368e-04 2.986494892993007359e-04 3.334945236023205070e-04 3.682279247755867796e-04 4.025210004221915013e-04 4.351797008649122781e-04 4.667797009099058101e-04 4.898112743804706451e-04 5.011955044115493823e-04 4.993386197543016932e-04 4.843938235208180079e-04 4.580059546639689608e-04 4.186046039301944744e-04 3.707057716752722751e-04 3.173852006046885116e-04 2.606959944077494730e-04 2.118037759770363888e-04 1.723773159207700738e-04 1.461555278916013077e-04 1.369963197155421141e-04 1.424467470152791001e-04
2.968074393188125629e-04 3.197689184233617815e-04 3.462622205788830798e-04 3.746948963061931797e-04 4.009018706503902733e-04 4.250872347723573617e-04 4.486976294674860735e-04 4.744138242696913739e-04 5.016827682282191427e-04 5.301563713286269698e-04 5.537318155531936780e-04 5.707229182437883672e-04 5.800743774570185250e-04 5.771277575986449295e-04 5.613855487473138305e-04 5.311131445784024680e-04 4.897039279306631592e-04 4.400236327416360486e-04 3.860130429955050432e-04 3.411980328753938356e-04 3.061464431248263080e-04 2.828816448167878733e-04 2.742352564642272484e-04 2.791277798318085568e-04
4.574786309184386817e-04 4.730979898940736801e-04 4.901627421991336820e-04 5.075532093445421326e-04 5.230518040362726372e-04 5.370390089987261409e-04 5.510706795218709222e-04 5.685094792956649256e-04 5.889204409267923034e-04 6.119935768526022727e-04 6.331668373227619098e-04 6.512295266498112399e-04 6.666118645942574125e-04 6.729100591898051634e-04 6.675592933538486689e-04 6.479873782087946198e-04 6.164570363568816404e-04 5.762946975431148307e-04 5.315750240730649986e-04 4.950528957416357612e-04 4.669052768415576427e-04 4.483732390547596688e-04 4.411421166561232368e-04 4.445326160553465258e-04
6.338450617949748043e-04 6.413520575788542091e-04 6.485651474962164480e-04 6.544791334236510537e-04 6.595653518641857692e-04 6.649861131089069037e-04 6.720191905709889391e-04 6.823815743216538445e-04 6.953678209714671439e-04 7.121029660416003859e-04 7.296995881575167164e-04 7.460701780065320853e-04 7.620827337526846689e-04 7.726543893918956865e-04 7.752228580921006291e-04 7.659453602320432774e-04 7.459459154579588160e-04 7.194419766065154095e-04 6.890988379758236811e-04 6.637691392938053657e-04 6.437384661716560007e-04 6.310943414620317311e-04 6.262558202767434887e-04 6.272750648004045719e-04
8.233745117394434447e-04 8.224515564492159998e-04 8.194953960965293280e-04 8.143654967975264567e-04 8.102221188522895374e-04 8.082592162447022402e-04 8.088739521138083597e-04 8.121376429120933478e-04 8.176768976513417494e-04 8.269781420048193847e-04 8.388285829737852526e-04 8.513375305520595043e-04 8.651397963239763900e-04 8.764734402476740457e-04 8.834496707248636884e-04 8.837658229491332160e-04 8.774072136107153490e-04 8.666716130794332052e-04 8.531380883285679057e-04 8.417570390190586525e-04 8.325995313979363439e-04 8.272074008355980541e-04 8.247334232807833820e-04 8.233533553460080194e-04
1.023603645770304734e-03 1.013939229453437096e-03 1.001380101215266051e-03 9.874328353001410145e-04 9.759546037551099402e-04 9.667245563515062829e-04 9.601804180294174363e-04 9.560921223979196738e-04 9.539452557199525800e-04 9.542407922632709094e-04 9.575922878204074298e-04 9.637032867211187430e-04 9.725005455885314416e-04 9.814928282983858675e-04 9.899229661861357228e-04 9.988103698895902435e-04 1.007005887138276521e-03 1.013107056537562462e-03 1.018311061096502683e-03 1.023699435986429995e-03 1.028435509922068182e-03 1.031917523035208711e-03 1.032362674822997388e-03 1.029778458319356065e-03
1.209721636596521347e-03 1.193319805863302498e-03 1.174039548687034378e-03 1.154413181637805241e-03 1.137002776459540999e-03 1.120130040496796235e-03 1.105009370685905044e-03 1.092453608567865329e-03 1.081519304386675774e-03 1.072056465701118561e-03 1.066656717510479011e-03 1.066333927255737725e-03 1.070992976145637406e-03 1.079363109928907407e-03 1.091115862646382636e-03 1.108450162620458739e-03 1.129086622615257159e-03 1.150066518563087371e-03 1.172033852376630709e-03 1.192234670314993531e-03 1.209106985885197204e-03 1.220456362258941132e-03 1.223895125193252267e-03 1.220821820102106423e-03
1.375921543435954224e-03 1.355552119154462224e-03 1.332320553908175088e-03 1.308663344211981458e-03 1.285847461506685850e-03 1.261858733091001565e-03 1.237838950326879258e-03 1.215643862687238027e-03 1.194750261967766555e-03 1.175525324425405341e-03 1.162538744266191932e-03 1.156946576635200152e-03 1.159508926247991784e-03 1.170175520726285737e-03 1.188169497895093848e-03 1.214447318134561455e-03 1.245599359243402182e-03 1.279532620107707262e-03 1.315493541569416093e-03 1.346892680975407715e-03 1.372287116599370162e-03 1.389362697379736529e-03 1.395126875333415999e-03 1.390896285527611076e-03
1.516961631239639599e-03 1.494984581916264941e-03 1.469946823851659822e-03 1.443013381049367558e-03 1.414830938042352729e-03 1.384450032338058840e-03 1.351211492894188520e-03 1.318261489169203667e-03 1.287307915358220766e-03 1.259957973876517324e-03 1.242154914724178218e-03 1.234272618819289014e-03 1.238534193178888370e-03 1.255081412352241450e-03 1.281738427505398634e-03 1.318148030634530392e-03 1.359263341037339522e-03 1.403759273150223010e-03 1.450073728300336345e-03 1.488815630387179409e-03 1.518416719383430293e-03 1.536714850994739742e-03 1.541657750842620597e-03 1.534723471761927690e-03
1.636234184670952441e-03 1.611274403954080685e-03 1.582840493464853036e-03 1.551106478544092169e-03 1.516773570212201798e-03 1.479901480135161493e-03 1.438609974520205182e-03 1.397583154864956998e-03 1.360262622128055989e-03 1.328972634521924032e-03 1.310425484427988653e-03 1.304534344427636574e-03 1.313893465248502489e-03 1.337808233421954951e-03 1.373452860397482260e-03 1.420343739986447461e-03 1.471289709449941259e-03 1.524377320730297075e-03 1.578210209302013901e-03 1.621629521082060396e-03 1.652312002568258721e-03 1.667898886144717190e-03 1.668823318382277624e-03 1.657588449087111018e-03
1.740111700333313608e-03 1.709958909280349720e-03 1.675918567423904503e-03 1.637993640800832883e-03 1.596939866918979222e-03 1.553006192244104321e-03 1.505319717973869565e-03 1.460102477645061972e-03 1.420301381238946560e-03 1.388464774410393945e-03 1.372073991922173218e-03 1.371074466373669188e-03 1.387042507943597779e-03 1.418447115145430931e-03 1.463201643971609673e-03 1.519952065276374562e-03 1.579362934284203558e-03 1.639676465215682234e-03 1.699331317193178079e-03 1.745400858151126581e-03 1.775137551611970926e-03 1.786631834579447114e-03 1.782802274573723998e-03 1.766531290431121648e-03
1.828862782764493740e-03 1.792731404147788902e-03 1.751765336762674784e-03 1.706367922146873268e-03 1.658500040711148246e-03 1.608411977721365804e-03 1.556862274000998542e-03 1.510856490657796819e-03 1.471971273904205176e-03 1.442696177053814357e-03 1.430425597360129603e-03 1.435134780594061630e-03 1.458071201999028852e-03 1.497065428950887945e-03 1.550146841998173951e-03 1.615904306407435053e-03 1.682927521252165857e-03 1.748824187623649207e-03 1.810401173292610841e-03 1.855240326618843487e-03 1.882395395951552827e-03 1.889889475005070932e-03 1.881482748645730337e-03 1.860405518114641773e-03
1.909159275667779085e-03 1.869109978380176880e-03 1.822745137425432326e-03 1.770679352097291690e-03 1.717229262124917062e-03 1.663219148124284175e-03 1.609703070582852802e-03 1.563715713711143381e-03 1.526547911758534834e-03 1.500576165695047086e-03 1.492251955374315894e-03 1.501349273110868035e-03 1.529645081907581895e-03 1.574529474882983490e-03 1.633355520073703250e-03 1.705287551609712543e-03 1.776909838299150493e-03 1.844586135614757760e-03 1.903934246245323533e-03 1.945320757383890362e-03 1.969916728739351357e-03 1.975763572761414424e-03 1.965819288059409385e-03 1.943028461720070887e-03
1.982956522406495361e-03 1.940574022332721641e-03 1.890395123693072721e-03 1.833051552829830779e-03 1.775215708790557189e-03 1.718479998248824501e-03 1.663809032967370838e-03 1.618266620259484981e-03 1.583242750800191662e-03 1.560812731236491677e-03 1.556485124022152821e-03 1.570020809994764066e-03 1.602562778431998848e-03 1.651060648195052305e-03 1.713354636293314961e-03 1.788199530390110819e-03 1.860174169028223521e-03 1.925383377391923180e-03 1.980471237614204929e-03 2.018589075721361360e-03 2.040809918255829646e-03 2.046642270922274624e-03 2.038241946073025140e-03 2.016819042120857140e-03
2.055310281885606299e-03 2.011381845925794276e-03 1.958234270226501435e-03 1.896803617896323374e-03 1.835451155800248450e-03 1.776027909784680002e-03 1.719955190636332032e-03 1.674927072247819372e-03 1.642086935129966150e-03 1.623253989347547312e-03 1.622986220523235830e-03 1.640983747133148473e-03 1.677958329346309349e-03 1.729251414389477168e-03 1.792598391169214706e-03 1.865135485576693841e-03 1.932276969099150452e-03 1.992024706341156796e-03 2.042522577789742007e-03 2.078756311865653274e-03 2.100910604222110817e-03 2.109949463913871146e-03 2.105964539782064632e-03 2.088022372385645899e-03
2.129740552298318382e-03 2.084578243264065701e-03 2.028832167041852517e-03 1.963989045679591806e-03 1.899432122358730947e-03 1.836802422758508115e-03 1.778306579396095018e-03 1.732870076219990025e-03 1.701261442029187694e-03 1.685139355471903643e-03 1.688103565908490684e-03 1.709695311144182692e-03 1.750821268140116509e-03 1.804047015111511680e-03 1.865987734502305272e-03 1.932916163611904208e-03 1.993922870081803883e-03 2.049098639159760774e-03 2.097442248864778754e-03 2.134823493573262225e-03 2.160866860058344423e-03 2.175871081985760423e-03 2.176601667431251556e-03 2.161681718754327255e-03
2.202364907470736200e-03 2.156919835795385789e-03 2.099526369483595625e-03 2.031973242088744736e-03 1.964665673108738440e-03 1.899283335489501505e-03 1.838143181700332713e-03 1.791402105745613970e-03 1.760128786490841547e-03 1.745700519088058547e-03 1.750758816635296540e-03 1.774806888346520560e-03 1.818347401535924624e-03 1.871170065407189338e-03 1.929368782380680956e-03 1.989986570481824552e-03 2.045790293506374175e-03 2.097325888027490228e-03 2.145171147813105909e-03 2.186079933195287164e-03 2.218392403850118298e-03 2.240378540794908755e-03 2.245477711340007360e-03 2.233233056904888186e-03
2.273123713349237910e-03 2.228213099526563795e-03 2.170235617571911104e-03 2.100701130897371025e-03 2.030819508414699777e-03 1.962817509682391725e-03 1.899192017914047700e-03 1.850779614412491683e-03 1.818695609731730547e-03 1.805305812867549634e-03 1.812027706699183022e-03 1.836967976523923253e-03 1.879211389806937152e-03 1.928165080648602293e-03 1.981213326283880454e-03 2.035855143562434553e-03 2.087674451959974954e-03 2.137700207785407126e-03 2.188026452800699746e-03 2.234611312873143255e-03 2.274013454863201434e-03 2.302812058485653388e-03 2.312176487639057160e-03 2.302584017241484596e-03
2.331928931945366837e-03 2.288178163847185472e-03 2.230488208074425834e-03 2.160102609247630326e-03 2.088818558789798385e-03 2.019324909221384239e-03 1.954348233645839938e-03 1.904853077906988124e-03 1.871767717515986171e-03 1.858404694559662737e-03 1.864691667741981852e-03 1.887291981210768811e-03 1.924274019251246987e-03 1.967055634768731173e-03 2.014707727779771040e-03 2.064786629471954040e-03 2.114834074526641700e-03 2.166474309983365629e-03 2.221579245919021693e-03 2.273631473315699050e-03 2.318586612423866045e-03 2.352904596974229445e-03 2.366540924807152609e-03 2.359687494805383801e-03
2.375477517983259988e-03 2.333581929213636962e-03 2.276874833226835964e-03 2.206876052413320188e-03 2.135970100707330118e-03 2.066765327029814608e-03 2.001516523733571327e-03 1.951316201203423745e-03 1.917607070548181221e-03 1.902778650742622483e-03 1.905268776315440643e-03 1.922167206468087435e-03 1.951814225028348886e-03 1.987638403706477007e-03 2.029108982578103036e-03 2.075360839707141112e-03 2.125893524980604788e-03 2.181405343630249231e-03 2.242036043032583342e-03 2.298792679284494996e-03 2.348537857041770385e-03 2.387893592088376465e-03 2.405601516206484075e-03 2.401286824206183210e-03
2.405011644100210969e-03 2.364207829618699373e-03 2.308713112508567998e-03 2.240622686265929340e-03 2.171699356315286329e-03 2.103768864302029470e-03 2.039704839484721144e-03 1.989862471298284915e-03 1.954819860295797709e-03 1.935459701890475262e-03 1.930353314205755268e-03 1.938141774536236359e-03 1.957882753519762844e-03 1.985618250916305286e-03 2.020971262674678328e-03 2.065678155989917643e-03 2.119162045631887113e-03 2.179494269328838014e-03 2.246043998341472944e-03 2.308226826396415302e-03 2.363145446808503913e-03 2.407036455038515533e-03 2.428765832491897297e-03 2.428385644176353237e-03
2.395350302676953896e-03 2.357248370641423958e-03 2.305569064696992923e-03 2.242953340803794694e-03 2.179333264855621687e-03 2.115378569523602113e-03 2.055165931211349641e-03 2.007447932912985022e-03 1.971065425889604109e-03 1.946100995908362809e-03 1.932882752457463658e-03 1.931437479599150148e-03 1.941062132969559968e-03 1.961014849623165732e-03 1.991751386275322430e-03 2.035709554627574466e-03 2.090201784009838686e-03 2.151894405830542031e-03 2.220808324884713646e-03 2.285651745043652729e-03 2.342639829469428132e-03 2.388010855473199530e-03 2.412093369765155697e-03 2.415425277270866547e-03
2.336857651869773782e-03 2.305317620148713501e-03 2.261313743238469939e-03 2.208137066821537660e-03 2.153888917260996828e-03 2.097978690995377579e-03 2.044309431043329732e-03 2.000031113958174699e-03 1.963624022239037186e-03 1.934221561623950762e-03 1.913908632965881070e-03 1.904246797477781358e-03 1.904829126410908027e-03 1.918129894114237264e-03 1.945380787452837988e-03 1.987344979333954039e-03 2.039224213647553713e-03 2.098655898783049773e-03 2.165416939475225781e-03 2.227508149740053262e-03 2.281152896181408863e-03 2.324118605398189930e-03 2.348196389405330341e-03 2.352882525608907677e-03
2.206865158871991212e-03 2.188851556725202735e-03 2.161602404351138391e-03 2.126495591219188571e-03 2.088357496508757606e-03 2.047419023810257126e-03 2.005342099676961365e-03 1.966839914968014288e-03 1.931821606749853934e-03 1.899862267257221770e-03 1.874911339354571943e-03 1.858710211761984647e-03 1.853107914808709792e-03 1.862082932029067136e-03 1.885112394271913280e-03 1.922948107937239503e-03 1.969117624415549044e-03 2.020711654437018587e-03 2.075982105422451672e-03 2.124706213408818906e-03 2.165224482987644118e-03 2.196006054686031658e-03 2.212886195782661197e-03 2.216007521509985242e-03
2.010985411453369062e-03 2.008925898005231754e-03 2.002973895533917328e-03 1.991766776560477230e-03 1.975411765427678538e-03 1.955307231062058254e-03 1.930845729651271738e-03 1.903469487106904372e-03 1.874266689211832437e-03 1.844320950288743516e-03 1.819554005860313023e-03 1.800856153444746043e-03 1.792242388881418267e-03 1.797483476780835192e-03 1.813821342840455861e-03 1.843523748537324695e-03 1.878880545702961207e-03 1.915053923470827479e-03 1.949201438444317976e-03 1.975360560557729364e-03 1.994386223185767946e-03 2.005186821886769527e-03 2.010223369162163296e-03 2.011407806954086663e-03
1.773757805010505676e-03 1.785463237948944556e-03 1.798619243068305500e-03 1.811541516799947734e-03 1.819618128650000435e-03 1.822996072022481200e-03 1.820140824449632301e-03 1.809223646895484873e-03 1.791169482149139631e-03 1.767989354992056993e-03 1.747577293605132769e-03 1.730553615933873041e-03 1.720422997903617041e-03 1.720748485201056442e-03 1.729213083796414530e-03 1.747043159339323193e-03 1.765290864102317349e-03 1.779747216526610587e-03 1.787861880470688943e-03 1.787932559766174491e-03 1.781942158498456231e-03 1.771519096644540289e-03 1.765750131928603417e-03 1.766035763615031668e-03
1.520532437285684012e-03 1.540730378670266722e-03 1.565891937382811157e-03 1.596383651198114142e-03 1.624877485143510483e-03 1.648564223119982708e-03 1.666298428674304038e-03 1.675068458509122423e-03 1.675015867978545776e-03 1.665730450526276690e-03 1.654106176393413136e-03 1.642851242216618801e-03 1.633326109610231964e-03 1.627937265826965131e-03 1.626126411670051437e-03 1.626635874358648825e-03 1.622083951824697043e-03 1.611267749493016472e-03 1.592699602560430959e-03 1.568895120851700664e-03 1.542180505778256282e-03 1.517971138499917601e-03 1.507075115688361099e-03 1.507679755074325598e-03
1.294876514700322003e-03 1.319027906859542064e-03 1.349825945436704646e-03 1.388220386838536586e-03 1.426170141971422507e-03 1.460045091397431166e-03 1.489132017814797379e-03 1.511324434350957199e-03 1.526633396016820144e-03 1.532331147547929444e-03 1.531339250647566121e-03 1.527359314481281346e-03 1.520436592435108793e-03 1.510872173817620579e-03 1.498721168345640113e-03 1.482165016590934487e-03 1.458192007363233586e-03 1.427616796360680999e-03 1.390017552165602422e-03 1.352085462691709214e-03 1.316472755327911933e-03 1.289358555180241186e-03 1.278367891592622737e-03 1.279863315907001520e-03
1.085962341652608543e-03 1.112855882632960260e-03 1.148079099121234424e-03 1.190463620155220907e-03 1.231255302520354797e-03 1.268704469440657843e-03 1.302175039098687212e-03 1.330465681046666187e-03 1.353812033619446447e-03 1.371190780450072836e-03 1.381551074704011166e-03 1.385565950470037371e-03 1.382573034787937510e-03 1.370768019022142658e-03 1.350211839921010813e-03 1.320455426352641452e-03 1.282857058004558065e-03 1.238318565904499230e-03 1.187847207378021561e-03 1.142309748427786749e-03 1.104321187062457877e-03 1.077651623054048675e-03 1.066743018418735058e-03 1.069305927389895775e-03
8.918184892306925838e-04 9.209758593690389131e-04 9.591791536110275433e-04 1.003422357030184188e-03 1.044271962626868236e-03 1.081589482994340257e-03 1.114236299650650215e-03 1.142209283540004125e-03 1.166646010125754968e-03 1.189907748666141048e-03 1.209044913549767782e-03 1.220713040314598237e-03 1.222801270526506284e-03 1.210983665968728843e-03 1.185929105669803916e-03 1.147845066475370549e-03 1.101522300526696155e-03 1.048350248358563292e-03 9.910662832415479198e-04 9.428472839373318922e-04 9.053481700959001939e-04 8.800213443068556326e-04 8.695462546686886021e-04 8.733636479579601208e-04
7.104130015562626225e-04 7.420278537911145517e-04 7.824380982310682369e-04 8.290966527192340004e-04 8.719243368067698067e-04 9.101085058342845823e-04 9.423342174439562537e-04 9.700895889391683092e-04 9.951856017788708684e-04 1.020456409203970285e-03 1.043127356587168243e-03 1.059439405811792500e-03 1.065762001135636553e-03 1.054831343123689832e-03 1.027856721039821552e-03 9.842132741311353846e-04 9.311867085685976474e-04 8.718304538287594907e-04 8.098959517249055195e-04 7.590047284478097485e-04 7.199458509144449634e-04 6.943521370051197825e-04 6.845610743107036211e-04 6.897190074811785331e-04
5.430399889150657649e-04 5.767969847617802296e-04 6.190988409150561221e-04 6.678441864256212624e-04 7.123081673954328400e-04 7.510172034744142747e-04 7.833327913450170493e-04 8.122342946698019083e-04 8.393533379871710590e-04 8.658964816327387962e-04 8.892640019633038300e-04 9.073827640955178494e-04 9.166029599191466426e-04 9.067229287809317178e-04 8.779919252400211586e-04 8.298485322123399545e-04 7.720734098985536495e-04 7.084881954496242149e-04 6.428655551071429291e-04 5.892716624909759672e-04 5.486225758994866478e-04 5.227678049854771929e-04 5.137028768321964724e-04 5.202434574812591327e-04
3.891494116702953299e-04 4.248760781466651669e-04 4.689750815521030172e-04 5.190104092765534909e-04 5.645043617032378513e-04 6.044003849032851886e-04 6.388399325693260022e-04 6.705594050131999948e-04 7.003294819795566036e-04 7.283302041444320593e-04 7.517635854682204726e-04 7.695169232616835050e-04 7.787105328063470598e-04 7.687430816602569073e-04 7.389604770612353364e-04 6.880565465426321560e-04 6.267123475512263774e-04 5.597944050359284765e-04 4.911939818089159715e-04 4.350993054116072348e-04 3.923485222122967257e-04 3.654136950801247842e-04 3.566527015384359585e-04 3.643794378925380552e-04
2.500798280797867095e-04 2.867552976009793159e-04 3.317085891947939226e-04 3.823557096122954320e-04 4.293589412484361987e-04 4.721897048171351855e-04 5.109870848735636540e-04 5.465103086689423453e-04 5.788733673985064056e-04 6.086204915829887627e-04 6.323822394058775187e-04 6.484912330742694745e-04 6.544370880860428093e-04 6.417569896400987647e-04 6.101403839715264588e-04 5.576349600288916641e-04 4.942276157215043505e-04 4.251996280705687176e-04 3.550901097333021604e-04 2.978867486651360437e-04 2.537129948606630476e-04 2.252372763688919764e-04 2.158841321009788731e-04 2.241266469783001188e-04
1.268274638662912276e-04 1.630052051441629167e-04 2.073662536382108097e-04 2.584547657523946287e-04 3.080730058933974945e-04 3.549442391261538234e-04 3.988768182944630539e-04 4.386527975889265864e-04 4.740578422292785659e-04 5.049527440377361799e-04 5.273966054208819015e-04 5.402150020253596203e-04 5.411803625918570849e-04 5.239683899601319840e-04 4.886985563360813451e-04 4.348772811497637523e-04 3.717973027730200799e-04 3.030497812330719453e-04 2.334046764273382856e-04 1.766491367252633765e-04 1.326089183525762914e-04 1.030756917128575770e-04 9.254065710507481204e-05 1.007092108919697547e-04
2.002503633994857983e-05 5.434331224662194835e-05 9.706366827902965060e-05 1.479081164417717868e-04 2.001212269096832262e-04 2.517291777364420073e-04 3.017505860381951743e-04 3.459976050888888938e-04 3.840556688636913296e-04 4.148872116714927391e-04 4.341323728999920773e-04 4.413754313695322524e-04 4.344834322519483668e-04 4.103747232217353456e-04 3.701550416652230253e-04 3.150750835084173049e-04 2.544684191420190970e-04 1.901955427702560042e-04 1.252667049826587740e-04 7.126042702091917285e-05 2.902596537607045893e-05 3.992404597732845854e-07 -1.040119715813581973e-05 -3.805084366038661587e-06
-6.183917718335415873e-05 -3.098032422575938428e-05 8.812669533132067517e-06 5.755308468139276688e-05 1.102301209184303318e-04 1.651602308893079145e-04 2.205209655359836136e-04 2.681618493597122789e-04 3.071885062522876093e-04 3.362679523280557811e-04 3.507738567138546674e-04 3.504970930042839773e-04 3.337394486967995479e-04 3.017660434945165521e-04 2.566967964676836319e-04 2.003926028824421315e-04 1.429628567046823783e-04 8.591646065689311938e-05 3.018264825769055262e-05 -1.687677392075151238e-05 -5.373710387299116545e-05 -7.781848194169430869e-05 -8.651431840309770289e-05 -8.153560967328112323e-05
-1.165684682417946074e-04 -9.093319678809229627e-05 -5.583172385753099130e-05 -1.093176060667494775e-05 4.050052218845609931e-05 9.704411209241986069e-05 1.562506960587316251e-04 2.060071698159551292e-04 2.447241449867630842e-04 2.708160684592060270e-04 2.793901390992604506e-04 2.704009763075348300e-04 2.432030532084139345e-04 2.034082615336326968e-04 1.535327587360510177e-04 9.625967759453285229e-05 4.247423565015817344e-05 -6.878294028910564447e-06 -5.114103255305879706e-05 -8.716888801963052933e-05 -1.145703753506883385e-04 -1.313899096897413262e-04 -1.366328621590995405e-04 -1.319232746560240700e-04
-1.402589822415280880e-04 -1.216679184542955946e-04 -9.407196754031272147e-05 -5.475921224848690876e-05 -5.461994932518663902e-06 5.053031970526591530e-05 1.109848717160783019e-04 1.612925032672900109e-04 1.988163550301468171e-04 2.204846991027840572e-04 2.216064492509498961e-04 2.036896379650918404e-04 1.669618599632013468e-04 1.200944110388540417e-04 6.575012840525021741e-05 7.899522628770901469e-06 -4.227163138532348877e-05 -8.500525256832717732e-05 -1.179002007278434378e-04 -1.400094835487388856e-04 -1.534185771183658466e-04 -1.591163883863879911e-04 -1.587844824540672866e-04 -1.519944740721608360e-04
-1.447124497157968213e-04 -1.300216443430283087e-04 -1.077806412192889305e-04 -7.276229657106455997e-05 -2.537592543199005619e-05 2.901489007987555078e-05 8.860126549539106727e-05 1.377445646322347133e-04 1.730407932321069626e-04 1.897530235678921014e-04 1.838600694657428010e-04 1.587584632614924540e-04 1.149750098919287503e-04 6.295304124568905260e-05 5.646863015531386411e-06 -5.231717370561189332e-05 -9.992800285930870594e-05 -1.381416201856806066e-04 -1.638212118806870973e-04 -1.761992701347220574e-04 -1.781567728152909076e-04 -1.728887882763716695e-04 -1.658173087310569021e-04 -1.555545965630659771e-04
-1.377666354361929170e-04 -1.221208131465913779e-04 -1.003794824817984466e-04 -6.733922952402633146e-05 -2.208634198684423714e-05 3.048033697410370380e-05 8.834737428281990606e-05 1.348466554072890312e-04 1.664355752461704014e-04 1.781609625863898980e-04 1.666715313145048611e-04 1.358033572724415988e-04 8.647460246177473523e-05 3.090063486620330175e-05 -2.776491818794750199e-05 -8.549006362295310721e-05 -1.314384442272095667e-04 -1.660299340079069244e-04 -1.876169879380102767e-04 -1.956115827134409437e-04 -1.914652555932077694e-04 -1.778693871725846158e-04 -1.639863967764944438e-04 -1.501790435846377298e-04
-1.298797646498624789e-04 -1.076484655408846067e-04 -7.910753145465898085e-05 -4.235073738759268365e-05 2.552347006651421858e-06 5.367230683992626713e-05 1.088640305571747443e-04 1.518185248093001729e-04 1.792445700349941493e-04 1.869548506755689397e-04 1.716972356979627539e-04 1.365749969831760939e-04 8.342816611674586222e-05 2.582990663586640486e-05 -3.353542519926771875e-05 -9.069267487872774999e-05 -1.352555107843375745e-04 -1.677369768866338766e-04 -1.877950319550692468e-04 -1.959900633177039163e-04 -1.928509079811054213e-04 -1.794232597556792935e-04 -1.636567174772056378e-04 -1.471554536138724534e-04
-1.292920972952289022e-04 -9.996108783059258517e-05 -6.243750080881627735e-05 -1.785529407448527392e-05 3.042637151848473493e-05 8.242173353004050352e-05 1.365415540776375913e-04 1.782245605277098255e-04 2.042062332182796927e-04 2.110934890187755669e-04 1.951626069964932427e-04 1.585654299711029087e-04 1.038624145740006471e-04 4.557027935430954058e-05 -1.403252613632532741e-05 -7.071649783561162082e-05 -1.148206464654004594e-04 -1.473541463286012125e-04 -1.678464158450679940e-04 -1.789751791016113629e-04 -1.821035923739807339e-04 -1.775512304977419544e-04 -1.671016242185592864e-04 -1.510297089494215821e-04
-1.282921614379538364e-04 -9.382780144137696206e-05 -4.928792130776784620e-05 3.321668724609233895e-06 5.735221660158566900e-05 1.125932818767029118e-04 1.682025522851255100e-04 2.113664759088178290e-04 2.386561810399368260e-04 2.476501434931669765e-04 2.341530524361616335e-04 1.991879951101207722e-04 1.451520572952518038e-04 8.750551255260673135e-05 2.900469962232880210e-05 -2.741850152568826220e-05 -7.282844395332267317e-05 -1.071784586510944083e-04 -1.304273271904849004e-04 -1.473701104170549686e-04 -1.596463803745102597e-04 -1.668884995421489575e-04 -1.647139305755193725e-04 -1.520294652138392709e-04
-1.180934053908419578e-04 -8.180064646745339053e-05 -3.472444074344077566e-05 2.265785286557178192e-05 8.223824401989801873e-05 1.417914281885999451e-04 2.002907673176182392e-04 2.469793708912037980e-04 2.792982467914997607e-04 2.938215538086836904e-04 2.852533557217537714e-04 2.552541816668649341e-04 2.055102535039094629e-04 1.505267239839985674e-04 9.345242216427697836e-05 3.728334203631162230e-05 -9.803048821254806101e-06 -4.807692187377491364e-05 -7.847410170103461891e-05 -1.046018216643526970e-04 -1.267266683043827735e-04 -1.440418616985699460e-04 -1.494265353897214911e-04 -1.413138471479948814e-04
-8.244873039179887527e-05 -4.700944312624269359e-05 -1.253798312771075673e-06 5.522635023761299618e-05 1.146941268144407945e-04 1.741624266585589914e-04 2.321299864417707419e-04 2.802055177373696912e-04 3.170931877313173703e-04 3.382678548928869555e-04 3.367039221234083843e-04 3.145846652540515757e-04 2.732267976786975118e-04 2.242816755166470171e-04 1.703163707471192845e-04 1.156915979574658102e-04 6.779380834739866745e-05 2.472443772947045728e-05 -1.495810459661679683e-05 -5.036806026494721709e-05 -7.976858578658423723e-05 -1.020114911948274164e-04 -1.106653198971183826e-04 -1.047344429959713984e-04
-2.472898854065509977e-05 8.721241937330551655e-06 5.202074071052302794e-05 1.045738229479221184e-04 1.590147275682764791e-04 2.134838857088359608e-04 2.670510632751548928e-04 3.136905739295697631e-04 3.523240896539716889e-04 3.800123520116897012e-04 3.880001030263855984e-04 3.763081818092838850e-04 3.461851287557803363e-04 3.064285033533653102e-04 2.587222850358065563e-04 2.071584266215310008e-04 1.583323629313201843e-04 1.103506194203409188e-04 6.206654475918353480e-05 1.885888904099855277e-05 -1.633277970708763054e-05 -4.185731796385916322e-05 -5.197267900139190605e-05 -4.641599076492696396e-05
