3.313474832449310204e-05 3.325022193139297647e-05 4.261831750316952554e-05 6.175445145207780697e-05 8.528884580259480578e-05 1.109161581506244254e-04 1.366999858274647731e-04 1.558284105772590668e-04 1.679671956500903261e-04 1.719682121740264942e-04 1.679908043014808000e-04 1.572362156218564668e-04 1.411747076667529293e-04 1.255115277608114780e-04 1.106781634806463784e-04 9.827728100094729094e-05 9.063644936097516491e-05 8.692885873246068793e-05 8.712667918790178057e-05 8.573199732449398214e-05 8.094000526880457895e-05 6.987730364973664349e-05 5.581847760224607492e-05 4.272845487574842476e-05
1.136643629325827514e-04 1.125475966767604008e-04 1.180099370001693501e-04 1.310007493016374872e-04 1.476121942555765315e-04 1.655922933546292129e-04 1.837402019664895116e-04 1.968986815133756923e-04 2.045494971016666565e-04 2.040517775319196153e-04 1.965937308146455413e-04 1.852122974861242504e-04 1.714774263173407347e-04 1.601648232665780038e-04 1.512964415489453658e-04 1.464409461179032204e-04 1.462180268004641527e-04 1.492655819188384620e-04 1.552494576901597965e-04 1.579352463142788673e-04 1.555789656406788755e-04 1.461050574894715958e-04 1.338170363693558197e-04 1.222249652964525941e-04
2.033340508621929855e-04 2.004660533757830158e-04 2.015036470829590590e-04 2.071036729809441236e-04 2.148202303940847577e-04 2.231811780999400725e-04 2.313367001247668999e-04 2.357842375688588225e-04 2.362060867727233194e-04 2.312010662358769696e-04 2.229862478269284897e-04 2.137018370025641606e-04 2.047705238946824166e-04 2.000384730952079317e-04 1.993650493362172265e-04 2.031095555440606067e-04 2.101838023335023066e-04 2.198657569831130435e-04 2.314147203762125838e-04 2.378597903153066475e-04 2.376180318512442042e-04 2.299323322071279837e-04 2.201351352653997033e-04 2.107610350971036192e-04
3.001098388938478975e-04 2.952044090059568983e-04 2.917635438947682584e-04 2.898768352532773507e-04 2.881848269221261825e-04 2.861447751551995803e-04 2.829354108275754101e-04 2.772829714293833917e-04 2.695841385822556556e-04 2.606449303237633186e-04 2.536641117736424412e-04 2.489019199342339811e-04 2.474167848614315744e-04 2.507759882462640751e-04 2.584435272631810518e-04 2.704547077015860774e-04 2.845318547195001767e-04 2.998804375801933072e-04 3.149716574725248725e-04 3.236211961486993986e-04 3.252964130039256931e-04 3.202653228181565081e-04 3.135812834498097985e-04 3.066607327384054276e-04
3.954843245559059510e-04 3.887300847187343607e-04 3.812318722101431362e-04 3.729617235824101850e-04 3.632711330588330205e-04 3.519718954948993926e-04 3.383907115432957914e-04 3.240567317957496782e-04 3.101529724634834997e-04 2.985225731616831125e-04 2.932988216542415489e-04 2.940163409139375135e-04 3.011987265916214219e-04 3.127850359428892843e-04 3.275646924020892466e-04 3.461778894260860882e-04 3.656758604716631991e-04 3.844354899008834521e-04 4.003066109679699679e-04 4.094145677218698209e-04 4.126179749246752207e-04 4.105700992630437695e-04 4.067371971736030798e-04 4.016214207819049343e-04
4.886556802439629950e-04 4.801667372537704809e-04 4.687252841440363933e-04 4.544252210263205645e-04 4.373289925065761770e-04 4.173635133418940801e-04 3.942081309027769577e-04 3.721949088825498501e-04 3.530885211418182757e-04 3.396515438338062803e-04 3.369517873665642477e-04 3.439159457228846916e-04 3.603477370806095034e-04 3.805579942599014698e-04 4.028466100229732686e-04 4.273413312405961229e-04 4.504222996683157881e-04 4.707551490205424895e-04 4.861991712990407460e-04 4.951893728494998013e-04 4.993447971187183441e-04 4.997624898398345507e-04 4.983216060276859623e-04 4.945514849540803403e-04
5.796440827228290568e-04 5.690112794771606157e-04 5.534360932276743104e-04 5.326654359246649467e-04 5.078956094219255367e-04 4.797784690537592526e-04 4.482263172276350306e-04 4.197366256287703417e-04 3.965629157447682525e-04 3.826834296440608700e-04 3.836138683249510468e-04 3.972145567184409958e-04 4.227016466011707086e-04 4.520477481977597332e-04 4.833609131397745761e-04 5.145738353487473628e-04 5.402484135039452859e-04 5.606392532435921497e-04 5.746990963500601133e-04 5.830703117317459798e-04 5.870142805757443474e-04 5.884838637337245137e-04 5.885663253184400491e-04 5.856712258491385010e-04
6.626032742714129797e-04 6.484627014068246971e-04 6.276085372179879621e-04 5.993917903406015659e-04 5.665655267414829990e-04 5.306964264405400955e-04 4.921400247791801871e-04 4.589216963248073772e-04 4.333610305918154308e-04 4.196603338119119539e-04 4.232965655197481439e-04 4.418930726618332618e-04 4.746344158475971709e-04 5.124449845460055152e-04 5.531150146372839716e-04 5.927827373642272166e-04 6.230446569547840908e-04 6.449613769088096034e-04 6.588440909837553700e-04 6.674402309166932576e-04 6.713544135291952446e-04 6.728398732430485637e-04 6.729871937886275053e-04 6.699066686542693837e-04
7.355643255512082446e-04 7.167570868493077429e-04 6.894650485027282007e-04 6.534426499555264205e-04 6.129997212875455638e-04 5.698184330813426367e-04 5.253421899895657863e-04 4.891242694618059108e-04 4.629056926619450540e-04 4.492780367732534456e-04 4.536795198667303028e-04 4.753313041161052435e-04 5.137662014452111254e-04 5.588603805673599597e-04 6.077064191298232540e-04 6.563083469546338380e-04 6.932972738184218749e-04 7.188795398246981393e-04 7.342636322700466216e-04 7.443020457202132768e-04 7.494037910671960635e-04 7.508910332820555554e-04 7.498576757127876306e-04 7.453461878376626626e-04
7.967144549903215850e-04 7.720866527542184689e-04 7.379156692841267210e-04 6.937495110243903536e-04 6.454153620191376353e-04 5.953076105054008966e-04 5.461776057629541331e-04 5.082084705438018497e-04 4.820432298188375504e-04 4.690662995230218614e-04 4.734725292019276231e-04 4.952757861024524371e-04 5.359496911211246049e-04 5.859437212269716019e-04 6.406007478464733999e-04 6.958829882867287016e-04 7.404478954080152917e-04 7.745524028566609740e-04 7.971465566480014434e-04 8.112961386573832971e-04 8.190730301612528588e-04 8.215407156314314448e-04 8.192915037920814976e-04 8.114593464127692899e-04
8.421990567176561434e-04 8.117950444349197490e-04 7.715022960600061283e-04 7.202060473124470737e-04 6.652114260519171327e-04 6.100682391787758119e-04 5.578549981109431682e-04 5.184866133230633120e-04 4.921895435554308898e-04 4.804729897623078285e-04 4.850838059020669540e-04 5.050950756732376428e-04 5.430665776216837002e-04 5.916426259835151028e-04 6.458115469582383994e-04 7.018716527694438207e-04 7.514984768960232889e-04 7.956188849406847481e-04 8.306875312365549465e-04 8.540917094495070272e-04 8.685058631350376116e-04 8.751974639013342062e-04 8.737523116072733968e-04 8.627648679309596553e-04
8.725460436814058002e-04 8.368045933795900584e-04 7.908288521274084958e-04 7.338453204864974801e-04 6.746370701320781628e-04 6.169052910609203232e-04 5.630991494665695029e-04 5.228653435463097429e-04 4.969702731723569210e-04 4.864509690632049855e-04 4.906062895900266396e-04 5.081654901580528018e-04 5.398914041352236839e-04 5.806231830247329025e-04 6.278777106263708913e-04 6.803303467056606409e-04 7.326747053601089703e-04 7.844666315233617560e-04 8.330959419696168421e-04 8.702714421552737011e-04 8.958395837915995343e-04 9.097607541811304332e-04 9.106142443174565851e-04 8.979660972292389165e-04
8.885020598275903628e-04 8.486245251541671940e-04 7.979705118424946630e-04 7.372705563676371218e-04 6.764420365976295214e-04 6.180602086800857185e-04 5.647099406793879440e-04 5.251172758821773126e-04 4.996060273196180172e-04 4.890948660389311375e-04 4.915204796593760847e-04 5.052764263401520167e-04 5.281886108533472533e-04 5.568688938843322986e-04 5.923619908894759561e-04 6.366365808782502257e-04 6.875169175059014362e-04 7.423090729813735730e-04 8.016902918738183850e-04 8.545339266349887778e-04 8.964538501796489754e-04 9.225887468745640500e-04 9.282222536634188604e-04 9.166435651606774518e-04
8.805776943522887826e-04 8.401951699929171647e-04 7.882973464777176965e-04 7.273150524202669914e-04 6.679563342586820798e-04 6.113597121920925307e-04 5.608672291400398913e-04 5.236318308452381914e-04 4.986957896357172276e-04 4.868351580222379511e-04 4.857102777074334210e-04 4.937652100814208600e-04 5.081589815225744620e-04 5.268540338135368171e-04 5.520121545034802676e-04 5.864753653965706784e-04 6.313111186449195866e-04 6.840332098283990287e-04 7.466402387011568430e-04 8.080131399151261468e-04 8.624469586001360126e-04 9.015477750429560762e-04 9.150144269527472635e-04 9.078071132791277814e-04
8.448631663748400709e-04 8.076540790746565340e-04 7.581908721010670923e-04 7.003200153114252403e-04 6.455402237139307381e-04 5.938379324539629469e-04 5.481644197958501731e-04 5.140995339383797958e-04 4.905519460168194460e-04 4.770540421774914562e-04 4.709898182064027497e-04 4.719548865525667798e-04 4.781050038668102913e-04 4.887531930290471473e-04 5.055147050150878528e-04 5.296975261808709902e-04 5.656123071753738464e-04 6.133879451923166274e-04 6.740171653423334200e-04 7.363884844775375532e-04 7.958053497713333310e-04 8.452351226363353934e-04 8.687918415471818177e-04 8.682128245828031219e-04
7.701065934961815644e-04 7.394978665715486611e-04 6.986961738336429622e-04 6.509460906037045635e-04 6.058997009575664257e-04 5.635297909325990423e-04 5.259289166306237769e-04 4.964499533556552061e-04 4.741179701072101944e-04 4.580262148172848866e-04 4.464880358137336366e-04 4.398479679405120223e-04 4.381098687290162978e-04 4.421130038939802449e-04 4.521332711422526010e-04 4.687562831685125869e-04 4.963517079741118629e-04 5.357904888648219602e-04 5.885939624743219151e-04 6.446431077930584157e-04 6.990435811841675187e-04 7.486275796330343598e-04 7.782217963883041002e-04 7.859362655474734331e-04
6.398577609734537076e-04 6.186614246968928383e-04 5.921332508449037718e-04 5.618136999491597046e-04 5.328709256506772686e-04 5.054871852981222173e-04 4.809887861284145995e-04 4.598477551999503627e-04 4.408951276286083242e-04 4.240855016028378683e-04 4.098672764508146170e-04 3.984353204268143572e-04 3.908285445215559030e-04 3.895881190221427929e-04 3.945221897002243482e-04 4.072102124911444439e-04 4.288966916041390921e-04 4.584170058402763136e-04 4.988323001619526364e-04 5.420008956361001707e-04 5.821477543226326583e-04 6.176740257785497817e-04 6.404165120350363213e-04 6.492529975454868710e-04
4.598851462914323564e-04 4.509597700162921194e-04 4.415636844035684462e-04 4.324690050025487725e-04 4.243599550194340525e-04 4.166924933070033474e-04 4.096259798001019962e-04 4.007515933115075348e-04 3.891070335106338565e-04 3.750684814419630048e-04 3.612193874339916528e-04 3.480447205517367025e-04 3.370628298722549597e-04 3.325167902550196113e-04 3.343026109094652935e-04 3.437922862552885610e-04 3.591051567096094528e-04 3.782423413251045615e-04 4.027798444165284816e-04 4.265533291272984744e-04 4.459320121904656632e-04 4.593806310097155177e-04 4.657460963987715159e-04 4.661793078918559418e-04
2.512880456445812241e-04 2.538714889465120989e-04 2.596058870060195703e-04 2.697603001238884886e-04 2.820812391805859799e-04 2.945484808354829204e-04 3.063633573157387179e-04 3.131973139438514147e-04 3.144061669334942475e-04 3.084702259603894843e-04 2.988454973131841799e-04 2.882036734123714981e-04 2.782186317136577276e-04 2.731966968648459029e-04 2.728994329594973053e-04 2.777856380208257986e-04 2.843745553090788292e-04 2.910471345544581858e-04 2.955402404564852416e-04 2.945298913689250943e-04 2.891712287101786847e-04 2.788544091255625132e-04 2.673122430399434949e-04 2.563988439496267839e-04
7.293925682247050398e-05 8.213864077758884538e-05 9.687117944275952161e-05 1.182467299712135407e-04 1.426203090267671341e-04 1.676670650107944696e-04 1.923092015914071870e-04 2.112595453561626451e-04 2.238335014994683597e-04 2.268872696142481616e-04 2.234869169091282214e-04 2.177982661940599358e-04 2.115033313316562957e-04 2.073330319740098945e-04 2.045156608092051282e-04 2.030470241991769057e-04 1.993713348825435156e-04 1.923075240769092436e-04 1.781773062522066576e-04 1.573600681064119737e-04 1.336605574022514350e-04 1.087333774726503632e-04 8.907302918222284691e-05 7.518974281958165737e-05
-7.663625043950695812e-05 -6.347000781056447865e-05 -4.238841051909397354e-05 -1.406695159614755348e-05 1.645789140543989519e-05 4.818278566577548715e-05 7.997674726241551461e-05 1.055939840479767612e-04 1.240835492291084391e-04 1.336900522631864839e-04 1.370896212788161143e-04 1.369296895281564314e-04 1.345801488890033964e-04 1.311965140177390806e-04 1.257940645886947801e-04 1.182455633676007697e-04 1.049201925714460042e-04 8.473491684016310811e-05 5.594200257538458135e-05 2.262420481929746353e-05 -1.210982448233496612e-05 -4.521013863253281733e-05 -6.742054632693441783e-05 -7.870559716106583490e-05
-1.995824084060053452e-04 -1.831134411545557773e-04 -1.577930297869719733e-04 -1.251333959699561338e-04 -9.147863581227581528e-05 -5.743122635015146478e-05 -2.473430383497272228e-05 8.575717395081115903e-07 1.916934996009658925e-05 3.080946166468091985e-05 3.833722589012426905e-05 4.199731814415949289e-05 4.245663801616508847e-05 3.937027881733990028e-05 3.195637206203836807e-05 1.931853201444479063e-05 -1.688440929200783792e-06 -3.121656090100275517e-05 -6.875125715710445496e-05 -1.075604260677746963e-04 -1.459146038336265726e-04 -1.800764049194123872e-04 -2.001159779153326190e-04 -2.064607578867018543e-04
-3.057487890842070476e-04 -2.847425711999260547e-04 -2.553949302447738315e-04 -2.185218679082450051e-04 -1.816912231943217679e-04 -1.466096074148367633e-04 -1.157785161901166805e-04 -9.301142647171126566e-05 -7.707800162314380852e-05 -6.664625609650364835e-05 -5.900054995839087741e-05 -5.456765544558286733e-05 -5.341894292735157863e-05 -5.732475678715396905e-05 -6.680384145020374872e-05 -8.370038896206050561e-05 -1.101133320463527828e-04 -1.448981228987305473e-04 -1.870403871482382164e-04 -2.282126923342677046e-04 -2.666536020075717731e-04 -2.983654868478147551e-04 -3.148328656740690193e-04 -3.172148740796941653e-04
-3.962746508785189498e-04 -3.708487175919145031e-04 -3.375913822797017502e-04 -2.974694709385974933e-04 -2.592745654677984925e-04 -2.249703671703200364e-04 -1.970404464690664944e-04 -1.773571972733850219e-04 -1.640611804634872393e-04 -1.555719067495889795e-04 -1.490174153017537477e-04 -1.450208751331199327e-04 -1.442380614521769893e-04 -1.498647563370377725e-04 -1.623104452719169766e-04 -1.834039157508525410e-04 -2.141978336173416147e-04 -2.532142999918451996e-04 -2.983857722158863115e-04 -3.397894889979798669e-04 -3.761854058994409749e-04 -4.038104738415903118e-04 -4.155635818723717157e-04 -4.128407420864461507e-04
-4.716020826412322927e-04 -4.408702309152655319e-04 -4.036218839267922791e-04 -3.618892348304576009e-04 -3.246056839515870434e-04 -2.927168382439777504e-04 -2.681644329977185071e-04 -2.510272926936595321e-04 -2.393899568686620315e-04 -2.315367412449871164e-04 -2.255443925063216012e-04 -2.224875104916336109e-04 -2.231040444566645701e-04 -2.312808213023651689e-04 -2.475755007399776269e-04 -2.738652237809015592e-04 -3.095037189280911392e-04 -3.523984213377984957e-04 -3.999675002679983467e-04 -4.408128267431906245e-04 -4.737168551802338132e-04 -4.956315717264733051e-04 -5.018508110293574704e-04 -4.938538651573573654e-04
-5.319977445988878463e-04 -4.969229202460608962e-04 -4.574513931116680498e-04 -4.156660022094884254e-04 -3.795600418218913596e-04 -3.497151043625541973e-04 -3.271082172736791368e-04 -3.101721492213247475e-04 -2.974074623186419406e-04 -2.874713242997104304e-04 -2.804942177720012256e-04 -2.778624692039250929e-04 -2.805794399454007867e-04 -2.924886088483992508e-04 -3.138677741803252703e-04 -3.467082902061470245e-04 -3.880122776278650040e-04 -4.347890890811780765e-04 -4.847800578253295164e-04 -5.252316483476661630e-04 -5.541513488847270037e-04 -5.698696507721604182e-04 -5.710559096275525347e-04 -5.589360859877837368e-04
-5.771084346413746539e-04 -5.402737046915832668e-04 -5.011620644411666874e-04 -4.601816908481338986e-04 -4.243857721518982441e-04 -3.957171941409212408e-04 -3.735467081369209458e-04 -3.546610269911644963e-04 -3.386183036656897644e-04 -3.254499265356847171e-04 -3.173401141324044762e-04 -3.149855509244128544e-04 -3.204151036882278724e-04 -3.374289032268406739e-04 -3.652647930313968625e-04 -4.050679319822657787e-04 -4.514888329804943117e-04 -5.015991747793952004e-04 -5.533081858201820179e-04 -5.925069240530486192e-04 -6.165831803535126981e-04 -6.259847952428158283e-04 -6.227566453086817331e-04 -6.071325155591105133e-04
-6.088046374958923455e-04 -5.757279999022795174e-04 -5.395624030802102095e-04 -5.010558465955844681e-04 -4.659189408522727794e-04 -4.353072230856660542e-04 -4.084600167590158085e-04 -3.840852732665980362e-04 -3.625129862765863356e-04 -3.443017538087418086e-04 -3.338148900053262589e-04 -3.319482348939993121e-04 -3.411889195748690783e-04 -3.643530983216111468e-04 -3.998923581253425855e-04 -4.474967769075165907e-04 -4.988830998146401557e-04 -5.516001639740959837e-04 -6.017866349223052573e-04 -6.370356146984585723e-04 -6.570728051125319545e-04 -6.619636604748563432e-04 -6.549845288623583686e-04 -6.371620719903491568e-04
-6.466552642645926252e-04 -6.222123356818928981e-04 -5.909365575341342250e-04 -5.549636289531194094e-04 -5.182591107145910047e-04 -4.800091572786613857e-04 -4.412574883855946276e-04 -4.062005883304760324e-04 -3.751935654714024068e-04 -3.487873920668979155e-04 -3.336498375574535580e-04 -3.314525194980423865e-04 -3.438525706455944310e-04 -3.717415402641341881e-04 -4.137594786847395047e-04 -4.684790607995701836e-04 -5.241011040470076789e-04 -5.781198726810200979e-04 -6.250250329035842356e-04 -6.571691814690379125e-04 -6.775135177601829565e-04 -6.841747728476967137e-04 -6.795167168167735991e-04 -6.662105419584670157e-04
-6.953128005876587888e-04 -6.812301396478906987e-04 -6.565707388064607629e-04 -6.218438785719742484e-04 -5.792700700920463183e-04 -5.290802032406104541e-04 -4.740954602602958116e-04 -4.240008583469962421e-04 -3.792035543233804860e-04 -3.416644974369927338e-04 -3.203559124265535608e-04 -3.163075916240921568e-04 -3.301454006907707153e-04 -3.608362838809625324e-04 -4.074100236182962606e-04 -4.676235677993911821e-04 -5.261618061545038621e-04 -5.801627540304340721e-04 -6.250585050182308521e-04 -6.579611505873789222e-04 -6.824759609699898762e-04 -6.967543191513910286e-04 -7.022474172250439293e-04 -7.012876029034416717e-04
-7.573431683323152662e-04 -7.500452750160133998e-04 -7.294711402709828539e-04 -6.926415162701163091e-04 -6.413350389769470342e-04 -5.791238348730930402e-04 -5.072161399345322813e-04 -4.389054678890912001e-04 -3.774147540034012891e-04 -3.265853499784262897e-04 -2.964698860141701774e-04 -2.865778871430036344e-04 -2.990263501554220522e-04 -3.307483714863609990e-04 -3.786046531569703453e-04 -4.398602247035317487e-04 -4.992085722323023498e-04 -5.542824949090863857e-04 -6.031619525209960591e-04 -6.442530278151732464e-04 -6.789444552535528563e-04 -7.088498003865596579e-04 -7.332420445599274143e-04 -7.502652826718094218e-04
-8.149914960876991762e-04 -8.062328100891465220e-04 -7.825427699443347459e-04 -7.404940980295769302e-04 -6.827267295683690784e-04 -6.135479205922300368e-04 -5.317587767743258646e-04 -4.523812720055405052e-04 -3.816216252430018607e-04 -3.236795392178083187e-04 -2.884639997543014052e-04 -2.750782993961635664e-04 -2.871796729956641709e-04 -3.195581263585151282e-04 -3.668197599010174898e-04 -4.258203732352111148e-04 -4.847865729274798891e-04 -5.429380948879115182e-04 -5.999608823512371817e-04 -6.520895059047676330e-04 -6.983828791762080679e-04 -7.422024692351053814e-04 -7.793774139234709540e-04 -8.051559587857613949e-04
-8.597735715162987871e-04 -8.450539044191782362e-04 -8.137477704582680126e-04 -7.655025550263984749e-04 -7.038194926070290118e-04 -6.302182759684814544e-04 -5.445275796836041233e-04 -4.634978378063374328e-04 -3.928838537818132187e-04 -3.360046482712751386e-04 -3.026255627234027026e-04 -2.926826902931786299e-04 -3.078745134185112919e-04 -3.408479472758886141e-04 -3.874534811528981826e-04 -4.441178671722835827e-04 -5.026008323605549036e-04 -5.637288669371387159e-04 -6.277222289006560707e-04 -6.886439766785862728e-04 -7.442948717481340194e-04 -7.949119089237085753e-04 -8.328803825435987214e-04 -8.554250625728243530e-04
-8.867484951621992491e-04 -8.635922572720622099e-04 -8.238228639425128948e-04 -7.687408251536832987e-04 -7.037366339381235115e-04 -6.293066113265513876e-04 -5.476916246703976551e-04 -4.748325727416978287e-04 -4.138022211130335968e-04 -3.683571527143152439e-04 -3.465585709812454775e-04 -3.473369607958150425e-04 -3.694129460888937030e-04 -4.045978635602477539e-04 -4.514415348455959971e-04 -5.069453770489965906e-04 -5.647444631615668783e-04 -6.257157337429543028e-04 -6.898841614057707851e-04 -7.509324828845347121e-04 -8.067299711448075363e-04 -8.530423867273091753e-04 -8.812359794546446292e-04 -8.926670720602946718e-04
-8.872575501305033458e-04 -8.587243282394968350e-04 -8.151796864753637186e-04 -7.562640988212946617e-04 -6.902852761480597231e-04 -6.203719814293910846e-04 -5.488173440111787562e-04 -4.882147319385926870e-04 -4.404688052141326332e-04 -4.100720031526486472e-04 -4.018208975395522273e-04 -4.128219063217976239e-04 -4.411839212895046942e-04 -4.791902128182199674e-04 -5.261596459096726458e-04 -5.801393014437884656e-04 -6.349818238807730230e-04 -6.905910138274352385e-04 -7.467198912131271316e-04 -7.984620615462783818e-04 -8.444290400670134570e-04 -8.799876647389954457e-04 -8.979099398571838446e-04 -9.004196955562349634e-04
-8.633553969121601519e-04 -8.323252379194275106e-04 -7.878853946198539340e-04 -7.290168349394181421e-04 -6.669444875871098372e-04 -6.064290275399464693e-04 -5.482578057900741163e-04 -5.016766596557964029e-04 -4.689801839177353427e-04 -4.527977075460269847e-04 -4.546611706757922684e-04 -4.724518910486019078e-04 -5.046816811163113434e-04 -5.441057449302478264e-04 -5.897973380556648191e-04 -6.401191026818909592e-04 -6.891412547382196616e-04 -7.365245573450865434e-04 -7.815489862017220308e-04 -8.207190155904668790e-04 -8.535894945728703716e-04 -8.774813963815234668e-04 -8.865724797837402655e-04 -8.816010244693681325e-04
-8.157826036231968130e-04 -7.836379727135045839e-04 -7.414352379750991859e-04 -6.893743775943895428e-04 -6.376796168741796040e-04 -5.895590527289954570e-04 -5.459590809176593411e-04 -5.140275087835545834e-04 -4.952005430156534950e-04 -4.896203773768600855e-04 -4.974015488329665583e-04 -5.184400426096664495e-04 -5.514634150243812646e-04 -5.896668190164809122e-04 -6.320544159150004145e-04 -6.765201565876293724e-04 -7.174098934202968519e-04 -7.549449596739563105e-04 -7.879209743677526110e-04 -8.137732477392754403e-04 -8.328512641819101926e-04 -8.451057219924302177e-04 -8.469569995599348766e-04 -8.372611913840174178e-04
-7.470360742875045007e-04 -7.152920234041942405e-04 -6.785912940821402402e-04 -6.385842570912556027e-04 -6.005765130837545374e-04 -5.646862248404622281e-04 -5.331547864638493247e-04 -5.122814760743247750e-04 -5.019246589428875060e-04 -5.018201046001747028e-04 -5.125121753236132815e-04 -5.344465556750409730e-04 -5.659613045431859417e-04 -6.006595389677229059e-04 -6.380709057398158525e-04 -6.761103949547011627e-04 -7.094575604424923623e-04 -7.384239300513229442e-04 -7.617836811540545277e-04 -7.774229271248648881e-04 -7.858628617156186930e-04 -7.879104805676061729e-04 -7.830656468411429294e-04 -7.703546526150439324e-04
-6.572075421303528011e-04 -6.289209005173337051e-04 -6.007790058555405148e-04 -5.746869727786956287e-04 -5.510317772884234079e-04 -5.280372967515429075e-04 -5.069767238747057477e-04 -4.933008075553464971e-04 -4.875532713859578675e-04 -4.900708083852367905e-04 -5.018276061422438650e-04 -5.228117008346361803e-04 -5.514288873941477131e-04 -5.816902469607585337e-04 -6.131936783160610305e-04 -6.448437525566798204e-04 -6.716537249569116963e-04 -6.930567761782306831e-04 -7.082368537120424653e-04 -7.155308740691127987e-04 -7.152005285949580978e-04 -7.079968114348107440e-04 -6.964990705202025794e-04 -6.808160943497449172e-04
-5.440348975761721221e-04 -5.243358355169476341e-04 -5.083921349751799931e-04 -4.970298253076906383e-04 -4.870493135377569334e-04 -4.765580393163160178e-04 -4.639605024144302864e-04 -4.539908816128137669e-04 -4.498227367339753167e-04 -4.526273832469474034e-04 -4.636037681111358799e-04 -4.819802248439770042e-04 -5.065136077524267201e-04 -5.320358544214351176e-04 -5.580674230723630400e-04 -5.838047881695525689e-04 -6.047931800780737173e-04 -6.203512011219414722e-04 -6.293155600142245291e-04 -6.297825155868717623e-04 -6.222807787374643905e-04 -6.067539702002959934e-04 -5.876740335410087814e-04 -5.665879958805229190e-04
-4.330180085218095264e-04 -4.214742065185587885e-04 -4.158055697752564839e-04 -4.148053874132225658e-04 -4.130195531496298170e-04 -4.098367424355490313e-04 -4.026929746834933253e-04 -3.957378176637104034e-04 -3.929184412204364562e-04 -3.956214135553131760e-04 -4.050653750568028607e-04 -4.202699709860844754e-04 -4.405154025860966681e-04 -4.618673562314248664e-04 -4.837341928039922681e-04 -5.048295130856522402e-04 -5.214287961788388907e-04 -5.335769343358434105e-04 -5.394189001404668888e-04 -5.361188339304369995e-04 -5.245864765678619505e-04 -5.041069802544291024e-04 -4.798579950527858112e-04 -4.542802521154597423e-04
-3.349189405084505465e-04 -3.271705747633165307e-04 -3.274171780206226972e-04 -3.317305493559708396e-04 -3.324020691804293768e-04 -3.307903985554191593e-04 -3.261674822845165049e-04 -3.220982771275029033e-04 -3.204991572007292360e-04 -3.228418662521015522e-04 -3.303647380991386493e-04 -3.420088069331070129e-04 -3.578868067093552091e-04 -3.752981725921038410e-04 -3.932299823474114087e-04 -4.107787056264359605e-04 -4.249500702689751569e-04 -4.356495159038035396e-04 -4.413115061448833333e-04 -4.381680628357206321e-04 -4.265287296435222165e-04 -4.053082604544135190e-04 -3.803900118280463907e-04 -3.548203487315123575e-04
-2.622661599646167337e-04 -2.533559344979062792e-04 -2.503563700531888565e-04 -2.502506881416451047e-04 -2.474005580551865845e-04 -2.429433147132696266e-04 -2.382618696917440237e-04 -2.360436181934703350e-04 -2.358014470435524322e-04 -2.377097808306959017e-04 -2.427811179559652996e-04 -2.511785332976769198e-04 -2.629567865013320059e-04 -2.764111935031435827e-04 -2.909187666363478105e-04 -3.063625949253272825e-04 -3.200203254296574130e-04 -3.311014181448138994e-04 -3.390914570828466932e-04 -3.400099925953971552e-04 -3.330446241209625985e-04 -3.171343079225330151e-04 -2.980238324881774223e-04 -2.786891710509286713e-04
-2.124408240553902149e-04 -2.026135058929330200e-04 -1.924084290490829692e-04 -1.822470282547699618e-04 -1.728860638696961237e-04 -1.641563546161656337e-04 -1.572810605584328892e-04 -1.537770647959830475e-04 -1.529268349643901148e-04 -1.536995310910962650e-04 -1.566362873152023737e-04 -1.629483216556332800e-04 -1.720133888878224652e-04 -1.828848177023316467e-04 -1.958692962205812310e-04 -2.108172667698476649e-04 -2.248199661118977205e-04 -2.370573641733772626e-04 -2.474417149665610440e-04 -2.524997443535822940e-04 -2.511614402762106339e-04 -2.429762768041605924e-04 -2.327061997853309156e-04 -2.223890504326399720e-04
-1.720415187406098764e-04 -1.638733680919129965e-04 -1.490390390584374271e-04 -1.292346008511438939e-04 -1.116119048975253592e-04 -9.685883246245190420e-05 -8.544885162809089563e-05 -7.772833339055196667e-05 -7.333926666637105650e-05 -7.188153547325290852e-05 -7.342490968833454183e-05 -7.839276191962361591e-05 -8.615699646496142745e-05 -9.652895476925858981e-05 -1.100738463496439746e-04 -1.258445206224132731e-04 -1.407458040515248052e-04 -1.546931227086689275e-04 -1.671585214113878763e-04 -1.751759015323066956e-04 -1.782845187114247677e-04 -1.771880546921364788e-04 -1.756656126821704391e-04 -1.742732120073750514e-04
-1.364381066033868817e-04 -1.312019009307627249e-04 -1.160254751181289637e-04 -9.072183278079204026e-05 -6.493226260332395452e-05 -4.205752386527550736e-05 -2.301553427090716734e-05 -8.880432623052946333e-06 9.076525149363704836e-07 5.600173018908414389e-06 5.276207804294633975e-06 7.106646337245508814e-07 -8.224689393480093364e-06 -2.066014112775342012e-05 -3.617755328522850123e-05 -5.377503849579206359e-05 -7.026536308109160582e-05 -8.558800318512293614e-05 -9.846557203827537724e-05 -1.074925882811299526e-04 -1.134779448968243563e-04 -1.186643800921724181e-04 -1.253316086988628898e-04 -1.319967974539782872e-04
-9.095247062675569855e-05 -8.779237537422148190e-05 -7.443239617460177266e-05 -4.900869223218581395e-05 -1.974633567791303447e-05 8.749141982192825193e-06 3.421320725443481158e-05 5.294567361915483635e-05 6.597767906349713313e-05 7.269015954399567388e-05 7.298852729925512219e-05 6.746031711894301093e-05 5.576093437955821793e-05 4.088021417396839753e-05 2.415936282329732616e-05 6.004757020971257986e-06 -1.039865956784423058e-05 -2.439561574818688067e-05 -3.474240502353809180e-05 -4.264760505989927158e-05 -4.975778157578951227e-05 -5.924061274058739702e-05 -7.135987927407242142e-05 -8.303582991345919687e-05
-3.532204255528324300e-05 -3.397616857461912919e-05 -2.217074683979362789e-05 1.313258248542843027e-06 2.966699111308350743e-05 5.940179762870993014e-05 8.788576956522978158e-05 1.087926726861608681e-04 1.226456704762013893e-04 1.295139788254709174e-04 1.291293432957473148e-04 1.213331298508369365e-04 1.066294223658637583e-04 9.012817787699734006e-05 7.302863152117017591e-05 5.603007374429652123e-05 4.231515819835504101e-05 3.224547898809102583e-05 2.644149586166744093e-05 2.108057212766253184e-05 1.426803580743934624e-05 2.699532622890703546e-06 -1.187278403385357634e-05 -2.556050875397641574e-05
