0.000000000000000000e+00
5.000064054838838246e+01
1.000074186515464731e+02
1.500073114063672222e+02
2.000075692968328553e+02
2.500033965585412261e+02
3.000046264859833514e+02
3.500075061508961198e+02
4.000091309662590220e+02
4.500073860769946350e+02
5.000034395423261913e+02
5.500063576612167253e+02
6.000040912668723649e+02
6.500037778925420753e+02
7.000012845531150560e+02
7.500045466671873555e+02
8.000012442514334907e+02
8.500034752949629819e+02
9.000037918742301599e+02
9.500012100842865266e+02
1.000003312679478995e+03
1.050007158228716889e+03
1.100006279523417334e+03
1.150007142925798007e+03
1.200001267553810976e+03
1.250005392384977313e+03
1.300004945712800918e+03
1.350001903701630681e+03
1.400002725717971998e+03
1.450000168784304378e+03
1.500007363886314124e+03
1.550004030394919482e+03
1.600005244187368589e+03
1.650002127399231995e+03
1.700006268044130593e+03
1.750003668196804256e+03
1.800003247963531294e+03
1.850003278667162249e+03
1.900002980058340654e+03
1.950005004625376841e+03
2.000004200224299893e+03
2.050003099635606759e+03
2.100006374682701789e+03
2.150000304651270653e+03
2.200002513288007322e+03
2.250000298867263609e+03
2.300005615983066036e+03
2.350000730226332962e+03
2.400002446122160109e+03
2.450001944857845501e+03
2.500005024506407608e+03
2.550007070608545746e+03
2.600002678880628082e+03
2.650001467081530336e+03
2.700001227061645295e+03
2.750005592737777988e+03
2.800002261454098061e+03
2.850004882752145022e+03
2.900002301814108705e+03
2.950007480736519938e+03
3.000006682480317068e+03
3.050006443352144288e+03
3.100005112317698149e+03
