6.762177379042111845e-10
9.666650083121062006e-11
5.213740575753572893e-11
4.593321642829549523e-11
1.792134064939526435e-11
3.240284705174812316e-11
5.692156328445156674e-11
6.455762864389037359e-11
6.273980364430684158e-11
4.863792333627156563e-11
3.300106405312792639e-11
4.281697587601626936e-11
7.054164991723838779e-11
1.430338731162820803e-10
2.942774394536844926e-10
6.479536973747927736e-10
1.713631517879614683e-09
5.144708647826834088e-09
1.558081726260538335e-08
5.571639172396955825e-08
1.718091268516317875e-07
1.719073208525521360e-07
4.570331939942870830e-07
9.410926191269271355e-07
1.580578191749918858e-06
2.091567165357435854e-06
2.517882013463113928e-06
3.295312444166349075e-06
3.805127585206332787e-06
4.102487478223193818e-06
4.279794564605963409e-06
4.343680520187158788e-06
4.054988703718523149e-06
3.493976185096354903e-06
2.393029272647943876e-06
2.265495192380886662e-06
3.242172378375949245e-06
3.229693844941693410e-06
2.788612881946712952e-06
2.399744205820670980e-06
2.009222071622759676e-06
1.806746508660783466e-06
1.719373725028936428e-06
1.714514236943433587e-06
1.777836536607240167e-06
1.892214261779695336e-06
1.875495729716669439e-06
1.653628662757221761e-06
1.433153760786306058e-06
1.302171848132775326e-06
1.219171797236351400e-06
1.293940320319686699e-06
1.277773946378017894e-06
1.133559441703316633e-06
1.192709020491092692e-06
1.188598101105955493e-06
1.070971659558237272e-06
8.987352156160612698e-07
8.571389604817865141e-07
7.811775397376572544e-07
6.702932625815488694e-07
6.716575673879286845e-07
6.716431658380358070e-07
7.197668730205946316e-07
7.078703001643869413e-07
7.282699822333695777e-07
6.239258470244065385e-07
4.916753457353165224e-07
4.261420328982479892e-07
4.216444962688217475e-07
3.913515012702207808e-07
3.780053817109497537e-07
3.867247199539204883e-07
3.622323409705704261e-07
3.707305823562502838e-07
3.682650807764773740e-07
3.538564193926668986e-07
3.376392791060328843e-07
2.809315673119806920e-07
2.364035925846338724e-07
2.223856424005656017e-07
2.030727150398112696e-07
2.438209172772374968e-07
2.701394084380974366e-07
2.693495456531464211e-07
3.255747395174679469e-07
3.259570877767772914e-07
4.316219616815806412e-07
7.526593679277789019e-07
3.396926795617604795e-07
3.189169520775774787e-07
6.165168348262295212e-07
4.219724625710391165e-07
9.003457512710187836e-08
2.483932937633794409e-07
6.504017132334910053e-07
4.887697177603500647e-07
4.168883815134077123e-07
1.155396963176354673e-06
1.543846260330850046e-06
1.521184974372194599e-06
3.149488242600233800e-06
6.469549876368808031e-06
6.470437303729653900e-06
2.691226004076053873e-06
3.339877142161059797e-06
1.263264757899938408e-06
1.081353860243157594e-06
8.734297365401312600e-07
1.114744785586732769e-06
1.400827124697404075e-06
2.296883046168394910e-06
2.464666946630508925e-06
1.656323368265240095e-06
2.519732277738069649e-06
2.464393545159638872e-06
3.000605338362634925e-06
3.779935150019782283e-06
4.409029500911945656e-06
3.329953266361218020e-06
3.182833934491980350e-06
4.823381493676759789e-06
4.968203277536156669e-06
4.721374161349373130e-06
4.946794546842728459e-06
4.022720036945851924e-06
3.633982871388629382e-06
4.235365140772457096e-06
