1.064294489189748360e-05 9.794644724394907328e-06 8.526707741615272083e-06 8.065801427940475204e-06 9.519305152828114164e-06 1.202967788838216309e-05 1.438730375792283335e-05 1.479303539776826232e-05 1.385677289670429178e-05 1.235884867167357521e-05 1.243035240736465559e-05 1.400131491506440171e-05 1.602144981951806062e-05 1.699318081957391159e-05 1.746760219010275945e-05 1.871322218288395346e-05 2.004557950059206306e-05 1.996801212567260675e-05 1.828826569450313011e-05 1.708727938133664935e-05 1.725095394121325598e-05 1.703918993620403687e-05 1.500794907060851211e-05 1.241598468378879756e-05
2.899690730962424664e-05 2.391654444464343113e-05 1.989938938061699703e-05 1.752921880377586645e-05 1.667033369290109833e-05 1.669372435468879700e-05 1.836604926043035327e-05 2.096097352183892061e-05 2.346972703819416619e-05 2.627992682057636107e-05 2.979181047647075321e-05 3.375117353062546607e-05 3.702899962589397434e-05 3.820456965407139336e-05 3.793332693623594794e-05 3.597343733502934523e-05 3.377304711928102814e-05 3.205670584929240551e-05 3.189101809547212536e-05 3.269276929760021655e-05 3.320095003186138757e-05 3.398993147187661637e-05 3.422408350933055042e-05 3.305049160116373835e-05
4.697913331799334196e-05 3.903897318291781147e-05 3.364486546502809940e-05 2.998108644935370767e-05 2.666885872399915841e-05 2.406431353330314293e-05 2.424683901028468390e-05 2.756291274205197123e-05 3.204863912462200946e-05 3.807675756946673205e-05 4.431665360686805127e-05 4.995204966878134790e-05 5.482759241289875449e-05 5.759941992396227671e-05 5.797493157252704265e-05 5.412091829611374123e-05 4.961813392970666509e-05 4.749337214744656072e-05 4.902997823518820793e-05 5.098058389823866856e-05 5.097938775251218790e-05 5.193227823938809643e-05 5.361203343793616391e-05 5.303702426646690182e-05
5.984756217436269657e-05 5.282968201917304899e-05 4.735874414286920115e-05 4.237219062170118360e-05 3.760881255776554196e-05 3.404409824217787613e-05 3.335648484317596692e-05 3.591404982494245953e-05 4.016104850730044810e-05 4.630245039424847917e-05 5.277028663813375186e-05 5.883693145240676562e-05 6.494295460908731021e-05 6.943446071918406217e-05 7.131958154768014196e-05 6.922716688725278939e-05 6.654866729051318343e-05 6.578571648232109880e-05 6.736548959035201377e-05 6.869582798498730027e-05 6.848550366201199154e-05 6.849561037277639738e-05 6.827682681088507869e-05 6.591828545618930017e-05
7.344615031811465981e-05 6.966744846071364202e-05 6.395462398936694963e-05 5.705088443699157092e-05 5.217323632434481495e-05 4.965080762542885523e-05 4.954426888226229277e-05 5.119208483778166382e-05 5.431307319761389748e-05 5.840360831889355206e-05 6.315186467530167498e-05 6.895752606759738591e-05 7.535454491225584484e-05 7.999210167987241013e-05 8.255263744417027521e-05 8.397984040804198935e-05 8.515394699319757995e-05 8.542468113731445270e-05 8.494741648213302685e-05 8.510456746265628188e-05 8.620156524881159390e-05 8.568465908983758587e-05 8.205192072102351583e-05 7.735645813822712594e-05
9.446494397168538721e-05 9.334411393001936907e-05 8.680809638157620874e-05 7.784916601025551608e-05 7.316254475547530941e-05 7.198769857980874651e-05 7.276647333290625044e-05 7.380772103645831625e-05 7.610587984804460457e-05 7.830932287548883551e-05 8.136236791380587776e-05 8.693141445351036851e-05 9.319645645978169547e-05 9.710975026280176331e-05 9.947538734078515711e-05 1.032033228038976066e-04 1.066625789429479876e-04 1.063995414113734793e-04 1.034653702075538211e-04 1.032170528311136950e-04 1.063890917835482917e-04 1.065382879957992485e-04 1.011101062448404393e-04 9.569623385872151806e-05
1.410301640248243726e-04 1.379466100678366993e-04 1.299373924119708913e-04 1.192013698935148649e-04 1.118047749469349941e-04 1.075708262140987528e-04 1.060605809054458411e-04 1.059098273025178925e-04 1.071027709553891883e-04 1.091908583956177463e-04 1.126760738035038255e-04 1.181742987075894358e-04 1.241932744892180118e-04 1.286443545496184209e-04 1.323235819745233687e-04 1.364491561109658639e-04 1.390647576172287950e-04 1.383000806990403869e-04 1.357599134962105588e-04 1.358527054041546030e-04 1.384431514148678154e-04 1.407634645594619649e-04 1.408442049215164913e-04 1.407966794977793309e-04
1.871071896525007311e-04 1.792164381055306132e-04 1.708601353683117754e-04 1.616148646059328029e-04 1.528106638242959022e-04 1.453142958602797821e-04 1.408446251981727956e-04 1.397209253604651173e-04 1.403307563703652997e-04 1.437765585239059174e-04 1.484195054506241211e-04 1.526108813976661876e-04 1.572945961833676362e-04 1.629971214914644427e-04 1.689500380648664311e-04 1.726729419711154647e-04 1.740700447343439879e-04 1.755898207950544302e-04 1.773449334859241540e-04 1.778721829293282138e-04 1.765711725000475448e-04 1.787737531904055703e-04 1.847332826555081247e-04 1.892023624547336212e-04
2.058915930232879579e-04 1.949805001461428781e-04 1.880639685873784935e-04 1.841577717685417663e-04 1.798557532669706411e-04 1.750067541868974340e-04 1.712204680335129372e-04 1.704996535702559208e-04 1.719022035464153541e-04 1.764712734769783523e-04 1.804272264407187816e-04 1.814670279489074460e-04 1.830923686989448435e-04 1.884448386570742207e-04 1.950699437813093416e-04 1.986416722288229244e-04 2.009247663895970509e-04 2.068334855697863005e-04 2.138844964930387263e-04 2.147429500086890100e-04 2.094472296762006950e-04 2.076667078896891547e-04 2.118775398757866179e-04 2.132357383159216521e-04
1.979642581452516117e-04 1.874430327877601651e-04 1.823410368972772067e-04 1.845985376479136676e-04 1.893779786869930599e-04 1.931265740561789290e-04 1.952249900247429585e-04 1.971957216237415274e-04 2.001656009275883487e-04 2.023583135379079063e-04 2.012068840755621042e-04 1.976319684792140943e-04 1.947582116853961622e-04 1.960411781976034446e-04 1.995080779138019714e-04 2.051935228875779072e-04 2.134474606303252153e-04 2.243519282589223314e-04 2.339303058101801895e-04 2.361314188173002236e-04 2.329148290878718425e-04 2.278516460193773946e-04 2.219094835127522489e-04 2.118397701374929380e-04
2.009037736545007577e-04 1.936323061503959200e-04 1.901692919019255519e-04 1.941138608779725491e-04 2.025018512943959563e-04 2.107460792542657660e-04 2.169972973145201133e-04 2.201339878005015933e-04 2.216315589303865044e-04 2.182689626383258006e-04 2.120453571801212615e-04 2.068481767068891747e-04 2.022535641198578988e-04 1.997299147145193776e-04 2.001905506881425129e-04 2.090429648415254905e-04 2.219469840630364265e-04 2.320483911813330652e-04 2.366132145007812518e-04 2.380292781953562988e-04 2.398264953520173567e-04 2.383733109829439076e-04 2.293974587661520739e-04 2.151064049154678378e-04
2.266554517550062103e-04 2.236868403426344669e-04 2.229159059745232016e-04 2.253275280701212333e-04 2.298309394138230578e-04 2.350776715143112648e-04 2.398802113371198560e-04 2.404730285018780221e-04 2.367884592495946895e-04 2.280636718057029474e-04 2.208639580609442340e-04 2.181405804201326331e-04 2.157272860119289874e-04 2.131053009238220480e-04 2.142679533896471773e-04 2.249233123852243516e-04 2.360410841758957853e-04 2.389031018742889250e-04 2.330918036266935872e-04 2.294340122478589084e-04 2.319562305297446668e-04 2.385039665528155303e-04 2.395650737721681848e-04 2.341233285923701997e-04
2.630406958371153876e-04 2.685632097918945601e-04 2.716846356332241791e-04 2.705694935759477633e-04 2.672872301522975606e-04 2.643631406581740625e-04 2.619279573685164009e-04 2.569264596447805565e-04 2.482095083325125797e-04 2.385003872258421539e-04 2.340837636832592103e-04 2.343312430301308538e-04 2.375007309212308750e-04 2.406556794601492693e-04 2.445593336933091916e-04 2.474782615743022348e-04 2.429821020301280111e-04 2.306608334161947709e-04 2.137128720682580636e-04 2.041834499751117300e-04 2.028892281305981406e-04 2.154196012163856280e-04 2.343007710513519742e-04 2.514520768934546476e-04
2.617639507418404333e-04 2.819142147665973808e-04 2.920766365738586756e-04 2.906334466592170934e-04 2.841011244820447717e-04 2.762695993665397918e-04 2.682652469793689299e-04 2.610974788713555034e-04 2.539763898927735529e-04 2.494710723187186919e-04 2.487388108082383962e-04 2.495962746392529495e-04 2.551903678188709298e-04 2.597361636908884211e-04 2.581584493627957569e-04 2.431681091531116932e-04 2.182247679351763761e-04 1.917707496815846486e-04 1.708584158619237236e-04 1.615308181723030536e-04 1.587499457085052616e-04 1.688753202726198110e-04 1.937497206340058965e-04 2.276278845803605066e-04
2.189052946925044811e-04 2.573342142621311626e-04 2.781885375102160921e-04 2.801206627229292363e-04 2.740941022867830019e-04 2.651109620444446380e-04 2.558794254172562532e-04 2.514735361454082849e-04 2.508764587209555094e-04 2.541817687051880158e-04 2.574193680577109328e-04 2.591723152037689066e-04 2.623469994689302514e-04 2.583101154371973294e-04 2.412775053110025958e-04 2.061692579808089404e-04 1.663349842662972334e-04 1.313044655502316679e-04 1.116423014728326184e-04 1.073893634375251900e-04 1.079946756052307868e-04 1.116135036671129165e-04 1.294052033430124029e-04 1.669342941817126115e-04
1.461976053390390230e-04 1.944773697814069938e-04 2.265469183627474977e-04 2.376074658027744753e-04 2.368516756595460526e-04 2.321425543993677640e-04 2.282036214241802991e-04 2.311172522960124813e-04 2.381873861335999766e-04 2.484673225066859532e-04 2.550585694190829131e-04 2.566083299689853698e-04 2.476168035670046398e-04 2.227362455120779426e-04 1.856838748265728816e-04 1.402072148619789790e-04 1.019183546489062258e-04 7.227380051273524589e-05 6.246015188501821572e-05 6.663374365737428418e-05 7.166008802879103177e-05 6.791665911523754595e-05 7.095272240227436049e-05 9.557389226911926867e-05
8.991949536325848698e-05 1.306714899229199781e-04 1.655287836466287806e-04 1.860606837266226186e-04 1.934711231369116557e-04 1.965921056765946901e-04 2.005188751061408249e-04 2.092858384418886709e-04 2.191425542621485713e-04 2.297810115241079765e-04 2.335733130194372420e-04 2.282848373881724057e-04 2.042371810722103565e-04 1.655020995601518593e-04 1.231152482396334689e-04 8.466369288603171157e-05 6.039449300547428590e-05 4.613626932462730414e-05 4.978393310714659796e-05 5.972692651372377842e-05 6.420015233426687971e-05 5.578501423064305355e-05 4.949402026937094336e-05 5.774993614408959386e-05
5.376429134250275779e-05 7.870501604992388126e-05 1.080665549464670264e-04 1.345596017347401303e-04 1.513993588047051093e-04 1.636135332504079487e-04 1.744857377564691637e-04 1.860024107935370438e-04 1.955420858338736924e-04 2.014390822363170742e-04 1.953360975803953442e-04 1.761130450337798864e-04 1.413077546086569949e-04 1.044114819832908712e-04 7.238348237158337916e-05 4.894042294485217791e-05 3.896433368474268739e-05 4.036589074715231818e-05 5.604201082473962670e-05 6.861524334726866589e-05 6.939618809866886760e-05 5.693613716917345866e-05 4.571084120625916507e-05 4.199425833551831275e-05
2.866841426869209825e-05 3.777463827983209259e-05 5.700099083712074194e-05 8.457135637939513834e-05 1.099871938280806634e-04 1.315251050514819569e-04 1.485589741669323934e-04 1.594915774278430839e-04 1.644166228013509568e-04 1.583045843855630330e-04 1.375880561206300188e-04 1.061074285551618360e-04 7.223999675668590784e-05 5.028578701461746780e-05 3.663417969123408262e-05 3.106972427186742577e-05 3.455515608990121447e-05 4.762683743779836119e-05 6.783359837710013372e-05 7.803600381069088123e-05 7.497207864465740943e-05 6.000608748789061755e-05 4.512778548500707179e-05 3.296949307532144011e-05
-1.238018005996142755e-06 5.155706343648973209e-07 1.347240150985320129e-05 3.931913178801089103e-05 6.811846403723844485e-05 9.487130861279384215e-05 1.154789175979049887e-04 1.232247113571990145e-04 1.199685779289904177e-04 1.011343541205703622e-04 7.346383180547695288e-05 4.378043813426496354e-05 2.118417138924991861e-05 1.217309889248546526e-05 9.813244802340564856e-06 1.509206113217589563e-05 2.649872344333423972e-05 4.254217157623579713e-05 5.888820152428834840e-05 6.464030186754437981e-05 6.050050613928022717e-05 4.583569037202430221e-05 2.820037612371486036e-05 1.074586121446961118e-05
-3.218138718942318519e-05 -3.472380566331769602e-05 -2.497986821310633408e-05 -1.589813882539777430e-06 2.607030354375751842e-05 5.351537184799475650e-05 7.437091434441118717e-05 7.680099550884995246e-05 6.323478018568630355e-05 3.531762041533062204e-05 1.010050600470834684e-05 -8.378251817615906373e-06 -1.722110611634148633e-05 -1.773194853677632888e-05 -1.324295656265712548e-05 -2.344730952616710519e-06 1.097834408264673593e-05 2.398874123153327303e-05 3.384977551368808499e-05 3.590785918633176808e-05 3.144848131555931595e-05 1.940249465958913296e-05 2.889187189681142623e-06 -1.598253119529637815e-05
-5.919742281120979305e-05 -6.368322859206844444e-05 -5.695987950801065876e-05 -3.759255583044526398e-05 -1.440100996256112734e-05 8.240020899320918326e-06 2.164162013153936930e-05 1.536028735954977914e-05 -5.396227584501114225e-06 -3.203640022115714862e-05 -4.625586521175851091e-05 -5.054469192287470471e-05 -4.746490838735037117e-05 -4.213289314525719758e-05 -3.369207767710785770e-05 -2.275811531518111134e-05 -1.378019494659626364e-05 -7.625726201447701133e-06 -4.140420242394165662e-06 -4.248585055864912083e-06 -8.412612141344266833e-06 -1.677066745163161297e-05 -2.872184474613709686e-05 -4.392767599186469976e-05
-7.700326555743489598e-05 -8.268786173662316977e-05 -8.040081885825242072e-05 -6.715161887631896081e-05 -5.120865507811566883e-05 -3.831857660541058221e-05 -3.669187867150727658e-05 -4.886783546294147545e-05 -6.748237649525481497e-05 -8.415098099804142523e-05 -8.837173050255979424e-05 -8.502850628963529698e-05 -7.576254448014239353e-05 -6.551323843631875197e-05 -5.428581649136913714e-05 -4.466115639015498143e-05 -3.954449660059693389e-05 -3.732337220047377170e-05 -3.687199027028557208e-05 -3.789902296092935213e-05 -4.143315390887072962e-05 -4.707812872211174454e-05 -5.483457103472435195e-05 -6.509894311673048329e-05
-8.880223279383736980e-05 -9.477302164637435849e-05 -9.600968724870970466e-05 -9.031743609551033951e-05 -8.541330235817321101e-05 -8.606442426583034802e-05 -9.503054233341614839e-05 -1.069467045594576398e-04 -1.172648530951961229e-04 -1.225430961607040152e-04 -1.200819621571581365e-04 -1.124235189982116667e-04 -9.969671145291069260e-05 -8.666394770565884274e-05 -7.478375238221122621e-05 -6.604074565641353831e-05 -6.179621557698771438e-05 -6.051930465299538444e-05 -6.141606215773502339e-05 -6.297952440657151988e-05 -6.550132089799455971e-05 -6.884083226979249674e-05 -7.360021203069910996e-05 -8.012079737917066557e-05
-9.443285219427775747e-05 -1.002659498860406634e-04 -1.048426503365032335e-04 -1.097929466954721320e-04 -1.193004258138570745e-04 -1.331296234921545854e-04 -1.464116021082679934e-04 -1.516010848037157677e-04 -1.510519169144340830e-04 -1.468100459462818121e-04 -1.410379326398706582e-04 -1.324104497362123159e-04 -1.198655211186031900e-04 -1.068237385512245483e-04 -9.548737540550721980e-05 -8.637481604551181435e-05 -8.014287291168400898e-05 -7.649209912011176182e-05 -7.552468642949231189e-05 -7.602465674057628489e-05 -7.748449226158328094e-05 -8.000825893285123155e-05 -8.364953747990601211e-05 -8.832212220425172185e-05
-9.914216037038914905e-05 -1.055659162299233756e-04 -1.144512110586023230e-04 -1.299286152415832858e-04 -1.496661801046975538e-04 -1.687560190380647937e-04 -1.797737548259141093e-04 -1.787176870837556438e-04 -1.716782928991970078e-04 -1.618449606828838746e-04 -1.533015689843793890e-04 -1.442200222428923135e-04 -1.334525899117891719e-04 -1.219132160926408479e-04 -1.110542793659377293e-04 -1.012002594140670709e-04 -9.314296788012069238e-05 -8.682186229607539193e-05 -8.272213627803827744e-05 -8.142541873306373987e-05 -8.264039234739611688e-05 -8.610146799682002962e-05 -9.016355096578391212e-05 -9.454386547331930599e-05
-1.048406418521887005e-04 -1.124787690380708307e-04 -1.262963714035427116e-04 -1.494716573815175272e-04 -1.731571427727480604e-04 -1.912254577445719555e-04 -1.983926681755576423e-04 -1.942006501552069110e-04 -1.837806298347853518e-04 -1.696815835760764099e-04 -1.579088077375946717e-04 -1.479150914103948607e-04 -1.389210114977106004e-04 -1.293338644385023635e-04 -1.194021721425232512e-04 -1.095514401160632993e-04 -1.007084792048606195e-04 -9.275672085120451049e-05 -8.643111890945008938e-05 -8.411090929295556658e-05 -8.585421678515184991e-05 -9.101133171869897729e-05 -9.623848393696784651e-05 -1.010707930550888093e-04
-1.117755029427782240e-04 -1.220486970820045675e-04 -1.393436929968533129e-04 -1.637950703843941134e-04 -1.847198074257935341e-04 -1.984223171510374932e-04 -2.029788320083544177e-04 -1.990281744357635691e-04 -1.887070527977094902e-04 -1.727657480541216204e-04 -1.576122743025574829e-04 -1.446323552822736328e-04 -1.349238879551816687e-04 -1.266645822573583683e-04 -1.181491112055842749e-04 -1.087482754452584357e-04 -9.961264193077765258e-05 -9.175493233487509118e-05 -8.639946955797328455e-05 -8.564784841558488568e-05 -8.897627761245834076e-05 -9.532219151037233209e-05 -1.012638499383566431e-04 -1.067232384776424471e-04
-1.168421397211502486e-04 -1.296903764735321584e-04 -1.475271319831566075e-04 -1.685392190768289370e-04 -1.848880762216218647e-04 -1.957740367464210775e-04 -2.003005333386359403e-04 -1.977567046593287125e-04 -1.888021642414441882e-04 -1.733031899021624401e-04 -1.565518134081757750e-04 -1.404457675312014656e-04 -1.277208532953735451e-04 -1.186022552936119616e-04 -1.104292340327559527e-04 -1.011216708772758071e-04 -9.214264579623948235e-05 -8.605997074819918865e-05 -8.441214841517892748e-05 -8.694788441069671570e-05 -9.204491125723460263e-05 -9.830807378810941979e-05 -1.038583672447459193e-04 -1.094646118743022233e-04
-1.187584779105339318e-04 -1.328311771450678229e-04 -1.498591121184645128e-04 -1.668778944652412493e-04 -1.788934229383771200e-04 -1.872053854876810496e-04 -1.919033779866899847e-04 -1.909268553195092913e-04 -1.834993732406371269e-04 -1.695833209536508964e-04 -1.533547478943776091e-04 -1.362432813378487457e-04 -1.207453501098623900e-04 -1.091336134601816605e-04 -9.966919564626279190e-05 -9.012867761023189705e-05 -8.228765233582802162e-05 -7.896140320883801361e-05 -8.131630697734521462e-05 -8.674818005287300538e-05 -9.322258449117912607e-05 -9.914264594544882942e-05 -1.041720950695019312e-04 -1.097957164280931216e-04
-1.202279271384525583e-04 -1.337445680013820792e-04 -1.485301058682566146e-04 -1.615746324650583750e-04 -1.698211727307113929e-04 -1.752606432522081171e-04 -1.782487522595233823e-04 -1.772321429213808525e-04 -1.713373213973801753e-04 -1.606601727316308073e-04 -1.475133491395643956e-04 -1.325718496488820686e-04 -1.161903565457400459e-04 -1.016330275093783007e-04 -8.963323281338731645e-05 -8.076737989147473088e-05 -7.646189522614864917e-05 -7.661584687787076570e-05 -8.146580980172085857e-05 -8.787376095098716237e-05 -9.455711768835254900e-05 -9.996774376308455471e-05 -1.047289542376732171e-04 -1.105966570503477198e-04
-1.259689700855856295e-04 -1.371766368309593610e-04 -1.483138061288224281e-04 -1.572711629852295936e-04 -1.620215244250886814e-04 -1.639984777839809419e-04 -1.635375320827901844e-04 -1.614493908364335892e-04 -1.576687795289995599e-04 -1.514772339896105244e-04 -1.425765943237731364e-04 -1.315859380708670596e-04 -1.176363927646511349e-04 -1.039276382864759971e-04 -9.239510706303302560e-05 -8.609842303705554179e-05 -8.545316667391874958e-05 -8.753824085268095375e-05 -9.183946078894505852e-05 -9.650401372152356098e-05 -1.014284801810843802e-04 -1.057176978373561152e-04 -1.103714151577743193e-04 -1.166180439617555146e-04
-1.348510246846363204e-04 -1.424359439918574755e-04 -1.486109714001122330e-04 -1.527511934133108003e-04 -1.538592191423449550e-04 -1.522274984536016408e-04 -1.487086231247014957e-04 -1.464773570167551082e-04 -1.457393629725119730e-04 -1.446283027890491488e-04 -1.402352044619481605e-04 -1.334567488593257098e-04 -1.240839873400520401e-04 -1.152521219875885016e-04 -1.082151688042185076e-04 -1.054772712383100715e-04 -1.064431637381054146e-04 -1.084102810046505793e-04 -1.104096633486487626e-04 -1.118737082944368054e-04 -1.135821747060903990e-04 -1.158954492530160554e-04 -1.201897138075948301e-04 -1.265633089912137743e-04
-1.446924173783838380e-04 -1.477193550949000306e-04 -1.486728514674344036e-04 -1.477582084048812468e-04 -1.454380878694893394e-04 -1.416614086064472999e-04 -1.382160875635009170e-04 -1.381239471973766907e-04 -1.406043447125711885e-04 -1.436973859157834909e-04 -1.436932094683249228e-04 -1.413150891172670713e-04 -1.376856023549200600e-04 -1.356205525316943946e-04 -1.349359632720832278e-04 -1.349664702595091033e-04 -1.345704390698093807e-04 -1.340326892115076014e-04 -1.327939995895998954e-04 -1.311818420894141936e-04 -1.298645951010635765e-04 -1.303213097278367225e-04 -1.337420760645061286e-04 -1.390445397060407692e-04
-1.499792567858441159e-04 -1.494967825283626580e-04 -1.469531624883242964e-04 -1.422081420295007951e-04 -1.376146967308711992e-04 -1.340974064216567596e-04 -1.336166237093799902e-04 -1.365242278958061855e-04 -1.409771594740013353e-04 -1.460261797191969363e-04 -1.489704607340895030e-04 -1.498589652776798368e-04 -1.499429148079510119e-04 -1.514637930071011031e-04 -1.539175396445463583e-04 -1.547314916839305152e-04 -1.526821229734145861e-04 -1.499342544987419638e-04 -1.467742060989055619e-04 -1.440343880956911331e-04 -1.417059507573678264e-04 -1.415295867112391012e-04 -1.439467690919152558e-04 -1.473639629836295427e-04
-1.510552526705764202e-04 -1.483946648108467703e-04 -1.436852267299851054e-04 -1.363294876547767234e-04 -1.305707367809310162e-04 -1.284208546135656454e-04 -1.309750688208255020e-04 -1.359153155495147021e-04 -1.413736791804231141e-04 -1.471445761965804787e-04 -1.515362121420683916e-04 -1.541902390485511490e-04 -1.558706882823995095e-04 -1.582447238575992250e-04 -1.611040357457746344e-04 -1.620982802750627397e-04 -1.599220395659481516e-04 -1.564905179971222339e-04 -1.526599462968334308e-04 -1.497676732233255343e-04 -1.474032509677646616e-04 -1.472114043019244966e-04 -1.488849894002530847e-04 -1.506769002157927299e-04
-1.481096266707309338e-04 -1.442939172099990145e-04 -1.381647328239872031e-04 -1.297787284282451211e-04 -1.241157509327940015e-04 -1.227790943920910381e-04 -1.264054833922556738e-04 -1.320684856617730012e-04 -1.381558991906853653e-04 -1.438249968382391208e-04 -1.477621899524164120e-04 -1.503723427899650224e-04 -1.521140185262686954e-04 -1.540614795408644432e-04 -1.561142501182141479e-04 -1.572371137438615914e-04 -1.561909116193789234e-04 -1.535978073264129698e-04 -1.501295069881592847e-04 -1.475761947290492489e-04 -1.458628924673644627e-04 -1.461245208164786203e-04 -1.475328780449283738e-04 -1.486769762955188591e-04
-1.415640312680936663e-04 -1.377377980147967125e-04 -1.310565448664991687e-04 -1.228621671190402627e-04 -1.177173134943344666e-04 -1.158009716038472999e-04 -1.177658400245214270e-04 -1.221386928031651666e-04 -1.277757560451054026e-04 -1.328991641840393187e-04 -1.359427067343649937e-04 -1.381621791005177785e-04 -1.403180926967613528e-04 -1.428732263019477883e-04 -1.452213280947640419e-04 -1.469765533789958354e-04 -1.471141532460664998e-04 -1.456783894226645220e-04 -1.427396857504792318e-04 -1.404889586498593113e-04 -1.395860897525651363e-04 -1.401935101230151635e-04 -1.411895191780854848e-04 -1.420377856589829894e-04
-1.313697956517764201e-04 -1.290264780539190090e-04 -1.232865955913403102e-04 -1.160254215026708754e-04 -1.113884063217185924e-04 -1.088820936544553986e-04 -1.082280690901548157e-04 -1.094063129939484429e-04 -1.126885665649400261e-04 -1.165385642569647214e-04 -1.191374737508362711e-04 -1.214152831529907619e-04 -1.243862107649420503e-04 -1.279015517648572273e-04 -1.308975195772781107e-04 -1.334225085657326148e-04 -1.346661797114951438e-04 -1.343100256447956741e-04 -1.319977949715494625e-04 -1.303211364080226824e-04 -1.305001842537220624e-04 -1.313021385276528065e-04 -1.313117997950303921e-04 -1.312902348919215041e-04
-1.175543727242395133e-04 -1.171692741485458404e-04 -1.148215446550849666e-04 -1.107444319653115111e-04 -1.067380284436811739e-04 -1.031691171568912451e-04 -9.913869876343339867e-05 -9.572904104721482598e-05 -9.419989927771292115e-05 -9.489048381025635124e-05 -9.720955612194943213e-05 -1.006208263498314259e-04 -1.054816633558961620e-04 -1.103024983686202049e-04 -1.142294396021687066e-04 -1.173459676074093669e-04 -1.194924938652808379e-04 -1.205323416518950250e-04 -1.201688287137924323e-04 -1.199843784124030380e-04 -1.208031474549962810e-04 -1.209664843063090392e-04 -1.195531196046546024e-04 -1.179146150980671761e-04
-1.015134201380996190e-04 -1.009025365583468022e-04 -1.017384349244555614e-04 -1.021531172121313948e-04 -9.967315763523260487e-05 -9.534207895600641555e-05 -8.909222049584060064e-05 -8.275721855787017357e-05 -7.701594592175239212e-05 -7.386470281024261656e-05 -7.542006012661028067e-05 -8.039124128252305129e-05 -8.760230542133617710e-05 -9.349343947283035410e-05 -9.805397993691067403e-05 -1.012147143312987804e-04 -1.039031452464110876e-04 -1.064976526946648022e-04 -1.090832174845314545e-04 -1.108230799718512908e-04 -1.113533394667661419e-04 -1.101535514431173254e-04 -1.075838055370743169e-04 -1.042845761535189571e-04
-8.368470420843522443e-05 -8.079573188203159758e-05 -8.276295436511833705e-05 -8.715350975867915356e-05 -8.722045412597495171e-05 -8.314766805377554271e-05 -7.627360326359332863e-05 -6.918326457779115863e-05 -6.139986854897761198e-05 -5.528386115912506063e-05 -5.565962273766806299e-05 -6.177483407911238584e-05 -7.091746465341406476e-05 -7.745745709165800851e-05 -8.223015613424976581e-05 -8.508035504315426497e-05 -8.802264751826568252e-05 -9.188377153091719870e-05 -9.708611072378537700e-05 -1.003737224471207723e-04 -1.002389088416635464e-04 -9.766959632353806441e-05 -9.430723352677002796e-05 -8.971104357991021086e-05
-6.455571919343305973e-05 -5.856713214315797142e-05 -5.763987758458199821e-05 -6.141285061654376879e-05 -6.368654885416025397e-05 -6.275557640363175213e-05 -5.867714593741771626e-05 -5.298918092611660131e-05 -4.614710985413519179e-05 -4.031895961036013675e-05 -4.050440764757160661e-05 -4.620198622780961027e-05 -5.510227373462914295e-05 -6.171339060216058455e-05 -6.651413192489244496e-05 -6.946096693846807177e-05 -7.271746533457359659e-05 -7.704834777479438012e-05 -8.247071961790366557e-05 -8.567030237596554574e-05 -8.552523119422811456e-05 -8.289628211104342940e-05 -7.890445990453507079e-05 -7.306265679572549918e-05
-4.722007426193368455e-05 -3.945655780562156746e-05 -3.375523634179731337e-05 -3.215769573261864216e-05 -3.383283484751211588e-05 -3.646203411412886412e-05 -3.732666468911967106e-05 -3.511911882032651663e-05 -3.212215610037924047e-05 -2.996436240164176645e-05 -3.128819999742034732e-05 -3.534590377311982030e-05 -4.179360752305687682e-05 -4.748603158614883628e-05 -5.171861561438478833e-05 -5.478770569433689242e-05 -5.806773239179742138e-05 -6.172049314212496661e-05 -6.496749673701194617e-05 -6.679697601773936899e-05 -6.765016647304176350e-05 -6.668261922018216530e-05 -6.269309232762387634e-05 -5.612562070092491873e-05
-3.222147821203042871e-05 -2.349234366716307127e-05 -1.382626661557232809e-05 -6.129656077612427440e-06 -4.939812177019563215e-06 -8.862759268018228286e-06 -1.456913270524168680e-05 -1.790579351377536064e-05 -2.081772668068110425e-05 -2.338052352541141376e-05 -2.587943114179866495e-05 -2.833394057500115303e-05 -3.186195828888983557e-05 -3.566480452716895458e-05 -3.835834624053563317e-05 -4.068621267430063169e-05 -4.323369526836237778e-05 -4.545226192404288413e-05 -4.619338175146924538e-05 -4.674779892113934592e-05 -4.869429237975873506e-05 -4.992994795899837656e-05 -4.693127701766124630e-05 -4.062669751034399853e-05
-2.189684070149339445e-05 -1.377164026112802123e-05 -3.809523627720590367e-06 6.075650444386322762e-06 1.015411775691621388e-05 8.429815664786140830e-06 1.774566741764267953e-06 -5.554300790468588817e-06 -1.300950009845364952e-05 -1.916831437791098551e-05 -2.278685726170507887e-05 -2.487321676507070340e-05 -2.609256850815416462e-05 -2.701309680397440989e-05 -2.715902080339144156e-05 -2.701120183113563561e-05 -2.702036896473371366e-05 -2.685590390529752445e-05 -2.644337528488428850e-05 -2.724894695916771749e-05 -2.983577158131515470e-05 -3.260650258771176309e-05 -3.194867037990034754e-05 -2.825546498867671959e-05
-1.355042723910579200e-05 -7.477052148236344649e-06 -7.659509908987784457e-07 6.152927579084534079e-06 1.053329246866603620e-05 1.188966196731890924e-05 8.479182342520707324e-06 1.922029086728178799e-06 -5.498885570050649975e-06 -1.207998405381703192e-05 -1.587632825497357558e-05 -1.794318304431990604e-05 -1.794124506953104748e-05 -1.682582687746844214e-05 -1.525466933607753864e-05 -1.268711619069338086e-05 -1.009391091999315242e-05 -8.339290938200850874e-06 -8.705742314128211463e-06 -1.070775694458366741e-05 -1.290101272635829115e-05 -1.555308624228417624e-05 -1.719579268904422001e-05 -1.707216054936729692e-05
-3.946750003358530476e-06 -5.722969820491133726e-07 2.240691979154490565e-06 5.262694479139732073e-06 8.730892530087996906e-06 1.195386920383897280e-05 1.229051359968715229e-05 8.723848480865216111e-06 3.555992335822885905e-06 -1.765410855113150005e-06 -4.594371239883606950e-06 -5.496536181462105257e-06 -4.441347793221367174e-06 -2.771246855865312834e-06 -9.642715162558700566e-07 2.499277191185345101e-06 6.128641386630691479e-06 7.907202811225920208e-06 6.318429458784075806e-06 3.799501391362008613e-06 2.679343969165612365e-06 9.182676255168153962e-07 -2.159827631407365693e-06 -4.740618898869832243e-06
