1.448043086872630793e-05 1.188682584540830874e-05 8.696709922834768215e-06 6.553266805847957246e-06 7.539935275511829574e-06 1.070801122067209973e-05 1.476156565848876341e-05 1.694451812378009524e-05 1.763410411099219422e-05 1.709642685588307168e-05 1.735822089991678250e-05 1.882896118782330372e-05 2.098433076207732858e-05 2.192557894963767219e-05 2.154410581701596947e-05 2.096057050829731774e-05 2.082542913163556230e-05 2.023484124566358024e-05 1.897057981040838797e-05 1.855736772466239480e-05 1.972167299466266317e-05 2.085833920852983158e-05 1.976032429591894612e-05 1.729710397859438820e-05
4.274497641496645449e-05 3.642759652334731505e-05 3.082389333949932535e-05 2.685504288412939665e-05 2.533616951073220866e-05 2.561780531643238065e-05 2.860655643190223311e-05 3.279456260635741434e-05 3.677259762553083581e-05 4.028606513801924623e-05 4.366812458611357060e-05 4.728442546864733691e-05 5.027545597306043185e-05 5.110195168974317659e-05 5.011033629471915642e-05 4.706885372887087264e-05 4.404215391447005270e-05 4.195020955139141974e-05 4.215495182742612476e-05 4.395112065800738213e-05 4.574169816048845468e-05 4.779578975781577729e-05 4.863179042561503176e-05 4.748672639948164101e-05
7.109378493945701146e-05 6.252603681151288066e-05 5.598215299836659407e-05 5.086236780169960754e-05 4.671349114743732759e-05 4.398422537587336385e-05 4.496100990207067816e-05 4.938420468964231115e-05 5.488082364472964561e-05 6.122751590366004462e-05 6.706386580955133717e-05 7.215975234044869980e-05 7.651829833851306166e-05 7.895972565756626351e-05 7.908765207338797174e-05 7.512121820032578322e-05 7.053926777476926015e-05 6.828227476116738510e-05 7.021022168303434963e-05 7.338786547244427483e-05 7.497680924990754513e-05 7.695877770484877995e-05 7.857760285886427308e-05 7.759950402972817872e-05
9.540695462000565812e-05 8.803697448129179791e-05 8.188081424194410115e-05 7.589636212354936072e-05 7.033727615188612218e-05 6.633022078062717560e-05 6.567399779161195439e-05 6.847287768381712177e-05 7.296281550839538860e-05 7.901525090471631660e-05 8.497055011586125174e-05 9.040406225015439621e-05 9.606018490999452761e-05 1.007052605850490822e-04 1.031836725028085046e-04 1.019359519351377641e-04 9.993770533029940409e-05 9.974027023251605558e-05 1.022070619577350231e-04 1.048452527067047271e-04 1.059604845637273680e-04 1.063600555788109134e-04 1.054105345644260722e-04 1.020934797413884605e-04
1.215376546845664996e-04 1.171148731432659993e-04 1.109756350634416133e-04 1.036796426278806862e-04 9.816256448963747402e-05 9.484325468360942037e-05 9.387634946836462702e-05 9.484572019920950502e-05 9.745802106934481042e-05 1.011049927281296266e-04 1.052221403177455581e-04 1.102295582362273899e-04 1.161898638679274365e-04 1.214021547107729614e-04 1.252368458797206837e-04 1.280705706185231748e-04 1.304582669850713023e-04 1.322082810882426666e-04 1.334827103826142039e-04 1.349035405896422974e-04 1.365160028285689140e-04 1.358207011987294893e-04 1.317042410483729240e-04 1.262948867275801913e-04
1.555568433646499797e-04 1.532897262295760440e-04 1.463758761180882276e-04 1.374652943424368437e-04 1.321756601829519808e-04 1.297295320874931835e-04 1.287626029989903241e-04 1.283383451290796156e-04 1.295088896053766625e-04 1.308875104843030450e-04 1.330048518071405724e-04 1.374245208645616368e-04 1.429895908875600144e-04 1.475319143823227146e-04 1.514857022865849555e-04 1.568926247997451731e-04 1.618869515893223425e-04 1.638051023450910011e-04 1.634122402875320187e-04 1.644451646588097958e-04 1.673843119858317769e-04 1.672683213084315062e-04 1.625038345106362251e-04 1.575210931806214339e-04
2.112605582456519686e-04 2.069548327925547224e-04 1.986855712912897868e-04 1.884524060780775809e-04 1.809178786026003987e-04 1.756365370118651622e-04 1.722669601229046498e-04 1.703384279284528941e-04 1.700354549423886057e-04 1.709406338028590319e-04 1.732672765679954541e-04 1.775038946190276733e-04 1.826360906564718223e-04 1.873497936518120333e-04 1.922213772283602176e-04 1.980821903975642294e-04 2.027354280080196811e-04 2.046174726644774729e-04 2.046070834896265768e-04 2.055287056570477837e-04 2.074450617685792686e-04 2.094786126781882692e-04 2.106706567581801076e-04 2.115791659453558605e-04
2.578149752117350779e-04 2.493617125476298136e-04 2.412415841297393460e-04 2.331252982467044209e-04 2.250831100596361819e-04 2.174677296669307958e-04 2.118901321695117505e-04 2.093316122659790379e-04 2.085082930882758338e-04 2.105498717611775747e-04 2.139398574774142815e-04 2.170430561764535870e-04 2.209299999078902363e-04 2.264620155655427253e-04 2.328556800644226554e-04 2.382496081547602227e-04 2.422055134376765464e-04 2.464386856966485780e-04 2.500420804053768713e-04 2.509006210795671431e-04 2.492163267507542415e-04 2.508087285638455803e-04 2.564684013319240043e-04 2.606393388477765615e-04
2.711461153055573611e-04 2.605342396809443451e-04 2.545521685969285306e-04 2.524463221747580920e-04 2.496946692869730770e-04 2.455434461031717947e-04 2.415314878425307377e-04 2.400921039095157755e-04 2.404975622197723904e-04 2.435658977554295971e-04 2.460508168438158851e-04 2.460521866119116550e-04 2.469614728653113833e-04 2.518154004201682283e-04 2.582347450762719279e-04 2.632515824001658991e-04 2.681861447454966861e-04 2.764464339969366032e-04 2.847640793564711688e-04 2.860844826819310799e-04 2.813244820572744745e-04 2.786020232804139736e-04 2.804569576052103508e-04 2.796179563183709177e-04
2.554692067452411829e-04 2.461920493677494212e-04 2.427982097941207577e-04 2.463899022395093564e-04 2.515073208249200593e-04 2.552283160422004157e-04 2.571680558111578887e-04 2.588798315050765434e-04 2.612662389952436956e-04 2.621526884916006790e-04 2.595503157336412651e-04 2.549707557579220440e-04 2.516398186496607097e-04 2.528633014034832615e-04 2.565173262657144209e-04 2.632146509111007397e-04 2.730185904824129458e-04 2.853374923524943686e-04 2.964761454664746393e-04 3.004536615592062927e-04 2.989716222638438945e-04 2.931309967509280589e-04 2.839153307281301391e-04 2.705515035941335219e-04
2.480407975742945220e-04 2.413522075122109898e-04 2.387572914861399984e-04 2.421460886196891648e-04 2.487755298193645580e-04 2.558412195970605663e-04 2.617216378592786036e-04 2.647580252110733837e-04 2.660189819476283250e-04 2.622089976943124136e-04 2.555838698803516518e-04 2.501910413567858655e-04 2.457347633906563009e-04 2.438835794112007092e-04 2.454894192944576548e-04 2.552023984024765369e-04 2.688134787037503755e-04 2.802695321590605070e-04 2.879067329835738385e-04 2.928311343240616008e-04 2.970752463476140719e-04 2.949289972937449477e-04 2.825140453369694615e-04 2.642476816292791764e-04
2.570645089224312600e-04 2.519674342404666862e-04 2.491743898266641230e-04 2.488038069976039645e-04 2.508293534452934255e-04 2.551238204171545716e-04 2.601891392456583238e-04 2.611544997676300446e-04 2.578943672628735903e-04 2.502037665657863823e-04 2.445831567953265454e-04 2.434043328234165480e-04 2.419269066772788024e-04 2.401821682207634081e-04 2.429209353812644538e-04 2.547761486686106946e-04 2.672664168770176054e-04 2.729316690947278311e-04 2.722622615335986004e-04 2.734511887523197854e-04 2.787390927252645484e-04 2.839013077586155531e-04 2.801976044937321843e-04 2.689392388382179692e-04
2.685264568382882242e-04 2.681548895369966282e-04 2.655733133655241354e-04 2.599469309016435789e-04 2.546265915151551466e-04 2.515640424182194555e-04 2.503175103331171914e-04 2.465943369034815031e-04 2.394054092882427179e-04 2.321415276104630762e-04 2.307636639388084587e-04 2.338680088397718823e-04 2.388389604963054897e-04 2.433495884734040028e-04 2.492398511097802588e-04 2.554169422374648725e-04 2.557629820270375235e-04 2.493314833699941386e-04 2.378682411414922385e-04 2.313313026551675410e-04 2.312942221404074938e-04 2.414194780282837190e-04 2.544186292610695912e-04 2.641997170551183081e-04
2.321461143872052433e-04 2.453318128131979324e-04 2.490690678601743314e-04 2.431203089507218476e-04 2.348740120247256311e-04 2.270305729728933064e-04 2.205247245440209900e-04 2.154321627635871880e-04 2.108433868912886193e-04 2.094045665961913544e-04 2.117530381566439586e-04 2.154550773296964416e-04 2.235047928560299278e-04 2.304960672683166597e-04 2.316327526700998106e-04 2.214173083181071404e-04 2.027312303099249610e-04 1.820325580880207512e-04 1.633998371065272155e-04 1.532342787770520651e-04 1.495910747826652743e-04 1.577071555116424492e-04 1.780595440412419312e-04 2.055703176756076334e-04
1.451771898756584322e-04 1.785201238883891495e-04 1.951761800132681564e-04 1.939216838227534700e-04 1.861827378268149857e-04 1.769917172896515710e-04 1.692031559896713881e-04 1.672611043341983819e-04 1.697923786805989393e-04 1.764491129411465515e-04 1.825450076038724688e-04 1.868658289191801024e-04 1.929796477724393092e-04 1.924011596640000149e-04 1.787338588752758158e-04 1.473937161189322232e-04 1.102616034195621136e-04 7.588184073936403320e-05 5.342326117018411885e-05 4.573024022160235963e-05 4.458206997163268283e-05 4.813400612891237016e-05 6.462853590568464802e-05 9.865789933072664352e-05
1.904585718394498410e-05 6.590721992957546441e-05 9.739634077286579098e-05 1.079366892508656965e-04 1.068762462270621071e-04 1.029075357855675874e-04 1.009160045151758791e-04 1.066213759013596350e-04 1.170447778504825109e-04 1.307853103019373186e-04 1.401764110417576454e-04 1.440634593925618258e-04 1.373603881950930406e-04 1.146904454892026711e-04 7.934744778076476272e-05 3.390270021103174326e-05 -7.392031537566664263e-06 -4.235746404547298117e-05 -5.835989498746856400e-05 -5.778446377073102088e-05 -5.405991918953818333e-05 -5.676951410783209599e-05 -5.319827898727626182e-05 -2.952463778448326029e-05
-8.538490169598896050e-05 -4.335800497224670893e-05 -6.835643670986185692e-06 1.573007809001868756e-05 2.549327131120370226e-05 3.129074377715470039e-05 3.810122202356432841e-05 4.982742131035722982e-05 6.279152018848227100e-05 7.667232622188881750e-05 8.316638758293259568e-05 7.982707943178282673e-05 5.671588120780307227e-05 1.775233306217003946e-05 -2.581853106075431738e-05 -6.770304311002958296e-05 -9.790702601455859974e-05 -1.193927554682493847e-04 -1.220715372797128980e-04 -1.152307047876141810e-04 -1.120547299628973329e-04 -1.205661676242223611e-04 -1.268705477160513159e-04 -1.183138254012114674e-04
-1.592535999804585325e-04 -1.310799832870838185e-04 -9.854319553633235991e-05 -6.809553244126165771e-05 -4.677675286448708213e-05 -3.048114738048959244e-05 -1.632507402926104063e-05 -2.222825776424701085e-06 9.637191096136752330e-06 1.801973955883391003e-05 1.398447817034464745e-05 -4.213469853515657769e-06 -3.902778044438607582e-05 -7.724262133976474468e-05 -1.119990391871785362e-04 -1.408624829834886872e-04 -1.580963642689305699e-04 -1.642230378933880696e-04 -1.547872260243780677e-04 -1.459784559320529665e-04 -1.476485145389469110e-04 -1.616406645742101745e-04 -1.728809354651032867e-04 -1.745014076248959701e-04
-2.080645804652882951e-04 -1.943399523068019350e-04 -1.706086247366642465e-04 -1.377365322203064654e-04 -1.067677932630196463e-04 -8.051784623446982877e-05 -6.054774647099297747e-05 -4.821264408082863418e-05 -4.240320043038730083e-05 -4.775563403782166126e-05 -6.791463984580848516e-05 -9.945889765042069213e-05 -1.333907467602944382e-04 -1.560845102938942901e-04 -1.719959566487390488e-04 -1.825057427725474226e-04 -1.855225089411987314e-04 -1.789684782989339046e-04 -1.645783238507349613e-04 -1.587482320006803368e-04 -1.652089252118143017e-04 -1.827312577438043497e-04 -1.981028241765533070e-04 -2.081486351103612343e-04
-2.402699867653726592e-04 -2.338446447376371997e-04 -2.159932530695596287e-04 -1.846864290516896437e-04 -1.507831406116188751e-04 -1.199324264346616467e-04 -9.748509497893195189e-05 -8.986100241235376305e-05 -9.384929233278775337e-05 -1.137674025095693458e-04 -1.420318452744068205e-04 -1.717973536352008026e-04 -1.934959712383086533e-04 -2.019786240754532715e-04 -2.050969104975183528e-04 -2.027914034635172245e-04 -1.960036121092844697e-04 -1.851067998544180904e-04 -1.736183049101841817e-04 -1.714454380170258576e-04 -1.783732978771581149e-04 -1.954781730876447633e-04 -2.144502890508748238e-04 -2.314434323039140881e-04
-2.531828572898520255e-04 -2.527484008564689628e-04 -2.394685445540529242e-04 -2.119133356596048629e-04 -1.807565915230169718e-04 -1.509862039839192003e-04 -1.299250232844854241e-04 -1.290576116523240531e-04 -1.448893062544640508e-04 -1.751369174863121557e-04 -2.009887750686081517e-04 -2.184575118461918675e-04 -2.248642883790711320e-04 -2.235366335322273390e-04 -2.182625630339795112e-04 -2.081755353553000807e-04 -1.972499284919787045e-04 -1.876770766383062145e-04 -1.812269646239218258e-04 -1.813180275256332766e-04 -1.873197588727373007e-04 -2.010232331379360022e-04 -2.190213065461046242e-04 -2.383871900328325753e-04
-2.449261981879672506e-04 -2.484058690281560678e-04 -2.403667602104205426e-04 -2.195720781932084637e-04 -1.959270074394050588e-04 -1.739700696448576330e-04 -1.625559818408922987e-04 -1.714582771138429781e-04 -1.950800827944948750e-04 -2.236365288168844722e-04 -2.372815252307792187e-04 -2.391845787853983578e-04 -2.325806286714354385e-04 -2.245799383392635548e-04 -2.143176564149805593e-04 -2.025889178911874204e-04 -1.939834873672041052e-04 -1.892361513835360664e-04 -1.873086356528885505e-04 -1.880473611800309217e-04 -1.924394092538476400e-04 -2.014640128490274731e-04 -2.144031579617207439e-04 -2.300382736159556395e-04
-2.270624707107398788e-04 -2.322610786284369229e-04 -2.300134975391171868e-04 -2.178816668573694919e-04 -2.044186558497646813e-04 -1.949135481905708812e-04 -1.970229940986777638e-04 -2.120337623181858247e-04 -2.327181255449055027e-04 -2.496010414492774525e-04 -2.519957633500930177e-04 -2.458150846831752708e-04 -2.332824674763887829e-04 -2.205970414776324746e-04 -2.076017212416750193e-04 -1.968341217607428792e-04 -1.910819119812612701e-04 -1.887366998931452877e-04 -1.883453458991641563e-04 -1.890991185236455692e-04 -1.921815802052629935e-04 -1.978550892569023610e-04 -2.058772603947785825e-04 -2.159049402114106243e-04
-2.053228224592695231e-04 -2.107740577510315485e-04 -2.128516946866844644e-04 -2.100936122378879733e-04 -2.097007644748984795e-04 -2.155355904494750548e-04 -2.291859507547778802e-04 -2.434518497926740248e-04 -2.543454284372922676e-04 -2.580363738506538380e-04 -2.529972826205738930e-04 -2.425493331143029313e-04 -2.274306994254069239e-04 -2.129293775993105369e-04 -2.000698588909229948e-04 -1.905812244171963302e-04 -1.854490474716611161e-04 -1.832727713685419063e-04 -1.832601053358341617e-04 -1.839471654174242032e-04 -1.856382810666117847e-04 -1.884504130858722574e-04 -1.926168049114849036e-04 -1.980982435530675653e-04
-1.817911711596739395e-04 -1.871908947034715224e-04 -1.930309383443442424e-04 -2.016640794119514061e-04 -2.161814282496970932e-04 -2.352605776423900234e-04 -2.525721610127776079e-04 -2.590520941130008254e-04 -2.580083821043594383e-04 -2.516198184425910613e-04 -2.435298567844567286e-04 -2.327741882264725665e-04 -2.191051911618707129e-04 -2.058974788372767116e-04 -1.945235439416668761e-04 -1.850758262939870759e-04 -1.779791177356036401e-04 -1.732825757280260430e-04 -1.713055099161773847e-04 -1.709805727821670667e-04 -1.716326721751086908e-04 -1.729768555165489931e-04 -1.748845152454373410e-04 -1.775977347532101927e-04
-1.665406573260534663e-04 -1.731544724986854033e-04 -1.837638540238532999e-04 -2.028199677624412806e-04 -2.265463518004633223e-04 -2.492330196390397609e-04 -2.624985224149872527e-04 -2.620373629232282658e-04 -2.547958242919207876e-04 -2.439385449635822305e-04 -2.342913494638416234e-04 -2.242982075253911040e-04 -2.135906007589152367e-04 -2.026275105159151965e-04 -1.919304489695401619e-04 -1.814542017597837130e-04 -1.723040934765786053e-04 -1.648937800099086815e-04 -1.600192957578075003e-04 -1.580615185592729177e-04 -1.583513732959373089e-04 -1.599398286572770210e-04 -1.614989463675171931e-04 -1.635351116452565963e-04
-1.608450767369906588e-04 -1.692996638334512958e-04 -1.853050635379087418e-04 -2.115140786731306132e-04 -2.372826750677406492e-04 -2.564100385085123441e-04 -2.638766916052585963e-04 -2.601357241956838242e-04 -2.503576436158766200e-04 -2.368443175715475614e-04 -2.256039414571935368e-04 -2.163373793652695440e-04 -2.085686142642044017e-04 -1.998409956103749431e-04 -1.898116569208112758e-04 -1.788495085040361823e-04 -1.687404076985489531e-04 -1.597107299753262530e-04 -1.526614456133171412e-04 -1.494216578084077115e-04 -1.497000973469443143e-04 -1.524475986968927067e-04 -1.551368928677538262e-04 -1.579747223947288500e-04
-1.666892816030913799e-04 -1.783129047345381518e-04 -1.977672006877436643e-04 -2.238746362453670384e-04 -2.446144452827437145e-04 -2.571572389756599983e-04 -2.606911201214961527e-04 -2.571832090900356168e-04 -2.481011098738257242e-04 -2.341482655138350886e-04 -2.211961424310954021e-04 -2.104984530583153541e-04 -2.028407806154496160e-04 -1.955034802172762648e-04 -1.867944203487665645e-04 -1.762543940852461086e-04 -1.659305155760095710e-04 -1.569643631288297097e-04 -1.504298353214415665e-04 -1.479593202978276190e-04 -1.490230488615802002e-04 -1.528204061096893245e-04 -1.569592709778273344e-04 -1.614428846808950598e-04
-1.759673497669691491e-04 -1.902838439810820370e-04 -2.094354851890168419e-04 -2.303780518946590299e-04 -2.452048863241582783e-04 -2.543246573823457158e-04 -2.576035262104089799e-04 -2.552780871995074933e-04 -2.475610440055069582e-04 -2.346663586535552791e-04 -2.210096687488859505e-04 -2.078488914680955298e-04 -1.974382226702774829e-04 -1.894476606821366620e-04 -1.815130090868144258e-04 -1.716634967770252367e-04 -1.617882187750887602e-04 -1.544876445290639362e-04 -1.510055473937776396e-04 -1.511326600525163895e-04 -1.535554533782156289e-04 -1.574607673706122576e-04 -1.619261075324458462e-04 -1.674571356982259098e-04
-1.839924549655556094e-04 -1.992225951393592192e-04 -2.162923564790477868e-04 -2.317215719914950481e-04 -2.417176922536648357e-04 -2.484967011176714212e-04 -2.521833644163288808e-04 -2.512837505621727291e-04 -2.451751165265677289e-04 -2.341927910310633075e-04 -2.212965828650948700e-04 -2.071377662369247184e-04 -1.939030991101852179e-04 -1.836522230235079420e-04 -1.748849271928042928e-04 -1.654157151120760286e-04 -1.569756626766679415e-04 -1.523272916910265373e-04 -1.524177334954554422e-04 -1.551960653125456239e-04 -1.590315148761901475e-04 -1.628492808303499538e-04 -1.671964952448318144e-04 -1.733303368322769097e-04
-1.912890176946217596e-04 -2.052130703319087965e-04 -2.189744761073704688e-04 -2.296897843128163153e-04 -2.359412266268572913e-04 -2.401396643172206986e-04 -2.425604378486661053e-04 -2.419846102065547656e-04 -2.377305285879143947e-04 -2.299112473194267264e-04 -2.196349438561841466e-04 -2.071579563565359243e-04 -1.926208730348049128e-04 -1.793014671295198629e-04 -1.681517415058675683e-04 -1.597016979790093010e-04 -1.550488451383230909e-04 -1.540290173651069909e-04 -1.567954348228043282e-04 -1.609120852145821154e-04 -1.654137442780526243e-04 -1.691999130119716942e-04 -1.736040911204351177e-04 -1.801712775060524188e-04
-1.987929973476686889e-04 -2.097204238911592523e-04 -2.194761933453405760e-04 -2.261240229386394780e-04 -2.288815982021468408e-04 -2.294244304177994016e-04 -2.284918869026769423e-04 -2.271455457664161312e-04 -2.249998990618159132e-04 -2.210791881151478371e-04 -2.142441565286167730e-04 -2.050908108433528861e-04 -1.924223380805406493e-04 -1.795631316665767183e-04 -1.688181357224087303e-04 -1.631677420283633739e-04 -1.626003436888602170e-04 -1.641316799583791299e-04 -1.671406462503779479e-04 -1.702627066898720030e-04 -1.736641205717416332e-04 -1.770012034163875295e-04 -1.817105636294167324e-04 -1.886147551589642849e-04
-2.062919598934255896e-04 -2.131491284720473604e-04 -2.178256297338760164e-04 -2.198534781186954569e-04 -2.190858130100765185e-04 -2.159416664294255177e-04 -2.117669552673696334e-04 -2.099037727578207042e-04 -2.101202330881219652e-04 -2.102654156106599352e-04 -2.069526300747518604e-04 -2.012039003777837823e-04 -1.925322956932283178e-04 -1.843088296353500547e-04 -1.781441042354309765e-04 -1.765052972550401676e-04 -1.782716863136386799e-04 -1.806025195228112216e-04 -1.823249915400317598e-04 -1.831460429121638646e-04 -1.841407924973543977e-04 -1.862020320208316281e-04 -1.908694785897137899e-04 -1.977635795144787735e-04
-2.111570849701783928e-04 -2.132389008029152318e-04 -2.126551403573338447e-04 -2.097570489318841837e-04 -2.056559539500685241e-04 -2.003710525879377172e-04 -1.959025845714557990e-04 -1.952857493998379592e-04 -1.975320405135253064e-04 -2.005319564490627671e-04 -2.005085473652432309e-04 -1.983123314451193918e-04 -1.952192292039683073e-04 -1.941642031935956634e-04 -1.948496537493264334e-04 -1.965581790974785443e-04 -1.976968107255117882e-04 -1.984519609029280693e-04 -1.979505757041944813e-04 -1.965779072690246093e-04 -1.953354269028559061e-04 -1.960515682551078288e-04 -1.999531328034352153e-04 -2.056206207243036085e-04
-2.089801448337383675e-04 -2.075640765958940766e-04 -2.035216243841652122e-04 -1.968808292424240210e-04 -1.906339408215559721e-04 -1.857503346279840292e-04 -1.841070618630090232e-04 -1.858450194321780824e-04 -1.891341217693726974e-04 -1.930597969023406751e-04 -1.953120096617135166e-04 -1.960353202966207446e-04 -1.969125379927112133e-04 -1.999599029890055508e-04 -2.041666861795284093e-04 -2.068286977801151480e-04 -2.065175924991813382e-04 -2.054614450236967572e-04 -2.036565412647657310e-04 -2.017732801259541789e-04 -2.000388419973463420e-04 -2.002988414829083227e-04 -2.030511400998569454e-04 -2.066160770832983101e-04
-2.009205505977566450e-04 -1.975763843600187274e-04 -1.916450264528298886e-04 -1.826946179261545360e-04 -1.755983306582612239e-04 -1.724124142252752168e-04 -1.739328745293423494e-04 -1.774063058823416609e-04 -1.811189004860870057e-04 -1.851805724180550800e-04 -1.887482011807161862e-04 -1.914308325307503681e-04 -1.941535385216735664e-04 -1.980138370797212698e-04 -2.024524954601225743e-04 -2.049738079393232228e-04 -2.043140524466944847e-04 -2.025476940155811938e-04 -2.003871640499499255e-04 -1.987880082172189058e-04 -1.973563103358941479e-04 -1.976110253956599833e-04 -1.993210749532951960e-04 -2.008904778713749403e-04
-1.882727836290158056e-04 -1.840555907481512420e-04 -1.772777188350400121e-04 -1.680586201407111447e-04 -1.616427002522019627e-04 -1.596586421141624548e-04 -1.623015138089064222e-04 -1.662780188881092666e-04 -1.702953237866826005e-04 -1.741069566333751796e-04 -1.774764964637143565e-04 -1.805716081607938359e-04 -1.835446755807707995e-04 -1.865701514341303968e-04 -1.895538027682105141e-04 -1.915685529473560406e-04 -1.917090917394695675e-04 -1.906007257028404021e-04 -1.888489569689302382e-04 -1.877491119088851477e-04 -1.871274638482920642e-04 -1.877916526223187674e-04 -1.889132361138548663e-04 -1.894084271153625141e-04
-1.738818315911859111e-04 -1.696090728949100604e-04 -1.627894681363625091e-04 -1.547077391983934624e-04 -1.494698368581944242e-04 -1.471596894919788973e-04 -1.480437271221678609e-04 -1.506431743736979362e-04 -1.541986760991270180e-04 -1.575593170032366086e-04 -1.602351605158295776e-04 -1.632138097420586943e-04 -1.667452771786326294e-04 -1.700766074173211558e-04 -1.727068028253388242e-04 -1.747557548566585608e-04 -1.758703537352897120e-04 -1.758130047485957279e-04 -1.744766472516244636e-04 -1.735510222591254569e-04 -1.737064374209674556e-04 -1.747380109847129152e-04 -1.753515134459112713e-04 -1.753204167221833400e-04
-1.574015423387075730e-04 -1.543261898589726590e-04 -1.487178242869409016e-04 -1.423600710456657823e-04 -1.382204261024929314e-04 -1.355044293568173749e-04 -1.338482723708313976e-04 -1.335877008427327321e-04 -1.351984384430615627e-04 -1.375651023754487505e-04 -1.399442404639726547e-04 -1.432034181130285519e-04 -1.477060078615535018e-04 -1.517716461826019005e-04 -1.544768393615880632e-04 -1.566746443124590019e-04 -1.585641517153308722e-04 -1.593586682162951640e-04 -1.583752977321551878e-04 -1.576981959212641910e-04 -1.587049774196030896e-04 -1.599456637944955673e-04 -1.596602381541510217e-04 -1.587120066339822440e-04
-1.390860105871863633e-04 -1.378403126440949883e-04 -1.355929754904859402e-04 -1.326468847989766160e-04 -1.295881405949011523e-04 -1.263092238807533049e-04 -1.217933558512016863e-04 -1.174690403838268263e-04 -1.148292242431537982e-04 -1.146155952977686394e-04 -1.171038668963531981e-04 -1.216442556198821029e-04 -1.278239640031273501e-04 -1.328025101715827748e-04 -1.360458642989742983e-04 -1.384072971969827403e-04 -1.407223834641546884e-04 -1.424163771549915366e-04 -1.428659124722211221e-04 -1.432176915172648178e-04 -1.444773141212018748e-04 -1.449526904432368488e-04 -1.433339250110284859e-04 -1.408764758412584970e-04
-1.206479450058248529e-04 -1.193329494491363518e-04 -1.200652294755135796e-04 -1.212321457690186894e-04 -1.197954612808085407e-04 -1.163550696438730861e-04 -1.103505507251925264e-04 -1.035814036878522805e-04 -9.720788171923400818e-05 -9.383762105151550201e-05 -9.603818168831024813e-05 -1.020577807319782555e-04 -1.099533821601306308e-04 -1.154916755218556392e-04 -1.192045933559049837e-04 -1.215037844452990337e-04 -1.239455907693388643e-04 -1.266371442047711175e-04 -1.295257286337683019e-04 -1.314887244002846292e-04 -1.322046410701321157e-04 -1.311572946149773165e-04 -1.284028197887178749e-04 -1.244761122043197478e-04
-1.024041537687518590e-04 -9.889789866996054877e-05 -1.004878339478183693e-04 -1.050392399429076466e-04 -1.058895425322078953e-04 -1.029526033341299294e-04 -9.693217508380381857e-05 -8.999875222981984393e-05 -8.217208018657798439e-05 -7.644883884937204185e-05 -7.768843487674711318e-05 -8.451399059292441518e-05 -9.364857814456144919e-05 -9.946605850434093825e-05 -1.033679798498329734e-04 -1.053987204868722942e-04 -1.078353897755144497e-04 -1.113926458632764958e-04 -1.165594878757468344e-04 -1.199439743994124073e-04 -1.199264591708470594e-04 -1.174874648128272202e-04 -1.140491563054894309e-04 -1.091050660194360319e-04
-8.468099640339502325e-05 -7.805095214957267331e-05 -7.642652385268435152e-05 -7.984613000789599015e-05 -8.254297668810568680e-05 -8.255638075578012258e-05 -7.951105160305077621e-05 -7.452335790082150564e-05 -6.834071314726214972e-05 -6.339420242931767600e-05 -6.428802493939830289e-05 -7.012582865469580231e-05 -7.837976917047049651e-05 -8.405362667943932901e-05 -8.800983898391421980e-05 -9.017825738727867544e-05 -9.277668725963604914e-05 -9.661454575430404698e-05 -1.019551240307153676e-04 -1.053691152861449022e-04 -1.054501260935849160e-04 -1.030614050210186441e-04 -9.924439011135599347e-05 -9.348297881091704033e-05
-6.789638183232673142e-05 -5.968440990249031388e-05 -5.324799029657427001e-05 -5.112630896995237019e-05 -5.296846946153715481e-05 -5.611832032892565735e-05 -5.769905590909367042e-05 -5.634779803206749237e-05 -5.448705963754674078e-05 -5.352130166653734948e-05 -5.525246172424825057e-05 -5.887672473807644693e-05 -6.420397796663538954e-05 -6.889066861911589685e-05 -7.234572517330142578e-05 -7.470786431005213275e-05 -7.735551603881266785e-05 -8.060944034853783930e-05 -8.393251067048041229e-05 -8.609001118095855438e-05 -8.720749650749220485e-05 -8.647994242188610469e-05 -8.282130286635817147e-05 -7.667458671650960965e-05
-5.186325350231014151e-05 -4.324658009054754989e-05 -3.317539536969169099e-05 -2.492631181048048618e-05 -2.356433041784096604e-05 -2.750117238934413584e-05 -3.339399053463730136e-05 -3.740065984286917425e-05 -4.158331916744197862e-05 -4.550104611477991958e-05 -4.815351670289059549e-05 -4.964821199801897587e-05 -5.166999489526436721e-05 -5.452797962029151034e-05 -5.664034135322261807e-05 -5.852321224412760953e-05 -6.071564694179247909e-05 -6.288119817907598366e-05 -6.391033848641872010e-05 -6.476294301918211196e-05 -6.686849763204604142e-05 -6.815848209197557283e-05 -6.541936624049664794e-05 -5.964849359115276158e-05
-3.847281287229468321e-05 -3.132275943948452753e-05 -2.182335418580241238e-05 -1.182402039493853608e-05 -7.349283516029973966e-06 -8.557895415098898547e-06 -1.470159361249665025e-05 -2.210895284421154482e-05 -3.030442716855499059e-05 -3.736072262104535291e-05 -4.079770654017995501e-05 -4.171596200327288900e-05 -4.139640980837497363e-05 -4.154833870119707624e-05 -4.146059079892530451e-05 -4.157174631265030264e-05 -4.199071784923678890e-05 -4.231522939988236756e-05 -4.224741609933150817e-05 -4.306163441990810736e-05 -4.548053471764231420e-05 -4.788141310948188249e-05 -4.712816952029842671e-05 -4.379814114143472446e-05
-2.504661514994419423e-05 -2.058992132126389116e-05 -1.522425828116796985e-05 -8.953597609429826267e-06 -4.305616177592278087e-06 -2.118901363062853361e-06 -4.400288028659055389e-06 -1.029899724492603375e-05 -1.752460117256133076e-05 -2.413193294562101883e-05 -2.748350413078325889e-05 -2.864531878288470362e-05 -2.745572382791967758e-05 -2.577169003521745670e-05 -2.437386073522679485e-05 -2.293901239894872472e-05 -2.155514891006411220e-05 -2.057482842546554203e-05 -2.105493504506969786e-05 -2.270419689608213254e-05 -2.436863925432133997e-05 -2.619645272748043452e-05 -2.733388150781450781e-05 -2.734814971838211105e-05
-8.800643945530452398e-06 -7.355093467466344381e-06 -6.440956387442959389e-06 -4.781882550530560607e-06 -1.408700250677699217e-06 2.725297592536396033e-06 4.689523387694702520e-06 2.514109729695234718e-06 -1.526978258412319611e-06 -6.131257494936019086e-06 -8.503883774734836469e-06 -9.015725444453729612e-06 -7.253514142531805337e-06 -5.221902661916749845e-06 -4.002376961818679966e-06 -2.372747340987212612e-06 -4.001089599193384157e-07 6.709834266355445207e-07 -6.778172147823190702e-07 -2.589610666260140011e-06 -2.927083155033891786e-06 -3.501784285468172620e-06 -5.742302517201529235e-06 -8.313284399082200671e-06
