3.855629447300970045e-06 5.631396216004747434e-06 7.865944653498382780e-06 1.069985063368098633e-05 1.401001055513779106e-05 1.761481401016475563e-05 2.153079990034358602e-05 2.537051797731837503e-05 2.898827925672211429e-05 3.203661573360164097e-05 3.385195425753576107e-05 3.456057178333727216e-05 3.346607765962090905e-05 3.062120873457377135e-05 2.673993460897682186e-05 2.188142902543216043e-05 1.698106840677972082e-05 1.229147115136408275e-05 8.415881121319283763e-06 5.739035811988519652e-06 3.785937193018822092e-06 2.686281797211013639e-06 2.382472180309507896e-06 2.725612661428284717e-06
1.336971090602585530e-05 1.410271338992366048e-05 1.551835504609786124e-05 1.819844054189669164e-05 2.184685566943841834e-05 2.578309102541421992e-05 3.013326940756236430e-05 3.423956094991827907e-05 3.775656623275550999e-05 3.962581140074704833e-05 3.973770694026284201e-05 3.911419686875325190e-05 3.681591182668270059e-05 3.329635517425177932e-05 2.964606405772960047e-05 2.622109999459317056e-05 2.317218381148392482e-05 2.019349426647200406e-05 1.812888585279902662e-05 1.692515932151955423e-05 1.572072709641013773e-05 1.455709373878347231e-05 1.373636225187717024e-05 1.331772907545773925e-05
2.790574697485048868e-05 2.740034296095578270e-05 2.780143562282401076e-05 2.958650049540209858e-05 3.228641276434132451e-05 3.526732195657856405e-05 3.858330881871811535e-05 4.130616386718675433e-05 4.307240319418907876e-05 4.297686235011940976e-05 4.146393545813884061e-05 3.958691834224010612e-05 3.709020383333693367e-05 3.482806180364339939e-05 3.334085604631716174e-05 3.294238217704604295e-05 3.299870542627296959e-05 3.298471858845774803e-05 3.332576681883679827e-05 3.353071412417604546e-05 3.301050335149433956e-05 3.171683820060193699e-05 3.031152212222964907e-05 2.906345256681081864e-05
4.318307423552674584e-05 4.199204213040302821e-05 4.159351574704205816e-05 4.213422258813813404e-05 4.310511265366771361e-05 4.418977510759525452e-05 4.504430748120400233e-05 4.492471157616242618e-05 4.392689046174340985e-05 4.193059242553572508e-05 3.961640374109724424e-05 3.733143821202519145e-05 3.613765932176615884e-05 3.680394473902476966e-05 3.852462353658930394e-05 4.155540724019378786e-05 4.492205019183228610e-05 4.804409231310208445e-05 5.021961748538210932e-05 5.091330025580201128e-05 5.064861492535940510e-05 4.909152979803271653e-05 4.702302540089414327e-05 4.503746027232268591e-05
5.112332231135694382e-05 5.033813844374691605e-05 4.989362088641265504e-05 4.977125243847214578e-05 4.955514333501909494e-05 4.912518085530003675e-05 4.789977844930541309e-05 4.577374010679567033e-05 4.329358704103386681e-05 4.083293272792375784e-05 3.899076410502570999e-05 3.759313000895607204e-05 3.809752884013804043e-05 4.070128734824380711e-05 4.401268271607417637e-05 4.824908422261264026e-05 5.254028002915396708e-05 5.637883024381297058e-05 5.847811083881195623e-05 5.865235418629672650e-05 5.812626177142688746e-05 5.649578338743016184e-05 5.442055326656838031e-05 5.252449969303442135e-05
5.331436449502333438e-05 5.345765054817931813e-05 5.348976350012411493e-05 5.320394649191897822e-05 5.227746999377485003e-05 5.080951435470073901e-05 4.844750339372427313e-05 4.572504328869795052e-05 4.317257894654492623e-05 4.129170311377580797e-05 4.059980339195336159e-05 4.076774956842129342e-05 4.250085692899259850e-05 4.542490130430701037e-05 4.870982601876473105e-05 5.224291780309161626e-05 5.525799863788326667e-05 5.761238911927894324e-05 5.844404440863586506e-05 5.791675470311593904e-05 5.694716157374931612e-05 5.560845597221274628e-05 5.443892583595771352e-05 5.354480952579121001e-05
5.059400598625657212e-05 5.160337946768616253e-05 5.219215171467705354e-05 5.192639678350417564e-05 5.070786743659881537e-05 4.893774053849644619e-05 4.682296611647653983e-05 4.507673654981772586e-05 4.372983260433340006e-05 4.323047841246707658e-05 4.384351788902587390e-05 4.520900820650195916e-05 4.674962423017358970e-05 4.795105635381084118e-05 4.921919317672552891e-05 4.997420519767727668e-05 4.986014939732282805e-05 4.933820760378813817e-05 4.870941943681867563e-05 4.822904103098853845e-05 4.768111814474362852e-05 4.771708486602667225e-05 4.849524399390783055e-05 4.941692904013441712e-05
4.691392198013403999e-05 4.793430938621538973e-05 4.836707870288994854e-05 4.782011603869231278e-05 4.655097850537725639e-05 4.503763236499513478e-05 4.377121725580521567e-05 4.318529577184642787e-05 4.293324913953910140e-05 4.334158802238104896e-05 4.425166829766554583e-05 4.528409792765923604e-05 4.549093496365743224e-05 4.464924984472350183e-05 4.363267466591656986e-05 4.186725973027436755e-05 3.971349819927524091e-05 3.786550415704094809e-05 3.716540854383377362e-05 3.770184154403603230e-05 3.866221561217950836e-05 4.058368352280705390e-05 4.298592409303666595e-05 4.517167748736479764e-05
4.275353234195088445e-05 4.325063400776369587e-05 4.299310072920163839e-05 4.201818313094600525e-05 4.093924267407505785e-05 3.992348255426697535e-05 3.940512322244202207e-05 3.953809748739940569e-05 3.993949583448522380e-05 4.059890024693696035e-05 4.093417856453409486e-05 4.076170475063231456e-05 3.953850989425916650e-05 3.733304447977126239e-05 3.471109424625991893e-05 3.162622195947129532e-05 2.915535696170538747e-05 2.770391293464936818e-05 2.785040136120740486e-05 2.951682647557001891e-05 3.209867820622984723e-05 3.550805244688605346e-05 3.862600403270448769e-05 4.116745534837453293e-05
3.710110742451900359e-05 3.674961270521018644e-05 3.579509009727501010e-05 3.468836425056779531e-05 3.406691425462778284e-05 3.369240848944707003e-05 3.366493557648976933e-05 3.396852908337898017e-05 3.449777824452494754e-05 3.483878955752700546e-05 3.435597421905055683e-05 3.325136279705141095e-05 3.157923641960791390e-05 2.945661809694716723e-05 2.686823437106651406e-05 2.440664289699690610e-05 2.317026398433336560e-05 2.293268008124329062e-05 2.394757652973781561e-05 2.610849840834878036e-05 2.912627540124236084e-05 3.235291678742783199e-05 3.468890951701267218e-05 3.641573996102343377e-05
3.063444977365009203e-05 2.973058656071073344e-05 2.869392642561015031e-05 2.792069096631888400e-05 2.774079017997459914e-05 2.786797246765260078e-05 2.814431594251177695e-05 2.849368547506272488e-05 2.904862457565012056e-05 2.932906557291165665e-05 2.901599441479842931e-05 2.848314075532308866e-05 2.784311092857091218e-05 2.701869295121669276e-05 2.587154316140008388e-05 2.505124722198855187e-05 2.498277119634557253e-05 2.515818477605817824e-05 2.591834730865694327e-05 2.726651151154824599e-05 2.886290227633698743e-05 3.016446170244890796e-05 3.074916495182700475e-05 3.101939497902651165e-05
2.459122321846945729e-05 2.342940989543820115e-05 2.260503061671082802e-05 2.224407427748373623e-05 2.236888178249298378e-05 2.286091120478751484e-05 2.343423330192629704e-05 2.395254424730746946e-05 2.465633867450477070e-05 2.532262369461885858e-05 2.594896000688650558e-05 2.675752739995260630e-05 2.771991148647466613e-05 2.856466528957518963e-05 2.922972087097083397e-05 3.001872548242978298e-05 3.068319094108397957e-05 3.083664060087587397e-05 3.073333947691049583e-05 3.048624792546876552e-05 2.987875438353927997e-05 2.876202376212395531e-05 2.739151943500129735e-05 2.600123094909555856e-05
2.116896357556339274e-05 1.999984274098826379e-05 1.938213861238640223e-05 1.924422660987736158e-05 1.943046163123095791e-05 1.996058655558424985e-05 2.069951986505527328e-05 2.146397244204992371e-05 2.232792943191880275e-05 2.355830345608705474e-05 2.531690776996852832e-05 2.739076750394265697e-05 2.977989075517053878e-05 3.220397563332207276e-05 3.456958007779280061e-05 3.648608415289726587e-05 3.739941911176811672e-05 3.751551530780170137e-05 3.646200208414452710e-05 3.437813709912428470e-05 3.168271022903706665e-05 2.865028738748784612e-05 2.585691726190296293e-05 2.322005016781956960e-05
2.201616171816075802e-05 2.103272631981047976e-05 2.055844198430713691e-05 2.050101257893386186e-05 2.065639007992961721e-05 2.104885461209091572e-05 2.176172724945029077e-05 2.257791698954166314e-05 2.334173909084379960e-05 2.453298980145148227e-05 2.632541273784702905e-05 2.829712619076308353e-05 3.067602005390526190e-05 3.335831760359059798e-05 3.608153670488578406e-05 3.813114336856879158e-05 3.901536196600524940e-05 3.928480127687242733e-05 3.809836555478741574e-05 3.553819942329699243e-05 3.247278016996627204e-05 2.927464297857097124e-05 2.648351895199762654e-05 2.390678327409942098e-05
2.548477878741820278e-05 2.490458100779233049e-05 2.479126864788706161e-05 2.495534129731622529e-05 2.514434801078793742e-05 2.546363888359104026e-05 2.606320711730658279e-05 2.669215982459650089e-05 2.711687284143371855e-05 2.767347151198542535e-05 2.854762981380242872e-05 2.946511372856778227e-05 3.072237049390975021e-05 3.239214855279245374e-05 3.420225014857567695e-05 3.566950336659363303e-05 3.636442569644495186e-05 3.662702821599496356e-05 3.590432431400257432e-05 3.422134557923358787e-05 3.213942248585101004e-05 2.994553624768192562e-05 2.814310038307311183e-05 2.661293818431308646e-05
3.115448652390223405e-05 3.138189342593578882e-05 3.189794315397796151e-05 3.254390298618730509e-05 3.310115960156926571e-05 3.365557461496714194e-05 3.418344008626661749e-05 3.446894241106060968e-05 3.446385166132776994e-05 3.400468991732251927e-05 3.324398657885353807e-05 3.239606269893600162e-05 3.160145581758864119e-05 3.108178569488091031e-05 3.077038804415054192e-05 3.079456668155481383e-05 3.091444679532765312e-05 3.092276629872311132e-05 3.101613991373337940e-05 3.113081891782954602e-05 3.104893901484313449e-05 3.084053509786422804e-05 3.080847852948939046e-05 3.098369153749404851e-05
3.692242839553520846e-05 3.798364494914180042e-05 3.901928478445942217e-05 4.007561210623045324e-05 4.105009176358596223e-05 4.186228116816056538e-05 4.231444633343204816e-05 4.229473410572735022e-05 4.196359408701099477e-05 4.084848590798243552e-05 3.902371945189771766e-05 3.698660504914278103e-05 3.468489355112418747e-05 3.246142218547490689e-05 3.048271917666602843e-05 2.917177393669417003e-05 2.860563393283088260e-05 2.838699224217007986e-05 2.900429699767844319e-05 3.027335188901866266e-05 3.164431001311160104e-05 3.302493041426218291e-05 3.435331772810628416e-05 3.570108112221764276e-05
4.250798048439140227e-05 4.411634274804204781e-05 4.538490874910613499e-05 4.655008325651060618e-05 4.762540928951211177e-05 4.837899641893588328e-05 4.860741863352763460e-05 4.830278323034829378e-05 4.766588531967249698e-05 4.628719845117145642e-05 4.416281299154860236e-05 4.170095218003386602e-05 3.874737579417241893e-05 3.576613852916078122e-05 3.306616550585257848e-05 3.099620280517593183e-05 2.995022017343999571e-05 2.971079477848641683e-05 3.058936222846055249e-05 3.228127862521668740e-05 3.437356039456085182e-05 3.667625125554700683e-05 3.876268911685038106e-05 4.068060956230877437e-05
4.717340417084406090e-05 4.872440589343510371e-05 4.977095798183276971e-05 5.041046425314249404e-05 5.071259336799681188e-05 5.060316439616778397e-05 5.005645789321680201e-05 4.924024327160768843e-05 4.823616311326699689e-05 4.702900561385387081e-05 4.557312982728661544e-05 4.386853390921214392e-05 4.178181284742777963e-05 3.961464607504721160e-05 3.760099841531098342e-05 3.593600372617846019e-05 3.508177734674594454e-05 3.499722386541954619e-05 3.571551708854094385e-05 3.706689879331325410e-05 3.896160909912917494e-05 4.120508397866576674e-05 4.329818562351509171e-05 4.526909879153079270e-05
4.706348584112204632e-05 4.822526621972677809e-05 4.886750976522207749e-05 4.878311377282744626e-05 4.803792001580163443e-05 4.686097845667806143e-05 4.542147943691240942e-05 4.413455614904026724e-05 4.296939598245113549e-05 4.219059537113507716e-05 4.174727025999274197e-05 4.135786286333422026e-05 4.095722645591134959e-05 4.040107247910861330e-05 3.970645147196899712e-05 3.904463820083941915e-05 3.869711691135287824e-05 3.858644091904010900e-05 3.871141399253765500e-05 3.929249684755474600e-05 4.040437262069127543e-05 4.191511628871589465e-05 4.354540533601500068e-05 4.533405728061543489e-05
4.163089291026166597e-05 4.248031526758705407e-05 4.279511359288695423e-05 4.226700355835116455e-05 4.095800004986464312e-05 3.919705902386593155e-05 3.729502079942195974e-05 3.591438234914004908e-05 3.496513567815571013e-05 3.476935231441923469e-05 3.527090509381358984e-05 3.612901343368276101e-05 3.733704690060237808e-05 3.830474894422775941e-05 3.884199781453502077e-05 3.900510962369294597e-05 3.889493752387119618e-05 3.848878312029087241e-05 3.774242226286211963e-05 3.726653460580028752e-05 3.730890418393373521e-05 3.783032439711613883e-05 3.877128802252824370e-05 4.015116591937662892e-05
3.025598158441857889e-05 3.097192113089670897e-05 3.142134772616652147e-05 3.135506855356512813e-05 3.075705197096504484e-05 2.987114691431997591e-05 2.889677648514800225e-05 2.831775057347792258e-05 2.809591604113456629e-05 2.851150043391298958e-05 2.954413294023167222e-05 3.090679574376838909e-05 3.255571647807829858e-05 3.392513661581577847e-05 3.487024234764379404e-05 3.504259974184123960e-05 3.441968246556487902e-05 3.334241567292141046e-05 3.177659173189398880e-05 3.030272747125956458e-05 2.914853613262732349e-05 2.858883637121983098e-05 2.872820155002894861e-05 2.932667080149606591e-05
2.028450058480650066e-05 2.066201460526573039e-05 2.132432503506697784e-05 2.213298441937212700e-05 2.291969494740253346e-05 2.376680480373675834e-05 2.461578081964124783e-05 2.534569493991596854e-05 2.597477098156112754e-05 2.672723014787240907e-05 2.765945744135708213e-05 2.856602665955520977e-05 2.934312035180008290e-05 2.991994402847343094e-05 3.037671697703588636e-05 3.009148637721791684e-05 2.897559801961382248e-05 2.762145332135789781e-05 2.605467038128562776e-05 2.440522143879103112e-05 2.269081247483661340e-05 2.140463100391927208e-05 2.075959626785873932e-05 2.033349383276471307e-05
1.478467661234104125e-05 1.438887119534998661e-05 1.482917154825129854e-05 1.613637476555492944e-05 1.798991686783108480e-05 2.025214610075988975e-05 2.269535074034934014e-05 2.459386478617057726e-05 2.593351129540596083e-05 2.677371427217617108e-05 2.724761453307725269e-05 2.734016834618720247e-05 2.697477794634392322e-05 2.657561288165649941e-05 2.636066076665674452e-05 2.590471372336530185e-05 2.505298966581399759e-05 2.417910244332613728e-05 2.335552437254150493e-05 2.226168310347117398e-05 2.071824886947902449e-05 1.904423982549187592e-05 1.756092109215735473e-05 1.605636288809783333e-05
1.617254814918221354e-05 1.459510036954105775e-05 1.395893432287345453e-05 1.463049673590126641e-05 1.637714603810676745e-05 1.875488831259552997e-05 2.143776733582706219e-05 2.356888872080263353e-05 2.518857722872980750e-05 2.592458200455861938e-05 2.583476634155739866e-05 2.531066885919890238e-05 2.446796665939803990e-05 2.384173759354644916e-05 2.349466384352643007e-05 2.370013754456565890e-05 2.427998577162579535e-05 2.490142541446638079e-05 2.551623158228542317e-05 2.557732647167158520e-05 2.495057570562306970e-05 2.337086515765621406e-05 2.115114961974394684e-05 1.866086148236091922e-05
2.203588249461072476e-05 1.954036562288621431e-05 1.764517304974728976e-05 1.684997975459926275e-05 1.725025515339970308e-05 1.837814740539581783e-05 1.986856368903427235e-05 2.120689078940542102e-05 2.258668378975936297e-05 2.334194374060647467e-05 2.330322307447088974e-05 2.308003821835029432e-05 2.294286576798202309e-05 2.315363614359544896e-05 2.352918288952969041e-05 2.479433035134264899e-05 2.679025180241810842e-05 2.873918065499275266e-05 3.045744584111173013e-05 3.139550323990187826e-05 3.155384254569360122e-05 3.036597561346388843e-05 2.801989069900843248e-05 2.514473869928221940e-05
2.915456359956009050e-05 2.620194531867626865e-05 2.350869390199006263e-05 2.127444315259053085e-05 1.992277347291053372e-05 1.939524452733862395e-05 1.936063640573612457e-05 1.964661706528246138e-05 2.052696240184279569e-05 2.147287374778096566e-05 2.208759267487694293e-05 2.276766504136018156e-05 2.375559096674752826e-05 2.504015344010609095e-05 2.637511333827471650e-05 2.840829388292187341e-05 3.100021454585348291e-05 3.345655859600300288e-05 3.564897388259472076e-05 3.702544996729360800e-05 3.753033552143035631e-05 3.682685840888018798e-05 3.497804034926163416e-05 3.234166071857230956e-05
3.605194415747192899e-05 3.356397271396069251e-05 3.099203444633412202e-05 2.826354301540621707e-05 2.583119943715364466e-05 2.391849038942132135e-05 2.270833165117746829e-05 2.235128273655963535e-05 2.271461437131213154e-05 2.391341122766451661e-05 2.555859925423058991e-05 2.740540242831873271e-05 2.942753887660098331e-05 3.141171262996386363e-05 3.331310690536418389e-05 3.513750138020705867e-05 3.682663250801919598e-05 3.835529942923773306e-05 3.966888743806705638e-05 4.050336396606044422e-05 4.082533286286458711e-05 4.057900859945156696e-05 3.970097699347897315e-05 3.822588551319396088e-05
4.046597849419150851e-05 3.959829603169206879e-05 3.830093680283936541e-05 3.661385550059112752e-05 3.471988338153641579e-05 3.264000950491385009e-05 3.114397802758502905e-05 3.068585040551470632e-05 3.064723630049617857e-05 3.160115459568690356e-05 3.340121085411255230e-05 3.542558804695763867e-05 3.736745172954440567e-05 3.888249544756049197e-05 4.016278482757952508e-05 4.070245193871581174e-05 4.058632099951557724e-05 4.034853468037994132e-05 3.995234376114465812e-05 3.971213773060145515e-05 3.976946230517853262e-05 4.002134021103811507e-05 4.027645199809318151e-05 4.057400179015250040e-05
4.311929869155897932e-05 4.464473142247177143e-05 4.539477744479338380e-05 4.556458324179572691e-05 4.506711031068024153e-05 4.367819933390881267e-05 4.228400557045622978e-05 4.164209241811439946e-05 4.111882575050583675e-05 4.125259745540897562e-05 4.213969271026141633e-05 4.327381468643063907e-05 4.419018031533870547e-05 4.441347265747438788e-05 4.425003580157853072e-05 4.308117201605029200e-05 4.113479328445542103e-05 3.910556799958336100e-05 3.706632353836679996e-05 3.590987144683598916e-05 3.586098819673495710e-05 3.679466286338008477e-05 3.839167072893971369e-05 4.067061447882026594e-05
4.342642554381393241e-05 4.784382961815928850e-05 5.152883134102305922e-05 5.417542192827292806e-05 5.551666889920921699e-05 5.576960354439768769e-05 5.485569045348194798e-05 5.339147709113768470e-05 5.166101468927985455e-05 4.982506695898993233e-05 4.817058969633716565e-05 4.663247112226315321e-05 4.502607244877484280e-05 4.308693364000289514e-05 4.091154013865060525e-05 3.826319782065974463e-05 3.539099327666736901e-05 3.261464949427741474e-05 3.026009727717917917e-05 2.921316025183586228e-05 2.944318215671254410e-05 3.132987135631290704e-05 3.454533025834697149e-05 3.860055130088108891e-05
3.976664764639081334e-05 4.516161487136006184e-05 5.025585840130483657e-05 5.415006340125532353e-05 5.648737919409725411e-05 5.804817038909569968e-05 5.781876010997316748e-05 5.583016201334573822e-05 5.310639086102962082e-05 4.963878833599481263e-05 4.585297185716185898e-05 4.189947221453428665e-05 3.810007417441712836e-05 3.474304199342375559e-05 3.160267899078692162e-05 2.881585514290023489e-05 2.653091848952383652e-05 2.466044840085087472e-05 2.354096196058261687e-05 2.346588489880968741e-05 2.419650870852766442e-05 2.655691615807827618e-05 3.032976917399956199e-05 3.461853896346246202e-05
3.218520707019482371e-05 3.611287786774973485e-05 4.017150362673727705e-05 4.366337591856747939e-05 4.614172586971152336e-05 4.815533895091641555e-05 4.876584751067596920e-05 4.741873139754665216e-05 4.486751821255350540e-05 4.117650951078604017e-05 3.690998433401614017e-05 3.219173414107824859e-05 2.769015302566268531e-05 2.424622953686552244e-05 2.147189909736177941e-05 1.960538303777452240e-05 1.869429084698699830e-05 1.851627102400391244e-05 1.899541274213174255e-05 1.983274383508852739e-05 2.100451774080711631e-05 2.302155262492135081e-05 2.577706993279726876e-05 2.872465864725636897e-05
2.177654795670740941e-05 2.143083737744334576e-05 2.147747648179524060e-05 2.225310513673982443e-05 2.352685187370340180e-05 2.488511966951801154e-05 2.640500950993801880e-05 2.737739230479390774e-05 2.748879070494147572e-05 2.649127122978536691e-05 2.468588506501141777e-05 2.242091608644360983e-05 2.006020194784025011e-05 1.837282880562764704e-05 1.725132105818957047e-05 1.706068483700917668e-05 1.777796364856787305e-05 1.903049919687631932e-05 2.048386116204869425e-05 2.159100069368837638e-05 2.250399849488231427e-05 2.284358883516019804e-05 2.265007253226531791e-05 2.231614892258239688e-05
1.570854616964101390e-05 1.147376524557512370e-05 7.722444793034745423e-06 5.437176834538035159e-06 4.908802907836152782e-06 5.251678169661322616e-06 7.122088220848062098e-06 1.008721990183446874e-05 1.334651655859871694e-05 1.613343462288350619e-05 1.808390794535130448e-05 1.984312471114688247e-05 2.113137582694925797e-05 2.202121837136251486e-05 2.281654713057564070e-05 2.403449498812399975e-05 2.561171203656220454e-05 2.700994875653978423e-05 2.818897702242991802e-05 2.869799251197927679e-05 2.842695524339687333e-05 2.663458600952875045e-05 2.354478485404468415e-05 1.997346433198858630e-05
1.527604952208498092e-05 8.961199983741415884e-06 3.220921704832906879e-06 -1.149512718313071147e-06 -3.337548741620512101e-06 -3.867607446724875703e-06 -2.329025839912004912e-06 1.121698849863807322e-06 6.021737885903622774e-06 1.156674598695563643e-05 1.672753966865893387e-05 2.196540305081165625e-05 2.661350001299410059e-05 3.004785855598812283e-05 3.272732413380736663e-05 3.504882164189900245e-05 3.690860775889086829e-05 3.787517648221173065e-05 3.831123871708542561e-05 3.786223466940188249e-05 3.604726683590057273e-05 3.247858980995355917e-05 2.756370286115712392e-05 2.182618448600464955e-05
2.101735498583970295e-05 1.550581003057530140e-05 1.042885572327056245e-05 6.065444515008144429e-06 3.213692826330166091e-06 1.860687013001337926e-06 2.232225409297273565e-06 4.421060114931321891e-06 8.232310162198979217e-06 1.375369142914433554e-05 1.991816324998287938e-05 2.628232952474233192e-05 3.241063720864618920e-05 3.746581655308118798e-05 4.160433068661943483e-05 4.449423160994520976e-05 4.603934998227698916e-05 4.653957735600328007e-05 4.601473368822864415e-05 4.433112045735708093e-05 4.142435153241869528e-05 3.731790417305108241e-05 3.244716361810885805e-05 2.693378102090597005e-05
2.695311407315813685e-05 2.442355157166390867e-05 2.195750770726899432e-05 1.958078170219470292e-05 1.754090072359050588e-05 1.589457460495158903e-05 1.511255374063233409e-05 1.550977295707377761e-05 1.672046013540189697e-05 1.965448805169020606e-05 2.383421901233038557e-05 2.819056767671280616e-05 3.276949265802201405e-05 3.700365778667677620e-05 4.065799239296546649e-05 4.290578606403622626e-05 4.370641083421556290e-05 4.387303446113079234e-05 4.278788337001030112e-05 4.066273705614298432e-05 3.818596225939671759e-05 3.535018379435162395e-05 3.246295961245244298e-05 2.963418421626730272e-05
3.055191364965753679e-05 3.187374156356984604e-05 3.288801610372112712e-05 3.332366852898928041e-05 3.287763675313116975e-05 3.171996882185446634e-05 3.023363832983917514e-05 2.895576283025402505e-05 2.768240791280861680e-05 2.729338878153085517e-05 2.790047071498861811e-05 2.866109360200995115e-05 2.986823873982231715e-05 3.122450353787649977e-05 3.233777250209530411e-05 3.273793858315222059e-05 3.243991519048176723e-05 3.191878050988859473e-05 3.062940746493389888e-05 2.912905356779141945e-05 2.814859839895787616e-05 2.769900963574881329e-05 2.796001794219912478e-05 2.898056586233819148e-05
3.073907334394108720e-05 3.558065866373370437e-05 4.004339171757503933e-05 4.339843107907980830e-05 4.508077336176446147e-05 4.563092552985313773e-05 4.468751386727119106e-05 4.263894056936130893e-05 3.997604675064570439e-05 3.682229297087781023e-05 3.364711449651549088e-05 3.048352918995786502e-05 2.754194140895023795e-05 2.489346897667049337e-05 2.235141347643266121e-05 2.022560012153161807e-05 1.855843391757990094e-05 1.705422465315349135e-05 1.591830692057821542e-05 1.568645834191722407e-05 1.633193686553240136e-05 1.827040723789433922e-05 2.153830145437887072e-05 2.573209876697400028e-05
3.130913824002253915e-05 3.697769364706819840e-05 4.249587101464240936e-05 4.703474094147464912e-05 5.005600669399332429e-05 5.220916542894505263e-05 5.262127554573689260e-05 5.116112579733172598e-05 4.865792070197682895e-05 4.477522319380901312e-05 4.010840554288984747e-05 3.519236223843634053e-05 3.007622058690942376e-05 2.529820565990921171e-05 2.098859850817479984e-05 1.761374569147539413e-05 1.521549403267161306e-05 1.334144591294779299e-05 1.261963323060483902e-05 1.319739581059986439e-05 1.449581502961764411e-05 1.723400850697080121e-05 2.128963818812696038e-05 2.590280710226269893e-05
3.460163707063664440e-05 3.881836478110363203e-05 4.311318867857899171e-05 4.720482922882203241e-05 5.058169635117309006e-05 5.335453955298624450e-05 5.499192040581908815e-05 5.484301422025475811e-05 5.322231786159666928e-05 4.984495428947223797e-05 4.543223277754674446e-05 4.050946679074785456e-05 3.506455029263126844e-05 3.010281560321932136e-05 2.597147953229706223e-05 2.274912267617876726e-05 2.047703367497312964e-05 1.909039481240210986e-05 1.900940261198880583e-05 1.999295910158428293e-05 2.154050176694910688e-05 2.407366520438738034e-05 2.731134130945852304e-05 3.073819278437822644e-05
4.272177353339820315e-05 4.350451638254275276e-05 4.431434853030082787e-05 4.577777356159789428e-05 4.760606527481585094e-05 4.907647801782316220e-05 5.038605712017243108e-05 5.095421956273284993e-05 5.039039234290829453e-05 4.846705252033065649e-05 4.578632716799900320e-05 4.277644825061447455e-05 3.948725570151474768e-05 3.676801306767833895e-05 3.485196826476037838e-05 3.362471405712281954e-05 3.307155468484986608e-05 3.330199879694095884e-05 3.434144063837741141e-05 3.583574630033707213e-05 3.764147690156460622e-05 3.936880636425193439e-05 4.067083702041086977e-05 4.182176239185339545e-05
4.964227420809849841e-05 4.773174714067394199e-05 4.551782136859339764e-05 4.393094387211107283e-05 4.310140955478011066e-05 4.214220307086399543e-05 4.145122725689961193e-05 4.110799587670825844e-05 4.074111068169347389e-05 4.000190601964846444e-05 3.912820755863620107e-05 3.854795617355112559e-05 3.835491085278684378e-05 3.861909034881197959e-05 3.927007525738914878e-05 4.048285616219829630e-05 4.213132668602655845e-05 4.399846078612309894e-05 4.605299194026934312e-05 4.810315216340285298e-05 5.011628531605468318e-05 5.129433036208283741e-05 5.131758055631210024e-05 5.087752801982605832e-05
5.124884425705311701e-05 4.799674563522384493e-05 4.411076030546908503e-05 4.018771918398852602e-05 3.677693827950654840e-05 3.346469201206491004e-05 3.048333599938026850e-05 2.857248078822593651e-05 2.774630760980973022e-05 2.780074456938390906e-05 2.860931593007535440e-05 3.033393500767408814e-05 3.302404858412422601e-05 3.597043061738458086e-05 3.888722564483056788e-05 4.207801145255433793e-05 4.530527104604601416e-05 4.818625430771021438e-05 5.070264582085020456e-05 5.282504352416321291e-05 5.456196214724500892e-05 5.532910762227832922e-05 5.483396412690094338e-05 5.356332045480933064e-05
4.035680233354442905e-05 3.809520894102375765e-05 3.522548211004397352e-05 3.141284070004553226e-05 2.728354046242323800e-05 2.338111445486819922e-05 1.978740048519024659e-05 1.735173759533858737e-05 1.627540099148646452e-05 1.706163645753984020e-05 1.929649446591160858e-05 2.233874605683344006e-05 2.626688474952420887e-05 3.014059577660049450e-05 3.356794736304897635e-05 3.644964379638960806e-05 3.876261719414695852e-05 4.059847397464259476e-05 4.176979334096031455e-05 4.242034368816226389e-05 4.278546861151865299e-05 4.299915304223245763e-05 4.278938873484018873e-05 4.193152134298434934e-05
2.277920324284936912e-05 2.256908926577949135e-05 2.213283639245277804e-05 2.061997593395445937e-05 1.839162202184890189e-05 1.641861472223897728e-05 1.481480929770644006e-05 1.398890499760018238e-05 1.396327964245475616e-05 1.574233011158629979e-05 1.870146070091585497e-05 2.162807596310096613e-05 2.462378558501360690e-05 2.706534214309588070e-05 2.864338680928983939e-05 2.882832934045594418e-05 2.813741069548462450e-05 2.727263477047889561e-05 2.592953325428733075e-05 2.443584953094222483e-05 2.320529970627241594e-05 2.275785435455904561e-05 2.283532946132312927e-05 2.283169311412387739e-05
7.638413266777861749e-06 9.136673603895039574e-06 1.079078958695766922e-05 1.194893952079080802e-05 1.270709591712839682e-05 1.374907130839000266e-05 1.507767482714521186e-05 1.666096593014261334e-05 1.848548863706213797e-05 2.129734005267704976e-05 2.426127829641655149e-05 2.635279230331708514e-05 2.750265731527073415e-05 2.740469325254508862e-05 2.602606484667062680e-05 2.291812959880529965e-05 1.913843730920539716e-05 1.548814707679838369e-05 1.192750741788679083e-05 8.968236705473062409e-06 6.820659214255484875e-06 5.896992572735290864e-06 5.952876997418040926e-06 6.494641598637672615e-06
