1.149248208221538067e-05 1.711364427615195689e-05 3.332496588572239805e-05 6.111679276352771845e-05 8.460613718722599847e-05 9.750832406343564775e-05 9.470921066935353457e-05 8.067310289924980841e-05 6.200224544068426327e-05 4.441819858079800555e-05 3.623046890942721419e-05 3.448733166937624581e-05 3.835704289632006693e-05 4.192374925332797162e-05 4.404724359241473318e-05 4.335970626625095019e-05 4.139260694406860511e-05 4.002425516294111162e-05 3.977802302303508867e-05 3.744622295370240929e-05 3.143625366456040767e-05 2.328374489401324924e-05 1.738942739988490196e-05 1.368458169637917336e-05
3.640625818102160243e-05 3.702308327550313255e-05 4.240402356303748301e-05 5.405667571695661690e-05 6.433797261663008857e-05 6.919262854851581800e-05 6.775380980250673556e-05 6.396090628196951869e-05 5.999388166480010010e-05 5.675097206870193705e-05 5.455230033060829207e-05 5.260633794512684287e-05 5.193531143256710270e-05 5.319038164477125712e-05 5.556637567871048077e-05 5.731130744921776441e-05 5.654135133502366842e-05 5.438055154753873116e-05 5.194680761067583136e-05 5.019211944548888986e-05 4.831592083508298344e-05 4.570339628573957428e-05 4.251073596764344092e-05 3.940481876457471857e-05
6.216689435775988931e-05 5.967375175439391987e-05 5.611868012149970753e-05 5.266470461451633344e-05 4.990867871452477170e-05 4.688652842644637655e-05 4.622563648060488679e-05 5.134047678946354848e-05 6.074182459351964606e-05 7.096427920504126902e-05 7.433857970805877026e-05 7.177370648498084687e-05 6.657277882776613980e-05 6.595397177702973289e-05 6.902022438768460754e-05 7.361497325800647144e-05 7.443909747622442217e-05 7.188278680680581167e-05 6.694438918603691469e-05 6.473559202667370665e-05 6.596194319668187748e-05 6.831528085858336460e-05 6.770725459492379103e-05 6.508324277069640895e-05
8.834846765489378848e-05 8.297830684545619317e-05 7.328120699673056613e-05 5.847455739428735193e-05 4.492748885533645890e-05 3.554565570004403116e-05 3.664497672240619113e-05 4.884739356208784179e-05 6.604430130498116166e-05 8.283009807508488276e-05 9.036974380744211305e-05 9.112382702306839725e-05 8.783476001279882906e-05 8.770371526458953801e-05 9.038867131692428030e-05 9.457852928503435424e-05 9.549313447542599525e-05 9.285020087503667726e-05 8.740455841793606990e-05 8.470020853334179773e-05 8.583032176359013372e-05 8.963978733390256940e-05 9.140050433822024677e-05 9.069154991596877586e-05
1.053390992693874851e-04 9.675789517156589703e-05 8.314577623751765432e-05 6.238266674162172500e-05 4.414233157163420859e-05 3.376943474909487313e-05 3.851393826250245733e-05 5.393763519682872459e-05 7.131116125856555110e-05 8.679737381490676591e-05 9.721905825582379511e-05 1.053542856774465370e-04 1.106294443085441265e-04 1.136446873429822386e-04 1.151736776166135940e-04 1.157512575932185894e-04 1.150505003063591986e-04 1.124275876367756649e-04 1.088641492231748391e-04 1.066091270359957453e-04 1.054305387600113067e-04 1.064577207099102227e-04 1.079276115900640049e-04 1.081231879872410705e-04
1.103607525577655283e-04 9.970690847438306637e-05 8.331817375783538118e-05 5.982083228022289599e-05 4.219328299984793543e-05 3.613537503071089180e-05 4.514627099366619160e-05 5.972761541899248579e-05 7.321412719592822248e-05 8.524377671792929636e-05 9.829717482989545842e-05 1.135632214200039513e-04 1.276942465577467136e-04 1.346893841428988166e-04 1.358960154058933727e-04 1.333417599444475222e-04 1.311529185191790043e-04 1.286773051192431595e-04 1.272016489052027011e-04 1.256798323887180799e-04 1.224764205797801474e-04 1.191756272646528136e-04 1.169794307581378242e-04 1.147042767122385634e-04
1.064103106452977672e-04 9.510732773966565682e-05 7.955775315861339471e-05 6.005038050863906543e-05 4.777875951654936011e-05 4.618527981811517704e-05 5.481114996714403026e-05 6.487741611211633058e-05 7.391655174871805906e-05 8.459773512659591178e-05 1.005690471565059193e-04 1.203773365590533754e-04 1.400941717440143050e-04 1.511691300256030120e-04 1.546805020987816086e-04 1.522784433087723082e-04 1.495197093108886191e-04 1.466063966450130841e-04 1.444423995914857653e-04 1.416536340269465794e-04 1.368781776299353914e-04 1.300573578937004257e-04 1.224516698833741780e-04 1.145399511274193733e-04
1.057167481873849874e-04 9.458257744089589069e-05 8.288238873141540804e-05 7.148466634082182994e-05 6.470862746238447739e-05 6.312552687864820308e-05 6.617602680505579936e-05 7.158012518118433629e-05 7.913715910478345047e-05 9.161566877844231661e-05 1.093408497897013554e-04 1.296525604651515141e-04 1.500791673130054209e-04 1.635721537704464207e-04 1.702536478083229192e-04 1.700507836924169914e-04 1.669279991403785422e-04 1.622796391256422035e-04 1.566442026234254165e-04 1.512867316991053999e-04 1.460904080659239119e-04 1.393613686872449686e-04 1.295121025184323041e-04 1.177073022479100257e-04
1.093595069438909126e-04 9.872515141680991810e-05 9.120535163916631714e-05 8.766681491620689976e-05 8.555442590766361682e-05 8.314977219486696810e-05 8.052754366352802499e-05 8.190669004432057779e-05 8.861883802842486372e-05 1.021212892435369250e-04 1.194163539539816536e-04 1.380475006201711602e-04 1.573342107629984116e-04 1.717298739426156720e-04 1.800661384915140401e-04 1.808935327940720491e-04 1.765841766302758101e-04 1.693782482090756380e-04 1.604676496540226012e-04 1.537565492192314372e-04 1.493544341991893325e-04 1.449099607797802564e-04 1.359876118065993982e-04 1.234602253756277609e-04
1.095052160566191315e-04 1.024666268562605210e-04 9.973607529599660569e-05 1.011678328274526472e-04 1.017588684343907079e-04 9.998723365977284878e-05 9.573324110349585127e-05 9.519294600434307719e-05 1.005513875086788927e-04 1.121813837505702635e-04 1.261176213696769835e-04 1.406655111118186086e-04 1.560687748953222087e-04 1.678193150462219260e-04 1.741707104215353956e-04 1.728054920740086794e-04 1.657531690102192416e-04 1.560077131796135900e-04 1.466566818859872635e-04 1.415780270297510828e-04 1.389768419405798007e-04 1.368682299163977742e-04 1.306855182452393250e-04 1.208913793918580906e-04
1.057514793854164384e-04 1.025533731699187996e-04 1.023696946634016934e-04 1.044643438290905190e-04 1.058127908323449863e-04 1.061429590983929510e-04 1.043355578412071292e-04 1.040419015246933193e-04 1.075983857561807103e-04 1.160925253211821833e-04 1.269466449332430007e-04 1.382140047113652786e-04 1.493313097986924745e-04 1.563655819300535134e-04 1.585691232072479310e-04 1.540596502923756493e-04 1.457737685828604972e-04 1.365726298824105863e-04 1.303061264019547217e-04 1.281606511457583988e-04 1.266817762376480140e-04 1.244746082893216784e-04 1.195581695834605515e-04 1.126670276025936156e-04
1.057975357417614636e-04 1.029692696391555905e-04 1.018618213144160874e-04 1.024775492466391654e-04 1.037704247827822091e-04 1.053894132260681129e-04 1.059810995544758832e-04 1.066520574570337544e-04 1.091245598521054378e-04 1.158867844005621715e-04 1.257486938898347132e-04 1.358254315881953118e-04 1.439284927013520835e-04 1.467000183729286818e-04 1.452092271117582853e-04 1.394148689089512504e-04 1.331606455527778790e-04 1.277690409815512038e-04 1.257036510267601289e-04 1.254593097965249059e-04 1.240706994953966603e-04 1.206434775508684413e-04 1.157823612402684082e-04 1.105832655618795425e-04
1.130971315039824588e-04 1.083621734866126391e-04 1.047927359569221631e-04 1.031703433089639562e-04 1.035810608622412144e-04 1.052720526625353342e-04 1.075360406660071235e-04 1.099067043558732019e-04 1.129358816037115713e-04 1.197893889610998072e-04 1.294870561224333223e-04 1.385363431009331927e-04 1.427113328162808107e-04 1.404557986226763683e-04 1.354769153851719476e-04 1.306691744648641647e-04 1.294867235532591913e-04 1.301864538530956932e-04 1.330773125885899950e-04 1.349285842348809663e-04 1.343544163927988164e-04 1.302115005570368504e-04 1.244032444781579410e-04 1.187074259116563667e-04
1.234447020662518470e-04 1.177068019395035735e-04 1.133174376511746724e-04 1.106867870113683509e-04 1.101866021030817669e-04 1.115306224772106842e-04 1.144353193727648045e-04 1.178333246362150673e-04 1.216523776440420483e-04 1.284443973619954862e-04 1.362613092245152041e-04 1.419018360773313323e-04 1.411980957088123615e-04 1.356220064855168323e-04 1.298320900745956769e-04 1.277329474249351386e-04 1.310925216436666010e-04 1.365955261509476152e-04 1.431566923649402244e-04 1.467857643909664287e-04 1.472379255126382211e-04 1.434201038116902612e-04 1.372473929905079293e-04 1.304512295348183052e-04
1.319846461816322116e-04 1.260135368509244613e-04 1.215739787093760851e-04 1.184453397900880835e-04 1.172850589395515216e-04 1.185329144068291010e-04 1.216244073176984633e-04 1.248911218818848684e-04 1.283414183768523918e-04 1.338412677505932573e-04 1.384746911775914819e-04 1.394037247680161851e-04 1.350438606877449256e-04 1.298951623156945111e-04 1.270421586122929311e-04 1.287782880696422972e-04 1.351852892104994490e-04 1.439969697170142020e-04 1.526235939534563836e-04 1.563153656553308533e-04 1.560787550368696475e-04 1.521797666267843874e-04 1.465451800792829610e-04 1.395512507503895473e-04
1.349992048611072849e-04 1.286768453286297261e-04 1.239276410183744973e-04 1.215672479363922388e-04 1.218012430658181188e-04 1.238824960616465303e-04 1.263350840615240880e-04 1.276465255909057627e-04 1.287885830206298625e-04 1.302056495647135588e-04 1.299829878533438610e-04 1.270379588825659972e-04 1.230923199436667679e-04 1.227560433796548098e-04 1.258440293469129578e-04 1.323380331901488909e-04 1.402629137706503932e-04 1.489785353641389211e-04 1.558294173488798901e-04 1.576650566564267856e-04 1.560907662190320747e-04 1.523687147472439773e-04 1.479888527661934008e-04 1.421856617403758152e-04
1.358652647792359320e-04 1.297217817664769800e-04 1.250516466913261058e-04 1.241536802970228184e-04 1.260440490764965437e-04 1.280959877841509687e-04 1.289433916561679892e-04 1.279866954862077049e-04 1.263921489693081810e-04 1.229357635691158282e-04 1.186731890871794065e-04 1.151802973270354611e-04 1.147063949331073989e-04 1.190531271642294910e-04 1.265717357955898942e-04 1.368637686369784544e-04 1.455265298111198236e-04 1.514909062157990987e-04 1.538995158251131850e-04 1.535599823325297167e-04 1.515988956617742608e-04 1.487664423379166394e-04 1.456672286761116156e-04 1.417526035896742346e-04
1.394262138165542004e-04 1.350955638546643550e-04 1.321384545457683624e-04 1.324504468629581703e-04 1.338582968089575842e-04 1.337420287449158523e-04 1.323428978915564089e-04 1.299742553107443470e-04 1.264992961357114352e-04 1.196053672475659937e-04 1.133185056192186687e-04 1.112933766938644758e-04 1.141633672843217148e-04 1.209217955652503997e-04 1.305997141153855462e-04 1.433065195691421857e-04 1.522119613106818787e-04 1.549298925003103036e-04 1.528576071453820965e-04 1.507608557012789046e-04 1.488309276457732897e-04 1.470878883754935126e-04 1.452509999956180841e-04 1.432066178112450041e-04
1.381164656164740644e-04 1.371202104558072834e-04 1.374324509981399785e-04 1.381758864446340431e-04 1.368870750175654348e-04 1.336221702565311116e-04 1.291320965678344678e-04 1.240948197011023995e-04 1.179854038332405186e-04 1.108031873147994164e-04 1.071470319709902228e-04 1.085505533929993760e-04 1.151804632545680120e-04 1.249127524001306425e-04 1.368727061040909824e-04 1.496961060806428843e-04 1.563941400759982661e-04 1.560014222913673064e-04 1.504871087595633240e-04 1.461210627636492642e-04 1.430240826984995831e-04 1.416226615721604646e-04 1.407903542570139541e-04 1.397251860358077657e-04
1.259104072662715077e-04 1.261704812879179056e-04 1.277087683971892787e-04 1.285427549739652790e-04 1.268180141698323042e-04 1.238989173221063489e-04 1.190543126380354846e-04 1.127784789745649629e-04 1.059673277434284086e-04 1.013857409040972216e-04 1.018078428150219521e-04 1.053934596362147622e-04 1.140925949518945855e-04 1.263549120302192945e-04 1.397136283763559085e-04 1.501845366828666697e-04 1.528892561586272343e-04 1.501858671807004841e-04 1.431157971186207043e-04 1.369990081488995856e-04 1.325673936275068303e-04 1.307534178038198883e-04 1.296245652946037747e-04 1.276042000560693600e-04
1.083650874849597030e-04 1.067159440610512545e-04 1.063147311093932940e-04 1.075702989511544014e-04 1.092372356672314008e-04 1.104915536300880727e-04 1.094254939530251602e-04 1.063496486003061753e-04 1.032753071133849648e-04 1.023831403451510539e-04 1.046225351872944809e-04 1.081292830841557473e-04 1.159608401550592190e-04 1.271405420918861697e-04 1.382853780059392483e-04 1.447926607856062781e-04 1.438944411024264914e-04 1.392707562918585524e-04 1.317361802563321864e-04 1.256607740658078297e-04 1.216866508411758210e-04 1.196514336502531409e-04 1.168165368541877606e-04 1.124314755055454287e-04
9.099163492155032287e-05 8.622957509222602829e-05 8.275764088205549433e-05 8.272445387986636541e-05 8.592249658505293959e-05 9.013397490858567637e-05 9.586695396831305613e-05 1.027028513105136674e-04 1.099940743327651943e-04 1.148238704241679451e-04 1.161991648537049498e-04 1.167056853219369372e-04 1.189431521295482600e-04 1.231291757532541604e-04 1.267365727179421502e-04 1.288525094762537661e-04 1.279001172777795476e-04 1.242666067530747234e-04 1.189202092301559397e-04 1.150048250005503907e-04 1.126001895000839319e-04 1.097425865506780846e-04 1.043435456566217071e-04 9.767062616408959160e-05
8.436265834944646762e-05 7.835388870611194290e-05 7.374991759111233357e-05 7.093230395281635776e-05 7.116030419830269964e-05 7.447211151489549063e-05 8.435071111640339645e-05 9.910285860581676248e-05 1.146811539703236144e-04 1.255099273776890398e-04 1.285359183182426717e-04 1.283170431209959756e-04 1.258109988339281549e-04 1.230502730796992979e-04 1.197546646845502308e-04 1.189722715997178394e-04 1.193979547682314445e-04 1.175485698865305644e-04 1.147270509893611855e-04 1.125748779179355026e-04 1.103362765845784235e-04 1.056752708281536389e-04 9.860969069484878545e-05 9.148145569452944756e-05
8.649123204410416913e-05 8.016341336058036829e-05 7.535506611457258336e-05 7.037027506391107981e-05 6.793507052335892788e-05 7.065404450667348447e-05 8.124612475262122540e-05 9.674340492090418512e-05 1.134376551593232281e-04 1.290134918316876336e-04 1.383574686496736239e-04 1.420804871533639215e-04 1.393302496555679567e-04 1.339541209248906370e-04 1.280868535713908078e-04 1.253559790169091355e-04 1.247280878979136951e-04 1.222311790047198629e-04 1.199378101262460217e-04 1.179870406533894213e-04 1.143526659275309653e-04 1.075730738178149332e-04 9.977239491232776675e-05 9.312028487128730175e-05
9.411077923641969880e-05 8.830940491202922372e-05 8.343198139013366323e-05 7.747177943923162671e-05 7.381367446213977666e-05 7.559268749129832341e-05 8.334645958125492691e-05 9.454205304551305429e-05 1.077975142673595708e-04 1.242394623021487391e-04 1.372344131245145996e-04 1.434445863373143173e-04 1.416792710148030438e-04 1.374430915037418448e-04 1.337616335121291308e-04 1.322351643056881925e-04 1.318338954397708983e-04 1.306142968337713011e-04 1.293811620298248330e-04 1.267596573891870831e-04 1.214867114901411853e-04 1.139380366056325393e-04 1.067041074113334357e-04 1.002727031928560812e-04
1.002795842054953878e-04 9.396821068829262357e-05 8.727507379436156556e-05 8.081075587710899921e-05 7.781104860777433114e-05 7.874396685669727192e-05 8.343673345593893365e-05 9.150100996989404107e-05 1.029801274212996604e-04 1.167034699852793293e-04 1.250576639410363241e-04 1.266755338731815326e-04 1.220296152462446639e-04 1.181241744173542262e-04 1.168214313743565626e-04 1.185407936862643347e-04 1.219879850527582168e-04 1.263121724713858122e-04 1.295909787846427023e-04 1.289242047448161408e-04 1.252674944268394549e-04 1.198349375023138495e-04 1.140433962801847792e-04 1.071510685251663537e-04
1.059503184801355747e-04 9.754735727558394771e-05 8.745691851508076442e-05 8.014510508423894428e-05 7.869862492272073295e-05 7.968027779146730184e-05 8.231868762359630760e-05 8.837011523439362414e-05 9.919135696250353472e-05 1.093391600971633279e-04 1.102202612221454348e-04 1.044134919094701118e-04 9.459343337442783616e-05 8.926399398451450445e-05 8.858522864693824919e-05 9.301832332084665434e-05 1.010045138502492539e-04 1.115630262240015289e-04 1.212498756965336283e-04 1.256394974111642673e-04 1.267006878279028598e-04 1.251166615254573641e-04 1.211306684460465756e-04 1.141405773250353409e-04
1.287836032232625091e-04 1.195899672244039728e-04 1.091827861868339359e-04 1.005436544186677099e-04 9.521797049371136116e-05 9.073927296178520047e-05 8.896554676118729619e-05 9.167621883169597659e-05 9.760644654827254827e-05 1.011943093902303615e-04 9.625944985374353124e-05 8.630366929155669606e-05 7.437503370665522946e-05 6.870850329389293742e-05 6.900099878190234107e-05 7.536790744133900195e-05 8.491948224747001639e-05 9.657708692139558486e-05 1.092513835564510059e-04 1.205679770985656314e-04 1.308247404363806177e-04 1.384524776811583361e-04 1.402438424140441944e-04 1.366989150508244580e-04
1.567608014172913993e-04 1.500651911822324062e-04 1.444096151221653003e-04 1.375461031460287198e-04 1.280865188274940894e-04 1.178161201155131964e-04 1.112460212137832241e-04 1.080573820601761113e-04 1.036328084302854698e-04 9.793820516677905657e-05 9.059891628606499628e-05 8.152415161761151932e-05 7.150201790850545605e-05 6.672993699794901553e-05 6.848560941858935580e-05 7.583767947024547533e-05 8.349892224637101977e-05 9.063828514496495385e-05 9.991000788569456305e-05 1.145674006286790514e-04 1.330406603742907462e-04 1.515674923045617483e-04 1.612129696452178657e-04 1.627610782894691008e-04
1.682150795601049654e-04 1.650862901477281885e-04 1.652511141240466596e-04 1.645968569968203859e-04 1.588018473395858389e-04 1.505382225024286735e-04 1.428097897527808935e-04 1.331994420266082108e-04 1.178976697018004982e-04 1.024128331084791436e-04 9.217597778328625409e-05 8.348909190831452264e-05 7.434594489453520835e-05 6.890642022549886916e-05 7.056337631808439587e-05 7.814352964983015256e-05 8.396217743237634776e-05 8.663103559206472755e-05 9.043705306707735896e-05 1.042612452317232035e-04 1.267770016059231134e-04 1.530341385012873149e-04 1.683701487881221926e-04 1.728477137782528190e-04
1.349294868192728227e-04 1.361514243151217397e-04 1.417129661223202755e-04 1.538341669678316688e-04 1.669785086244686867e-04 1.770804302895389226e-04 1.774783042391719792e-04 1.648501191657815944e-04 1.447501656907093301e-04 1.224002240922135833e-04 1.064681476206367545e-04 9.462144041450126937e-05 8.889787664691174620e-05 8.985169214208215066e-05 9.562985800164576717e-05 1.020979394076108453e-04 1.021439392711050951e-04 9.753162671382964802e-05 9.293645948322380051e-05 9.734060016974526819e-05 1.090626452227740474e-04 1.251371067953308165e-04 1.347680842824876539e-04 1.373224319962480431e-04
7.405034490645826331e-05 7.865376713359360826e-05 8.743519630368397995e-05 1.082731803865066877e-04 1.361350425535615149e-04 1.614646758922377650e-04 1.714903585700367264e-04 1.631785377941741993e-04 1.482897511328875673e-04 1.284717500838576123e-04 1.130603018045933390e-04 1.035195771832502192e-04 1.068029531089687679e-04 1.182909084429413358e-04 1.294902259164247907e-04 1.339600827890960249e-04 1.281313712528713781e-04 1.172552114453794632e-04 1.059075348928594033e-04 9.764509340387674636e-05 8.907753938838102066e-05 8.075530338112663932e-05 7.534327818213692606e-05 7.317933085666527844e-05
1.951004522464615921e-05 2.622621622530703380e-05 3.695879680052831598e-05 5.678069536520430945e-05 8.116307648952194621e-05 1.035234199486491564e-04 1.164374321834100008e-04 1.171600189158225315e-04 1.122004422790686101e-04 1.030358375284865917e-04 9.966988572875212630e-05 1.039600119794186107e-04 1.192851589463168497e-04 1.358520485276175794e-04 1.470173120235469116e-04 1.493372030486041181e-04 1.427855030754941409e-04 1.307972189806194056e-04 1.167461081662682701e-04 9.876351165911429082e-05 7.285278573242686241e-05 4.189700646615735082e-05 2.202186006528024370e-05 1.571949918483583138e-05
-1.436726646686818651e-05 -5.844898878859520007e-06 7.529301739691307334e-06 2.155765735723450666e-05 2.969221962846442194e-05 3.394801713649563325e-05 3.644810733047923533e-05 3.878225172391211640e-05 3.935731337214212863e-05 4.364014070438496741e-05 5.801828774158576576e-05 7.915409072817714952e-05 1.023733335394171994e-04 1.176056327543873890e-04 1.261684100241901264e-04 1.302945577886783471e-04 1.319591667857331345e-04 1.295877081547954282e-04 1.196043428360221873e-04 9.666115009153018918e-05 6.255132873520129655e-05 2.252611964187110793e-05 -4.123719547113877519e-06 -1.621917715947371452e-05
-1.577455247078803909e-05 -8.606005775892420936e-06 5.246818229903565887e-06 1.651782415540499791e-05 1.411699642563404371e-05 3.613758573459688585e-06 -9.230393842099805115e-06 -1.444444623939193046e-05 -1.446622265021745144e-05 -3.188971855086079253e-06 1.787469217231977116e-05 4.211381355461565120e-05 6.173494366407964644e-05 7.128724540463641471e-05 7.674722170531606826e-05 8.333851737588136160e-05 9.349595240377723410e-05 1.028074886417226590e-04 1.029820409852177400e-04 8.713857594915778298e-05 6.127450080967440757e-05 3.047470046187305770e-05 6.899282014892913688e-06 -1.048327038999171900e-05
4.899720686023424422e-06 5.641090137667647659e-06 1.489918118057044061e-05 2.409816957067500509e-05 1.760597250333132156e-05 -1.212280045620456456e-06 -2.497757953662921147e-05 -3.533765831988683478e-05 -3.355410238500838052e-05 -1.949036491709058540e-05 -2.559227884443384824e-06 1.396516790859328536e-05 2.323030553177963454e-05 2.440489421388346381e-05 2.406435396140048534e-05 2.857261432985736042e-05 4.082422455626288102e-05 5.542010483076000688e-05 6.889363977564858888e-05 7.283068315860250191e-05 6.789313494654645911e-05 5.438953118591661318e-05 3.734932845364487476e-05 1.814047622893900713e-05
3.995629511383242094e-05 3.292704594675018026e-05 3.305082613657033051e-05 3.641589398159239012e-05 2.923721127968095026e-05 1.083150699849133814e-05 -1.294586102799063656e-05 -2.392540718690134227e-05 -2.190599410793870637e-05 -9.941839076614831697e-06 -4.473361926789180148e-07 5.493600462798098577e-06 2.883475293745098945e-06 -5.737022759350770273e-06 -1.452350178692270715e-05 -1.807011288553464810e-05 -1.167811129282218432e-05 8.129023419000929986e-07 2.520451276063700134e-05 5.278109244418352188e-05 7.483584747746649694e-05 8.252011429146243241e-05 7.397432611561562522e-05 5.742729092876426513e-05
6.811108788856830244e-05 5.784451252803349296e-05 5.017113777533046919e-05 4.487922727440050020e-05 3.641989925780951808e-05 2.315526282580489324e-05 7.964577690462602079e-06 2.705123226017142169e-07 3.346965004192694061e-07 8.963405839850553347e-06 1.563918997289544062e-05 1.604995649428526334e-05 5.225794243546507759e-06 -1.216819474023820324e-05 -2.960706528356779350e-05 -4.311274960148437621e-05 -4.483784113047619460e-05 -3.614460546766383746e-05 -9.869060234042064972e-06 2.620331722464784227e-05 6.231338541415355205e-05 8.642051131460718003e-05 9.001773199268512304e-05 8.231002615714738755e-05
8.996866259194133235e-05 7.922704975548085541e-05 6.651880877778155218e-05 5.450704569929922872e-05 4.587903518730115124e-05 3.886742942375396735e-05 3.360608656249433791e-05 3.077085793229678414e-05 3.045316915558277487e-05 3.640543715179498215e-05 4.000715528468232782e-05 3.463240442271846178e-05 1.574365332781267171e-05 -9.869582862356905171e-06 -3.540660119714017290e-05 -5.799602939224748433e-05 -6.664179908301969826e-05 -6.054992643219337637e-05 -3.812035948645256284e-05 -6.208425418074785614e-06 3.130071476219816080e-05 6.835924028992235971e-05 8.981279206900637138e-05 9.665773783186352476e-05
1.069665227432544367e-04 9.914573540208426749e-05 8.344447620750390009e-05 6.571809262995060858e-05 5.685830593227466804e-05 5.464034239832221132e-05 5.831108882044640446e-05 6.236904404626283796e-05 6.573348756595695725e-05 7.076602510648152974e-05 6.941347299999455346e-05 5.662983096359585473e-05 2.874943545590435924e-05 -4.225159152971262040e-06 -3.529410453161364170e-05 -6.171031266722424148e-05 -7.463626925134518640e-05 -7.387322419395572022e-05 -6.154375897646983777e-05 -4.106042532494068927e-05 -1.143815899997210504e-05 3.137002509239691656e-05 7.125031914502460019e-05 9.878446879490269928e-05
1.130688386963838631e-04 1.121950964294533631e-04 9.617302363384046531e-05 7.362929253388842560e-05 6.362836114891209417e-05 6.389837659433982291e-05 7.342347002419883403e-05 8.309425246583162096e-05 9.089012977432527052e-05 9.485051131013517024e-05 8.615991561048827929e-05 6.384043949400482708e-05 2.869841868724134942e-05 -4.961927073427823781e-06 -3.317886026910107206e-05 -5.516751089204591517e-05 -6.955613454735448220e-05 -7.667235311112321398e-05 -7.585851647689736000e-05 -6.457177565174520065e-05 -4.262216441114432565e-05 -2.246340794870078548e-06 4.517038613060312118e-05 8.806957138289247047e-05
1.048261637166521758e-04 1.145022307184660293e-04 1.017621085163253531e-04 7.619421019329523307e-05 6.503573052515522327e-05 6.777732135409987710e-05 8.172543546136993317e-05 9.416279605403482175e-05 1.035438580865437498e-04 1.045455727175677025e-04 8.759016068940270866e-05 5.480807775747625373e-05 1.609664613226944989e-05 -9.938249083577716545e-06 -2.699196839966627306e-05 -3.968123414585603961e-05 -5.410007184078902825e-05 -6.766310099415281173e-05 -7.764334393212767970e-05 -7.554255094279709699e-05 -6.125494979600854580e-05 -2.808998341916789176e-05 1.729553786191774734e-05 6.599212019938529043e-05
7.494884568076289999e-05 9.555400568661766736e-05 9.438100939547950123e-05 7.682265765178965190e-05 6.769170531057772328e-05 6.986626981241229233e-05 8.285311098904594431e-05 9.445218302586307047e-05 1.010900441529059097e-04 9.415955940932037088e-05 6.834897845693732967e-05 3.049485281055444379e-05 -2.925453457462653023e-06 -1.598393255563372380e-05 -1.984861262583100238e-05 -2.302075542417088294e-05 -3.470560139671748074e-05 -4.947030226937576092e-05 -6.488085347489507535e-05 -7.046682431471555229e-05 -6.517207578990127015e-05 -4.425952608291964304e-05 -9.926823770206663351e-06 3.235639980522649571e-05
3.798571670391344423e-05 6.521946163544356263e-05 7.921897475917613922e-05 7.935153342773811742e-05 7.740827589819482193e-05 7.795230423694108875e-05 8.543149598613202346e-05 9.228815510805492110e-05 9.155517204798372928e-05 7.387283861212117918e-05 4.322376009629895385e-05 1.029517979292496219e-05 -1.154841672261345994e-05 -1.603644164742135938e-05 -1.444318462258777688e-05 -1.298797777450372377e-05 -1.963272149052745918e-05 -3.081205044005404573e-05 -4.543491022896252121e-05 -5.504190890439134947e-05 -5.790430354284096826e-05 -4.997975174627250120e-05 -2.927607733304707618e-05 8.284360260094126628e-07
6.076039614465991636e-06 3.730141124796000325e-05 6.383647556285190544e-05 8.164999165031084759e-05 8.951148116943794301e-05 9.104202558209766537e-05 9.269946438851025931e-05 9.156845132786585592e-05 8.021936481300760116e-05 5.277051598767155347e-05 2.249886578169035570e-05 -2.882433053945571751e-07 -1.029618462828448059e-05 -1.091179037266969441e-05 -8.558631245745738228e-06 -4.414262550509319344e-06 -5.197244615612827208e-06 -1.196954224761037953e-05 -2.394419043618346463e-05 -3.467283597416884557e-05 -4.279299280283062085e-05 -4.689363142685245450e-05 -4.079275090652065733e-05 -2.384071375724692885e-05
-1.481725971227815627e-05 1.600609044262434269e-05 4.873134995701054587e-05 7.964497520084965073e-05 9.896206930370781123e-05 1.071345436054712327e-04 1.048362427404142191e-04 9.235981787985836345e-05 6.912897477996996463e-05 3.683922980006953474e-05 1.247806497356590346e-05 1.245795227479128153e-08 -1.640113698695851868e-06 -8.591618678847067706e-07 6.446652500874033077e-07 5.032275183658170385e-06 7.762778902491810563e-06 5.161639201372040649e-06 -2.850279698356199688e-06 -1.261853815418103518e-05 -2.284585383994343295e-05 -3.472925298762433817e-05 -4.028414098965718722e-05 -3.565196007820552957e-05
-1.881667969721130266e-05 6.199768784882399720e-06 3.775863549343608596e-05 7.400262238562051306e-05 1.010596121298963683e-04 1.161628636585797421e-04 1.126576188524879609e-04 9.261017397030269144e-05 6.336405255076721658e-05 3.218851204089919393e-05 1.419772104725895178e-05 7.160478325015678082e-06 9.407687303723239023e-06 1.223189667773155552e-05 1.439971924893674126e-05 1.718583466061424013e-05 1.916135642035567753e-05 1.857530938741614571e-05 1.425242179760729074e-05 6.270344909836580650e-06 -4.169765758738470388e-06 -1.803526252590737753e-05 -2.792618820647278940e-05 -3.040853808757940790e-05
-9.925979022598934297e-06 5.298300211425387332e-06 3.170550653888596569e-05 6.901803642537031097e-05 9.927655207823358205e-05 1.167722111010066291e-04 1.129229621173791752e-04 9.156874647339298770e-05 6.257159599403895969e-05 3.486823510992384479e-05 2.169951900075955798e-05 1.854234162917667883e-05 2.364787198238322354e-05 2.798071933761773412e-05 3.027791780008501799e-05 3.032593068871825343e-05 2.980787404903646379e-05 2.949832324394614750e-05 2.860736625786801713e-05 2.363586596610515208e-05 1.420735534267116574e-05 1.400212455490159889e-06 -7.970242932609716160e-06 -1.271061563527651896e-05
