1.659878685788612550e-05 1.342163008726485867e-05 9.512529376451813118e-06 6.711300712307999449e-06 7.643526539540441311e-06 1.134458501952381508e-05 1.659614217833336477e-05 2.018540981349169566e-05 2.225979249809772261e-05 2.262912117074829032e-05 2.302135769553825036e-05 2.420265842190237067e-05 2.600997936047997936e-05 2.654357311907449979e-05 2.533323455631444104e-05 2.340781535802536416e-05 2.212027644480738534e-05 2.089275310436832913e-05 1.953384016758734427e-05 1.928825917568558452e-05 2.076232247819098290e-05 2.244375886199785977e-05 2.183712246487475958e-05 1.962286921251684628e-05
5.023168496330706923e-05 4.389649732414618074e-05 3.804291335720926085e-05 3.366176523998461477e-05 3.204392674667774852e-05 3.262885695786887696e-05 3.654545048565819969e-05 4.193622016896292863e-05 4.705310900865527720e-05 5.119568314780452043e-05 5.444536298516842359e-05 5.752972251059692156e-05 5.982477453631220466e-05 5.998019500260972725e-05 5.816986307736577929e-05 5.406437199969121280e-05 5.003260385488670541e-05 4.719359276560833381e-05 4.709657839714509773e-05 4.905872106803764622e-05 5.130316788584388517e-05 5.400869125734522358e-05 5.540036494537607507e-05 5.470777446409980804e-05
8.436053684031526948e-05 7.628263557419735622e-05 6.989988559271916903e-05 6.462850357447980955e-05 6.042465462318332038e-05 5.785751042813186158e-05 5.941558386399712081e-05 6.459668881109091837e-05 7.074491702151224559e-05 7.732341810007472172e-05 8.276707098019905624e-05 8.709101903487840657e-05 9.048428747431361014e-05 9.214597557129215906e-05 9.162009120654233930e-05 8.702031187412674726e-05 8.173144082404665257e-05 7.876806831223990006e-05 8.030834382679131534e-05 8.374186646356110712e-05 8.602035309975107765e-05 8.871181280932170495e-05 9.076183898017326499e-05 9.025095366764536724e-05
1.145910982517834464e-04 1.079475757745735557e-04 1.022837500140211817e-04 9.657416241486543862e-05 9.122934056385743266e-05 8.741158554517519316e-05 8.692132054255733082e-05 8.981312707536977388e-05 9.430477579966251825e-05 1.001319465581457149e-04 1.054677179018000035e-04 1.099674361715755007e-04 1.145569615895048864e-04 1.184795140288264636e-04 1.205569732252536442e-04 1.191311704054355254e-04 1.168863155107138335e-04 1.163753139615534340e-04 1.187189855140957564e-04 1.217054814752746897e-04 1.234766991912600602e-04 1.243822985137014450e-04 1.236376077691844625e-04 1.206314098815879847e-04
1.461837250922278300e-04 1.423388360625798361e-04 1.368291870012092095e-04 1.301929746624738064e-04 1.250841602697206690e-04 1.218492008097074770e-04 1.205418116458117683e-04 1.209748085341128958e-04 1.230320813632599308e-04 1.260649999395360710e-04 1.293695835143790691e-04 1.333598020319851454e-04 1.382908410774976934e-04 1.429447383925647761e-04 1.466603209725922093e-04 1.496785450560328727e-04 1.522665128022089760e-04 1.542723020257750794e-04 1.558747961374844075e-04 1.575868120890987450e-04 1.594004054537853177e-04 1.589426741219727860e-04 1.552478966725514620e-04 1.503670680747228256e-04
1.852861135636144053e-04 1.832380582134960181e-04 1.768807860832748624e-04 1.687537045853439556e-04 1.637542085796461809e-04 1.609753556071025714e-04 1.590553293193775006e-04 1.575651797092638817e-04 1.577237397893617899e-04 1.581508681861651801e-04 1.592655248515689585e-04 1.625875044763776440e-04 1.672001639218086610e-04 1.714243587979197238e-04 1.756170174468459251e-04 1.815674328892870164e-04 1.871255995025457861e-04 1.897855557250232228e-04 1.900746908655295624e-04 1.912304875206544857e-04 1.938047172471175504e-04 1.938712732221909666e-04 1.902833842770699027e-04 1.865849001782137633e-04
2.412553675040335864e-04 2.370563681914629429e-04 2.293438910581092048e-04 2.199902848584867738e-04 2.127549859827645128e-04 2.070187911398175867e-04 2.024679851066832771e-04 1.992188005604651985e-04 1.976236969498273196e-04 1.973746984357223951e-04 1.986483424037509141e-04 2.018114504881604024e-04 2.060698735998509556e-04 2.105560916277646557e-04 2.157750802906488040e-04 2.224225296299703119e-04 2.280352251724703449e-04 2.310964053855957766e-04 2.319262185288114761e-04 2.328212239602273157e-04 2.342267932064150506e-04 2.364360878940974611e-04 2.388713815448319808e-04 2.410469370390819297e-04
2.775984687461807536e-04 2.696384117947133959e-04 2.624008116894824272e-04 2.554554037939204192e-04 2.480422739220526510e-04 2.403383819817880667e-04 2.338891842787034177e-04 2.301430446218101077e-04 2.280372946418687092e-04 2.288466552502272571e-04 2.311398779994403745e-04 2.331651591623447567e-04 2.360818252966540064e-04 2.411067869806694797e-04 2.474863545161112865e-04 2.536192275494597017e-04 2.588328816883525541e-04 2.645044424888554936e-04 2.690591508757178845e-04 2.701870540852622767e-04 2.686929269381801923e-04 2.704646631718723884e-04 2.762436754363166501e-04 2.803892075441048151e-04
2.727939740628640745e-04 2.631879449918509513e-04 2.585403074340936734e-04 2.579326914873069179e-04 2.560858323893723532e-04 2.521583451218688482e-04 2.476826170490006450e-04 2.454391431116871797e-04 2.448223675926972836e-04 2.466183130126635751e-04 2.477879450910944865e-04 2.465322298805268765e-04 2.461783605964810062e-04 2.500276785066173697e-04 2.558534374846360335e-04 2.613246283467753344e-04 2.675594167815695474e-04 2.772615338689585359e-04 2.867425296584642639e-04 2.890859392646221489e-04 2.856747243427552397e-04 2.832981886538344404e-04 2.840168839762577521e-04 2.817283571418537666e-04
2.332793456350183280e-04 2.252737178731536451e-04 2.234308603130521012e-04 2.281778271989159262e-04 2.335444819953524291e-04 2.371137249463619787e-04 2.386868726870608243e-04 2.399262267069263502e-04 2.415845708673348860e-04 2.413403483553875489e-04 2.373995441177762075e-04 2.314857099496303041e-04 2.267654822395640923e-04 2.268060889443913994e-04 2.296299696611025717e-04 2.361878084282937977e-04 2.464838524221689073e-04 2.595688333295333682e-04 2.721365924968941830e-04 2.780920652704408735e-04 2.787097220857290237e-04 2.735341806353415103e-04 2.632632953029108848e-04 2.485850665237319501e-04
1.952879692945221578e-04 1.892701419125824159e-04 1.875879074424010521e-04 1.912148996131827377e-04 1.973185889191303238e-04 2.039811651291068104e-04 2.097423055030586811e-04 2.126957934956717798e-04 2.136665463318950854e-04 2.093891891104149739e-04 2.021675310653361609e-04 1.960348835093403820e-04 1.906295139449641900e-04 1.879659930179686960e-04 1.890775767744044746e-04 1.982518088091932140e-04 2.114744091929815972e-04 2.231197410210634426e-04 2.325461164059036939e-04 2.399077832787868886e-04 2.458978455043427211e-04 2.439487116330561289e-04 2.307137021306084133e-04 2.116448486017417821e-04
1.644601781377331962e-04 1.587332708445125210e-04 1.555147791730454360e-04 1.546295923646493701e-04 1.563827879431226356e-04 1.610511691750807640e-04 1.669571109975667906e-04 1.686258788304750465e-04 1.659101862100607601e-04 1.589063012560614375e-04 1.540158574899946138e-04 1.532764646326284746e-04 1.516265608788025239e-04 1.495280595632251836e-04 1.521964936026265773e-04 1.635485667548228011e-04 1.755514719849032553e-04 1.816109031900813909e-04 1.832457894372813178e-04 1.868596912428827246e-04 1.930681997120878659e-04 1.968696228571743269e-04 1.908727472258721315e-04 1.776155269884805224e-04
1.287542810968952392e-04 1.262902176433281496e-04 1.220347881254497127e-04 1.157000572884282129e-04 1.109243117861139052e-04 1.092082490912886131e-04 1.097093598162353492e-04 1.074928203933728308e-04 1.017561990212242847e-04 9.624216939400720785e-05 9.677475938150828288e-05 1.015526379127722130e-04 1.076064808251843278e-04 1.128451333744084765e-04 1.195408681416139054e-04 1.266307956429634592e-04 1.282812437489971966e-04 1.236105445670655583e-04 1.139451415808432076e-04 1.079442330992920745e-04 1.071677750750580889e-04 1.141273039575506170e-04 1.225533422490684857e-04 1.278445276676352851e-04
5.437648365028295897e-05 6.488396302001814948e-05 6.682769024331693261e-05 6.052862201807802294e-05 5.315385622865980933e-05 4.677146880528306274e-05 4.205469324336678563e-05 3.871704603516990027e-05 3.598979918269300883e-05 3.662087053776167371e-05 4.118125237928815390e-05 4.711335761508430214e-05 5.746326377068831730e-05 6.658633725472737558e-05 6.955495601120571087e-05 6.157134203433813232e-05 4.521862011112340676e-05 2.615560984301296146e-05 6.933549002649293388e-06 -5.526401100936095398e-06 -1.146842447070856445e-05 -6.433266356718220648e-06 9.597601570422514220e-06 3.217110067055958328e-05
-5.789612130825582867e-05 -2.713161242947210024e-05 -1.170324177924981211e-05 -1.279542273699435127e-05 -1.971224618783914439e-05 -2.770399571409001220e-05 -3.403307893858851249e-05 -3.433763930923552839e-05 -2.990131701915652864e-05 -2.123338757651914533e-05 -1.301589429328553282e-05 -6.300242765275452850e-06 2.978381926735334730e-06 5.621867344337360976e-06 -5.500638911163388970e-06 -3.482489192859328350e-05 -7.135097000449487149e-05 -1.069764774822225842e-04 -1.334020595650965832e-04 -1.454445919440158839e-04 -1.496757213126264827e-04 -1.473608181657879118e-04 -1.321933483470238470e-04 -1.008057633093160308e-04
-1.922542445909991939e-04 -1.469947397724119845e-04 -1.158757623864934382e-04 -1.048354830431426165e-04 -1.052661519953777824e-04 -1.083603487176394400e-04 -1.092951556025608957e-04 -1.022682777612360264e-04 -9.016853450472947973e-05 -7.445983125245791208e-05 -6.293447868825754804e-05 -5.672600828732362547e-05 -6.059021886526421059e-05 -8.057563150522058693e-05 -1.139426210859652245e-04 -1.588985003734043680e-04 -2.021931445989400878e-04 -2.412025327404667980e-04 -2.626114725751925168e-04 -2.660214292573204100e-04 -2.646147500610440207e-04 -2.668804203492670512e-04 -2.623169235776852100e-04 -2.389347688686266162e-04
-2.858380249906622189e-04 -2.445010014086369289e-04 -2.081408975853694704e-04 -1.852508538468111026e-04 -1.749282504122580439e-04 -1.683790736955246398e-04 -1.607267740366477170e-04 -1.479365199329470799e-04 -1.335399172101593148e-04 -1.176097857519417479e-04 -1.089059353950041310e-04 -1.102754828679255051e-04 -1.317488436690717509e-04 -1.695218773240114859e-04 -2.122961215095683322e-04 -2.547660853671568316e-04 -2.875980349143567993e-04 -3.129862163489470191e-04 -3.196758535529743987e-04 -3.150995536073208469e-04 -3.129896283235669035e-04 -3.210731891788256610e-04 -3.267467606802256690e-04 -3.180820728530301626e-04
-3.335034646258719241e-04 -3.056773604041558676e-04 -2.736645682672869196e-04 -2.433645607304610423e-04 -2.215798479792525043e-04 -2.046784608936567842e-04 -1.899184811306176533e-04 -1.750325405736811286e-04 -1.620067681937519574e-04 -1.517277998586435582e-04 -1.539229445579391015e-04 -1.709480027536861718e-04 -2.052575400140183145e-04 -2.431947543069313319e-04 -2.777528127202904054e-04 -3.074592534712976603e-04 -3.268967333637107643e-04 -3.357319331149134366e-04 -3.287058018874233160e-04 -3.210820886888009185e-04 -3.232077606923822915e-04 -3.370744278654121866e-04 -3.479766557664520487e-04 -3.490210229477777159e-04
-3.462840921101634976e-04 -3.329764285611908937e-04 -3.100233125068846646e-04 -2.775335452460917667e-04 -2.462158037590596749e-04 -2.195308457403573929e-04 -1.992187885234444043e-04 -1.864771605709018138e-04 -1.799650207034637396e-04 -1.843513993069858300e-04 -2.038875388241941740e-04 -2.353214896834751439e-04 -2.691135685122438698e-04 -2.912143825658469829e-04 -3.064804843019846713e-04 -3.169946950675125736e-04 -3.208004232798409650e-04 -3.151626503979176679e-04 -3.016293718754159674e-04 -2.963293814481018527e-04 -3.030909482408908101e-04 -3.210024878679144976e-04 -3.366738384064520725e-04 -3.465531969347982627e-04
-3.469403963160624417e-04 -3.412379388972314317e-04 -3.241361074666158351e-04 -2.931426732188375356e-04 -2.590735167572125598e-04 -2.280261604215579161e-04 -2.056076085115654756e-04 -1.981777192616607393e-04 -2.022494411169601194e-04 -2.224604681023522983e-04 -2.511424104139756879e-04 -2.811014440923211488e-04 -3.020719671660819245e-04 -3.090720670228786458e-04 -3.107067080965581710e-04 -3.073387203812980072e-04 -3.000166247356357910e-04 -2.887270981182400026e-04 -2.768672580307641583e-04 -2.744648457387065320e-04 -2.814653241622464734e-04 -2.993337577054977798e-04 -3.194124884317422466e-04 -3.373505659579599004e-04
-3.320256782542089884e-04 -3.329558572825517637e-04 -3.207327407926592079e-04 -2.936299583717437304e-04 -2.625705942461899634e-04 -2.329220469042470780e-04 -2.123964002214864626e-04 -2.125158422041780685e-04 -2.294090183121734179e-04 -2.608441085121150768e-04 -2.872330907535539427e-04 -3.042784443863642439e-04 -3.090538213641700889e-04 -3.056447892068661892e-04 -2.983395518007932678e-04 -2.864634091061335572e-04 -2.740699944225522184e-04 -2.631852188897554237e-04 -2.552983042278614842e-04 -2.543359392321011209e-04 -2.601177984474328212e-04 -2.747753487589955847e-04 -2.943834362160737371e-04 -3.155022092832896483e-04
-3.009574758927026578e-04 -3.061476036678492641e-04 -2.995257776574639531e-04 -2.796749068036419881e-04 -2.567958307402123897e-04 -2.357059204030225222e-04 -2.256439465858774520e-04 -2.362586078938729212e-04 -2.615273664015693549e-04 -2.911035064732438995e-04 -3.043832495085223798e-04 -3.048453849430030776e-04 -2.960465558358323893e-04 -2.859687706837736858e-04 -2.737160559266018029e-04 -2.600367055112649166e-04 -2.495562457817098248e-04 -2.430682249056371753e-04 -2.392260937733948817e-04 -2.384630878749614954e-04 -2.422701681499822427e-04 -2.520508668645060407e-04 -2.665906556206839163e-04 -2.840811593531839614e-04
-2.675119636778461882e-04 -2.739653327315821245e-04 -2.730433529716436072e-04 -2.623559567665624385e-04 -2.505522909419875387e-04 -2.429054720712698983e-04 -2.471449695046770375e-04 -2.640101732731127784e-04 -2.860180773699442440e-04 -3.029326064863776180e-04 -3.040381011687765000e-04 -2.959987502413895287e-04 -2.815101897083824192e-04 -2.672798298879822143e-04 -2.528478382154320686e-04 -2.405100880584043043e-04 -2.330307794082814689e-04 -2.290354388945187018e-04 -2.269657478825131683e-04 -2.263690877220073930e-04 -2.286529041641853412e-04 -2.346202663387965577e-04 -2.437453929677230776e-04 -2.550499544951762877e-04
-2.368636617903071781e-04 -2.427756760825386189e-04 -2.457489465329530968e-04 -2.446864149123497930e-04 -2.466855352381974731e-04 -2.552091837455198868e-04 -2.714389266785282770e-04 -2.872048454939344644e-04 -2.986020677664312181e-04 -3.012948707814262599e-04 -2.944557142320211813e-04 -2.821444740638422871e-04 -2.656106379616009184e-04 -2.502870180649877899e-04 -2.367350640691881763e-04 -2.263661052988766406e-04 -2.200830153928714529e-04 -2.167754229061040407e-04 -2.156520569869122743e-04 -2.153744448448027056e-04 -2.162876997346063963e-04 -2.189132594513579092e-04 -2.234140898366704776e-04 -2.293230750427141757e-04
-2.106930726487324585e-04 -2.158575832392317488e-04 -2.221647148326030862e-04 -2.325309295469596394e-04 -2.496697455355863346e-04 -2.715692067314651051e-04 -2.911467398641485647e-04 -2.984285937703163314e-04 -2.971727579993092144e-04 -2.894235805843712933e-04 -2.797069452759092596e-04 -2.674871319574814634e-04 -2.530406255205349493e-04 -2.396535676716408860e-04 -2.281448540882093123e-04 -2.184271182053396283e-04 -2.109492181630361280e-04 -2.059481399062007068e-04 -2.037500721646020858e-04 -2.031359954690646142e-04 -2.033733812667610748e-04 -2.040654189216836300e-04 -2.052142415043704338e-04 -2.072173706743421777e-04
-1.960839036846769750e-04 -2.023563763049371876e-04 -2.134975946455900037e-04 -2.342555793330918065e-04 -2.601276696005403507e-04 -2.848649578991783418e-04 -2.995440498268730459e-04 -2.994928375544319492e-04 -2.920773462075904980e-04 -2.803991376532746532e-04 -2.698028246097637487e-04 -2.589683827828913125e-04 -2.479611599735032958e-04 -2.370485552004685643e-04 -2.262543536692309244e-04 -2.155871457520767975e-04 -2.064490849439468026e-04 -1.992989653708678683e-04 -1.948818206858756960e-04 -1.931033922026662020e-04 -1.931872267061025047e-04 -1.937448036109254781e-04 -1.937678433257918390e-04 -1.943087732388463216e-04
-1.937168882900118863e-04 -2.020415464622335900e-04 -2.189610750723683993e-04 -2.467844088523572983e-04 -2.737927081151106802e-04 -2.937707582329908808e-04 -3.017684817317625007e-04 -2.984154141163607317e-04 -2.888714780293330834e-04 -2.753483946815087416e-04 -2.640095057590393572e-04 -2.546975372798127263e-04 -2.470665189248982189e-04 -2.383651070254626963e-04 -2.280221573441588404e-04 -2.166551666245247840e-04 -2.066195837164374173e-04 -1.980830614929842011e-04 -1.917895938961539787e-04 -1.887696830225144777e-04 -1.886228356289325564e-04 -1.900385270866403512e-04 -1.909980651424131684e-04 -1.921390770072772076e-04
-2.060025146698076914e-04 -2.178741871065310149e-04 -2.383643941842249713e-04 -2.654861303841723704e-04 -2.863627800354065132e-04 -2.986891434329889418e-04 -3.021405213383908644e-04 -2.990810316273943663e-04 -2.906234128304555834e-04 -2.774467190639605960e-04 -2.652569955852911924e-04 -2.552772033638553667e-04 -2.480736213011670030e-04 -2.406977803710640769e-04 -2.316005786633121646e-04 -2.206148474204932327e-04 -2.103034247830764256e-04 -2.016877588886362941e-04 -1.955835345439351717e-04 -1.928745761729353685e-04 -1.930398071101952938e-04 -1.954305886694489248e-04 -1.982345418239475111e-04 -2.014961789177072387e-04
-2.216967087356403658e-04 -2.363698711655290105e-04 -2.559827719249828945e-04 -2.768603198617437832e-04 -2.910265262572782623e-04 -2.994978193576666443e-04 -3.024485247932370531e-04 -3.004102818473369514e-04 -2.933859779840876586e-04 -2.817071421421210630e-04 -2.693464977534074534e-04 -2.572967570233047853e-04 -2.475083684825058090e-04 -2.396573550778932215e-04 -2.316852759277356858e-04 -2.218212152817378602e-04 -2.120894945066176154e-04 -2.049358031415760061e-04 -2.013405178298412288e-04 -2.007693468672932721e-04 -2.020638163759973412e-04 -2.047027347870018527e-04 -2.082967621883910546e-04 -2.132373101784779460e-04
-2.346409575862981958e-04 -2.500726962197174033e-04 -2.667653768712963482e-04 -2.810381236500574800e-04 -2.898155747899003169e-04 -2.957534855931027822e-04 -2.989681250522198148e-04 -2.981586538581647424e-04 -2.927751899153534644e-04 -2.832919736349331159e-04 -2.719484066234622156e-04 -2.590167156719795660e-04 -2.464958086691993160e-04 -2.366862005350493716e-04 -2.283558216874584086e-04 -2.194089459910344595e-04 -2.113313780387439042e-04 -2.067141121636340527e-04 -2.063093594055813115e-04 -2.081647119323836457e-04 -2.108771560934303570e-04 -2.136315482612286410e-04 -2.174615876386959336e-04 -2.235269842542974639e-04
-2.440391969402257231e-04 -2.578260010473388728e-04 -2.705738372652800828e-04 -2.794940595840854185e-04 -2.841747939422219096e-04 -2.872673949958092399e-04 -2.891039763309818543e-04 -2.886333238521071858e-04 -2.851729192745064922e-04 -2.788134296826951745e-04 -2.699281297283963820e-04 -2.585507772110026106e-04 -2.447421668653982849e-04 -2.320751903977056479e-04 -2.216800169750812581e-04 -2.140877116572992918e-04 -2.099757694171507550e-04 -2.090389568524584187e-04 -2.112741445372738971e-04 -2.145444091542315706e-04 -2.181405723568247449e-04 -2.212103804384137951e-04 -2.254690552470560948e-04 -2.323405911054104566e-04
-2.503237261416352060e-04 -2.609498881310560688e-04 -2.696160587280468143e-04 -2.744756992930601344e-04 -2.755432842212644177e-04 -2.746701769505966156e-04 -2.729592806704366262e-04 -2.716911103044947705e-04 -2.701896009712944822e-04 -2.673042271784164333e-04 -2.614093314933252929e-04 -2.531135535975953510e-04 -2.411002582506268895e-04 -2.288625987578859968e-04 -2.188815947951280069e-04 -2.141338153444082590e-04 -2.142186529119185828e-04 -2.160260026843341950e-04 -2.187506768618237285e-04 -2.213048372847770682e-04 -2.241310590331557231e-04 -2.272017071347990215e-04 -2.321720096132114304e-04 -2.396213441150549478e-04
-2.544347092534860171e-04 -2.610410528535135545e-04 -2.647663815578527968e-04 -2.652577154850868386e-04 -2.629558774870856437e-04 -2.583607883958892763e-04 -2.531637845352457841e-04 -2.509771098482082132e-04 -2.513135093253798021e-04 -2.518297222794683488e-04 -2.489011591936798255e-04 -2.436628842497087050e-04 -2.354814628805760495e-04 -2.277703099910920366e-04 -2.223006651165055822e-04 -2.215963526314035804e-04 -2.241786625753786305e-04 -2.270308672537081109e-04 -2.287934723254139182e-04 -2.294277247886416040e-04 -2.302802013170843654e-04 -2.325330022761804558e-04 -2.377813618648812730e-04 -2.453749244507322995e-04
-2.543096157868822405e-04 -2.562502140210178351e-04 -2.549336794122891172e-04 -2.507941500404363856e-04 -2.453889263769251780e-04 -2.388029704991705376e-04 -2.331223454029853967e-04 -2.315796124422928026e-04 -2.331662290725875690e-04 -2.357275317454727963e-04 -2.355219257552269092e-04 -2.334568764150064812e-04 -2.308279714619269787e-04 -2.304496127398749815e-04 -2.319643464596971710e-04 -2.347002572653589584e-04 -2.367929621501366276e-04 -2.382929154678235925e-04 -2.381582668355219999e-04 -2.369705129795982555e-04 -2.359653365250724110e-04 -2.371855150464689886e-04 -2.418262906310585515e-04 -2.482432997334067565e-04
-2.472952277870100893e-04 -2.457633198117405377e-04 -2.411430666025126811e-04 -2.334870930809905564e-04 -2.261593065011298972e-04 -2.202283843592518840e-04 -2.174601143987510735e-04 -2.179959637759476012e-04 -2.201173004662203790e-04 -2.230526632002554873e-04 -2.248253789787349531e-04 -2.255480180712001110e-04 -2.270579913677854078e-04 -2.310514129911862737e-04 -2.362562434254999273e-04 -2.399380223475817172e-04 -2.405391231246745002e-04 -2.402747972023373574e-04 -2.390152105448157139e-04 -2.375332741771622876e-04 -2.362164591434824873e-04 -2.370179082502687606e-04 -2.403928731859831256e-04 -2.445399617069538706e-04
-2.345696697578271981e-04 -2.311583008120986172e-04 -2.248273742413176577e-04 -2.151831994337724508e-04 -2.073962904259087092e-04 -2.035838425082536925e-04 -2.043139510866650926e-04 -2.066369891198602412e-04 -2.090016521882204215e-04 -2.118191690921362611e-04 -2.148777885386931458e-04 -2.176956979631960369e-04 -2.212020676825051768e-04 -2.259747240981249000e-04 -2.312771056936961200e-04 -2.345822118314336042e-04 -2.346391722525469168e-04 -2.335580308418911907e-04 -2.319986175967065473e-04 -2.309252578407319898e-04 -2.299995633513068926e-04 -2.306684869718701443e-04 -2.326472899920752177e-04 -2.343941066650344633e-04
-2.178025019938852481e-04 -2.135572530167095958e-04 -2.066865803355103122e-04 -1.973806339653324984e-04 -1.908940724865889347e-04 -1.887882987443723212e-04 -1.909506076731313303e-04 -1.939050098942516720e-04 -1.966055473470799378e-04 -1.992246150310535537e-04 -2.022828736416787745e-04 -2.057814817446867452e-04 -2.095931462726710289e-04 -2.132258215108432579e-04 -2.166427852883471704e-04 -2.190322902494994291e-04 -2.196694590704850226e-04 -2.191244133323821399e-04 -2.179671312419112820e-04 -2.173988073768048923e-04 -2.172498617229199963e-04 -2.180862579812490058e-04 -2.190107271597554561e-04 -2.191582158934347532e-04
-2.003247880431213875e-04 -1.959571885660881397e-04 -1.893836456181828022e-04 -1.819136231211202588e-04 -1.771634619607574733e-04 -1.750291451773319015e-04 -1.755041067967536700e-04 -1.771507269633482932e-04 -1.794963650326475185e-04 -1.818203383347511564e-04 -1.843432098356028120e-04 -1.878591831937507963e-04 -1.921865196182772858e-04 -1.958117168830001461e-04 -1.984120130367764351e-04 -2.004342195244499544e-04 -2.018986885181896977e-04 -2.023653926305414195e-04 -2.016317641557312267e-04 -2.011813218807925112e-04 -2.017111397738434670e-04 -2.027725517583275200e-04 -2.029832186776366044e-04 -2.023310268894581195e-04
-1.815773221269632463e-04 -1.782350155124550937e-04 -1.731062456602263928e-04 -1.678954108497351645e-04 -1.645805342722825022e-04 -1.621165587121773711e-04 -1.600857037973295479e-04 -1.590887191950043781e-04 -1.597436351663805427e-04 -1.612592191658713734e-04 -1.635559364298581778e-04 -1.673985079160547542e-04 -1.726343393460704910e-04 -1.767284719823293787e-04 -1.789885138573634946e-04 -1.807705224312572097e-04 -1.828400793721635228e-04 -1.840963211093822691e-04 -1.837042106458833875e-04 -1.834295909780011365e-04 -1.846961134348768430e-04 -1.859454716931035990e-04 -1.853102564315020357e-04 -1.837263041997524602e-04
-1.617885744212678792e-04 -1.602657767364511297e-04 -1.584995670647754683e-04 -1.567653033880556524e-04 -1.546883689340500516e-04 -1.518685334635299321e-04 -1.472197917492222292e-04 -1.424344224849848344e-04 -1.391625237960432079e-04 -1.384237859591092501e-04 -1.409486878362089222e-04 -1.459610321046391043e-04 -1.525257801807353175e-04 -1.571662890930055354e-04 -1.596587164346167595e-04 -1.613389468610707434e-04 -1.635741524875756971e-04 -1.654841726970327301e-04 -1.663398483932902662e-04 -1.669764370910872505e-04 -1.684015170581547446e-04 -1.689361148138827766e-04 -1.671670041510448716e-04 -1.643020831478422491e-04
-1.421965437943283387e-04 -1.408061858091819987e-04 -1.418390381057484237e-04 -1.438310417048763406e-04 -1.433406176017944331e-04 -1.406846317740634267e-04 -1.349555096822809973e-04 -1.279902185505498629e-04 -1.213086553263066593e-04 -1.178526758479396340e-04 -1.202728839583266918e-04 -1.265109584333721972e-04 -1.342152361122730996e-04 -1.390471620670989162e-04 -1.419122144826757666e-04 -1.434831405024794917e-04 -1.455850636398450446e-04 -1.481536112557415143e-04 -1.511450435230290025e-04 -1.532511227839549600e-04 -1.540795096464084898e-04 -1.531272607252668423e-04 -1.503745862057810948e-04 -1.463178328681574182e-04
-1.229854263597187052e-04 -1.195667710403756304e-04 -1.212379482713170381e-04 -1.260892332195835837e-04 -1.276120846478742514e-04 -1.255467136433813485e-04 -1.201181775320920995e-04 -1.133081320683544148e-04 -1.055520718442968506e-04 -1.001762394421592129e-04 -1.017513636856712277e-04 -1.084747782671696280e-04 -1.168983304126661177e-04 -1.218215532377917037e-04 -1.249591105550783645e-04 -1.263532380271967497e-04 -1.282870105656084875e-04 -1.314792174781301152e-04 -1.364998737292028074e-04 -1.398972464885826295e-04 -1.399507431817469778e-04 -1.376487389338174896e-04 -1.343648803225225773e-04 -1.295686744153165787e-04
-1.042315043593395154e-04 -9.768446744812096403e-05 -9.589649776579248339e-05 -9.913196904156116988e-05 -1.020389563425915858e-04 -1.025691109620649352e-04 -1.001153088267157731e-04 -9.562648254634947224e-05 -9.002606706416648450e-05 -8.579590432427140593e-05 -8.697149793599939012e-05 -9.241617382502428425e-05 -9.968122236819331339e-05 -1.044891350197529959e-04 -1.078627852209382434e-04 -1.095678864834703195e-04 -1.116757499784454532e-04 -1.151110992511744749e-04 -1.202537193678821051e-04 -1.236580995000255022e-04 -1.237959509718655207e-04 -1.215644766695242630e-04 -1.180340641501283536e-04 -1.126643063799314390e-04
-8.560845771665671552e-05 -7.749755728951427964e-05 -7.081757117990137348e-05 -6.828280134543314689e-05 -6.992151769473530301e-05 -7.302884157306792638e-05 -7.485562986380619999e-05 -7.414068035742551338e-05 -7.321273543404236263e-05 -7.316806595457256120e-05 -7.505160011871044598e-05 -7.811537646543835196e-05 -8.240445168811867639e-05 -8.634914587466730850e-05 -8.938117569436052599e-05 -9.147890932860986801e-05 -9.383217906965419771e-05 -9.685922750016156082e-05 -1.001294244688026932e-04 -1.023531983229283658e-04 -1.035313219963180184e-04 -1.029018080726691722e-04 -9.953508967542796008e-05 -9.388329859537896803e-05
-6.693123083092497171e-05 -5.864853296549859597e-05 -4.846859650624120219e-05 -3.972415641335703973e-05 -3.782367743693288478e-05 -4.123724620012677835e-05 -4.690120254785461136e-05 -5.134420945126175618e-05 -5.647281472248072063e-05 -6.137676190399137107e-05 -6.411040378584726839e-05 -6.493544775558628460e-05 -6.590870565591769792e-05 -6.816832620842689045e-05 -7.003688047759967523e-05 -7.191826733347069336e-05 -7.412084018942136099e-05 -7.634348464654420736e-05 -7.751855668580587689e-05 -7.851242383045072579e-05 -8.068151927392692665e-05 -8.193925062669000429e-05 -7.935609657850553210e-05 -7.404214241550651876e-05
-4.981874049635491775e-05 -4.340416399687245123e-05 -3.424494458053051204e-05 -2.401097887320727243e-05 -1.890224588725755240e-05 -1.931550866758810278e-05 -2.475535150724521576e-05 -3.205651049465829770e-05 -4.065931336625752180e-05 -4.829508217314004156e-05 -5.167116572020620784e-05 -5.195869155799230166e-05 -5.074833933962367760e-05 -5.047923810685746185e-05 -5.037375122048738706e-05 -5.088450196485495901e-05 -5.176033526187917073e-05 -5.246490946785812431e-05 -5.263210424707662205e-05 -5.351411683343374544e-05 -5.589446664061102334e-05 -5.810062814745697130e-05 -5.733397019387010193e-05 -5.433414124763472818e-05
-3.210776900261895099e-05 -2.862158258315546330e-05 -2.402409751213616177e-05 -1.796754776272932900e-05 -1.285474603036473857e-05 -9.834395907017358986e-06 -1.110281497029310020e-05 -1.631702036251950455e-05 -2.316636688686649371e-05 -2.965008165369711185e-05 -3.277208090724621840e-05 -3.353444295189569749e-05 -3.180942374187732067e-05 -2.993028432562237542e-05 -2.880252243170957697e-05 -2.821767036604615940e-05 -2.768703494648359114e-05 -2.725618613973173888e-05 -2.788295843133115789e-05 -2.943526930059672038e-05 -3.091125675509281609e-05 -3.241799436053166328e-05 -3.341858569075813776e-05 -3.362699170467496292e-05
-1.145832698539718815e-05 -1.098639660338894739e-05 -1.103651183512854484e-05 -9.980344799963884064e-06 -6.423541876399715127e-06 -1.529646404589688159e-06 1.664818948614301589e-06 6.805559869865841647e-07 -2.272345354696164756e-06 -6.144355308943175498e-06 -8.235957559323786283e-06 -8.696843101185234955e-06 -6.832960795525584613e-06 -4.871703697450312836e-06 -4.249587297663193677e-06 -3.865916784669889153e-06 -2.994460872254321035e-06 -2.493837276505456179e-06 -3.864428103289909509e-06 -5.589871077338368118e-06 -5.664330001027741185e-06 -5.811543358564334977e-06 -7.756349457739382587e-06 -1.034995591694365460e-05
