2.206818235077251774e-09
-1.047921674485648293e-09
1.164693433485157402e-09
2.092179560177573975e-09
1.511445613958317181e-09
2.735590374382981348e-09
3.794927517687918477e-09
4.461374100644021665e-09
5.818413799835626745e-09
7.273359828812006579e-09
8.855850870022035395e-09
1.097710337635551484e-08
1.343700086115555387e-08
1.639659659799450554e-08
2.011170139362130835e-08
2.447434266310417758e-08
2.981519781722589678e-08
3.645017791189193986e-08
4.427132140243144750e-08
5.387233629566643444e-08
6.575517022921216144e-08
7.976484866861798151e-08
9.692470052921559723e-08
1.180742126127943274e-07
1.429722540477098318e-07
1.733688238502674372e-07
2.106723154927107538e-07
2.545108269174260431e-07
3.078446062949034292e-07
3.730106919917027285e-07
4.494452689881984308e-07
5.420967387808170890e-07
6.547960398544894759e-07
7.867092007681356843e-07
9.460046890815246876e-07
1.138877637369304349e-06
1.364127800020080650e-06
1.635044390798615166e-06
1.961499442727846169e-06
2.341807218932609848e-06
2.797245770790460350e-06
3.343316366131690015e-06
3.977694018737232227e-06
4.733935754269187494e-06
5.636061088256774234e-06
6.680922470508638459e-06
7.920797965158814195e-06
9.392485012211031182e-06
1.109187616393799802e-05
1.309963973906107040e-05
1.547153764117785625e-05
1.820259762497842794e-05
2.141606340800961643e-05
2.519536409993765075e-05
2.953522691984230954e-05
3.462135598120860783e-05
4.057661133912695092e-05
4.739657662244081335e-05
5.535596907584925097e-05
6.463249416688930768e-05
7.522428576950870708e-05
8.752956473429109117e-05
1.018008193158308861e-04
1.180409694714049438e-04
1.368164996275669657e-04
1.584803544357800290e-04
1.830434502096341424e-04
2.112988184756958102e-04
2.437324595298680186e-04
2.803683333285957599e-04
3.223007029791380364e-04
3.701888788809060138e-04
4.240775237540396220e-04
4.854548311190960350e-04
5.552018298916641366e-04
6.333941951093955596e-04
7.220264167134692480e-04
8.222593660521086440e-04
9.342118056394230164e-04
1.060521871173053434e-03
1.202702672280019569e-03
1.360929188304903443e-03
1.538658573459429071e-03
1.737851158755649578e-03
1.958754612892179767e-03
2.205879234312408451e-03
2.481759018329326386e-03
2.786741725375180626e-03
3.126702942537279428e-03
3.504910645445679946e-03
3.921860965276413591e-03
4.385187981774275184e-03
4.899079875296072362e-03
5.464253982290346798e-03
6.090559305329572987e-03
6.783304932869048051e-03
7.543518957636463108e-03
8.383762749028423819e-03
9.310679496480287962e-03
1.032570291816982053e-02
1.144464068115908298e-02
1.267570437625801551e-02
1.402083211073635455e-02
1.549965734681961992e-02
1.712221838827146514e-02
1.889106505441845441e-02
2.083027644471335468e-02
2.295199031268013029e-02
2.525947503709642314e-02
2.778190400459004672e-02
3.053380811504801881e-02
3.351926831657615208e-02
3.677328167267798764e-02
4.031313346036891065e-02
4.414383420696212090e-02
4.830713466508285842e-02
5.282353749008932009e-02
5.769919331763190967e-02
6.298373342478760795e-02
6.870139104539828290e-02
7.485971436888207153e-02
8.151727854187013067e-02
8.870256902410764144e-02
9.642459743657839921e-02
1.047517849572567467e-01
1.137176136381203850e-01
1.233323069104796110e-01
1.336756413208508576e-01
1.447874878957486067e-01
1.566791688268782956e-01
1.694452837767232711e-01
1.831341207764996259e-01
1.977590800629140666e-01
2.134351520314241024e-01
2.302205690018109818e-01
2.481333873098477416e-01
2.673139934656956207e-01
2.878296941773584861e-01
3.097064485521338617e-01
3.331100338482227419e-01
3.581124978845699469e-01
3.847495572249847173e-01
4.132045870551888100e-01
4.435476711085990509e-01
4.758231485389042281e-01
5.102177524232217598e-01
5.467932982384926532e-01
5.855985369081252445e-01
6.268074580695445208e-01
6.704705267853211526e-01
7.166348502771425766e-01
7.654495400358533042e-01
8.169554044848548191e-01
8.711924250947342685e-01
9.282820244628567918e-01
9.882609980076306755e-01
1.051160159267479965e+00
1.117080990913551286e+00
1.186062426923317537e+00
1.258128061896785832e+00
1.333372119632332709e+00
1.411839143959161991e+00
1.493548419084216761e+00
1.578597396850021761e+00
1.667037875405711800e+00
1.758886147845272641e+00
1.854251359132989885e+00
1.953195680252863609e+00
2.055734812425152658e+00
2.162001453473897605e+00
2.272071751959250818e+00
2.385969162317828740e+00
2.503863648376478679e+00
2.625842409224568019e+00
2.751948892054536078e+00
2.882394609399465679e+00
3.017264715252356400e+00
3.156628456022730678e+00
3.300727153231734601e+00
3.449629002198392858e+00
3.603421510131120886e+00
3.762356373999709458e+00
3.926480832118277586e+00
4.095884725139260496e+00
4.270815362710481899e+00
4.451308380875893533e+00
4.637442919669401142e+00
4.829454004943709577e+00
5.027378525497336881e+00
5.231284263835997095e+00
5.441386702516536111e+00
5.657726886723312809e+00
5.880374994114952791e+00
6.109513466115613411e+00
6.345172259966081363e+00
6.587440411591975575e+00
6.836442132495543333e+00
7.092167082763572772e+00
7.354720964049271004e+00
7.624129112581957024e+00
7.900314199095622492e+00
8.183363154951255325e+00
8.473149134673304772e+00
8.769523391260175771e+00
9.072493879135686612e+00
9.381738531346437426e+00
9.697065209592048873e+00
1.001836168645774627e+01
1.034511996776527809e+01
1.067714695767564770e+01
1.101424273959207767e+01
1.135578319477754583e+01
1.170158593651073176e+01
1.205145294773978293e+01
1.240471267976074365e+01
1.276116244856004656e+01
1.312064957654548181e+01
1.348247772054097737e+01
1.384641377567442966e+01
1.421230213315703494e+01
1.457944862009515852e+01
1.494764801404985199e+01
1.531670184915306976e+01
1.568599951701888351e+01
1.605542167024922051e+01
1.642478918258429132e+01
1.679364994178029491e+01
1.716192767427606114e+01
1.752955671296387763e+01
1.789620100579163164e+01
1.826169960432121186e+01
1.862607472460150859e+01
1.898894745363957171e+01
1.934999292224224376e+01
1.970914637457565988e+01
2.006588598905972987e+01
2.041981284525576612e+01
2.077062918520112333e+01
2.111776924740989259e+01
2.146096592363890920e+01
2.179978613203611104e+01
2.213377584799138376e+01
2.246288691005137039e+01
2.278683729048196938e+01
2.310527539398153252e+01
2.341822131756281422e+01
2.372571022802264196e+01
2.402739684161207734e+01
2.432318679024616870e+01
2.461332184930584788e+01
2.489747780963933010e+01
2.517545129277854699e+01
2.544745318460729777e+01
2.571325348297047597e+01
2.597266336557258981e+01
2.622569394672496657e+01
2.647225053425135144e+01
2.671224780043224811e+01
2.694546680650209325e+01
2.717196056749851962e+01
2.739176867010173311e+01
2.760451084780513398e+01
2.781022439248834743e+01
2.800904854216522821e+01
2.820059195257896079e+01
2.838466379186759170e+01
2.856145750318164289e+01
2.873079958512453658e+01
2.889241041740005755e+01
2.904645898295279594e+01
2.919305481480219200e+01
2.933206825748777646e+01
2.946357024850659201e+01
2.958781810742870633e+01
2.970487325680422330e+01
2.981468387621615079e+01
2.991758786364209399e+01
3.001378212895282260e+01
3.010305842812844546e+01
3.018562938845421684e+01
3.026170981234687574e+01
3.033112526128136466e+01
3.039367666871781282e+01
3.044969049018697405e+01
3.049943952387965851e+01
3.054263512742385345e+01
3.058003229038537185e+01
3.061221661497245705e+01
3.063920495893302487e+01
3.066192583014993289e+01
3.068074211010079111e+01
3.069612889200419659e+01
3.070809063734013478e+01
3.071621531270021777e+01
3.072070645397867850e+01
3.072152938397364608e+01
3.071854297135506684e+01
3.071175131273854575e+01
3.070128501350238182e+01
3.068725689964063008e+01
3.066975224524347254e+01
3.064878432372956496e+01
3.062439909287376949e+01
3.059668091817158952e+01
3.056515313371258813e+01
3.052966930885717645e+01
3.049013967719056240e+01
3.044540131765762681e+01
3.039512573324655520e+01
3.033899449740598797e+01
3.027585671503227260e+01
3.020555436192572785e+01
3.012764866399614760e+01
3.004193735663591269e+01
2.994874937926687863e+01
2.984771848794303395e+01
2.973977721759275994e+01
2.962564624348808451e+01
2.950539519287707790e+01
2.938049002184919800e+01
2.925146713810596921e+01
2.911889144647872030e+01
2.898377232315221974e+01
2.884603909012833256e+01
2.870616434731595845e+01
2.856431824501547467e+01
2.842022820810576889e+01
2.827392509204280557e+01
2.812540753659639137e+01
2.797471953142914813e+01
2.782179320668361910e+01
2.766702141834991835e+01
2.751062435336004697e+01
2.735268160247665747e+01
2.719382832607968581e+01
2.703426170764650394e+01
2.687411192794319348e+01
2.671412981409703491e+01
2.655456412795900434e+01
2.639557161400116669e+01
2.623788370504922440e+01
2.608169337590032555e+01
2.592719078554540957e+01
2.577465025793655684e+01
2.562402036476738942e+01
2.547543024265671008e+01
2.532864562591127466e+01
2.518348949162590600e+01
2.503997651898055565e+01
2.489790246989377209e+01
2.475723902749718874e+01
2.461801401421621094e+01
2.448040927208476703e+01
2.434452248326847013e+01
2.421052338418687100e+01
2.407867339123666639e+01
2.394894795323464010e+01
2.382152413635031252e+01
2.369638153403271730e+01
2.357341277234280241e+01
2.345265398504968957e+01
2.333399787049978613e+01
2.321745514251129450e+01
2.310296852504313136e+01
2.299051715383441064e+01
2.288018495791745721e+01
2.277188700142771793e+01
2.266553046458465204e+01
2.256114126453592306e+01
2.245866004010837713e+01
2.235791149590917470e+01
2.225883319835633145e+01
2.216141462225216330e+01
2.206549190669984029e+01
2.197094339583737721e+01
2.187774835206642621e+01
2.178572211835578187e+01
2.169474712846104580e+01
2.160475019040835676e+01
2.151547883455960886e+01
2.142685870932435321e+01
2.133877109518699555e+01
2.125093174600417001e+01
2.116331655571691073e+01
2.107579498903063353e+01
2.098817728931522453e+01
2.090049587839312650e+01
2.081267411735382566e+01
2.072471320745432877e+01
2.063667349172609988e+01
2.054856355276669788e+01
2.046052114223443752e+01
2.037259173144872904e+01
2.028483203885680197e+01
2.019741339147388715e+01
2.011036604305804332e+01
2.002375740931171322e+01
1.993775132394659977e+01
1.985237103935283542e+01
1.976768275453192913e+01
1.968381229028226542e+01
1.960075802648319510e+01
1.951856410366855599e+01
1.943727047564180666e+01
1.935684616399340996e+01
1.927729557873200150e+01
1.919857324159070444e+01
1.912064465029627769e+01
1.904350016769595300e+01
1.896707718823530087e+01
1.889135027184330085e+01
1.881634450603521813e+01
1.874203638036651043e+01
1.866838512838279485e+01
1.859546039263129913e+01
1.852324447104772176e+01
1.845165014730380193e+01
1.838074526140189846e+01
1.831041778306424916e+01
1.824053083946418496e+01
1.817109053963256926e+01
1.810182299201167666e+01
1.803257048880969649e+01
1.796325275912460739e+01
1.789347227919873617e+01
1.782309285879711069e+01
1.775197357358118211e+01
1.767970892583725728e+01
1.760621226502125225e+01
1.753133528444801215e+01
1.745476115646009774e+01
1.737644816977526219e+01
1.729628312025703707e+01
1.721405826567269770e+01
1.712975058070972523e+01
1.704329181315252839e+01
1.695455313658394303e+01
1.686351146910420695e+01
1.677012838195810929e+01
1.667432460646812942e+01
1.657608049198092459e+01
1.647536962335808042e+01
1.637215056437173288e+01
1.626642020265123634e+01
1.615815565628167505e+01
1.604734488063256492e+01
1.593400571606755811e+01
1.581811588756559672e+01
1.569968175200699001e+01
1.557873711235479774e+01
1.545525949551212364e+01
1.532927141169484919e+01
1.520081731667907476e+01
1.506987818331277929e+01
1.493650061976146404e+01
1.480073613531568455e+01
1.466257558962567664e+01
1.452209480344589743e+01
1.437934813421937541e+01
1.423433990208625666e+01
1.408717044002998442e+01
1.393789280795255792e+01
1.378652364924407969e+01
1.363317785734210119e+01
1.347790511403339231e+01
1.332073077662541216e+01
1.316177744275325523e+01
1.300109282836270275e+01
1.283870761451958309e+01
1.267475462297046107e+01
1.250928455441454368e+01
1.234233232133918357e+01
1.217405065220387428e+01
1.200449810160969299e+01
1.183371499978138885e+01
1.166187911835086055e+01
1.148905668226255727e+01
1.131529357281096182e+01
1.114078476981673127e+01
1.096559940890715623e+01
1.078978547135757715e+01
1.061354197307866976e+01
1.043693779619128392e+01
1.026001938938328095e+01
1.008298673992771377e+01
9.905909956127345595e+00
9.728835771445465852e+00
9.551973126193420427e+00
9.375394457803405857e+00
9.199152754120010655e+00
9.023467356406815298e+00
8.848407970612226947e+00
8.674035582002618483e+00
8.500562614923529381e+00
8.328047343810885295e+00
8.156551678488114021e+00
7.986256673532557748e+00
7.817204912997504529e+00
7.649449078192709806e+00
7.483128722583134440e+00
7.318274201021410796e+00
7.154924769254414230e+00
6.993187926750680461e+00
6.833088149674496847e+00
6.674655105899718777e+00
6.517979293898365611e+00
6.363082270609030644e+00
6.209990440503673881e+00
6.058783597072365801e+00
5.909478742019453890e+00
5.762101800096440130e+00
5.616718176716696931e+00
5.473337562922208299e+00
5.331983502305709166e+00
5.192701409711493632e+00
5.055493393224466558e+00
4.920377156677902875e+00
4.787377426107324752e+00
4.656491445334714818e+00
4.527729564838900878e+00
4.401100766278460696e+00
4.276601013675895402e+00
4.154234723857264555e+00
4.034002498595870456e+00
3.915901291262668948e+00
3.799932546546888723e+00
3.686094751760483845e+00
3.574386160091535203e+00
3.464807854507581109e+00
3.357359054906812190e+00
3.252038150079295864e+00
3.148847005086911732e+00
3.047784147266748622e+00
2.948846263551748947e+00
2.852035507896485633e+00
2.757345318774593323e+00
2.664769130541054576e+00
2.574307910257652487e+00
2.485945906417908358e+00
2.399672881441881955e+00
2.315487300798906301e+00
2.233363203494813654e+00
2.153287443770238507e+00
2.075255650700882804e+00
1.999233618728877282e+00
1.925206431491613523e+00
1.853167414666919477e+00
1.783076737738745088e+00
1.714918409615066697e+00
1.648684158496659169e+00
1.584329974669035135e+00
1.521838927082904247e+00
1.461201557791818484e+00
1.402370006164594285e+00
1.345326345008820645e+00
1.290060086985363563e+00
1.236519642127161367e+00
1.184686108707121210e+00
1.134548066189303928e+00
1.086050470171459503e+00
1.039173527946133602e+00
9.939049464548582735e-01
9.501864275585454322e-01
9.079973733583288631e-01
8.673245724061782180e-01
8.281065576674522255e-01
7.903220877620684703e-01
7.539569210313374903e-01
7.189467725154007338e-01
6.852701009221393580e-01
6.529116186238465014e-01
6.218051689520966985e-01
5.919294097519106623e-01
5.632682069222451071e-01
5.357549568746242663e-01
5.093690194127881155e-01
4.840937982768002690e-01
4.598637358221387417e-01
4.366592652919580320e-01
4.144637723332915136e-01
3.932139828105086776e-01
3.728916148357409588e-01
3.534804336143920200e-01
3.349203409421004918e-01
3.171944321546639189e-01
3.002871586784188196e-01
2.841421693020309003e-01
2.687439481067842029e-01
2.540778360758393917e-01
2.400914999199427469e-01
2.267707636022618101e-01
2.141019541902398904e-01
2.020367663363956123e-01
1.905622818416096709e-01
1.796658200682270390e-01
1.693029564888643701e-01
1.594619517988968560e-01
1.501310769599048522e-01
1.412696130160044361e-01
1.328669440043938332e-01
1.249122521200160263e-01
1.173683938575921099e-01
1.102258363787217282e-01
1.034746549571146090e-01
9.708118852293660950e-02
9.103694206361158392e-02
8.533288000016672759e-02
7.993872110172686729e-02
7.484694649823241119e-02
7.004940030698796061e-02
6.551903541974529732e-02
6.124923419235456939e-02
5.723269264811014362e-02
5.344540636493943370e-02
4.988157994923361066e-02
4.653471508127556694e-02
4.338362932069439459e-02
4.042327287752152387e-02
3.764789593004625595e-02
3.503890606949262160e-02
3.259192629973258620e-02
3.030189496013749664e-02
2.815257768651560633e-02
2.614020066715098956e-02
2.426033087028699881e-02
2.249886519902705162e-02
2.085256663702036647e-02
1.931757283739156741e-02
1.788169357856674371e-02
1.654216658906251108e-02
1.529564384515343274e-02
1.413164121603004315e-02
1.304781452765750235e-02
1.204127595141085520e-02
1.110305512062924847e-02
1.023117482728890491e-02
9.423156647071688138e-03
8.671367440613546654e-03
7.974150655691188139e-03
7.329390565249204945e-03
6.730630075202972788e-03
6.176490990511687186e-03
5.665177685385941984e-03
5.191261897248550597e-03
4.753605074622525330e-03
4.350692765918188869e-03
3.977991004744357850e-03
3.634565738329792461e-03
3.319147958806493125e-03
3.027975456492608929e-03
2.760287236716784352e-03
2.515026950373300523e-03
2.289093412544139765e-03
2.081870995858802961e-03
1.892486148117911897e-03
1.718399733323060057e-03
1.559117418503346399e-03
1.413921595432677397e-03
1.280747736600218586e-03
1.159202063835433920e-03
1.048699114608874633e-03
9.475725030393274649e-04
8.555112282737966636e-04
7.720411283272492209e-04
6.958275604448848272e-04
6.266271054261172068e-04
5.640587518236150682e-04
5.070621936424395040e-04
4.554486561721663601e-04
4.089144977197719404e-04
3.666243260517415060e-04
3.284330891639354491e-04
2.941008212204338250e-04
2.629747991357862650e-04
2.349445957496793577e-04
2.098221256161986745e-04
1.871016281880330957e-04
1.666998380052759276e-04
1.484705268912919556e-04
1.320251171422543628e-04
1.173014621874101233e-04
1.041868106469118292e-04
9.238523751658328249e-05
8.185086389713028883e-05
7.249750414525796402e-05
6.410187111360742430e-05
5.663048147371849080e-05
5.001806565590659565e-05
4.409776058451420831e-05
3.884541066401775688e-05
3.421206741890084238e-05
3.007425272388909143e-05
2.641473742102327374e-05
2.319717741805948336e-05
2.033109339161557304e-05
1.780433358407737117e-05
1.559017922434451737e-05
1.362297680936064788e-05
1.189425258281386984e-05
1.038455585137496423e-05
9.046712676054077080e-06
7.874883833429997855e-06
6.855048113425135948e-06
5.953645787539074871e-06
5.166703077744371767e-06
4.484213227031308882e-06
3.882543069538676478e-06
3.359023183515318192e-06
2.906584577857125879e-06
2.508755118056016458e-06
2.163765089366901035e-06
1.866672424567699246e-06
1.606114376620660870e-06
1.380933190633516795e-06
1.187709573498877814e-06
1.018685823095667726e-06
8.731147259885226031e-07
7.486549239837072070e-07
6.400642969303302682e-07
5.468673664343543662e-07
4.674773233881898841e-07
3.983883846137173219e-07
3.393025026375182867e-07
2.891553135052537449e-07
2.456266485399574841e-07
2.085326577598007613e-07
1.771668460025606448e-07
1.500098726139195972e-07
1.269502466031548779e-07
1.075239721860116991e-07
9.074669208739681284e-08
7.655199854466827324e-08
6.463841413667102172e-08
5.437497957898005914e-08
4.572288302977475423e-08
3.848834139843877260e-08
3.227121284849888964e-08
2.704927101404507672e-08
2.269928680208413688e-08
1.897017889547470952e-08
1.584950216481058840e-08
1.325972493428943319e-08
1.104495533596138062e-08
9.198402469728969765e-09
7.671799992044388542e-09
6.369373276828071747e-09
5.287529115958402195e-09
4.396535478378630796e-09
3.638169866244830906e-09
3.010602853405602675e-09
2.495712126175106130e-09
2.058476634949673620e-09
1.698011362322325774e-09
1.403387183677856659e-09
1.153761741593510357e-09
9.487374349978539033e-10
7.817934316931407173e-10
6.406572380904842107e-10
5.251710341285439415e-10
4.314859312211990926e-10
3.524521085163137925e-10
2.880220327529264583e-10
2.359483244587023963e-10
1.921093276880040127e-10
1.565031125849175727e-10
1.278314040547538981e-10
1.037427393921169364e-10
8.425044180951011776e-11
6.861232774960991713e-11
5.550036852897771212e-11
4.493018685439718533e-11
3.648174939038198467e-11
2.941235937403052588e-11
2.373529088045440637e-11
1.921509521369392177e-11
1.544038377731036376e-11
1.242106553147827615e-11
1.002636617222591414e-11
8.030584512562351644e-12
6.440611667993145403e-12
5.184471304484677189e-12
4.139555930406578756e-12
3.310440920232277470e-12
2.657888291305453615e-12
2.115988013049459788e-12
1.687669815449081152e-12
1.351764644800103710e-12
1.073228867443274569e-12
8.538767906341261063e-13
6.824157290150014985e-13
5.404183666482148438e-13
4.289713139213102457e-13
3.421200342170017175e-13
2.702751641482861327e-13
2.140664885170442182e-13
1.703888172769689362e-13
1.342977648836943977e-13
1.061477499072444304e-13
8.433524242365558624e-14
6.633118712314915235e-14
5.233045362164216850e-14
4.151185170202695832e-14
3.259124191071250104e-14
2.567407273043353567e-14
2.034290678518420341e-14
1.595055360234505210e-14
1.255348038000746317e-14
9.941033846358830892e-15
7.789610726877481702e-15
6.129184709082511255e-15
4.854269129223395675e-15
3.804364287335134946e-15
2.995212747665438637e-15
2.374411702411189202e-15
1.862954778028263818e-15
1.468997959301574681e-15
1.166707788940697641e-15
9.174350815755241156e-16
7.253399080174960923e-16
5.777714075394422189e-16
4.559091957829084506e-16
3.618423112801757112e-16
2.894079208768478699e-16
2.294678640938073742e-16
1.830561322707495433e-16
1.471816380368668654e-16
1.174125812146838534e-16
9.425387673896147458e-17
7.625684155169792533e-17
6.127021881814746775e-17
4.953720105679322086e-17
4.035623803884940373e-17
3.267927256966519732e-17
2.662166385477980979e-17
2.184286034117378479e-17
1.782860986565293160e-17
1.463266810435076184e-17
1.208879207659732078e-17
9.941814049685582744e-18
8.216254637308104393e-18
6.830192827567010455e-18
5.655051064986637259e-18
4.701721064014742755e-18
3.929283090181064305e-18
3.271686052143914979e-18
2.733600085214009378e-18
2.294222939619310223e-18
1.918858729999077286e-18
1.609409487565688668e-18
1.355075249570882166e-18
1.137188492994133652e-18
9.564604117682815558e-19
8.071514453028417557e-19
6.789733618212820194e-19
5.721492817127491474e-19
4.835542997403331057e-19
4.073888361979130210e-19
3.436912198781596878e-19
2.907198616901333544e-19
2.451399564417197135e-19
2.069300951755259922e-19
1.750989272017749165e-19
1.476972421028384813e-19
1.246917846067787874e-19
1.055080728061568090e-19
8.899219377437276932e-20
7.511493480550941855e-20
6.353861310206810535e-20
5.357374024405422556e-20
4.519865383584183327e-20
3.821273172567529344e-20
3.220136501518708194e-20
2.714974982566138506e-20
2.293779448853705569e-20
1.931519955421029880e-20
1.627232011296654466e-20
1.373691807424776286e-20
1.155758027977680818e-20
9.728216549871879891e-21
8.205253053659897253e-21
6.897044006063468956e-21
5.799828294463870144e-21
4.887292174747742803e-21
4.103995781353617645e-21
3.447655087877910514e-21
2.902381215564537455e-21
2.434683276337141433e-21
2.043192709335580997e-21
1.718325636080029622e-21
1.439891261258823580e-21
1.207078575129203562e-21
1.014117087281685563e-21
8.488642884473206540e-22
7.108439967612371599e-22
5.965897901509545615e-22
4.988194443968356425e-22
4.172555427513829194e-22
3.498212769503001361e-22
2.921621109982884344e-22
2.441175146462671744e-22
2.044467997113109012e-22
1.705540436930192882e-22
1.423469280090843815e-22
1.190864967306875040e-22
9.923007773839074775e-23
8.272490084869031657e-23
6.913221599799699060e-23
5.753822594836001171e-23
4.791295233447621937e-23
3.999672773279953337e-23
3.325005943902239515e-23
2.765602452370828781e-23
2.306144958395691905e-23
1.914890102011119647e-23
1.590888735995165768e-23
1.325135807907238617e-23
1.099017644033418645e-23
9.120054031384629416e-24
7.588230786252274969e-24
6.285936592647578491e-24
5.210244852787176492e-24
4.330350264626911731e-24
3.582913352184635488e-24
2.966326028535086182e-24
2.462664319811803605e-24
2.035173217073828855e-24
1.682975760003620462e-24
1.395679439623809903e-24
1.152030976625118410e-24
9.515559622953886455e-25
7.882499489905049455e-25
6.498669368262700336e-25
5.361524916376681217e-25
4.436497428550988666e-25
3.653277165039547380e-25
3.010512186228999306e-25
2.488371510327709436e-25
2.046631005274052790e-25
1.684579557267187931e-25
1.390881340145940144e-25
1.142606195481331588e-25
9.393842571937595578e-26
7.747588476809816778e-26
6.357050005687446022e-26
5.220327732179720055e-26
4.300776905318750965e-26
3.524675863723175186e-26
2.891063467575418213e-26
2.379216332761310336e-26
1.947556588381826316e-26
1.595606341835316814e-26
1.311687950002738273e-26
1.072435727590015971e-26
8.776170983340728118e-27
7.206752076172834382e-27
5.885258909711837937e-27
4.810589966827418555e-27
3.946060677145032187e-27
3.218663426357652548e-27
2.627895162929067336e-27
2.153304539183451496e-27
1.754298730936167548e-27
1.430659761021125982e-27
1.171026672652766935e-27
9.529092489059575820e-28
7.762207361382068428e-28
6.346723542918145565e-28
5.158474282531828700e-28
4.197167419126598544e-28
3.428114867631142329e-28
2.783006042520786466e-28
2.261782447385997701e-28
1.845378047610428767e-28
1.496343415029186665e-28
1.214702249560180858e-28
9.900119161933711121e-29
8.018136174707314881e-29
6.501506224146577523e-29
5.293234827081393081e-29
4.281944939590531186e-29
3.468036443220823513e-29
2.820511486612777263e-29
2.278948150204157860e-29
1.843652141764373127e-29
1.497823467797973726e-29
1.208797423900725645e-29
9.767870854140090670e-30
7.927191024556289258e-30
6.389960150908505720e-30
5.157582787805380784e-30
4.181226428041649892e-30
3.366417684164972657e-30
2.714047958552475295e-30
2.197927308145800455e-30
1.767513071683305046e-30
1.423355419820991154e-30
1.151457021422319657e-30
9.248717427935656136e-31
7.439318641785641785e-31
6.011824859136544211e-31
4.823074991288194917e-31
3.875040910038720494e-31
3.128156372782210881e-31
2.506625785565763860e-31
2.011602237018624146e-31
1.622159321265962747e-31
1.298306854366399641e-31
1.040710657255882887e-31
8.383413409071825787e-32
6.701730769373770692e-32
5.365860859898656263e-32
4.317874804101771271e-32
3.447607834083905105e-32
2.757209815154493204e-32
2.216361024242255070e-32
1.767541074158563327e-32
1.411954679793696924e-32
1.133787853855704365e-32
9.031117489339216435e-33
7.205958992464258965e-33
5.780208462301101858e-33
4.598681856687303699e-33
3.665071798615871852e-33
2.936805656672215851e-33
2.333698484781172271e-33
1.857772298587212752e-33
1.487053400702174130e-33
1.180253474271145090e-33
9.384722853458832849e-34
7.504076837906449143e-34
5.948736247384361169e-34
4.724644455448127125e-34
3.773871373426358040e-34
2.988084000535595130e-34
2.370474683610600625e-34
1.891454280765498175e-34
1.495820174412202216e-34
1.185277032656718679e-34
9.447641447380292132e-35
7.462500010530773849e-35
5.906397407966162091e-35
4.702942429992270705e-35
3.710287732414248182e-35
2.933213199476179264e-35
2.333106493486067756e-35
1.838438324651066414e-35
1.451719518892659920e-35
1.153501238985592212e-35
9.078387948534604257e-36
7.160443128140431366e-36
5.683556276038773083e-36
4.467726819665082069e-36
3.519777365526828563e-36
2.790878238633665868e-36
2.191203545959064149e-36
1.724283416954434293e-36
1.365778617607840634e-36
1.071018945374979200e-36
8.418221805591135731e-37
6.660986204890818240e-37
5.217110365515799062e-37
4.095910573097286815e-37
3.237544256512216629e-37
2.532686840961513404e-37
1.986090923019853851e-37
1.568238220212380441e-37
1.225326305018427606e-37
9.597686284285640910e-38
7.570554888391031057e-38
5.908007488194493891e-38
4.622245072311009722e-38
3.642193304673236829e-38
2.838896635627890854e-38
2.218495901983266794e-38
1.746297094103065385e-38
1.359495103324572375e-38
1.061167165348061616e-38
8.344367171153597900e-39
6.488219225879608930e-39
5.058581668958201662e-39
3.973645351805680141e-39
3.085982602258963212e-39
2.403221552972310923e-39
1.885842958945784007e-39
1.462789448490205828e-39
1.137834856128076383e-39
8.919550501564761878e-40
6.910203646399182443e-40
5.368900119074430850e-40
4.204377698259041879e-40
3.253275428314484314e-40
2.524714952620919179e-40
1.975068020179610103e-40
1.526412928022724940e-40
1.183206551835332914e-40
9.246645732428851381e-41
7.137476578538452747e-41
5.526245872351294466e-41
4.314281224316822331e-41
3.326128715513820935e-41
2.572299313355346492e-41
2.006111172075823780e-41
1.544739820864477422e-41
1.193258950386630322e-41
9.296599061815172568e-42
7.149798615174831862e-42
5.516581520576787026e-42
4.293544908436365939e-42
3.298030684368612512e-42
2.541720286831019421e-42
1.976200289856644702e-42
1.516136208123181756e-42
1.167100006040806805e-42
9.065028568299504840e-43
6.946157330123763651e-43
5.340860192956494611e-43
4.144106350557135552e-43
3.171568564342266542e-43
2.435776271003384442e-43
1.888062374487208721e-43
1.443201327643405529e-43
1.107100042882193817e-43
8.572860706873560362e-44
6.544904686273517918e-44
5.014872757026484042e-44
3.879354994086246664e-44
2.958037983932480304e-44
2.263899413701436810e-44
1.749518170069930964e-44
1.332384396104621815e-44
1.018546374582027628e-44
7.863330222174303031e-45
5.981192307649757377e-45
4.567134725004961373e-45
3.522462880243688081e-45
2.676211254437009464e-45
2.041380692534024200e-45
1.573160613663213639e-45
1.194180956386700149e-45
9.104813036844440073e-46
7.016510632083325036e-46
5.329284545153964179e-46
4.073551048729425154e-46
3.145505036652743476e-46
2.401163317753718062e-46
1.875846110098568834e-46
1.458990856502968920e-46
1.112192730285272528e-46
9.578601814055063004e-47
7.236210723403287782e-47
4.423038012307302693e-47
5.948438182154771702e-47
