3.823481710431254006e-08
9.589211011704025117e-09
3.381063741085586314e-08
5.015043568732457281e-08
5.347277883897862394e-08
6.866788887253247102e-08
8.431904415281276698e-08
9.885446225065265436e-08
1.183932103742092308e-07
1.408204835351767422e-07
1.668265390241918276e-07
1.982008585059499088e-07
2.345876290782765515e-07
2.778403306387783409e-07
3.292978100896363756e-07
3.890149966135966277e-07
4.600838823027313499e-07
5.442807154921439833e-07
6.418378719729827116e-07
7.575978198141689000e-07
8.942252753538411781e-07
1.052130998943889529e-06
1.238731319638380670e-06
1.458065010198157836e-06
1.710787103094406383e-06
2.008158897760478012e-06
2.356296132589607082e-06
2.756221879585006938e-06
3.224973811028879177e-06
3.771789065725136936e-06
4.398280752130523909e-06
5.130172010945097688e-06
5.981345203354825898e-06
6.954410824584098832e-06
8.088014202713747188e-06
9.402792665342740835e-06
1.090303630952473685e-05
1.264613765824238012e-05
1.466225104361607561e-05
1.695832624036639958e-05
1.961807174230402006e-05
2.268467444135035461e-05
2.616893718221206810e-05
3.019048843379813448e-05
3.481012296827279895e-05
4.004379585145275572e-05
4.605959923073506051e-05
5.294223723952631866e-05
6.071430169141811263e-05
6.960973189538798142e-05
7.974619815903512515e-05
9.115505730394116428e-05
1.041611990071033661e-04
1.189282983129893117e-04
1.355001639320619494e-04
1.543288763329161083e-04
1.756421983410174346e-04
1.995029565939674245e-04
2.265406303606610583e-04
2.570703783865140469e-04
2.911846949973283466e-04
3.297547273855355125e-04
3.732102351210108359e-04
4.216878368834498176e-04
4.763748480159848021e-04
5.378450831751385545e-04
6.062949007605783827e-04
6.833091939002813560e-04
7.696392236415769590e-04
8.655552674984125835e-04
9.731347436064045984e-04
1.093350661442377093e-03
1.226562482327783884e-03
1.375466926575615815e-03
1.541320772073964977e-03
1.724597285049431781e-03
1.928783999763261647e-03
2.155498404687618101e-03
2.405367027220728544e-03
2.682871296535396365e-03
2.990068985836176821e-03
3.327787785909028413e-03
3.701707587390531441e-03
4.114402181785071014e-03
4.566944178301949459e-03
5.066414235022896964e-03
5.615987075517028630e-03
6.217021226323581062e-03
6.878246390811870031e-03
7.603552673417672721e-03
8.394647178134380383e-03
9.262252621562308899e-03
1.021111200698686557e-02
1.124338425195593044e-02
1.237218019036952568e-02
1.360321232691322386e-02
1.493920414659303392e-02
1.639596102895678892e-02
1.798023092894553837e-02
1.969535636519081229e-02
2.155999284357777018e-02
2.358199085437847481e-02
2.576529650014778780e-02
2.813159444555267050e-02
3.069001069099551796e-02
3.344510584691222366e-02
3.642205959677510124e-02
3.963157998065551524e-02
4.307897087760582944e-02
4.679366015927174938e-02
5.078827652183571378e-02
5.506904797731072831e-02
5.967041208140160674e-02
6.460721248282136342e-02
6.988670169733071647e-02
7.554903610229904420e-02
8.161162585730462327e-02
8.808286726405088751e-02
9.500968525073325011e-02
1.024125471201542265e-01
1.103014473185650463e-01
1.187315164242302989e-01
1.277265844985885079e-01
1.372989610397916949e-01
1.475126703252785665e-01
1.583945159000093861e-01
1.699593089430222470e-01
1.822787932967540048e-01
1.953819238941316705e-01
2.092851845749670592e-01
2.240663281758096537e-01
2.397563804676460242e-01
2.563727593033138241e-01
2.739999446049998233e-01
2.926720807627353760e-01
3.124084813540648486e-01
3.333034627119407789e-01
3.553949164724483079e-01
3.787060430978855252e-01
4.033421728241288751e-01
4.293437930154963555e-01
4.567382092242568969e-01
4.856385310498749774e-01
5.160863513061775265e-01
5.481107028148551885e-01
5.818288118138003062e-01
6.172838843274600640e-01
6.545047551464202584e-01
6.936132690976467563e-01
7.346557461174252346e-01
7.776619679619237724e-01
8.227603926868518602e-01
8.699995260928164997e-01
9.194123359683560315e-01
9.711314960047047196e-01
1.025204106813559557e+00
1.081666245499879775e+00
1.140648693984167794e+00
1.202194531560481172e+00
1.266341054039381797e+00
1.333212551879726426e+00
1.402847866809662003e+00
1.475284346241254596e+00
1.550636662954813616e+00
1.628939069997088485e+00
1.710227853797045450e+00
1.794603545659462451e+00
1.882095256565619046e+00
1.972735383485753502e+00
2.066609518374358689e+00
2.163744948058517803e+00
2.264168493300568130e+00
2.367961663083202328e+00
2.475156605934884180e+00
2.585778006252829275e+00
2.699918784101472014e+00
2.817617867029079459e+00
2.938903039113732518e+00
3.063879762737817369e+00
3.192586657484580481e+00
3.325054090047027344e+00
3.461381945628613455e+00
3.601599861353896870e+00
3.745733918302678767e+00
3.893860077373063611e+00
4.045998500833261957e+00
4.202165304412246449e+00
4.362415813142209942e+00
4.526769275050501307e+00
4.695234330023864366e+00
4.867872696154035950e+00
5.044713079118285926e+00
5.225767646967485192e+00
5.411135687098217240e+00
5.600859602382536551e+00
5.794967950998507256e+00
5.993608594227720410e+00
6.196833467854662381e+00
6.404693607348716178e+00
6.617370416485091944e+00
6.834916991863175362e+00
7.057404876573185604e+00
7.285023795357472132e+00
7.517818066253743936e+00
7.755876944643913085e+00
7.999367852594286177e+00
8.248307187886361191e+00
8.502797591445768077e+00
8.762915783352038801e+00
9.028612486364696821e+00
9.299977423471281313e+00
9.576873952960376357e+00
9.859147654211188438e+00
1.014681424333507920e+01
1.043943367285485913e+01
1.073675531468107280e+01
1.103866311953904500e+01
1.134448769424077419e+01
1.165396426472229940e+01
1.196685728420495742e+01
1.228248311649951319e+01
1.260065533594923792e+01
1.292110855572578743e+01
1.324330233928984413e+01
1.356713593246109362e+01
1.389240205904228098e+01
1.421867612575877082e+01
1.454586162103551850e+01
1.487381583892842407e+01
1.520211162570391394e+01
1.553059194745664762e+01
1.585912129181891750e+01
1.618723102046531892e+01
1.651473195822663698e+01
1.684147485324435323e+01
1.716700748140921817e+01
1.749115838185129945e+01
1.781380815149478636e+01
1.813452391046137180e+01
1.845312513003690924e+01
1.876952758686205414e+01
1.908323634484225195e+01
1.939402735889130369e+01
1.970178831564757971e+01
2.000597345852382247e+01
2.030636606696767288e+01
2.060281221269580598e+01
2.089483229549636434e+01
2.118226684033118090e+01
2.146499245741171080e+01
2.174264799088740219e+01
2.201509974116320478e+01
2.228229283663521088e+01
2.254396145064930934e+01
2.279996766048369139e+01
2.305027610045547348e+01
2.329470297228585451e+01
2.353314162891679828e+01
2.376555964631992524e+01
2.399181084168153788e+01
2.421182651652517137e+01
2.442558072542120939e+01
2.463280079001440370e+01
2.483340587447193215e+01
2.502723330876857943e+01
2.521379210121428827e+01
2.539304637626711525e+01
2.556461895022360409e+01
2.572805234296556520e+01
2.588346736388248814e+01
2.603052048043391054e+01
2.616911140522871548e+01
2.629946767933560636e+01
2.642154260095240659e+01
2.653564715860314394e+01
2.664200052850818068e+01
2.674082791848356422e+01
2.683277764134038534e+01
2.691801958980389031e+01
2.699684212074603806e+01
2.706993186064951473e+01
2.713737075016412348e+01
2.719930116234941408e+01
2.725608372258450629e+01
2.730778640625383602e+01
2.735445430922934307e+01
2.739637787084576459e+01
2.743372395035333255e+01
2.746652005973452404e+01
2.749507022235939502e+01
2.751961381355691216e+01
2.754034211976614799e+01
2.755754348975579404e+01
2.757115592979563345e+01
2.758146415267042073e+01
2.758852770606901217e+01
2.759203479685935534e+01
2.759203466452767728e+01
2.758850599043380214e+01
2.758146784586258704e+01
2.757086348300693146e+01
2.755684515855295658e+01
2.753967499527632157e+01
2.751946909541439723e+01
2.749644980498760205e+01
2.747063910042863100e+01
2.744221680272694641e+01
2.741130417295571320e+01
2.737774523648283775e+01
2.734157110481135788e+01
2.730266652410475814e+01
2.726094104001208862e+01
2.721627790078018805e+01
2.716834173758355675e+01
2.711710661261993849e+01
2.706243710018447146e+01
2.700416978264110668e+01
2.694233779958111441e+01
2.687690173137689342e+01
2.680813096715391808e+01
2.673613941020403928e+01
2.666099429881991156e+01
2.658312823041354989e+01
2.650266079343290215e+01
2.641972898815085813e+01
2.633472396938120852e+01
2.624769432977108607e+01
2.615884431282647071e+01
2.606842734469145029e+01
2.597633208593513032e+01
2.588268647307595671e+01
2.578719910083060185e+01
2.568959684450148018e+01
2.558973176966033236e+01
2.548679662029175574e+01
2.538060117197927212e+01
2.527081995589353625e+01
2.515680910275190030e+01
2.503862452779533498e+01
2.491597930983781239e+01
2.478876591976003851e+01
2.465723009812296951e+01
2.452121709585518161e+01
2.438122072030390086e+01
2.423765788678121069e+01
2.409063118467797437e+01
2.394121317419112671e+01
2.378987291694799922e+01
2.363699048991705354e+01
2.348368821816585594e+01
2.333021782291207913e+01
2.317696162624720202e+01
2.302450584700547509e+01
2.287287633787106600e+01
2.272225114081851416e+01
2.257281090540544710e+01
2.242457729899657082e+01
2.227762492784279402e+01
2.213212599244309686e+01
2.198813807002128584e+01
2.184574797696972936e+01
2.170514192342099236e+01
2.156631185822470087e+01
2.142932793963362315e+01
2.129426574395700911e+01
2.116105038527277671e+01
2.102970548227099101e+01
2.090019939198884913e+01
2.077244797654561737e+01
2.064643675494533070e+01
2.052206602863290996e+01
2.039927545307841683e+01
2.027801510412665920e+01
2.015817522651335381e+01
2.003975044530374916e+01
1.992268463135295065e+01
1.980694042256292775e+01
1.969256586155290378e+01
1.957954409603472357e+01
1.946790613764808242e+01
1.935770000464227536e+01
1.924895125708796328e+01
1.914169602546288829e+01
1.903594967042559460e+01
1.893175738631231653e+01
1.882915051714872590e+01
1.872812236815377673e+01
1.862871791833931567e+01
1.853096684319323373e+01
1.843485173597180093e+01
1.834039046327777456e+01
1.824758602258117435e+01
1.815642323057474528e+01
1.806688453730279775e+01
1.797895453351916828e+01
1.789263605644233479e+01
1.780790783880728512e+01
1.772476474810475011e+01
1.764321563968872653e+01
1.756325906214634003e+01
1.748488341500294396e+01
1.740807860644300931e+01
1.733284492370739471e+01
1.725913599098748463e+01
1.718692905612722299e+01
1.711620562797862632e+01
1.704690922183235813e+01
1.697903177240089079e+01
1.691254955547160677e+01
1.684744361930331635e+01
1.678372376518626297e+01
1.672138533862008813e+01
1.666044672058229992e+01
1.660091025923291141e+01
1.654278865786405106e+01
1.648609230384891688e+01
1.643079984295189533e+01
1.637692144611628819e+01
1.632443148541168654e+01
1.627329431339003918e+01
1.622351016575023408e+01
1.617502555812007614e+01
1.612780225601461126e+01
1.608183604610800543e+01
1.603705150454377915e+01
1.599340577509490657e+01
1.595088887635754560e+01
1.590939337216033245e+01
1.586886866544099917e+01
1.582929233200407992e+01
1.579052452039624477e+01
1.575251105718304778e+01
1.571521805142105599e+01
1.567848853292566780e+01
1.564226859621381571e+01
1.560651781280824935e+01
1.557107675204998820e+01
1.553589479280085683e+01
1.550092641274393657e+01
1.546602408247163396e+01
1.543114834137543312e+01
1.539625289299974753e+01
1.536122076793738778e+01
1.532602917053928593e+01
1.529064055963230473e+01
1.525497443229867223e+01
1.521901834500692452e+01
1.518274568152461335e+01
1.514609749454203680e+01
1.510906356021286356e+01
1.507162028973540835e+01
1.503372168647927154e+01
1.499536334224498368e+01
1.495652385130432371e+01
1.491718213326051945e+01
1.487734339296624952e+01
1.483699926000613445e+01
1.479615018217321776e+01
1.475479680600121490e+01
1.471294469952399631e+01
1.467057532073117621e+01
1.462766710468728881e+01
1.458422138431317805e+01
1.454017305315098518e+01
1.449548651989265480e+01
1.445014651251376669e+01
1.440407339607215675e+01
1.435724327101914710e+01
1.430963578103072109e+01
1.426120388938459627e+01
1.421194128632952847e+01
1.416183789483804034e+01
1.411087086598612927e+01
1.405903096594228607e+01
1.400631334933436101e+01
1.395267142941678706e+01
1.389807900628674631e+01
1.384252073738053390e+01
1.378591127012949613e+01
1.372821846913070232e+01
1.366941412079948748e+01
1.360940694594524558e+01
1.354817485346516825e+01
1.348568836922585135e+01
1.342187824736005908e+01
1.335673183852090773e+01
1.329022622990287239e+01
1.322230725248281580e+01
1.315296228592249683e+01
1.308217297251650102e+01
1.300988644744139755e+01
1.293608943213716955e+01
1.286076564151795054e+01
1.278387101722285735e+01
1.270539934652201808e+01
1.262533853248378080e+01
1.254366940273077269e+01
1.246039684383454649e+01
1.237551519768784658e+01
1.228903130747797512e+01
1.220095682245182012e+01
1.211129151595472742e+01
1.202005433654634636e+01
1.192725643819034609e+01
1.183289993967392917e+01
1.173700327905952534e+01
1.163957451607553750e+01
1.154061529143380405e+01
1.144014519753157799e+01
1.133817461190521669e+01
1.123470521523050536e+01
1.112977400032087516e+01
1.102340231100590273e+01
1.091559742369681452e+01
1.080643010695285433e+01
1.069593456873712434e+01
1.058412982410031233e+01
1.047111803550789588e+01
1.035693749106375172e+01
1.024161801242945025e+01
1.012526960472607485e+01
1.000792340749167408e+01
9.889610987557158950e+00
9.770425922242015560e+00
9.650390068248521303e+00
9.529527880616845081e+00
9.407914280567771570e+00
9.285570449453247832e+00
9.162513801073004061e+00
9.038820667430268685e+00
8.914521086341590461e+00
8.789633619997768932e+00
8.664255705041751909e+00
8.538426575466852242e+00
8.412172779986036630e+00
8.285611346407714350e+00
8.158782343145254856e+00
8.031718413941115742e+00
7.904536865296500459e+00
7.777271264346013346e+00
7.649952591617564579e+00
7.522683552027363163e+00
7.395492330718593799e+00
7.268403699497675063e+00
7.141510141943598455e+00
7.014841300139166513e+00
6.888418912172125097e+00
6.762340942040175662e+00
6.636642556914617685e+00
6.511348952683439606e+00
6.386571630973474356e+00
6.262348304909004959e+00
6.138710171668688709e+00
6.015774242603546540e+00
5.893574291241253427e+00
5.772143885108608430e+00
5.651589947501101108e+00
5.531938526667124378e+00
5.413219706038681522e+00
5.295520894399440515e+00
5.178861702269848877e+00
5.063265728215952777e+00
4.948802855977769255e+00
4.835489997274560636e+00
4.723345526563185182e+00
4.612429669063244475e+00
4.502758944802772945e+00
4.394349550409251570e+00
4.287257384965854179e+00
4.181498067493456539e+00
4.077087348931525135e+00
3.974076305611695226e+00
3.872477819004072064e+00
3.772306708916583595e+00
3.673605687151771715e+00
3.576383802513066534e+00
3.480653533315973824e+00
3.386446872028674449e+00
3.293769311762765106e+00
3.202630226216311549e+00
3.113051215332196087e+00
3.025035060708346268e+00
2.938588302616146564e+00
2.853723729260615460e+00
2.770441869548923464e+00
2.688747063166688100e+00
2.608644226720052917e+00
2.530131530801008832e+00
2.453211381959012893e+00
2.377880686805094346e+00
2.304135063475588829e+00
2.231974792135762442e+00
2.161388502216674112e+00
2.092369449444130503e+00
2.024915565993829158e+00
1.959007832278654604e+00
1.894637734125940165e+00
1.831801010492393855e+00
1.770472573109875603e+00
1.710642774533150723e+00
1.652305677630382386e+00
1.595431851292764547e+00
1.540010865530836215e+00
1.486035652625812498e+00
1.433473537107640805e+00
1.382313352667510653e+00
1.332547199974116081e+00
1.284139542523956123e+00
1.237078434721648801e+00
1.191355200930864555e+00
1.146931560897394453e+00
1.103794846449177358e+00
1.061935596583701624e+00
1.021313068968549231e+00
9.819140539534552126e-01
9.437283740341653182e-01
9.067133673064533550e-01
8.708555073648279743e-01
8.361440603593136567e-01
8.025351007137799808e-01
7.700149821076783807e-01
7.385726026978937098e-01
7.081633848574597767e-01
6.787737179309908386e-01
6.503922960497233730e-01
6.229744120807190200e-01
5.965066270539167714e-01
5.709775643716735738e-01
5.463428566102725981e-01
5.225893682531981277e-01
4.997057733043898109e-01
4.776484890511830672e-01
4.564048043910168273e-01
4.359635634237563062e-01
4.162823744541939153e-01
3.973490466928273346e-01
3.791527050565110524e-01
3.616524847128424480e-01
3.448367809779975812e-01
3.286950905795126832e-01
3.131883257974180101e-01
2.983055090257000774e-01
2.840365762092391111e-01
2.703443883972500572e-01
2.572186188960349229e-01
2.446496897758594358e-01
2.326025209639809854e-01
2.210674487200695593e-01
2.100354128326384073e-01
1.994734575212445682e-01
1.893725853843544193e-01
1.797242743852015268e-01
1.704977264623157296e-01
1.616846073396286942e-01
1.532769450598771566e-01
1.452461085432850962e-01
1.375844181307596115e-01
1.302844567366165107e-01
1.233197491000868201e-01
1.166832570047680040e-01
1.103681168033335963e-01
1.043499791890107470e-01
9.862242985033109477e-02
9.317915181128649804e-02
8.799787476735218550e-02
8.307278655780314658e-02
7.839810577920441892e-02
7.395357843169975132e-02
6.973396832165260073e-02
6.573401469042990108e-02
6.193540133981312312e-02
5.833343709899515422e-02
5.492336270004633675e-02
5.168870496783205953e-02
4.862528253259372490e-02
4.572881371937078526e-02
4.298455917742334542e-02
4.038880954139950630e-02
3.793773261785460954e-02
3.561820423089227805e-02
3.342694871550357799e-02
3.136055267062164142e-02
2.940738476567957005e-02
2.756456556656279588e-02
2.582906892595446952e-02
2.419063440805374263e-02
2.264674263776260410e-02
2.119472336424313083e-02
1.982556751607300258e-02
1.853708104133318033e-02
1.732691882328428468e-02
1.618720720169249463e-02
1.511604434692559971e-02
1.411138034932140316e-02
1.316636563495750950e-02
1.227935936062671089e-02
1.144857801025779900e-02
1.066809035157085563e-02
9.936487309163185427e-03
9.252224334862418909e-03
8.610189068277585706e-03
8.009177086500235063e-03
7.447856981638460716e-03
6.921842522051564403e-03
6.430108986224700347e-03
5.971514019140910894e-03
5.542311765973602540e-03
5.141634441260935738e-03
4.768506470884882782e-03
4.419743692029286589e-03
4.094614635920520128e-03
3.792290059478015205e-03
3.510075783823301057e-03
3.247358103432632787e-03
3.003435441996217883e-03
2.776038702815690398e-03
2.564655370357944719e-03
2.368694617608972826e-03
2.186254145930384852e-03
2.016907946998247689e-03
1.860160743704672741e-03
1.714425131769576694e-03
1.579348701007495057e-03
1.454518197596652929e-03
1.338615237184294371e-03
1.231349720828202104e-03
1.132378473426902355e-03
1.040611815896016427e-03
9.558121309094752115e-04
8.776958271640531318e-04
8.053666585343489731e-04
7.386309658791236380e-04
6.772555529037130274e-04
6.205068892155361088e-04
5.682279279000377638e-04
5.202278574667457784e-04
4.759092707744528271e-04
4.351454485626403282e-04
3.977810257549260699e-04
3.633318564133787934e-04
3.316962111162613850e-04
3.027482075005893383e-04
2.760974434672348811e-04
2.516626736074737726e-04
2.293424111395662675e-04
2.088234414928921744e-04
1.900412199890401735e-04
1.729143440340416571e-04
1.571928212799218727e-04
1.428256478830784465e-04
1.297478709138735872e-04
1.177610030738366492e-04
1.068249571147312805e-04
9.688818046871223782e-05
8.779391296989298168e-05
7.951081785848303457e-05
7.199819722644537786e-05
6.513290500200099144e-05
5.889057826026658184e-05
5.323926036341597684e-05
4.808272876054511287e-05
4.340214647835884988e-05
3.917255490208096711e-05
3.531917293289462626e-05
3.182751713252367779e-05
2.867819901592868486e-05
2.581341641828885358e-05
2.322209599620466715e-05
2.088925799782790784e-05
1.877046970708301052e-05
1.685731326424993676e-05
1.513827912237486273e-05
1.357940206936459320e-05
1.217431973611889724e-05
1.091423869209563405e-05
9.773341560029767357e-06
8.746847319534474473e-06
7.828075953936527033e-06
6.997514419086312047e-06
6.251590778454455836e-06
5.585259347007150374e-06
4.983855320118917038e-06
4.444725554571978621e-06
3.964080253452840042e-06
3.530960380642640519e-06
3.143406780042952486e-06
2.798588756159435803e-06
2.488362917595710036e-06
2.211291165402797559e-06
1.965270976921171003e-06
1.744285927250572522e-06
1.547286781148315684e-06
1.372720855806793116e-06
1.216169314251278005e-06
1.076871321440801301e-06
9.536871770138945585e-07
8.433910192536979888e-07
7.454345068980403307e-07
6.589863743068792715e-07
5.817060789784530731e-07
5.132007888149588959e-07
4.528681014355786445e-07
3.990201243737869662e-07
3.513770739035995384e-07
3.095051237674621037e-07
2.721942131076309285e-07
2.392462288635198119e-07
2.103505637094373204e-07
1.846446641896332288e-07
1.619890861004221912e-07
1.421626447292900004e-07
1.245539647735503178e-07
1.090655195694373483e-07
9.554063264537343114e-08
8.354846822817175511e-08
7.302127521291969849e-08
6.384868640961803014e-08
5.572893408660584429e-08
4.861527595464938371e-08
4.243043878160789486e-08
3.696439792850879183e-08
3.218512169592436276e-08
2.803886329725802687e-08
2.438039394090596935e-08
2.118790125319955776e-08
1.842425530611292798e-08
1.598967314077968616e-08
1.386938944730967700e-08
1.203792335614482984e-08
1.042714041321352844e-08
9.027103802975458364e-09
7.820436467873936265e-09
6.760894315701604770e-09
5.841830273027627083e-09
5.051464558016879866e-09
4.358598078015142020e-09
3.758812674453126282e-09
3.244169992100014844e-09
2.793748750416062138e-09
2.404631770890778419e-09
2.071501604645973467e-09
1.780415729126467023e-09
1.529460909716474467e-09
1.315097377236672107e-09
1.128091670074441886e-09
9.671972574053982115e-10
8.300726492464311474e-10
7.106413816338202461e-10
6.080965365862503161e-10
5.208990809540450619e-10
4.450751516944611651e-10
3.801057373003986603e-10
3.249856137070898603e-10
2.771321404377765744e-10
2.362136268689885603e-10
2.015776059231112787e-10
1.715560329628231212e-10
1.459383049181231163e-10
1.243035580865184121e-10
1.055811658004455722e-10
8.963828339720981433e-11
7.620513469874112191e-11
6.459883686574956493e-11
5.473614417956681028e-11
4.644521326431768823e-11
3.929320547324824205e-11
3.322829789993906741e-11
2.814171755722995636e-11
2.376083299270339454e-11
2.005359411051700203e-11
1.695158345742820946e-11
1.428415462313207080e-11
1.203161585388478105e-11
1.015120368084720516e-11
8.536775169437792742e-12
7.176310997539654984e-12
6.043250310624302027e-12
5.071984916946514200e-12
4.255226855236086431e-12
3.576582490691242523e-12
2.995752543765338069e-12
2.508347120910445574e-12
2.104311465013731990e-12
1.759047126775959621e-12
1.469927355961856265e-12
1.230824002070127613e-12
1.026816365005553079e-12
8.563431002359959178e-13
7.156927194466572342e-13
5.958714318605691345e-13
4.959573167821581297e-13
4.137166543274616772e-13
3.437621495759085495e-13
2.855530454266270653e-13
2.377534416247885169e-13
1.971565067173177597e-13
1.634471598122175121e-13
1.358314607485529428e-13
1.124124319114248942e-13
9.300770513900611661e-14
7.714838742964892511e-14
6.371933142382291077e-14
5.261568460580548125e-14
4.356225517318455146e-14
3.590758019610522526e-14
2.959177600685573665e-14
2.445434212369771618e-14
2.011706385554415906e-14
1.654596802730681437e-14
1.364802957647877607e-14
1.120503434397475907e-14
9.197837036601020153e-15
7.572856640430780738e-15
6.204972549200811981e-15
5.083467433431642181e-15
4.177671215081664142e-15
3.416285038571618481e-15
2.793349397979139551e-15
2.291417381961454665e-15
1.870110388064517009e-15
1.526136617260321971e-15
1.249632604608564930e-15
1.017871306394832765e-15
8.290465614629186461e-16
6.776165040269107795e-16
5.508675986471630611e-16
4.478154217792221132e-16
3.653653548824346857e-16
2.964488314574009278e-16
2.405328674039116754e-16
1.958999775108567399e-16
1.586440085247412056e-16
1.284783047443909265e-16
1.044554840330789394e-16
8.443002355101344221e-17
6.824876815592162146e-17
5.539229991392827787e-17
4.468923835245498913e-17
3.605829260306451085e-17
2.921639936235598154e-17
2.352784543464479438e-17
1.894976506462623484e-17
1.532882270330204339e-17
1.232205859035085983e-17
9.907015131061204550e-18
8.001123617479732710e-18
6.420447723466733876e-18
5.153296939896166934e-18
4.155470917922470477e-18
3.328893807031555440e-18
2.667518264160266457e-18
2.147820790497587551e-18
1.717806605629481820e-18
1.374366760354597716e-18
1.105053881430816615e-18
8.824585692946983996e-19
7.049920773828070211e-19
5.661051352189452056e-19
4.514286936385818182e-19
3.601555471173190889e-19
2.888588449271343759e-19
2.300465258120585990e-19
1.833107145483857060e-19
1.468680398511645614e-19
1.168326423851255318e-19
9.299947873597779361e-20
7.444533596744483412e-20
5.916496951507677831e-20
4.705577943573628978e-20
3.764225596729649062e-20
2.989462524811233014e-20
2.376175489414002104e-20
1.899991071960781302e-20
1.508267311367120166e-20
1.198464240559519509e-20
9.581453888903912799e-21
7.605137717388194709e-21
6.043105679002709713e-21
4.832167097355945580e-21
3.836433147422313150e-21
3.049671869279605522e-21
2.439896626487891123e-21
1.938425146456686187e-21
1.542171096404117773e-21
1.234995787690316215e-21
9.822786703707826888e-22
7.824880599340452699e-22
6.275026931443234468e-22
4.999056765956422506e-22
3.989337586645981569e-22
3.205078706776079430e-22
2.558754582500887414e-22
2.046537936745601731e-22
1.647961074517022901e-22
1.319042210458189225e-22
1.057845687525559929e-22
8.541007310641721149e-23
6.856814794510457585e-23
5.515983708087111512e-23
4.466909379491176277e-23
3.598008862175193195e-23
2.904158651754851715e-23
2.359362122979875401e-23
1.907125448435773248e-23
1.544758261940331048e-23
1.259110418547139130e-23
1.021422670847385829e-23
8.302612290632014397e-24
6.789364491795574259e-24
5.527050313903510582e-24
4.507915122738573157e-24
3.697681911991581872e-24
3.020129418406903368e-24
2.471004714570933614e-24
2.032592466933273415e-24
1.665104634031839155e-24
1.366179362978482814e-24
1.126570474982961592e-24
9.252879013161217026e-25
7.610058643599368806e-25
6.288466671042998167e-25
5.176140907554337156e-25
4.265574164148396345e-25
3.530747069162896140e-25
2.911273339882298286e-25
2.402873308470416239e-25
1.991512451535945211e-25
1.644272823807368021e-25
1.358702738205760778e-25
1.127151299824527010e-25
9.314966532810589068e-26
7.703297315917578019e-26
6.394387291397686563e-26
5.287597232202092951e-26
4.374813664131575601e-26
3.632649841842963795e-26
3.004798325498407270e-26
2.486583965986432746e-26
2.064925606782532536e-26
1.708127212283534319e-26
1.413495380654945172e-26
1.173669737884337818e-26
9.707236292168483965e-27
8.031067632815448379e-27
6.666586402564428017e-27
5.512050666764595817e-27
4.558550112083763911e-27
3.782488789102274013e-27
3.125988717615729517e-27
2.583938269042257973e-27
2.142925642856762892e-27
1.769981583036570185e-27
1.462180066656975819e-27
1.211888531113201229e-27
1.000317179392351737e-27
8.257951155870106185e-28
6.839769507719768891e-28
5.641561613768490574e-28
4.653810432186146020e-28
3.851783657449521990e-28
3.174522011876802179e-28
2.616619416090569028e-28
2.164011004482091374e-28
1.782031453272863087e-28
1.467618435273556893e-28
1.212783805935480195e-28
9.978462535692267895e-29
8.210760390830179581e-29
6.779437781816157605e-29
5.572965566942494444e-29
4.581601745754224822e-29
3.779713805234706305e-29
3.104235464143532489e-29
2.549696077996352199e-29
2.101621135320249509e-29
1.724431031364031293e-29
1.415062815850284817e-29
1.165361934752622621e-29
9.553049967216562142e-30
7.831822077073267965e-30
6.444108873814423843e-30
5.277512533495570634e-30
4.322517292010440474e-30
3.553436077180649376e-30
2.907343810299264726e-30
2.378960478685797968e-30
1.953926281861231368e-30
1.597109005057852016e-30
1.305587763515298729e-30
1.071356987504026000e-30
8.748561694924990936e-31
7.144743687415242179e-31
5.857609312151463669e-31
4.778558621810376397e-31
3.898733766870821903e-31
3.193461525053191700e-31
2.602618979334572408e-31
2.121350353535339966e-31
1.736016574665949176e-31
1.413428162805475733e-31
1.150931314770444276e-31
9.410082404608622872e-32
7.653904705522469830e-32
6.226320443041864890e-32
5.086012165895701239e-32
4.132717435764829965e-32
3.358581724943174940e-32
2.740963379858212515e-32
2.224996417804505403e-32
1.806427230503730430e-32
1.472884709066484167e-32
1.194432955253510982e-32
9.687754668436003749e-33
7.891726992157517856e-33
6.393391225959833931e-33
5.180386574790903888e-33
4.216105523056567318e-33
3.412213884246229871e-33
2.762078898561553258e-33
2.245875040030221598e-33
1.815830644507128486e-33
1.468397511558722926e-33
1.192870523439721377e-33
9.634909766713810900e-34
7.783665993595246796e-34
6.317341281746564396e-34
5.097455858336814494e-34
4.113949513773019538e-34
3.335886929202977455e-34
2.689043206089956388e-34
2.168087113015205879e-34
1.756462781345178218e-34
1.414507192625493835e-34
1.139405698905558139e-34
9.223235762413814180e-35
7.421370012165993562e-35
5.973693869006560222e-35
4.833151915716750059e-35
3.887772077449457233e-35
3.129999681786538581e-35
2.534498793107145578e-35
2.042654746651625536e-35
1.651402665570619654e-35
1.344785073524478762e-35
1.094529645989747488e-35
9.041632217023446884e-36
7.494964358017600253e-36
6.267074335662607043e-36
5.683848393469164907e-36
4.655208062633547541e-36
3.406367829275151342e-36
3.984225884251043423e-36
