1.354473435500161942e-07
1.082104164263694008e-07
1.620286158571384019e-07
2.065007652900191563e-07
2.295986348278796654e-07
2.698578018880762195e-07
3.126844116309574675e-07
3.552529901771474134e-07
4.052608386346119465e-07
4.602341542176868518e-07
5.210365615403978399e-07
5.897965019188037035e-07
6.663658164044981160e-07
7.527788092995358532e-07
8.501721757952748904e-07
9.587940454443375298e-07
1.081459081404506141e-06
1.219447037846333486e-06
1.373166197881010114e-06
1.546530851681717880e-06
1.741272178355132791e-06
1.957974479920439784e-06
2.202048696940455053e-06
2.475869198983838671e-06
2.780256245162401494e-06
3.122643069138325381e-06
3.506274809522359915e-06
3.932292675374353230e-06
4.410852217867621965e-06
4.946368635671955921e-06
5.540418924585619063e-06
6.206812183041222825e-06
6.951529930956361397e-06
7.776739415592842544e-06
8.701136389915703790e-06
9.732790776198568886e-06
1.087466813384925785e-05
1.215197434979735350e-05
1.357555027223019488e-05
1.514943867747329212e-05
1.690747499891509845e-05
1.886415556806796034e-05
2.102496827676392121e-05
2.343512274684703763e-05
2.611391198044506564e-05
2.906874658400852331e-05
3.235975296644468766e-05
3.601249366926749317e-05
4.003692228058819137e-05
4.451265864513035553e-05
4.947343350500147340e-05
5.493256223335794890e-05
6.099505407524398551e-05
6.770522831668684884e-05
7.508084690931454838e-05
8.325980035289594729e-05
9.230002501669537409e-05
1.022251209190089006e-04
1.132152067658425586e-04
1.253455908081534175e-04
1.386474197526934486e-04
1.533546471785783019e-04
1.695646601663513859e-04
1.873182582370739886e-04
2.069178437277327922e-04
2.284888516992290993e-04
2.520844869835251953e-04
2.780941249413335895e-04
3.066786877936763492e-04
3.379074461109741459e-04
3.722796842706306000e-04
4.100007618274783172e-04
4.511605175818482949e-04
4.963956644384969049e-04
5.459667411650798814e-04
5.999892319519982897e-04
6.592705869786445044e-04
7.241400261311482052e-04
7.947447490185437008e-04
8.721050901660003978e-04
9.566362486807863247e-04
1.048525668970664258e-03
1.149059960486500465e-03
1.258761039041220078e-03
1.377868401542015108e-03
1.507997820379155304e-03
1.649800681101344906e-03
1.803581810236638914e-03
1.971355524990368174e-03
2.153928339029036881e-03
2.351682806871593749e-03
2.567112785869132656e-03
2.801213524637112279e-03
3.054459324689300873e-03
3.329930606956388404e-03
3.628856916128347845e-03
3.951827186250899022e-03
4.302648468470495098e-03
4.682837952754044519e-03
5.093133159257971082e-03
5.538226276099220136e-03
6.019975123430660116e-03
6.539301238436461515e-03
7.101941695066510928e-03
7.710150943864711899e-03
8.365062117721488305e-03
9.073637169142279024e-03
9.838605073592483069e-03
1.066134113738452342e-02
1.155028357075317189e-02
1.250874642430572364e-02
1.353840530426022107e-02
1.464951161511880359e-02
1.584608741105445612e-02
1.713019505418143101e-02
1.851425775184278866e-02
2.000311422634896974e-02
2.159929186715629085e-02
2.331771424348041966e-02
2.516415265029466747e-02
2.714165005704703357e-02
2.926801789600304640e-02
3.155014469425010404e-02
3.399166665574470531e-02
3.661388274602289661e-02
3.942505408974455311e-02
4.242958580568801513e-02
4.565302211907874136e-02
4.910521787439331431e-02
5.279157618988564171e-02
5.674251406707134238e-02
6.096959186844151668e-02
6.547936451799057922e-02
7.030751099880076793e-02
7.546738595372823322e-02
8.096677860944755112e-02
8.684702651159198483e-02
9.312342785370458786e-02
9.980515455094465804e-02
1.069396620132777170e-01
1.145442767273403689e-01
1.226297234336528597e-01
1.312497381774937744e-01
1.404236111164980094e-01
1.501635992148070697e-01
1.605296578600703961e-01
1.715430837479064718e-01
1.832175635132622660e-01
1.956197360479897951e-01
2.087732294998076998e-01
2.226933547216360387e-01
2.374544311404803154e-01
2.530826379831334072e-01
2.695952941164809769e-01
2.870747818503533444e-01
3.055496239675838943e-01
3.250392106327660291e-01
3.456335019401624575e-01
3.673631443130309648e-01
3.902494496282100656e-01
4.143897489782658594e-01
4.398168775060116165e-01
4.665541909949159627e-01
4.947063988981730276e-01
5.243083538728425808e-01
5.553855349959774257e-01
5.880489644584320219e-01
6.223349542995451067e-01
6.582707492870486510e-01
6.959721139623076258e-01
7.354764594670365474e-01
7.768126533602024431e-01
8.201000785276456595e-01
8.653767188918396469e-01
9.126731880320494428e-01
9.621098667262115711e-01
1.013723829589916692e+00
1.067546375793986480e+00
1.123694219002699279e+00
1.182202440764859031e+00
1.243100665956970774e+00
1.306500304483904973e+00
1.372436013954154710e+00
1.440934443957985867e+00
1.512107528007609503e+00
1.585993305263429853e+00
1.662617058179918228e+00
1.742101911798069169e+00
1.824492516640295880e+00
1.909816786917509557e+00
1.998217671392604089e+00
2.089746612958885308e+00
2.184438397547699307e+00
2.282456276796015704e+00
2.383854881701364281e+00
2.488677657964043721e+00
2.597098324824891780e+00
2.709168672207713069e+00
2.824938669213093334e+00
2.944576120786568385e+00
3.068123938396543071e+00
3.195633687999651418e+00
3.327250295502322874e+00
3.463002640668524812e+00
3.602938165376345481e+00
3.747161486061805213e+00
3.895681855022810058e+00
4.048535365784045936e+00
4.205762721454530784e+00
4.367348072367745360e+00
4.533305117282281138e+00
4.703584488090742255e+00
4.878146708986323077e+00
5.056972944541409554e+00
5.239919530064091724e+00
5.426937991762453173e+00
5.617981613545633301e+00
5.812854947396988159e+00
6.011519489987815490e+00
6.213927151700713303e+00
6.419904705653171284e+00
6.629424333603614272e+00
6.842469348237846916e+00
7.058924349402969867e+00
7.278739394180882449e+00
7.501933953379582576e+00
7.728375211328092576e+00
7.957941298810214725e+00
8.190641153161033472e+00
8.426174608266357779e+00
8.664332885369066872e+00
8.905046929262578459e+00
9.147789276708753192e+00
9.392320922369853164e+00
9.638481203455285140e+00
9.885645963119960911e+00
1.013363106205923891e+01
1.038225233265842995e+01
1.063097422767183353e+01
1.087968618357756689e+01
1.112825900255570666e+01
1.137625331793787176e+01
1.162355365184386002e+01
1.187007989534591879e+01
1.211529443945915396e+01
1.235899014053172351e+01
1.260104519529671308e+01
1.284068733332333423e+01
1.307763670414608193e+01
1.331166531926530538e+01
1.354191283641540444e+01
1.376814068962197979e+01
1.399006844983152931e+01
1.420703822972474484e+01
1.441893899646811406e+01
1.462556140443247266e+01
1.482659587208324581e+01
1.502204925434104332e+01
1.521185791995160663e+01
1.539600280005961253e+01
1.557453018948841361e+01
1.574748784423130488e+01
1.591497229155955928e+01
1.607698066396519110e+01
1.623356284423059392e+01
1.638475796009769780e+01
1.653050315223386946e+01
1.667077029890451811e+01
1.680552936769825223e+01
1.693474517716917305e+01
1.705834383498474693e+01
1.717633431254176912e+01
1.728876259205950916e+01
1.739560691718088492e+01
1.749695465306524866e+01
1.759287926218705067e+01
1.768342835937607660e+01
1.776876621035046000e+01
1.784896004595150387e+01
1.792404032321933371e+01
1.799427965947137409e+01
1.805978796721908353e+01
1.812054954429106957e+01
1.817692391433593713e+01
1.822907826520030738e+01
1.827703061185139433e+01
1.832105641987463684e+01
1.836128059004533597e+01
1.839785666074079273e+01
1.843080940194048267e+01
1.846004231716650068e+01
1.848570711254680887e+01
1.850761844142128609e+01
1.852560141972335117e+01
1.853951614705128037e+01
1.854925234989103089e+01
1.855501750266597938e+01
1.855664880600950895e+01
1.855449318173807782e+01
1.854892038803765075e+01
1.854011575765399300e+01
1.852858580774707420e+01
1.851434635561501452e+01
1.849762960892166319e+01
1.847847968475204183e+01
1.845670596277038911e+01
1.843226092160688268e+01
1.840496831653398857e+01
1.837482995988493073e+01
1.834173006945240658e+01
1.830593635814907572e+01
1.826764855724168868e+01
1.822693352780620657e+01
1.818442712666006500e+01
1.814032079053866653e+01
1.809479119135760428e+01
1.804832573026273579e+01
1.800102806126443866e+01
1.795305356450570855e+01
1.790467044552792686e+01
1.785593747169458467e+01
1.780700440147653651e+01
1.775814321539247587e+01
1.770938726307327471e+01
1.766088403252545547e+01
1.761290558223897662e+01
1.756546261799601183e+01
1.751862505461128805e+01
1.747260372925871863e+01
1.742745270374202704e+01
1.738316652558744835e+01
1.734003002323300535e+01
1.729820020279105464e+01
1.725770283345845613e+01
1.721898245317367326e+01
1.718222435159196593e+01
1.714754832232663162e+01
1.711534435675067911e+01
1.708566113896858596e+01
1.705863351486638280e+01
1.703426974845479691e+01
1.701242529721389118e+01
1.699311110939643399e+01
1.697593630479032001e+01
1.696070716140518897e+01
1.694730062873378529e+01
1.693529158884020447e+01
1.692460194907971172e+01
1.691511449192871552e+01
1.690665801272980673e+01
1.689925142168383587e+01
1.689287117146563943e+01
1.688750040376523742e+01
1.688313352004793799e+01
1.687978417181421520e+01
1.687736065501114524e+01
1.687579324707956019e+01
1.687505774766610145e+01
1.687492257594671941e+01
1.687529271552693189e+01
1.687609480199256140e+01
1.687702434317433386e+01
1.687799999163307163e+01
1.687892102242427583e+01
1.687951839477597105e+01
1.687975725052829645e+01
1.687954615870077291e+01
1.687875841227891272e+01
1.687742087884920394e+01
1.687548935115334103e+01
1.687300714488325326e+01
1.687003745744908656e+01
1.686658868969764313e+01
1.686280399057028490e+01
1.685874474016819491e+01
1.685444530324262757e+01
1.685006402926347846e+01
1.684564621765449743e+01
1.684122862548301214e+01
1.683694846086807573e+01
1.683283839547848970e+01
1.682893317394411170e+01
1.682534288563589442e+01
1.682208699432338861e+01
1.681919945575200259e+01
1.681675229578632980e+01
1.681474561754659192e+01
1.681320749986506868e+01
1.681215761581615453e+01
1.681157602768698922e+01
1.681147836488545977e+01
1.681183177002231943e+01
1.681260269383278327e+01
1.681379264305697419e+01
1.681532875026086060e+01
1.681717126899898318e+01
1.681930889809824592e+01
1.682164544403362783e+01
1.682414234930762476e+01
1.682677901368743534e+01
1.682945702493012163e+01
1.683214625695948286e+01
1.683482396947831461e+01
1.683740881986255644e+01
1.683988116022145221e+01
1.684222243553461951e+01
1.684437280221968791e+01
1.684631908829407010e+01
1.684804725236915601e+01
1.684951062416999790e+01
1.685069869589436564e+01
1.685159901998127197e+01
1.685217164770022436e+01
1.685240851776815418e+01
1.685229799718789678e+01
1.685180761705681363e+01
1.685093233203707541e+01
1.684966259059820359e+01
1.684797483281248631e+01
1.684586614344272348e+01
1.684332929441976034e+01
1.684034806671741791e+01
1.683692081703429366e+01
1.683304192554696499e+01
1.682870064519027764e+01
1.682389653212977265e+01
1.681862543706259672e+01
1.681288075739141874e+01
1.680666273824015633e+01
1.679996854211480084e+01
1.679279406717631673e+01
1.678513963814384624e+01
1.677700301307321595e+01
1.676838206749653892e+01
1.675927762597586934e+01
1.674968788702092581e+01
1.673961393574516876e+01
1.672905773182585420e+01
1.671801879508035782e+01
1.670650202389159489e+01
1.669450994743188943e+01
1.668204383483182696e+01
1.666911005233659893e+01
1.665571040993244978e+01
1.664184642004460457e+01
1.662752280089191004e+01
1.661274093009946640e+01
1.659750087301012655e+01
1.658180749542972166e+01
1.656566407684730535e+01
1.654907055130950511e+01
1.653203773943160471e+01
1.651457168997535163e+01
1.649667505456710970e+01
1.647836518920897575e+01
1.645964828247458556e+01
1.644052943592604876e+01
1.642102561785633696e+01
1.640114075500019197e+01
1.638087909589916435e+01
1.636025255847248872e+01
1.633926420496242571e+01
1.631791579567297035e+01
1.629621828769020553e+01
1.627417694630412015e+01
1.625179326643910471e+01
1.622908425152948197e+01
1.620605777623730859e+01
1.618271823153816413e+01
1.615908871135131619e+01
1.613517648928798209e+01
1.611098859599417921e+01
1.608654572319488452e+01
1.606185143156580963e+01
1.603691142898473743e+01
1.601173721220679980e+01
1.598632995258130407e+01
1.596069147652854348e+01
1.593482859501246374e+01
1.590874447266172176e+01
1.588243957746913715e+01
1.585592593341558576e+01
1.582921006954662779e+01
1.580229505882443419e+01
1.577519972289383610e+01
1.574793052833697260e+01
1.572049311543951866e+01
1.569290505970710647e+01
1.566516945454311660e+01
1.563729120223549884e+01
1.560928003778249717e+01
1.558113622681940846e+01
1.555286195980623987e+01
1.552446045260541396e+01
1.549593164849103033e+01
1.546727598315458430e+01
1.543849518833155443e+01
1.540959003903218338e+01
1.538056102003967496e+01
1.535141073398865963e+01
1.532213995300340947e+01
1.529274978318412259e+01
1.526324176597295335e+01
1.523361525752818757e+01
1.520387102937962887e+01
1.517400631223928187e+01
1.514401867726404483e+01
1.511390728588324350e+01
1.508366477786834103e+01
1.505328817135341346e+01
1.502277521213733280e+01
1.499211751507386303e+01
1.496131282509133520e+01
1.493035922932890891e+01
1.489924975992745004e+01
1.486798207799756000e+01
1.483655539293672021e+01
1.480496105916349059e+01
1.477319461993452343e+01
1.474125471769753126e+01
1.470912642283173355e+01
1.467680304458572316e+01
1.464428093862352220e+01
1.461153972842132909e+01
1.457857253805788211e+01
1.454537424051762784e+01
1.451192377379329379e+01
1.447821510999370886e+01
1.444424343529266253e+01
1.440998852927793727e+01
1.437544401504011482e+01
1.434060546499957489e+01
1.430545083231755399e+01
1.426997235152061627e+01
1.423416480927377670e+01
1.419800277720586834e+01
1.416147779066406009e+01
1.412458351956539815e+01
1.408729279446924920e+01
1.404959752914769666e+01
1.401149097970275470e+01
1.397294614866535767e+01
1.393395540983016012e+01
1.389451214984605265e+01
1.385458978431669941e+01
1.381418069398402082e+01
1.377327837823956003e+01
1.373185635120500869e+01
1.368990693535990921e+01
1.364742364338441227e+01
1.360438050083171824e+01
1.356077012611484989e+01
1.351658622628204220e+01
1.347180416530698999e+01
1.342641705416764530e+01
1.338041910992807537e+01
1.333378711882318157e+01
1.328651436280975418e+01
1.323859556475651900e+01
1.319000778395986728e+01
1.314074395563295461e+01
1.309079878715626855e+01
1.304014827028239232e+01
1.298878496150601691e+01
1.293670296712619106e+01
1.288387728863661685e+01
1.283030075820152227e+01
1.277596685792623354e+01
1.272085142830981042e+01
1.266494842673305321e+01
1.260825132581163111e+01
1.255073923973094807e+01
1.249240777063749341e+01
1.243325120488614566e+01
1.237325369998243474e+01
1.231241257952681245e+01
1.225072353704776162e+01
1.218817629689202064e+01
1.212476966383646193e+01
1.206050087162851092e+01
1.199536454920412076e+01
1.192936061440505924e+01
1.186248753133270029e+01
1.179474365970455096e+01
1.172612979072709471e+01
1.165664517173771308e+01
1.158629123800307070e+01
1.151506972792199335e+01
1.144298048651419641e+01
1.137002843346041203e+01
1.129621655535669156e+01
1.122154549483344610e+01
1.114602464037817420e+01
1.106965846097791584e+01
1.099244873193049621e+01
1.091440987751166247e+01
1.083554780863503275e+01
1.075586557405558885e+01
1.067538231494447665e+01
1.059410513788630581e+01
1.051203823161566575e+01
1.042920466077728037e+01
1.034561250764771856e+01
1.026126686371885555e+01
1.017619414362683194e+01
1.009040336036173002e+01
1.000390034086707303e+01
9.916714811455339174e+00
9.828856840162863762e+00
9.740332950082349228e+00
9.651176610582572479e+00
9.561399164454842392e+00
9.471007955834847891e+00
9.380040883373462535e+00
9.288510739564944885e+00
9.196425985344024667e+00
9.103829434717265912e+00
9.010735238807528802e+00
8.917153253863776996e+00
8.823130853191962331e+00
8.728683088002162194e+00
8.633821151887596912e+00
8.538595596704594115e+00
8.443021782021460808e+00
8.347111764254993460e+00
8.250917591103320348e+00
8.154454600231556327e+00
8.057735143094316044e+00
7.960811786939208545e+00
7.863699908414517381e+00
7.766411883472278177e+00
7.669000787704210786e+00
7.571482234735149142e+00
7.473868700203730953e+00
7.376214082700434993e+00
7.278534253811184129e+00
7.180841940881642849e+00
7.083191788016291568e+00
6.985599714914187963e+00
6.888078693591186408e+00
6.790683533029754138e+00
6.693429928918983585e+00
6.596330935980995847e+00
6.499440805255925824e+00
6.402774819865202360e+00
6.306345935759444465e+00
6.210207282153202613e+00
6.114373627551512591e+00
6.018857705905629629e+00
5.923711126787973846e+00
5.828948061903115097e+00
5.734580938596471889e+00
5.640659483941526275e+00
5.547197172368178997e+00
5.454206036352984732e+00
5.361733518541278443e+00
5.269792282029796660e+00
5.178393858127531502e+00
5.087582983715217999e+00
4.997371403714162774e+00
4.907770032701450624e+00
4.818820527305521573e+00
4.730533637105971856e+00
4.642919554780513103e+00
4.556016595747066411e+00
4.469834479671783711e+00
4.384382606252259507e+00
4.299695821690751707e+00
4.215782811052189771e+00
4.132652154027399938e+00
4.050335173328202032e+00
3.968839510048239649e+00
3.888172921012416960e+00
3.808363123454670873e+00
3.729416675803860048e+00
3.651340496254047441e+00
3.574158534180454705e+00
3.497876209629126709e+00
3.422499554142919731e+00
3.348048558000170871e+00
3.274527469781133959e+00
3.201941372503524619e+00
3.130306190822887746e+00
3.059625021549644774e+00
2.989901962770411981e+00
2.921148927710375265e+00
2.853367928360900141e+00
2.786562091536830543e+00
2.720739512313893993e+00
2.655901199229151466e+00
2.592049362647116606e+00
2.529188521539836199e+00
2.467318746396208073e+00
2.406441397029055462e+00
2.346557625270075054e+00
2.287666605957892951e+00
2.229768900013446409e+00
2.172862446133546843e+00
2.116945556811296925e+00
2.062018026215285627e+00
2.008074711837202209e+00
1.955113106804108325e+00
1.903132262970840261e+00
1.852124114489848816e+00
1.802085397314310500e+00
1.753014453552709018e+00
1.704900503800926170e+00
1.657739604624813401e+00
1.611529436946012028e+00
1.566256761320443669e+00
1.521917037351808499e+00
1.478507345802619222e+00
1.436012256645704532e+00
1.394426710728144725e+00
1.353747252952168356e+00
1.313956525422256050e+00
1.275049022706836732e+00
1.237020815001631080e+00
1.199852868393271210e+00
1.163539301666036030e+00
1.128075768371538334e+00
1.093441808400909432e+00
1.059631236582013525e+00
1.026639348556781961e+00
9.944445131766824764e-01
9.630403139038343774e-01
9.324217503905739557e-01
9.025662780997008028e-01
8.734673188651423947e-01
8.451196402549923103e-01
8.175000334517817935e-01
7.906018218743345871e-01
7.644196030726266855e-01
7.389297328955923838e-01
7.141254914840240442e-01
6.900013627885804857e-01
6.665334700947437296e-01
6.437150981606444278e-01
6.215406662720248665e-01
5.999862429554376764e-01
5.790451604138757702e-01
5.587118152677782446e-01
5.389623801890065513e-01
5.197902746845152189e-01
5.011899098500687266e-01
4.831377091839623716e-01
4.656272173502077338e-01
4.486528944053746470e-01
4.321915528212120217e-01
4.162368978443939938e-01
4.007834715486585653e-01
3.858086045579696699e-01
3.713061944473743936e-01
3.572708968697370091e-01
3.436806775899052258e-01
3.305296533375331469e-01
3.178126224520532173e-01
3.055082869510319377e-01
2.936110039911896674e-01
2.821157400757515754e-01
2.710020163551150052e-01
2.602644462320448104e-01
2.498981853934864883e-01
2.398836383738748024e-01
2.302156857914930688e-01
2.208896888361970290e-01
2.118869822459625296e-01
2.032027207436354899e-01
1.948324828947458620e-01
1.867585650734359115e-01
1.789763996277592417e-01
1.714817904574144347e-01
1.642580139132809036e-01
1.573007807120067048e-01
1.506061247677242254e-01
1.441583098589464818e-01
1.379533234952081966e-01
1.319874316394395453e-01
1.262458839082155060e-01
1.207249410071981055e-01
1.154211008617337109e-01
1.103205895779178769e-01
1.054199355873776944e-01
1.007158669009410867e-01
9.619556973147026790e-02
9.185583298692068244e-02
8.769361123781983791e-02
8.369702786341642886e-02
7.986312338285866952e-02
7.618907381918664512e-02
7.266391083108554583e-02
6.928491634772829255e-02
6.604948127683614445e-02
6.294751163053069476e-02
5.997651954921948830e-02
5.713410301384077433e-02
5.441100451205856114e-02
5.180495451093664050e-02
4.931374927753296583e-02
4.692892699866000467e-02
4.464842414255415504e-02
4.247022575405354911e-02
4.038662294019546711e-02
3.839574559390166592e-02
3.649575751989437428e-02
3.467965870371057802e-02
3.294575979756289574e-02
3.129239301503904808e-02
2.971322255254644704e-02
2.820672721527473642e-02
2.677139709907138884e-02
2.540151588761779128e-02
2.409571812420702175e-02
2.285264122897270531e-02
2.166714409776447983e-02
2.053800489993021575e-02
1.946399791650833128e-02
1.844051385550777439e-02
1.746646279242537389e-02
1.654074560305362346e-02
1.565924262805045569e-02
1.482098459187230349e-02
1.402498897673699375e-02
1.326758507191499667e-02
1.254791351209751278e-02
1.186509873965071495e-02
1.121588002417107585e-02
1.059949773365943641e-02
1.001517401936416821e-02
9.460021055983616062e-03
8.933369361949250118e-03
8.434529985320493237e-03
7.960952963679787317e-03
7.512049998990927117e-03
7.087212699393114455e-03
6.684196059468253993e-03
6.302484625392853514e-03
5.941542731836096242e-03
5.599399625112583788e-03
5.275604984599924739e-03
4.969688559444995421e-03
4.679925365487515830e-03
4.405923122699749624e-03
4.147270211396231025e-03
3.902461138888009030e-03
3.671155172805525696e-03
3.452993065721974859e-03
3.246664687892947699e-03
3.051874936470078559e-03
2.868311187267428685e-03
2.694836613542886134e-03
2.531196369983758788e-03
2.377119195021129474e-03
2.231621476736676650e-03
2.094483770627803606e-03
1.965471381111047553e-03
1.843735691284865931e-03
1.729088283854264465e-03
1.621326673086082287e-03
1.519720782153164513e-03
1.424109297855039686e-03
1.334318008138975740e-03
1.249720584426997419e-03
1.170179312331200323e-03
1.095544718767621321e-03
1.025280991586085535e-03
9.592708953169243541e-04
8.973865423810358259e-04
8.391708553107535143e-04
7.845243111555886932e-04
7.333378095061499676e-04
6.852225564130290207e-04
6.400942978749645093e-04
5.978602439844345152e-04
5.581906383533255696e-04
5.210143464978593585e-04
4.862526963248958072e-04
4.536268062754948791e-04
4.230767795856298151e-04
3.945361176949768842e-04
3.677696253613000656e-04
3.427270044100651680e-04
3.193522062797328931e-04
2.974474157861894952e-04
2.769705123521350285e-04
2.578743765961811108e-04
2.399930709321633591e-04
2.232914247821209098e-04
2.077299182175963070e-04
1.931697195919999531e-04
1.795815496217554707e-04
1.669323381992713837e-04
1.551062443391070412e-04
1.440789673887228779e-04
1.338229025481262632e-04
1.242416631786927392e-04
1.153151409185670880e-04
1.070203569905863724e-04
9.927734515309075158e-05
9.206951335636586885e-05
8.537779257383386691e-05
7.913603543785795267e-05
7.333058783371104684e-05
6.794567657453261917e-05
6.292674477471955799e-05
5.826258462498252463e-05
5.394019086767705277e-05
4.991469343833450785e-05
4.617691578072924375e-05
4.271616699605150421e-05
3.949564474846611737e-05
3.650785521297831676e-05
3.374403424874528620e-05
3.117407744642404667e-05
2.879188196267749083e-05
2.659028180850507754e-05
2.454471739846413470e-05
2.265023294521369791e-05
2.090098416290072744e-05
1.927698945376200609e-05
1.777423627765806603e-05
1.638797077161905700e-05
1.510198100002891104e-05
1.391302761676522549e-05
1.281725427955420258e-05
1.180154446253878763e-05
1.086329051336910946e-05
9.999372960930577172e-06
9.199209585954041466e-06
8.460707139935300458e-06
7.781349413322281565e-06
7.152622837350500190e-06
6.572851756754044937e-06
6.040012335321215373e-06
5.547274440101964821e-06
5.093300420493292767e-06
4.676467058548575563e-06
4.291310071820783929e-06
3.936764611227816922e-06
3.611532421896385575e-06
3.311254130559941937e-06
3.035084434636909095e-06
2.781987887021118652e-06
2.548496322598170679e-06
2.333940614085299557e-06
2.137497232195409217e-06
1.956414755361023095e-06
1.790165012718460923e-06
1.638094859341016652e-06
1.498027621849653271e-06
1.369547573424679518e-06
1.252138160029950645e-06
1.144082240942673063e-06
1.045053522348608819e-06
9.546446287023419687e-07
8.715047531639312873e-07
7.953785222271642354e-07
7.259455707200081108e-07
6.621462696804305680e-07
6.037813189783447997e-07
5.505994921905766201e-07
5.017719200030279334e-07
4.571435058102128335e-07
4.165177989139738350e-07
3.792482697893993750e-07
3.452145651278331485e-07
3.142635026400917944e-07
2.858922085085604775e-07
2.600075563413230818e-07
2.364904415101064618e-07
2.149508355720321474e-07
1.953168856103836755e-07
1.774962468898793237e-07
1.611872729131316199e-07
1.463346833425155943e-07
1.328670849037652105e-07
1.205518489886044303e-07
1.093465674486490370e-07
9.919620233401225094e-08
8.992186253124546416e-08
8.149110826177252103e-08
7.386163128157310248e-08
6.689625717610870933e-08
6.057024285346324763e-08
5.485115857353372124e-08
4.963411918786085773e-08
4.490030662396534158e-08
4.062493436565670546e-08
3.672803570685305525e-08
3.319534015483552137e-08
3.000795740934360333e-08
2.710509405685415212e-08
2.447595955965485189e-08
2.210619864795234171e-08
1.994972694018331310e-08
1.799840891862362051e-08
1.624136704129847853e-08
1.464376767648780207e-08
1.319949488558818459e-08
1.190033012408026660e-08
1.072001975780370119e-08
9.653979467875651820e-09
8.696017671346959491e-09
7.826404517191084535e-09
7.041713760489634545e-09
6.337294371341990497e-09
5.698362075520715155e-09
5.122363630588855733e-09
4.605815379877164733e-09
4.137671038554026998e-09
3.716033490336049232e-09
3.338301027205473469e-09
2.996244200888299003e-09
2.688457539344447619e-09
2.413003652768166296e-09
2.163769438722126982e-09
1.939716711999832405e-09
1.739406975635941378e-09
1.558312429268781477e-09
1.395668445712123305e-09
1.250410066763537699e-09
1.119193451354873043e-09
1.001457105960279351e-09
8.964149157747642290e-10
8.016046156315479367e-10
7.166150958316741890e-10
6.408677712475658696e-10
5.725548313716458450e-10
5.113761620327120887e-10
4.569071686084518756e-10
4.078244303460413723e-10
3.639095088396475561e-10
3.248517295207207723e-10
2.896851126771185005e-10
2.582511386355320519e-10
2.303231556889656903e-10
2.051981542943558467e-10
1.827614387787275910e-10
1.628481426153187314e-10
1.449481418024111873e-10
1.289786957371365289e-10
1.148202338291670830e-10
1.021036851380164062e-10
9.076953879812765638e-11
8.073133129171182295e-11
7.172282966985536781e-11
6.370135849142314784e-11
5.660457924976295691e-11
5.024100905224742232e-11
4.458013649245442686e-11
3.957714968218691095e-11
3.509473525600567057e-11
3.111114381652854612e-11
2.759425785141574463e-11
2.444590058172804779e-11
2.165061478729245108e-11
1.918544950766179003e-11
1.698041789972574243e-11
1.502456746746585584e-11
1.330154629351023767e-11
1.176161111870317992e-11
1.039702461982192035e-11
9.196171135677530302e-12
8.123800526386735257e-12
7.174463216562357844e-12
6.339932514588458445e-12
5.595302946765214779e-12
4.936747788279840555e-12
4.358457908608032415e-12
3.842889061862178175e-12
3.387362185826136890e-12
2.987787497240813360e-12
2.631843054815375760e-12
2.317658918216541634e-12
2.042364364356412093e-12
1.797331064038021568e-12
1.581257767959076589e-12
1.392135462942732034e-12
1.223940272533355179e-12
1.075769421656176537e-12
9.462211511959848628e-13
8.311024515780836651e-13
7.297888932870848400e-13
6.413053479555715812e-13
5.627419374469580438e-13
4.936680651033527133e-13
4.334074195372480367e-13
3.799466398496568548e-13
3.329896932382350102e-13
2.920689233316790135e-13
2.557954489249397316e-13
2.239663664990394311e-13
1.962592716062267567e-13
1.717189429248428553e-13
1.502067308821585820e-13
1.315010363704135234e-13
1.149468655970983942e-13
1.004497634628694899e-13
8.785787582425494973e-14
7.672342390240374665e-14
6.698225588215382995e-14
5.853062469488585463e-14
5.106333218920493569e-14
4.453694055520221796e-14
3.888078314057277781e-14
3.388746827855758629e-14
2.952767346679152501e-14
2.575340970644392920e-14
2.242417236761239143e-14
1.952022783023680664e-14
1.700908559655923689e-14
1.479584294531809761e-14
1.286726002915502185e-14
1.120140589389771427e-14
9.734372765414075400e-15
8.457304883038619923e-15
7.355443686206203421e-15
6.385883699854039895e-15
5.542719825099215329e-15
4.816050262295362564e-15
4.177157339132306552e-15
3.622115811777738027e-15
3.144302524631138672e-15
2.724555190836952153e-15
2.360273101923925475e-15
2.047039638307458986e-15
1.772109040421426744e-15
1.533764341645551726e-15
1.329069422866368328e-15
1.149575500924726081e-15
9.941540919150062380e-16
8.608594662368533839e-16
7.441142200265470485e-16
6.431817843646570524e-16
5.567767521199372091e-16
4.812396006927596800e-16
4.160967961964265151e-16
3.604986665893675513e-16
3.120741812715044440e-16
2.705362282859030150e-16
2.352931014779844571e-16
2.048728670672478831e-16
1.791816105151005733e-16
1.575633309141709743e-16
1.393785979163359020e-16
1.251452582902330432e-16
1.126176058376689681e-16
1.027826608580142690e-16
9.968666431461428312e-17
8.987229432377499668e-17
7.584442524366329016e-17
8.289173334147840644e-17
