4.248528093438496580e-07
3.228798476343240393e-07
4.317703825247693797e-07
5.342887448182984648e-07
6.009341585958214679e-07
6.930569896626189687e-07
7.877840718223965983e-07
8.811993767353440189e-07
9.815364105674989327e-07
1.086208918129743242e-06
1.197629681656482264e-06
1.318474089951111786e-06
1.449687226343798076e-06
1.594789289996284563e-06
1.754805540678607112e-06
1.930607216990522989e-06
2.125030044493819909e-06
2.339093670097226136e-06
2.573590023427889423e-06
2.832083352610009963e-06
3.116096748513698556e-06
3.426692937136704607e-06
3.768675833821186498e-06
4.144058504059161954e-06
4.554260750760203481e-06
5.005546496008328743e-06
5.500509587501205749e-06
6.040998144896754940e-06
6.635109492718112340e-06
7.286188696157788983e-06
7.996628976174294701e-06
8.776876937820757423e-06
9.631241241116702715e-06
1.056281446915547266e-05
1.158504341603151046e-05
1.270346434052659724e-05
1.392206314714501237e-05
1.525810757099671194e-05
1.671869565846151505e-05
1.830895309411363948e-05
2.005100780529593828e-05
2.195394142980031170e-05
2.402433334722200019e-05
2.629048034104694071e-05
2.876397558349191974e-05
3.145324744558523357e-05
3.439439891221270692e-05
3.760219420241954356e-05
4.108740394925008190e-05
4.489598291283766556e-05
4.904669194636612176e-05
5.355325936885033149e-05
5.847404926646198632e-05
6.383285230809719471e-05
6.964712475958733762e-05
7.599083848822417485e-05
8.289410481311697623e-05
9.037907503122493617e-05
9.853933034642611691e-05
1.074129143441409631e-04
1.170278911568833159e-04
1.275024503603903244e-04
1.388845719351560891e-04
1.512097619175768227e-04
1.646270185470666140e-04
1.791967270759813274e-04
1.949637302526716835e-04
2.121154541563530932e-04
2.307277134726336905e-04
2.508570050305606583e-04
2.727385340208874232e-04
2.964672729595224632e-04
3.221142135021438880e-04
3.499739057284693348e-04
3.801651191516742211e-04
4.127768711571511433e-04
4.481774214860812953e-04
4.865150898854947990e-04
5.279013353377445513e-04
5.727958569362592237e-04
6.213835582875077866e-04
6.738038257765854031e-04
7.306294419272892516e-04
7.920903742160739953e-04
8.583606560608438496e-04
9.301522911923049228e-04
1.007750469896583198e-03
1.091371935570576790e-03
1.181899288938623822e-03
1.279685223528470063e-03
1.384998778465477325e-03
1.498931197979092760e-03
1.621917823750583000e-03
1.754291744780348775e-03
1.897399760477660145e-03
2.051778439704085837e-03
2.217839817903428240e-03
2.397243231325757451e-03
2.590648198606919621e-03
2.798563826730322227e-03
3.023028001679037204e-03
3.264847725266890790e-03
3.524649457219698658e-03
3.804925008546948539e-03
4.106657902896711058e-03
4.430614744581830473e-03
4.779832337799235116e-03
5.155507363107273561e-03
5.558575473931226356e-03
5.992732630567195427e-03
6.459432961648089479e-03
6.959819072283490726e-03
7.498380277452247611e-03
8.076875742749548351e-03
8.696698715813954220e-03
9.363274619044768127e-03
1.007871659031443594e-02
1.084471224431040638e-02
1.166777524309358348e-02
1.255042990989317479e-02
1.349470443758755099e-02
1.450838477382527213e-02
1.559448077883698013e-02
1.675542156592516388e-02
1.800049834487247105e-02
1.933329431563325998e-02
2.075671880947852280e-02
2.228183080697536747e-02
2.391287406290872747e-02
2.565332373626434334e-02
2.751626638624431534e-02
2.950669102143099048e-02
3.162871879259905594e-02
3.389773114204934490e-02
3.631956087942755929e-02
3.889906183001182183e-02
4.165422592284332565e-02
4.459184743620785846e-02
4.771762311910202059e-02
5.105251235449469183e-02
5.460438557189662562e-02
5.837990291273976312e-02
6.240333005257371612e-02
6.668370976027745978e-02
7.122877113985576214e-02
7.606638812272198402e-02
8.120686867725986080e-02
8.665911073255629093e-02
9.245490001533974989e-02
9.860590785895036181e-02
1.051223173240785486e-01
1.120401235722273403e-01
1.193724378281587339e-01
1.271308391303134777e-01
1.353557442530113897e-01
1.440617349979693151e-01
1.532618484901673295e-01
1.630010093884620981e-01
1.732952694786449033e-01
1.841591467786552194e-01
1.956420836976108801e-01
2.077615866835137437e-01
2.205336909708770499e-01
2.340122921963069258e-01
2.482162722891782247e-01
2.631632174075042019e-01
2.789111330317928239e-01
2.954800339290677980e-01
3.128889489044600070e-01
3.311991186762958672e-01
3.504312714751677271e-01
3.706055302720988598e-01
3.917850384398255947e-01
4.139907432552451527e-01
4.372433868280893310e-01
4.616064456773024682e-01
4.871004923018274479e-01
5.137463809071293186e-01
5.416058705031476794e-01
5.706982937758272589e-01
6.010438643201099218e-01
6.326998338664859833e-01
6.656833452319631528e-01
7.000128606390179087e-01
7.357385730336851726e-01
7.728750434596963759e-01
8.114380622872608972e-01
8.514701107669607749e-01
8.929835572484979833e-01
9.359915007676945509e-01
9.805300374088117277e-01
1.026609793032754014e+00
1.074241927565256383e+00
1.123457505639207099e+00
1.174265125021525913e+00
1.226674649247028848e+00
1.280711795354313454e+00
1.336382253280162136e+00
1.393694584960104343e+00
1.452667475963594912e+00
1.513302976274273126e+00
1.575607965541651057e+00
1.639592164842720079e+00
1.705253613716238403e+00
1.772596973743396420e+00
1.841620609528316077e+00
1.912318087896539787e+00
1.984690538404424220e+00
2.058721391084473940e+00
2.134399375339087523e+00
2.211719612395476098e+00
2.290648317597411943e+00
2.371170786018840460e+00
2.453274381834104290e+00
2.536913278545537498e+00
2.622073915423637214e+00
2.708738464130662216e+00
2.796864780368286674e+00
2.886446392946854012e+00
2.977468420933593762e+00
3.069911601919582456e+00
3.163778800992599116e+00
3.259067459647537746e+00
3.355788341769402106e+00
3.453948255000653944e+00
3.553559028077715620e+00
3.654644418850100607e+00
3.757204632047236981e+00
3.861255346960267953e+00
3.966798439298356183e+00
4.073819695481214254e+00
4.182322565262210468e+00
4.292256963802072889e+00
4.403591702367007699e+00
4.516310657328681089e+00
4.630295803233458685e+00
4.745493217596147950e+00
4.861867847558147382e+00
4.979216922365242937e+00
5.097452818876559100e+00
5.216512198261745503e+00
5.336098470439250896e+00
5.456095626970212997e+00
5.576396723398309163e+00
5.696662151486798997e+00
5.816784994840011436e+00
5.936633885003137934e+00
6.055934934674440662e+00
6.174624876290361719e+00
6.292608210363197507e+00
6.409725190206253309e+00
6.525935921526637706e+00
6.641206553340633256e+00
6.755402503526302560e+00
6.868452583761937902e+00
6.980323135903880427e+00
7.090792841528412715e+00
7.199747304927403668e+00
7.307087962117769564e+00
7.412516296425193829e+00
7.515918022386653519e+00
7.617166272094202384e+00
7.715969908011910405e+00
7.812243555173957077e+00
7.905906811333476725e+00
7.996707422978431623e+00
8.084579159382501601e+00
8.169463574149416374e+00
8.251141469618030300e+00
8.329573502118309491e+00
8.404655848162940757e+00
8.476240159420601827e+00
8.544338443510163472e+00
8.608853552301367174e+00
8.669738643096128072e+00
8.727032440737531260e+00
8.780733109573947814e+00
8.830876525609619776e+00
8.877504058433475009e+00
8.920663160852971174e+00
8.960514816200204180e+00
8.997154917413505260e+00
9.030633181988449110e+00
9.061298681763151563e+00
9.089303823320447506e+00
9.114766733045390978e+00
9.138125723302922054e+00
9.159491662097682507e+00
9.179039574727640982e+00
9.197130490070573927e+00
9.213816188658567441e+00
9.229231080383602404e+00
9.243566745889657099e+00
9.256849762945703830e+00
9.269151127328923323e+00
9.280519385646385899e+00
9.290951345165741060e+00
9.300474728221795218e+00
9.309118851465429501e+00
9.316896259357839938e+00
9.323812206339779252e+00
9.329976441561395717e+00
9.335469740860071752e+00
9.340311899417105934e+00
9.344703722848326066e+00
9.348745521468408981e+00
9.352483561761037123e+00
9.356118703452230179e+00
9.359695191034310469e+00
9.363255615024751677e+00
9.366892035252813997e+00
9.370587593793361592e+00
9.374361194502540684e+00
9.378157447889265086e+00
9.381918257596980837e+00
9.385633780714787378e+00
9.389134947055016056e+00
9.392354342461311845e+00
9.395253214177472501e+00
9.397683600495774670e+00
9.399643484087462753e+00
9.401108100039715865e+00
9.402124635943902575e+00
9.402781339845649455e+00
9.403121868469396460e+00
9.403393147888522208e+00
9.403701940141402815e+00
9.404142359424502828e+00
9.404995439065425344e+00
9.406326926827144774e+00
9.408217800029351707e+00
9.410865607067623984e+00
9.414297369900753054e+00
9.418553341079654473e+00
9.423741387509561918e+00
9.429868986271173981e+00
9.436945609630591036e+00
9.445013853963709849e+00
9.454078142949152053e+00
9.464132815348586192e+00
9.475187958849927483e+00
9.487253537606619602e+00
9.500327288650373347e+00
9.514419994750353382e+00
9.529533430804338678e+00
9.545681905114305366e+00
9.562856974683278111e+00
9.581019580056128859e+00
9.600182286138942089e+00
9.620232581315180553e+00
9.641071890632870733e+00
9.662666276270163834e+00
9.684752551745317461e+00
9.707208453612572896e+00
9.729939873606102907e+00
9.752639132632626939e+00
9.775236760287921101e+00
9.797632555253725783e+00
9.819667028384381879e+00
9.841363146096226089e+00
9.862683951378794944e+00
9.883696858063990121e+00
9.904480477428524665e+00
9.925070920333446622e+00
9.945662543851504722e+00
9.966328219147294831e+00
9.987131497420284276e+00
1.000825085485085353e+01
1.002972766285751760e+01
1.005161085251301856e+01
1.007400263772034421e+01
1.009692056970473040e+01
1.012038896659123743e+01
1.014444628596962517e+01
1.016909712079030470e+01
1.019434811747546732e+01
1.022019995695881711e+01
1.024664889760500053e+01
1.027369099923345708e+01
1.030130745795499969e+01
1.032949052233925080e+01
1.035823133095734505e+01
1.038750651054511742e+01
1.041730903817482634e+01
1.044763055868637380e+01
1.047845342206414543e+01
1.050977312945564890e+01
1.054158488642057101e+01
1.057387908960323131e+01
1.060665285495040244e+01
1.063990492742712846e+01
1.067363086946261141e+01
1.070782791539240364e+01
1.074249700592808843e+01
1.077763416759888671e+01
1.081323497174936499e+01
1.084930071229934612e+01
1.088582155401142337e+01
1.092278920989254054e+01
1.096020265048301745e+01
1.099803955582113701e+01
1.103628649688409524e+01
1.107493744890457243e+01
1.111395475276656519e+01
1.115332077039999348e+01
1.119302363489170382e+01
1.123301367205503709e+01
1.127327175004399962e+01
1.131378179860713296e+01
1.135448980765513660e+01
1.139537807417832127e+01
1.143642937399518011e+01
1.147759334484642757e+01
1.151885551109644013e+01
1.156020023623453064e+01
1.160158577505451483e+01
1.164300127644800398e+01
1.168443400490001238e+01
1.172585224971580153e+01
1.176724858570579890e+01
1.180861330663765152e+01
1.184992469414698135e+01
1.189117871325423614e+01
1.193236871316613623e+01
1.197348293926201634e+01
1.201452047310342230e+01
1.205547794009356721e+01
1.209635229187129113e+01
1.213714453562028872e+01
1.217785413356283364e+01
1.221848322537712050e+01
1.225903329221849702e+01
1.229950522756314157e+01
1.233990282916006187e+01
1.238022766208849035e+01
1.242048085156496562e+01
1.246066707080780134e+01
1.250078850305857969e+01
1.254084651859755972e+01
1.258084754940256111e+01
1.262079436190911252e+01
1.266068906527252658e+01
1.270053910674522157e+01
1.274034671897774018e+01
1.278011440479327909e+01
1.281984775555426914e+01
1.285954743418094814e+01
1.289921518135278689e+01
1.293885236168436847e+01
1.297845808491284281e+01
1.301803248015719205e+01
1.305757264995848033e+01
1.309707685730063709e+01
1.313654372866269426e+01
1.317596771760380214e+01
1.321534682963298835e+01
1.325467893057439817e+01
1.329395738916789149e+01
1.333318005859088196e+01
1.337234466157984158e+01
1.341144386543260758e+01
1.345047508461903973e+01
1.348943589270357180e+01
1.352831759990281668e+01
1.356711692370490674e+01
1.360583088015718367e+01
1.364444892670234033e+01
1.368296723543138071e+01
1.372138211660559826e+01
1.375968166751964539e+01
1.379786192809415013e+01
1.383591886019393158e+01
1.387384019280233716e+01
1.391162205040051347e+01
1.394926050273729778e+01
1.398674346116454892e+01
1.402406703493546125e+01
1.406122751911924773e+01
1.409821288414819307e+01
1.413501909591455608e+01
1.417164247312144809e+01
1.420807076590898888e+01
1.424429988495054467e+01
1.428032601381432443e+01
1.431613679779582071e+01
1.435172828516183863e+01
1.438709664160938395e+01
1.442222976438429249e+01
1.445712383497899900e+01
1.449177516571492497e+01
1.452617189475641979e+01
1.456031016430614677e+01
1.459418633002438170e+01
1.462778856606840883e+01
1.466111307555894427e+01
1.469415612135408722e+01
1.472690644110858038e+01
1.475936076529167096e+01
1.479151554563547322e+01
1.482336117875561321e+01
1.485489512663145106e+01
1.488611448699149165e+01
1.491701142370852651e+01
1.494758364522552441e+01
1.497782882149562234e+01
1.500773947010838505e+01
1.503731293079336062e+01
1.506654681896113601e+01
1.509543269126067777e+01
1.512396754672611721e+01
1.515214853676167195e+01
1.517996655789400684e+01
1.520741881794954331e+01
1.523450226189497947e+01
1.526120839834383602e+01
1.528753495483820046e+01
1.531347917701426020e+01
1.533903373126597280e+01
1.536419658306950353e+01
1.538896541274435670e+01
1.541333332280569124e+01
1.543729802681925456e+01
1.546085731883213654e+01
1.548400375702382270e+01
1.550673468038219482e+01
1.552904766538232728e+01
1.555093466751806908e+01
1.557239300925801651e+01
1.559342010963834646e+01
1.561400816456241536e+01
1.563415486178248948e+01
1.565385778840100883e+01
1.567311001924025149e+01
1.569190957875174774e+01
1.571025434990669645e+01
1.572813805285564470e+01
1.574555878450312107e+01
1.576251453167407490e+01
1.577899917191478174e+01
1.579501082998302053e+01
1.581054744255990485e+01
1.582560306841067543e+01
1.584017602833053751e+01
1.585426430515413188e+01
1.586786240179949736e+01
1.588096884032016476e+01
1.589358177118689142e+01
1.590569602232914548e+01
1.591731009372872840e+01
1.592842225542536205e+01
1.593902727309390244e+01
1.594912346100168499e+01
1.595870911286992921e+01
1.596777875901392285e+01
1.597633055877454034e+01
1.598436282312809631e+01
1.599186995490092933e+01
1.599885006355659378e+01
1.600530152107296189e+01
1.601121878996435299e+01
1.601660001324112770e+01
1.602144366590270153e+01
1.602574444709272683e+01
1.602950058570319669e+01
1.603271069356676293e+01
1.603536981178842424e+01
1.603747627264974440e+01
1.603902880378032947e+01
1.604002279085455385e+01
1.604045670705515292e+01
1.604032931374579363e+01
1.603963643667445282e+01
1.603837683777002354e+01
1.603654929661628969e+01
1.603415044993090888e+01
1.603117953620581559e+01
1.602763549518710917e+01
1.602351614252891920e+01
1.601882118429032431e+01
1.601354988970711446e+01
1.600770107591678126e+01
1.600127459791549711e+01
1.599427002971108180e+01
1.598668633430001407e+01
1.597852307343489109e+01
1.596977985391559152e+01
1.596045474925571206e+01
1.595054677525733666e+01
1.594005522523328722e+01
1.592897676072307256e+01
1.591730995216314604e+01
1.590505360958340297e+01
1.589220330464669040e+01
1.587875751326464169e+01
1.586471469933350953e+01
1.585007023078752297e+01
1.583482281113559331e+01
1.581897089173708437e+01
1.580251041384271105e+01
1.578544038437389929e+01
1.576775950903194179e+01
1.574946449101743617e+01
1.573055449727851496e+01
1.571102852454947651e+01
1.569088373218265176e+01
1.567011927804418825e+01
1.564873431460406827e+01
1.562672607831231808e+01
1.560409366114973473e+01
1.558083621689606879e+01
1.555695090415716209e+01
1.553243681066187243e+01
1.550729302538606191e+01
1.548151675678922956e+01
1.545510720552242212e+01
1.542806346074420176e+01
1.540038306622315467e+01
1.537206540094818052e+01
1.534310969894501575e+01
1.531351397145015447e+01
1.528327768126082198e+01
1.525240026388297387e+01
1.522087990169025318e+01
1.518871592850154073e+01
1.515590782732497566e+01
1.512245341513519747e+01
1.508835179343821764e+01
1.505360225665856433e+01
1.501820207874853885e+01
1.498215029808839382e+01
1.494544597849044010e+01
1.490808633818939910e+01
1.487007065546738893e+01
1.483139799373375212e+01
1.479206623630973283e+01
1.475207504042829498e+01
1.471142373864786990e+01
1.467011115644035435e+01
1.462813720499138803e+01
1.458550153791096982e+01
1.454220363006049688e+01
1.449824345483854948e+01
1.445362083820297627e+01
1.440833554174773390e+01
1.436238757536947830e+01
1.431577681710193239e+01
1.426850335021807048e+01
1.422056736732119120e+01
1.417196885321789424e+01
1.412270857351873055e+01
1.407278703983162949e+01
1.402220449346697784e+01
1.397096264704935287e+01
1.391906232225303341e+01
1.386650409057327771e+01
1.381329053487965552e+01
1.375942267558253462e+01
1.370490135130014409e+01
1.364972975089640350e+01
1.359390902006445323e+01
1.353744015407885648e+01
1.348032681959187862e+01
1.342257033515008935e+01
1.336417181627937367e+01
1.330513557215276776e+01
1.324546322679264954e+01
1.318515608978954035e+01
1.312421945798106115e+01
1.306265538052139341e+01
1.300046548528333901e+01
1.293765635187618734e+01
1.287423049346321768e+01
1.281018994752053253e+01
1.274554267855868339e+01
1.268029162779559904e+01
1.261443926376142421e+01
1.254799486958047972e+01
1.248096175806431951e+01
1.241334280142855029e+01
1.234514848729424941e+01
1.227638246991060633e+01
1.220704799099332760e+01
1.213715667534226661e+01
1.206671252095378755e+01
1.199571912161167653e+01
1.192418922901189404e+01
1.185212719647321400e+01
1.177953696656740590e+01
1.170643242423129138e+01
1.163281827902628152e+01
1.155869882322568643e+01
1.148408907018374947e+01
1.140899407588826975e+01
1.133341848606911029e+01
1.125737843128475824e+01
1.118087930285561349e+01
1.110392610922474077e+01
1.102653609017465186e+01
1.094871496367372998e+01
1.087046810953554399e+01
1.079181386545572963e+01
1.071275826868096992e+01
1.063330706590375030e+01
1.055347967342893867e+01
1.047328244602371505e+01
1.039272147836236471e+01
1.031181725730068344e+01
1.023057646588151748e+01
1.014900553048252263e+01
1.006712603136413442e+01
9.984944995567081705e+00
9.902469182531982383e+00
9.819721289996573788e+00
9.736708682363710565e+00
9.653438458757939600e+00
9.569934380073291891e+00
9.486204095142204196e+00
9.402255020717388945e+00
9.318111792797560966e+00
9.233782254315851645e+00
9.149274070095152922e+00
9.064612470401291588e+00
8.979805404946606728e+00
8.894860691380072737e+00
8.809803897697593200e+00
8.724643033017269289e+00
8.639385992352192289e+00
8.554058543603581199e+00
8.468668749715178024e+00
8.383224555289940483e+00
8.297751905373486281e+00
8.212258923085277829e+00
8.126753611014944312e+00
8.041262100061693729e+00
7.955792560460305474e+00
7.870353062171764336e+00
7.784969878879666183e+00
7.699651187031509636e+00
7.614405107702445719e+00
7.529257939590046966e+00
7.444217810004969849e+00
7.359292848323193859e+00
7.274509218458625526e+00
7.189874945815937224e+00
7.105398115217946398e+00
7.021104596395246311e+00
6.937002268927537685e+00
6.853099124772595196e+00
6.769420597425436448e+00
6.685974381677195488e+00
6.602768334989304044e+00
6.519827323072415304e+00
6.437158817679171641e+00
6.354770501243200975e+00
6.272686543384573987e+00
6.190914157051363276e+00
6.109460807531037929e+00
6.028349849872555843e+00
5.947588209904742129e+00
5.867183096421134891e+00
5.787156953987527608e+00
5.707516401703624176e+00
5.628268361530454733e+00
5.549434296415364898e+00
5.471020502634804217e+00
5.393033594778892770e+00
5.315493993616980717e+00
5.238407652492329092e+00
5.161780861729559078e+00
5.085632930189897927e+00
5.009969440737428670e+00
4.934796338424854767e+00
4.860131732453869979e+00
4.785980803624984681e+00
4.712349123799554285e+00
4.639253505646739661e+00
4.566698699539712081e+00
4.494689873283736148e+00
4.423242456049909066e+00
4.352360748362062104e+00
4.282049487149924616e+00
4.212322656201402893e+00
4.143184096704979780e+00
4.074638096686054922e+00
4.006697160675281033e+00
3.939364668117929291e+00
3.872644449039879699e+00
3.806547515670982040e+00
3.741076786812483235e+00
3.676235631387969160e+00
3.612033567865605921e+00
3.548473057070560266e+00
3.485557006721448747e+00
3.423293446411917351e+00
3.361684383031906975e+00
3.300732264704710150e+00
3.240443642551436909e+00
3.180820075215021969e+00
3.121863554624089154e+00
3.063579169772136623e+00
3.005968038189799074e+00
2.949031700989382720e+00
2.892773806661586899e+00
2.837195039732934188e+00
2.782296497497243504e+00
2.728080413606690513e+00
2.674547048730937071e+00
2.621697064469377114e+00
2.569531309537173680e+00
2.518049631893060081e+00
2.467252266813618533e+00
2.417138714694333057e+00
2.367708425229725133e+00
2.318961218892898302e+00
2.270895294412148768e+00
2.223509721660372751e+00
2.176803921052015589e+00
2.130774848088959672e+00
2.085421214844188853e+00
2.040742060122693768e+00
1.996733165340242699e+00
1.953392909110623910e+00
1.910719970357243280e+00
1.868709032958129512e+00
1.827358167308403614e+00
1.786665716399082893e+00
1.746625346698697845e+00
1.707234845493277309e+00
1.668492244831839333e+00
1.630390274501090531e+00
1.592926463184177299e+00
1.556098557105127567e+00
1.519898429095180248e+00
1.484323373121776868e+00
1.449370874330544678e+00
1.415032026966627221e+00
1.381303913800999483e+00
1.348183783167685057e+00
1.315662028190383914e+00
1.283735543925675460e+00
1.252401365829660662e+00
1.221649263213332670e+00
1.191475967117413992e+00
1.161878323957658665e+00
1.132845556986380231e+00
1.104374257216468980e+00
1.076461105955568431e+00
1.049094858771719041e+00
1.022271990788207630e+00
9.959890422994912562e-01
9.702343798337591529e-01
9.450043865917627794e-01
9.202954860274966675e-01
8.960957336973738308e-01
8.724014442414584902e-01
8.492089482792528621e-01
8.265060666724315386e-01
8.042890678039528174e-01
7.825542129171151329e-01
7.612891613145458258e-01
7.404901559981096337e-01
7.201534113025556127e-01
7.002664937882647767e-01
6.808256403198346129e-01
6.618270394112322208e-01
6.432582286501734581e-01
6.251154563619738536e-01
6.073949047166168347e-01
5.900841408912179675e-01
5.731794407585806272e-01
5.566769979764198961e-01
5.405644629771267917e-01
5.248381539480000413e-01
5.094942923416980740e-01
4.945206611389074136e-01
4.799136344406273458e-01
4.656694764574271228e-01
4.517761480860196244e-01
4.382300918288213332e-01
4.250276284178515773e-01
4.121569383040911694e-01
3.996145437333860073e-01
3.873968345816369285e-01
3.754922487041465473e-01
3.638973982104859450e-01
3.526087535797369221e-01
3.416150439400296723e-01
3.309129800967807178e-01
3.204991233671532491e-01
3.103625238464842173e-01
3.004999985480460989e-01
2.909082085784211458e-01
2.815765504081165771e-01
2.725019534542417188e-01
2.636811862457166811e-01
2.551040127426443260e-01
2.467674796821386907e-01
2.386684693265325452e-01
2.307971300478358079e-01
2.231506296074261264e-01
2.157259690208576663e-01
2.085136940094098335e-01
2.015110959477487140e-01
1.947152983983709562e-01
1.881172536802514228e-01
1.817143783685998271e-01
1.755039212352519640e-01
1.694772471034947103e-01
1.636318984472364124e-01
1.579652508903104935e-01
1.524690846754164775e-01
1.471410680818153738e-01
1.419787043204250032e-01
1.369741892918219794e-01
1.321253162738421638e-01
1.274297159917942568e-01
1.228799978301464702e-01
1.184740786081238950e-01
1.142097157674063501e-01
1.100799278107563034e-01
1.060827530472358698e-01
1.022160741791377780e-01
9.847331246595249221e-02
9.485262511615534520e-02
9.135201803772877160e-02
8.796530707679180161e-02
8.469076527026382639e-02
8.152651913276698359e-02
7.846676930934190497e-02
7.550990117632468135e-02
7.265415876777166215e-02
6.989411632426714704e-02
6.722826772119609717e-02
6.465497099730242725e-02
6.216916158560760464e-02
5.976943773795372061e-02
5.745426762244115748e-02
5.521893448695101847e-02
5.306213662242607876e-02
5.098244816157222054e-02
4.897548603695438263e-02
4.704004408791238184e-02
4.517479802733225663e-02
4.337568379373452770e-02
4.164158618390556565e-02
3.997127794949974222e-02
3.836099898574364675e-02
3.680972040098580422e-02
3.531630734057859822e-02
3.387728838936251985e-02
3.249171630588110204e-02
3.115854392571188597e-02
2.987457317142729399e-02
2.863893380999196769e-02
2.745066164515341106e-02
2.630681661931440901e-02
2.520660091691925841e-02
2.414912860540847916e-02
2.313170247000913976e-02
2.215359259999196903e-02
2.121398667246381445e-02
2.031041537456832954e-02
1.944221228984878425e-02
1.860863413064007404e-02
1.780742486416884290e-02
1.703797728029552566e-02
1.629961265662842329e-02
1.559027400834434550e-02
1.490940918382318604e-02
1.425639968094597268e-02
1.362937377924869874e-02
1.302783039287370298e-02
1.245120703624491738e-02
1.189780396648253309e-02
1.136716733807624849e-02
1.085878663244713160e-02
1.037112133366463636e-02
9.903761188128136841e-03
9.456243759494996001e-03
9.027175576143625993e-03
8.616186511700339723e-03
8.222858501361640995e-03
7.845933528284347938e-03
7.485078316165424614e-03
7.139915643447753563e-03
6.809311969718599006e-03
6.492967779991673342e-03
6.190543356992174277e-03
5.901019279659572812e-03
5.624126892422972451e-03
5.359560837089210640e-03
5.106406077489981411e-03
4.864422099178338475e-03
4.633334952516252742e-03
4.412324867222729846e-03
4.201176931104972680e-03
3.999645844273799766e-03
3.806998584630037763e-03
3.623043478169133032e-03
3.447561301512966532e-03
3.279897845671410003e-03
3.119882480690848708e-03
2.967319664149115424e-03
2.821626627158002869e-03
2.682651754327270224e-03
2.550220958334315727e-03
2.423816078776665824e-03
2.303302644003412791e-03
2.188525958642580007e-03
2.079026160213534591e-03
1.974684201709681498e-03
1.875362873424106253e-03
1.780654800569282962e-03
1.690454785540550448e-03
1.604641349524784733e-03
1.522854273329912441e-03
1.445000768836616004e-03
1.370973479080936537e-03
1.300454462130966890e-03
1.233362026038077293e-03
1.169601465489668660e-03
1.108892664872762959e-03
1.051163833188730173e-03
9.963315773721340834e-04
9.441495570806937793e-04
8.945547970728265656e-04
8.474739991109077851e-04
8.026909194325656735e-04
7.601504157782302228e-04
7.197881803558566199e-04
6.814147329489741696e-04
6.449818766567539004e-04
6.104332942077364760e-04
5.776032561117891038e-04
5.464497113091203954e-04
5.169234296073327512e-04
4.888797154867176222e-04
4.622819454346332926e-04
4.370871620010087022e-04
4.131692599327524743e-04
3.904963995038127317e-04
3.690311638553771538e-04
3.486638453354374244e-04
3.293668123541481328e-04
3.111075320862645086e-04
2.937907318028495376e-04
2.773924744317256795e-04
2.618845238893448713e-04
2.471842896538485514e-04
2.332710718977054100e-04
2.201204071989235327e-04
2.076608255838058011e-04
1.958744582581952137e-04
1.847401478553030300e-04
1.741961566341144758e-04
1.642270867880454713e-04
1.548146724911331998e-04
1.459056767625850658e-04
1.374868543705495729e-04
1.295424636003137786e-04
1.220266782957522616e-04
1.149281248298280147e-04
1.082332606195585730e-04
1.019027077828094270e-04
9.592671690755341207e-05
9.029365773668354288e-05
8.496975245268411031e-05
7.994665850158856754e-05
7.521440538473947782e-05
7.074406950071658216e-05
6.652852458631271367e-05
6.255923796182343184e-05
5.881148579117161557e-05
5.527919137154691583e-05
5.195506522961564045e-05
4.881801024739720212e-05
4.586285371090953055e-05
4.308337906077704403e-05
4.046161517529494570e-05
3.799316649542617023e-05
3.567274067491598544e-05
3.348505597381386999e-05
3.142638370953694310e-05
2.949222617197654815e-05
2.766961107917475498e-05
2.595538094029931225e-05
2.434572000340004893e-05
2.282963553783931603e-05
2.140445839519561523e-05
2.006695700245999901e-05
1.880783230251932884e-05
1.762483190356492482e-05
1.651522373781128466e-05
1.547115521507890626e-05
1.449072897714706906e-05
1.357163929006233042e-05
1.270726671622852382e-05
1.189601582651894800e-05
1.113594412285403806e-05
1.042148164932423226e-05
9.751289318722938945e-06
9.123733574913623734e-06
8.534136152559400904e-06
7.981375265932240962e-06
7.464079687296590215e-06
6.978327610705321535e-06
6.523181207080809254e-06
6.097491653496647355e-06
5.697978019068135654e-06
5.323858040755628152e-06
4.974171198324558120e-06
4.646178959854705471e-06
4.339230552014515361e-06
4.052524720355809368e-06
3.783781772454068568e-06
3.532462117329316422e-06
3.297899142368009844e-06
3.078201484409670349e-06
2.872923740095280818e-06
2.681513172615726884e-06
2.502407724890076649e-06
2.335242126825694733e-06
2.179560145939801703e-06
2.034080221617193807e-06
1.898505810232705592e-06
1.772462830217841865e-06
1.654910620738474676e-06
1.545612386585105062e-06
1.444264566480158291e-06
1.350036267627773329e-06
1.262743742322958481e-06
1.182144781737116236e-06
1.107595067332958478e-06
1.038959449074750757e-06
9.760499059932580791e-07
9.183937681176691986e-07
8.659030303299738849e-07
8.184359939324753693e-07
7.756834613234893764e-07
7.376117479312481224e-07
7.040728179189554996e-07
6.749529388746110254e-07
6.503924105153202833e-07
6.299390629490411517e-07
6.140510406216868561e-07
6.039799798718749040e-07
5.947584284200898831e-07
5.863401338136164395e-07
5.925340697782414470e-07
5.600444722307661859e-07
4.827413577399294883e-07
5.451950715312148058e-07
