4.904729528494999690e-07
8.397477674864327426e-07
-1.407220106562229062e-06
-2.252960937724840752e-06
1.057149279077571851e-06
5.002764426911594758e-06
-4.567151819559045032e-06
-1.034007564096972402e-05
1.133311074907451592e-05
5.290718057087855716e-06
-2.389471395514908205e-05
-2.884178244701797838e-05
1.171157481043565856e-04
1.259854664138167560e-04
-2.371967548540252174e-04
-1.183129616113626692e-05
6.712222089123085324e-04
6.677743867984040635e-04
-9.924069562938799514e-04
-7.660109479659490310e-04
3.682673953538395401e-03
-2.018668668938310064e-03
-7.687917826997294271e-03
7.405627648521234674e-03
5.992909984643751339e-03
-1.022736265338949598e-03
4.229804681629126956e-02
4.171187948552751434e-02
-2.589691610041039774e-02
-8.673542881290078471e-03
-6.535870595694888430e-02
2.537177261368619985e-01
1.387047418049203396e+00
-1.117384464042903147e+00
-3.624112404386740760e+00
2.073109795899718277e-01
1.517492567066550535e+01
1.802869263270567046e+01
-2.200687387854474153e-01
-6.786965637668676266e+01
-8.505249116041947843e+01
2.416944595142506103e+01
1.440814743273975864e+02
3.923053180918901717e+02
9.710124858892302200e+02
2.446601379557449036e+03
6.620547964021261578e+03
1.360784806411646423e+04
2.434114198115823456e+04
3.577223424000200612e+04
4.566113488135908847e+04
5.086787893686411553e+04
4.921749124056140863e+04
4.307371674267639901e+04
3.352373903807887837e+04
2.465469648547580800e+04
1.689288534954909119e+04
1.123418578668819100e+04
7.546584792474796814e+03
4.955252744617502685e+03
3.362775448898233662e+03
2.275549247326125169e+03
1.612314123419839689e+03
1.251124263577169813e+03
9.778701621047285926e+02
8.085204127051471232e+02
7.068481499540212099e+02
6.246248492894455921e+02
5.590867012370964630e+02
4.984463902991417967e+02
4.773939943184060439e+02
5.050471811351303586e+02
5.502426103938861388e+02
5.571608333431034907e+02
5.342955520950780510e+02
4.799332567055940331e+02
4.394527436397231668e+02
4.271671511874394014e+02
4.459295528257360388e+02
4.567236938329324971e+02
4.461786067735844199e+02
3.844802591373639302e+02
2.816322240578609239e+02
1.708778518644764404e+02
8.060021967903652751e+01
3.934468034290645022e+01
2.584738362601576256e+01
3.279431444949697294e+01
3.368468536911701960e+01
2.892591231665264218e+01
1.734534793925924845e+01
6.769682400791648291e+00
3.459841429021212611e-01
-1.336605307878612425e+00
-8.402273477021832138e-01
-4.596843857542582713e-03
3.535907175869314467e-01
9.211029650554196369e-02
-3.993772789033265408e-02
-5.139403951576810431e-02
-1.134302117705038304e-02
1.674631786615971007e-02
1.013585073373880416e-02
-5.041339235265391086e-03
-4.277213638671517777e-03
1.126431572234906598e-03
3.719256572952408602e-04
2.829594992132585668e-04
7.648882066686636270e-05
-1.354383543426658184e-04
-2.720280240785297974e-05
5.586278757833006197e-05
-5.943199055269130929e-06
-7.399690929208198247e-06
2.451925930082036431e-06
-2.135897384057494474e-06
2.926867067576864540e-06
4.044575943864867091e-06
6.649613267002956983e-07
-7.097394378210465824e-07
-6.263217547520326661e-07
-7.881723671224287985e-08
3.311266769771299423e-07
2.734788534585840672e-07
9.968688503928056161e-08
-6.773156301879983367e-08
-3.858244774008512592e-08
5.668492902446822244e-08
2.185086520900967270e-08
-2.539805001118831881e-08
1.434321077541579069e-10
1.178896555277303233e-08
7.605542952008453558e-09
-1.222832148929611400e-09
-2.779447919524798171e-09
-7.453739814493149682e-10
-1.445026897883007998e-09
-3.584626225395742921e-11
1.422845478092497343e-09
8.252901520162698006e-10
-4.490645042819502119e-10
-6.565452447909211938e-10
4.326311385822146486e-11
2.139684886661840638e-10
5.702189326525580164e-11
4.779564003260762382e-11
-9.248300573164007211e-12
-4.640627438428062723e-11
-3.848541370268076939e-11
1.297933326798066211e-11
2.677225144885920886e-11
-2.867601929399120092e-12
-7.721774961296646242e-12
6.969265058814625045e-13
-2.189032526900973187e-12
-1.303174285397186765e-12
1.889320229450148089e-12
1.602457391187639961e-12
-7.062354628718742649e-13
-6.974451673118660890e-13
5.801820782368412870e-13
1.281740859274528053e-14
