6.075028825629017812e-16
1.252532768399672661e-04
2.505637871319765482e-04
3.751732532935687036e-04
5.004420485658629507e-04
6.250316153446263409e-04
7.503545319442057578e-04
8.749749077254509455e-04
1.000271172902054929e-03
1.125587236838082508e-03
1.250219438934964226e-03
1.375535366263166926e-03
1.500167828137127400e-03
1.625493090453048687e-03
1.750130905241340787e-03
1.875470712304123195e-03
2.000097348984854195e-03
2.125419612340297311e-03
2.250057400297331058e-03
2.375392062436006493e-03
2.500025387334247912e-03
2.625356879618753834e-03
2.750008238441146134e-03
2.875354943005998046e-03
3.000020137696026400e-03
3.125361743288171575e-03
3.250001683062114007e-03
3.375333964685101225e-03
3.499980648506794030e-03
3.625312759235129953e-03
3.749958965402741540e-03
3.875291612657622876e-03
3.999950480634168262e-03
4.125310808143307570e-03
4.249959570919484633e-03
4.375303663792524944e-03
4.499949454563863596e-03
4.625288648902379715e-03
4.749922376809718148e-03
4.875241952872656423e-03
4.999878145043133021e-03
5.125225184739841226e-03
5.249859740353280367e-03
5.375177688350345553e-03
5.499801508980198608e-03
5.625113597080637698e-03
5.749718063550800055e-03
5.874990596839459872e-03
6.000280120356849684e-03
6.124872775868922016e-03
6.250167320726307540e-03
6.374729308814261475e-03
6.499934346952132569e-03
6.625152066215028723e-03
6.749684400997705246e-03
6.874877988984085322e-03
6.999996520920725475e-03
7.125086573597649506e-03
7.249446887277835073e-03
7.374497798526512965e-03
7.499457579863383176e-03
7.624323487513253415e-03
7.749116930725614971e-03
7.874486523600216989e-03
7.999059857871207435e-03
8.124099146178721115e-03
8.248286631694964205e-03
8.372929724544947785e-03
8.497291562687792760e-03
8.621831672565164958e-03
8.745874031318318434e-03
8.869277721578021356e-03
8.992802429146138157e-03
9.115268234364638095e-03
9.236322735388430641e-03
9.356987443858502673e-03
9.475775413207107936e-03
9.593147376192915146e-03
9.708187133176291242e-03
9.819612978554291549e-03
9.928225248153683957e-03
1.003226261982511497e-02
1.013098796754032145e-02
1.022245866113672894e-02
1.030606840332635651e-02
1.037988967803676540e-02
1.044274538926518239e-02
1.049309510458525802e-02
1.053259999684500944e-02
1.056208312981644047e-02
1.057812714795557628e-02
1.058019498310265941e-02
1.057376167178879743e-02
1.056216737606112573e-02
1.054170474623437881e-02
1.051704692591826779e-02
1.048907991460243730e-02
1.046385828346015068e-02
1.043660123742450908e-02
1.040878238410717499e-02
1.038240891767970749e-02
1.035374631763339923e-02
1.031303113346660090e-02
1.027194802140869549e-02
1.022978112452891872e-02
1.016765387093475012e-02
1.009615344033548689e-02
1.000957994379452626e-02
9.922929653799091726e-03
9.835673661093034120e-03
9.747537628608353433e-03
9.668533331384749491e-03
9.588449148167322786e-03
9.511808127712169034e-03
9.442945840603143848e-03
9.393418252009714045e-03
9.358966104493516083e-03
9.333378192546044894e-03
9.311400450617984825e-03
9.300757082893476579e-03
9.298873912313418422e-03
9.303528069172584472e-03
9.319915988579166241e-03
9.346297453773133590e-03
9.381035223117568933e-03
9.424389265278360073e-03
9.473411368369257998e-03
9.531789078295591078e-03
9.588062976605069010e-03
9.642412518375730740e-03
9.695359749437902977e-03
9.743908311966163749e-03
9.794337890709266942e-03
9.844991674017427793e-03
9.893014798420548747e-03
9.936061730638351408e-03
9.974230493408248882e-03
1.001246457203557559e-02
1.004658874798306303e-02
1.007661240922250179e-02
1.010968012014662291e-02
1.015312637132329346e-02
1.019535419845269200e-02
1.023495932051538861e-02
1.027702347623311169e-02
1.033075188073162218e-02
1.039251894150484273e-02
1.045404078223114916e-02
1.052070634111495866e-02
1.059145185829806456e-02
1.066582194159923155e-02
1.074086432162155158e-02
1.081561501287429082e-02
1.089382715810101321e-02
1.097368496443252434e-02
1.105120930074055506e-02
1.112355676556093034e-02
1.119180958141387933e-02
1.125460920833814063e-02
1.131033407871173506e-02
1.136295352287815426e-02
1.141511251343807487e-02
1.146465615786919703e-02
1.151324044873559826e-02
1.156137499803515378e-02
1.161351589640715297e-02
1.166973510560132335e-02
1.173037601971564300e-02
1.179058318006516622e-02
1.185187054722966482e-02
1.191432024226899908e-02
1.197752093115758525e-02
1.204124293092879300e-02
1.210446499116651226e-02
1.216677730533347046e-02
1.222737249456632737e-02
1.229076626864646776e-02
1.235557693692250665e-02
1.242127006515329410e-02
1.248955463761589231e-02
1.256082251069788949e-02
1.263489203718298759e-02
1.270826349535495413e-02
1.277777972762407337e-02
1.284310219016311823e-02
1.290521524131483383e-02
1.296450696545386506e-02
1.302373670944387621e-02
1.308330303644483425e-02
1.314375871546890132e-02
1.320943707955534591e-02
1.328285304246368606e-02
1.336485145715266346e-02
1.345172663759795079e-02
1.353589419250521286e-02
1.361733765522508618e-02
1.369941993333885152e-02
1.378410487771794535e-02
1.387360729216439471e-02
1.396813587620482355e-02
1.406359748348198248e-02
1.415755142054285314e-02
1.424845728495009560e-02
1.433713736152072635e-02
1.442421861516271844e-02
1.450747198417348845e-02
1.458855293206003448e-02
1.466926195183838356e-02
1.475097811391793551e-02
1.483321841023503389e-02
1.491623837429982384e-02
1.500078238524097177e-02
1.508776439316050419e-02
1.517606311133255434e-02
1.526485815217635232e-02
1.535332981608687059e-02
1.544174221473397154e-02
1.553022503628870982e-02
1.561958476783738975e-02
1.571018625302976132e-02
1.580204204945835633e-02
1.589510442000236640e-02
1.598829832593417349e-02
1.608195004251278953e-02
1.617602989587271778e-02
1.627055877680637364e-02
1.636450252347915885e-02
1.645689347860412183e-02
1.654787105882431913e-02
1.663728382988989216e-02
1.672582199884984147e-02
1.681446087678161935e-02
1.690230936324336672e-02
1.698923842978870488e-02
1.707530216671909046e-02
1.716081287206304429e-02
1.724644772731631637e-02
1.733154039709861732e-02
1.741539343348251154e-02
1.749732533234775456e-02
1.757683400821419273e-02
1.765435786295411688e-02
1.772982530930217182e-02
1.780488057298742002e-02
1.787949710894993355e-02
1.795254572110250441e-02
1.802331991406216916e-02
1.809066322163694479e-02
1.815580238201772861e-02
1.821960194532899410e-02
1.828293419757888796e-02
1.834664479616981633e-02
1.841216122954274573e-02
1.848080907663118833e-02
1.855069762697194452e-02
1.862229834324085481e-02
1.869847513981972437e-02
1.878478972397571237e-02
1.888153867923439769e-02
1.897696277650511715e-02
1.906159020685711109e-02
1.913651667285665159e-02
1.920462188971399503e-02
1.927035326769383633e-02
1.933605030920438131e-02
1.940717554515349053e-02
1.948977265697217354e-02
1.958001755202213451e-02
1.966644885348431751e-02
1.975382269441313884e-02
1.985818335898979770e-02
1.997499661559819228e-02
2.008664879599713488e-02
2.019094419109213057e-02
2.029338424073069344e-02
2.039490043138551464e-02
2.049548473737312221e-02
2.059812042300952079e-02
2.070209458020792759e-02
2.080661501786400941e-02
2.091279866588127007e-02
2.102359457817078864e-02
2.113817181795041300e-02
2.125470745194591587e-02
2.137085601792368394e-02
2.148643753057594488e-02
2.160213144216545714e-02
2.171754164763218392e-02
2.183364405388329640e-02
2.194854249180120190e-02
2.206313735148699579e-02
2.217652485368169432e-02
2.228876619377418919e-02
2.240052664108698605e-02
2.251287489155721910e-02
2.262581457140239172e-02
2.273870600235054079e-02
2.285209765750597505e-02
2.296518206841561410e-02
2.307764842291323837e-02
2.318957009580657758e-02
2.330076135602407797e-02
2.341214708457970209e-02
2.352211437589234178e-02
2.363132912535190200e-02
2.373962957284141140e-02
2.384838080269941277e-02
2.395654589800065570e-02
2.406549073222653129e-02
2.417484179224929988e-02
2.428448295848950611e-02
2.439520467474581150e-02
2.450571150178613294e-02
2.461563037608360816e-02
2.472589689051817030e-02
2.483585177366991192e-02
2.494426244284347893e-02
2.505169381463463740e-02
2.515894385253429275e-02
2.526675567683376103e-02
2.537326376237341793e-02
2.547797869382477376e-02
2.558230335472341799e-02
2.568663148459195134e-02
2.579091391904938385e-02
2.589596459326964917e-02
2.600346718966330128e-02
2.611493924791245466e-02
2.622809847552694251e-02
2.634242733063191927e-02
2.645587437184641899e-02
2.656823693990038870e-02
2.667941088793144427e-02
2.679162570714151842e-02
2.690348143740843578e-02
2.701762031089439964e-02
2.713241786329620778e-02
2.724667176019945555e-02
2.736013007277231929e-02
2.747247251943988472e-02
2.758434936697232165e-02
2.769500776042866513e-02
2.780281601854639115e-02
2.790734773066147131e-02
2.801000192471794770e-02
2.811131965175122510e-02
2.821147495662253146e-02
2.831126212016285559e-02
2.841090325992919399e-02
2.851047312333581524e-02
2.861052916460043311e-02
2.871139714179905128e-02
2.881339073048416050e-02
2.891735950372042313e-02
2.902530454250789455e-02
2.913917101019417033e-02
2.925491035432941506e-02
2.937185777180074953e-02
2.948512457913181339e-02
2.959417716806211560e-02
2.970059618333973153e-02
2.980833633991319953e-02
2.992884734187770124e-02
3.005338116403652449e-02
3.016616550430689658e-02
3.026627946188976265e-02
3.035796054980486811e-02
3.045144210488906489e-02
3.054858991222275666e-02
3.064292260189236186e-02
3.073040034831130835e-02
3.081791628859323687e-02
3.090571170795643197e-02
3.098971181829028587e-02
3.106428508439133818e-02
3.113343324630575559e-02
3.119040605024614790e-02
3.124539575578315007e-02
3.133415542104971835e-02
3.144031209154037054e-02
3.154056643497837875e-02
3.162025041290891791e-02
3.167669676387620953e-02
3.171913415971425176e-02
3.177513857674123948e-02
3.184729355081743901e-02
3.190303819325900070e-02
3.194286174639801579e-02
3.202462906070786819e-02
3.216335731302776696e-02
3.234442491354028171e-02
3.250227421562697228e-02
3.262390877099181907e-02
3.273005697306782119e-02
3.284432743576909397e-02
3.293779085068806317e-02
3.300729937630904332e-02
3.311590792652308046e-02
3.324386041899993205e-02
3.337787407147522339e-02
3.351365223755957412e-02
3.363714285718545638e-02
3.374708604750317059e-02
3.385444761732214758e-02
3.396543763317233511e-02
3.407497807001498569e-02
3.417705596217679442e-02
3.427719820504267212e-02
3.438450708773505005e-02
3.449131125254918662e-02
3.458533476266185958e-02
3.467082602321137907e-02
3.474433512443758643e-02
3.481076385269508966e-02
3.487515497965516797e-02
3.493948837230762688e-02
3.501717591971956894e-02
3.509233768856065416e-02
3.516769749800194300e-02
3.526353339593948921e-02
3.536063435759472656e-02
3.546631635545027805e-02
3.556004506558980982e-02
3.561567566047585398e-02
3.563136556194568261e-02
3.562329405013116290e-02
3.561954566248702603e-02
3.563435889429877879e-02
3.568050590172311409e-02
3.580574669774318902e-02
3.596849522969305241e-02
3.610875553525835085e-02
3.622151235349586884e-02
3.630302696744422408e-02
3.638339045080091205e-02
3.647180068970915651e-02
3.655409441862549069e-02
3.664051511377316994e-02
3.674558063145857978e-02
3.684585369671673077e-02
3.695759987842761607e-02
3.708338129483857576e-02
3.720268454616915133e-02
3.730752077461713112e-02
3.740830249442096689e-02
3.750045866583653215e-02
3.758758926294138158e-02
3.767952631362265353e-02
3.777302189968317903e-02
3.786360642873834448e-02
3.795371594329795956e-02
3.804197722367087808e-02
3.813236273741592991e-02
3.822930331249092817e-02
3.832827896300143589e-02
3.842631809262581077e-02
3.852041640184260957e-02
3.860793152765552155e-02
3.868979087376843429e-02
3.877122292759302424e-02
3.885599292250890152e-02
3.894644688048425063e-02
3.903917416078360458e-02
3.913343238934072210e-02
3.922905331733954337e-02
3.932445626345486972e-02
3.942129396982349543e-02
3.952328454736273727e-02
3.962729947987898849e-02
3.972986017209554493e-02
3.983007010321301666e-02
3.993029133046023527e-02
4.003254481941671827e-02
4.013603437456649686e-02
4.023722035330172531e-02
4.033592522774977207e-02
4.043710541499753730e-02
4.053922127959142668e-02
4.064038270345454729e-02
4.073471790664651149e-02
4.082001426217421458e-02
4.090352937089475338e-02
4.098937254644957617e-02
4.107711472646410900e-02
4.116179821177130133e-02
4.123883004534270591e-02
4.129739291126945100e-02
4.133359952814570637e-02
4.135109251572237354e-02
4.135151519629771261e-02
4.133319194551018927e-02
4.127552100941031532e-02
4.115123926993289466e-02
4.099555337335871602e-02
4.096824412912741797e-02
4.110654615971841286e-02
4.121820906605259266e-02
4.123861477397107456e-02
4.124991465077469666e-02
4.127357673469150834e-02
4.128768012955586625e-02
