3.997605216701457555e-04
3.997608151824616615e-04
3.997607547839285898e-04
3.997607629668895176e-04
3.997607420721980501e-04
3.997607488645960202e-04
3.997607619164615439e-04
3.997607701276942359e-04
3.997607864914781532e-04
3.997607861112228642e-04
3.997607905558975814e-04
3.997607871623877159e-04
3.997607850445619444e-04
3.997607848502658136e-04
3.997607863453562149e-04
3.997607885939199091e-04
3.997607981354603726e-04
3.997607967986449486e-04
3.997608090737375663e-04
3.997608001779649387e-04
3.997608096167111101e-04
3.997608002210587767e-04
3.997608070629842403e-04
3.997608049533711377e-04
3.997608085253192677e-04
3.997608138712979188e-04
3.997608135720199011e-04
3.997608225197355706e-04
3.997608182775288328e-04
3.997608232086297163e-04
3.997608155684351412e-04
3.997608153090835732e-04
3.997608123802255707e-04
3.997608145538907357e-04
3.997608203155602518e-04
3.997608245137940263e-04
3.997608300499556162e-04
3.997608299654708424e-04
3.997608295308415676e-04
3.997608273099975077e-04
3.997608249796622015e-04
3.997608247025219658e-04
3.997608242895928348e-04
3.997608267884589662e-04
3.997608302838805291e-04
3.997608349653909710e-04
3.997608383364969912e-04
3.997608393655771868e-04
3.997608370542247427e-04
3.997608341177099418e-04
3.997608316038099921e-04
3.997608318153777888e-04
3.997608346753805508e-04
3.997608372527226448e-04
3.997608414472556579e-04
3.997608414922721115e-04
3.997608431691710741e-04
3.997608409222324364e-04
3.997608400374343422e-04
3.997608373491724027e-04
3.997608361738827195e-04
3.997608365458947652e-04
3.997608388510857425e-04
3.997608434068867372e-04
3.997608458134028044e-04
3.997608478077452126e-04
3.997608444189317315e-04
3.997608429794659432e-04
3.997608393395779103e-04
3.997608402171949540e-04
3.997608419370663781e-04
3.997608435019820014e-04
3.997608485636918417e-04
3.997608471394619670e-04
3.997608522880582516e-04
3.997608480621415972e-04
3.997608497093970087e-04
3.997608447963199021e-04
3.997608436680489229e-04
3.997608438496404269e-04
3.997608447567386624e-04
3.997608507765289601e-04
3.997608516545596812e-04
3.997608554902950129e-04
3.997608515347717125e-04
3.997608514053927289e-04
3.997608471690212756e-04
3.997608479499169688e-04
3.997608474458889428e-04
3.997608491515997108e-04
3.997608516734769491e-04
3.997608529153168049e-04
3.997608572168234384e-04
3.997608559614381028e-04
3.997608570984080155e-04
3.997608526242669600e-04
3.997608511100999131e-04
3.997608500494325714e-04
3.997608516285545499e-04
3.997608559943484634e-04
3.997608578610404857e-04
3.997608608360283091e-04
3.997608593291955646e-04
3.997608595108344482e-04
3.997608567588286851e-04
3.997608571367604205e-04
3.997608553128624543e-04
3.997608568298596484e-04
3.997608576782321816e-04
3.997608610359340477e-04
3.997608641057339958e-04
3.997608656766036780e-04
3.997608655582026208e-04
3.997608630464619681e-04
3.997608604894496405e-04
3.997608598104083989e-04
3.997608610821821551e-04
3.997608639169142244e-04
3.997608677659132519e-04
3.997608682123339301e-04
3.997608718863478227e-04
3.997608688557293148e-04
3.997608723559871783e-04
3.997608682445537081e-04
3.997608696760648677e-04
3.997608685429493479e-04
3.997608694450700655e-04
3.997608753198751566e-04
3.997608759357763669e-04
3.997608831686214406e-04
3.997608797689864834e-04
3.997608820373848974e-04
3.997608785876812128e-04
3.997608794865435775e-04
3.997608810859595982e-04
3.997608833337728618e-04
3.997608873554663760e-04
3.997608904338657279e-04
3.997608930866729010e-04
3.997608973377865223e-04
3.997608973469797978e-04
3.997609002431728488e-04
3.997608991325481273e-04
3.997609007107649054e-04
3.997609046802634092e-04
3.997609076984131584e-04
3.997609180136575853e-04
3.997609190363714542e-04
3.997609282433849695e-04
3.997609259519464462e-04
3.997609328562087101e-04
3.997609331464396570e-04
3.997609404068101844e-04
3.997609449080891456e-04
3.997609523940408912e-04
3.997609598704654271e-04
3.997609693639410941e-04
3.997609777538324149e-04
3.997609880036450238e-04
3.997609937580789540e-04
3.997610027843001308e-04
3.997610104348049806e-04
3.997610214901048311e-04
3.997610376552700661e-04
3.997610495434083264e-04
3.997610719617732339e-04
3.997610810011559745e-04
3.997611048313188067e-04
3.997611156644060009e-04
3.997611402690877912e-04
3.997611579746679572e-04
3.997611840954246650e-04
3.997612074584454387e-04
3.997612407927628956e-04
3.997612684883116579e-04
3.997613127097713226e-04
3.997613411197535344e-04
3.997613919033593164e-04
3.997614250257080929e-04
3.997614789870409992e-04
3.997615296141434986e-04
3.997615890065643845e-04
3.997616594982570000e-04
3.997617267865107992e-04
3.997618096265145361e-04
3.997618940137432405e-04
3.997619850117502759e-04
3.997620928858386271e-04
3.997621995643648287e-04
3.997623291481195796e-04
3.997624671909720106e-04
3.997626136995251298e-04
3.997627967077577757e-04
3.997629673494553252e-04
3.997631932476113006e-04
3.997634038418205809e-04
3.997636645399944583e-04
3.997639370135637731e-04
3.997642534542431513e-04
3.997645985356319083e-04
3.997649893035306874e-04
3.997654109701465910e-04
3.997659048098572520e-04
3.997664099155045017e-04
3.997670309066029431e-04
3.997676650885240591e-04
3.997684150071786858e-04
3.997692349893110101e-04
3.997701599212400174e-04
3.997711989806049878e-04
3.997723640092472851e-04
3.997736527410260211e-04
3.997751239618951109e-04
3.997767023833327183e-04
3.997785668737946431e-04
3.997805892347461982e-04
3.997828943150839040e-04
3.997854831330602461e-04
3.997884093263472192e-04
3.997916558792188099e-04
3.997953456097714771e-04
3.997994025193955261e-04
3.998040584634411426e-04
3.998091917669227557e-04
3.998150523947107825e-04
3.998215616908247852e-04
3.998289352416503129e-04
3.998371982636775030e-04
3.998464641742873653e-04
3.998568406854401819e-04
3.998685449654592076e-04
3.998813752087145099e-04
3.998959406180192843e-04
3.999118362543744231e-04
3.999298793628137255e-04
3.999497834905550698e-04
3.999719540105794069e-04
3.999962511736040614e-04
4.000233404836190569e-04
4.000530213574313805e-04
4.000860318680922218e-04
4.001216399334269142e-04
4.001606939082657990e-04
4.002039285828253414e-04
4.002509143859510148e-04
4.003023172831588969e-04
4.003583894526234347e-04
4.004194097257672601e-04
4.004859943120019951e-04
4.005582781933642012e-04
4.006373676272432290e-04
4.007234401706194276e-04
4.008177793316031385e-04
4.009208695206671960e-04
4.010323792829889730e-04
4.011549350474388114e-04
4.012898074029270005e-04
4.014362498813568410e-04
4.015948063703456226e-04
4.017661577941372556e-04
4.019544393734130264e-04
4.021567259839515878e-04
4.023740380438906765e-04
4.026093273397464076e-04
4.028654681439451310e-04
4.031431196374522471e-04
4.034344983908841591e-04
4.037457099388068026e-04
4.040825680761704662e-04
4.044406250449380591e-04
4.048208407605217128e-04
4.052331521363220553e-04
4.056797047160168139e-04
4.061515723941215702e-04
4.066492999708770520e-04
4.071717126265386255e-04
4.077240309048332052e-04
4.083258908489564160e-04
4.089595249066840083e-04
4.096515745819726299e-04
4.103882682197669551e-04
4.111567322511459270e-04
4.119636359277402621e-04
4.127894460021574010e-04
4.136581264930671762e-04
4.145973918991179225e-04
4.155559649611074535e-04
4.165635478419089932e-04
4.176039172514449437e-04
4.186388430521117217e-04
4.196760603325366129e-04
4.206799842512941572e-04
4.217444358923677660e-04
4.228313317010030676e-04
4.239025611045191657e-04
4.249926673200955709e-04
4.260474416028995747e-04
4.270728509354250078e-04
4.280889930359322638e-04
4.290691447700326262e-04
4.301377029429524681e-04
4.312239037003349432e-04
4.323016295486681402e-04
4.333911299618968061e-04
4.344311873829679086e-04
4.354259209323074363e-04
4.364522937104047809e-04
