5.674688820569237394e-05 8.600536087902678993e-05 1.232081191403622386e-04 1.661449832525120304e-04 2.083054186286294749e-04 2.497294268102854859e-04 2.907217050495184123e-04 3.287481874133593176e-04 3.626594880054469640e-04 3.926547687444267702e-04 4.106282556692316212e-04 4.136788622075276566e-04 4.017200640595983336e-04 3.786060732104692896e-04 3.457081512881992713e-04 3.037547716830532791e-04 2.574560691438713294e-04 2.076536151966678853e-04 1.546227354470625006e-04 1.074860355898999309e-04 6.900905858450907294e-05 4.226006500836892581e-05 3.206950265674117550e-05 3.697926021723397014e-05
1.668246155341333349e-04 1.928279432379492427e-04 2.242687938608198966e-04 2.587476753973347201e-04 2.910362961429076648e-04 3.217913842014202808e-04 3.521315958715156972e-04 3.825309459371926285e-04 4.120287830278076256e-04 4.415734650913601274e-04 4.645452909142728875e-04 4.777893354773540152e-04 4.798357536872541163e-04 4.697052290527762609e-04 4.485411678368710835e-04 4.142802685645557916e-04 3.704297754872662267e-04 3.202220714971302086e-04 2.657163735215522724e-04 2.182912381395805794e-04 1.796803006168268290e-04 1.536511401388800568e-04 1.440643007527016414e-04 1.484390512883562317e-04
3.032665782832347267e-04 3.238852428367350344e-04 3.474346676403438695e-04 3.722158969954673371e-04 3.942828820797800171e-04 4.140192289844334735e-04 4.329506095643504185e-04 4.545591193204971095e-04 4.784797848982732453e-04 5.046777837573076771e-04 5.280194874315125931e-04 5.468285089725633853e-04 5.601596499783243789e-04 5.622000654813760767e-04 5.519573388947143213e-04 5.272346421305244401e-04 4.903363289428380994e-04 4.442273453374805093e-04 3.928315968091641072e-04 3.497835908211408126e-04 3.157042576997816374e-04 2.926849622795807578e-04 2.836163448591994007e-04 2.873705873703635643e-04
4.651321265887408915e-04 4.782146303036430724e-04 4.920867682073064471e-04 5.055193913842089600e-04 5.165676627425424888e-04 5.258124521672270140e-04 5.349248621470189136e-04 5.480860358027374400e-04 5.650185850192318733e-04 5.856687048711798878e-04 6.064227848117158476e-04 6.261300929172072642e-04 6.453130725325370576e-04 6.564896845999593049e-04 6.566434727553425174e-04 6.428883771107200265e-04 6.163737667049261392e-04 5.803688244388723657e-04 5.388407737731446901e-04 5.045030550877383033e-04 4.776262583820654558e-04 4.594917635642934675e-04 4.518768661545140329e-04 4.540926180845907944e-04
6.421966032764072794e-04 6.469659902203833343e-04 6.507495218993725140e-04 6.524849103430687726e-04 6.529474990384398795e-04 6.534580237847801253e-04 6.554144571131130916e-04 6.613879566669952307e-04 6.708376024632546055e-04 6.851372918971791130e-04 7.022273775128586850e-04 7.200474127630354746e-04 7.395465134179131069e-04 7.547377807153156457e-04 7.626764659643140093e-04 7.592992468066256558e-04 7.446484133480949993e-04 7.228013846489523588e-04 6.962082487236382830e-04 6.734843609014311543e-04 6.550514182776501736e-04 6.429948130175880709e-04 6.378350548324985755e-04 6.376602547941743289e-04
8.319924391524078375e-04 8.281519134859336578e-04 8.215500431007243714e-04 8.120849611279179481e-04 8.032521916332572903e-04 7.963187761741841305e-04 7.917933129414998078e-04 7.906369741014985164e-04 7.926615521854760062e-04 7.995795858611282969e-04 8.108853907635007801e-04 8.246978667699122415e-04 8.416554837240639150e-04 8.572664831593501764e-04 8.693951424098672305e-04 8.755493575889749126e-04 8.746643398695270934e-04 8.688772635291155174e-04 8.595497679674459629e-04 8.511991234630806539e-04 8.439694473758340473e-04 8.393716348471655028e-04 8.366694097794914351e-04 8.341064516654915061e-04
1.032171709631111382e-03 1.019494202345204090e-03 1.003191644130489463e-03 9.848652793705196893e-04 9.687215950867760503e-04 9.545615092362015304e-04 9.429071378141240349e-04 9.344210748102985305e-04 9.288020688926502131e-04 9.267753305534618975e-04 9.295489627397203946e-04 9.368004559414719714e-04 9.484382149668269067e-04 9.613812843692573929e-04 9.746942741918101149e-04 9.892046351593069154e-04 1.002787998189505871e-03 1.013908789530173007e-03 1.023616262515668254e-03 1.032411372399111554e-03 1.039411850930515571e-03 1.043914390448051231e-03 1.044237013202441470e-03 1.040522367605757571e-03
1.217482862990383781e-03 1.198137179128044155e-03 1.175214521370500972e-03 1.151300984052366786e-03 1.129304799527827653e-03 1.107609284247002305e-03 1.087497163313061411e-03 1.070643859839947969e-03 1.056325123095806220e-03 1.044613809571079020e-03 1.038591633745682618e-03 1.039212977289145521e-03 1.046412903003004873e-03 1.058436921185319486e-03 1.074765139133904146e-03 1.097402501325477151e-03 1.123212557100597159e-03 1.149144878429399913e-03 1.175727604367244944e-03 1.199527145167084662e-03 1.218870831857877873e-03 1.231410903066802167e-03 1.234830763550032575e-03 1.230705976265782748e-03
1.381856639908477001e-03 1.358740482366158292e-03 1.332095427962240669e-03 1.304338045868859213e-03 1.277078313772907030e-03 1.248436321731212538e-03 1.219631425117060144e-03 1.193351876168580227e-03 1.169274403591866619e-03 1.147945040322513165e-03 1.134319112373364472e-03 1.129502362146441851e-03 1.134287381602361571e-03 1.148246146783769069e-03 1.170443391077594965e-03 1.201622837655231700e-03 1.237635954280038621e-03 1.276356173701743285e-03 1.316906153177389892e-03 1.351917757959763969e-03 1.379812285876083448e-03 1.398164952390578862e-03 1.404024544764876899e-03 1.398832109955288608e-03
1.519764020619055129e-03 1.495335445722521589e-03 1.467182091023221764e-03 1.436383850227457726e-03 1.403978151916114190e-03 1.369230911909850509e-03 1.331593814624445864e-03 1.294955330583014066e-03 1.261159932210815030e-03 1.231958805888646409e-03 1.213571225546816561e-03 1.206319096114629461e-03 1.212425602554985339e-03 1.231791184997084801e-03 1.262159471854428254e-03 1.303009110834285047e-03 1.348638626091281994e-03 1.397668877969690570e-03 1.448353736350726584e-03 1.490507851198594755e-03 1.522482235953481495e-03 1.542036790579831085e-03 1.547130496625895866e-03 1.539323114643316101e-03
1.634806640752824863e-03 1.607652645741257987e-03 1.576334028010985440e-03 1.540957108576749071e-03 1.502712472474713448e-03 1.461890660368857231e-03 1.416750234470768579e-03 1.372567272749340142e-03 1.332841905649282321e-03 1.300009591834921756e-03 1.280943889538564435e-03 1.275500526173318615e-03 1.286247806709813228e-03 1.312416633705776065e-03 1.351182336376487029e-03 1.401999071912274440e-03 1.457071558827497402e-03 1.514347212769946282e-03 1.572216008701084753e-03 1.618792711008125180e-03 1.651725599525338166e-03 1.668549056072412412e-03 1.669677068265401198e-03 1.657713250156635319e-03
1.733714065286357615e-03 1.701570940940766831e-03 1.664823350960531207e-03 1.623490005992136911e-03 1.578914647527026628e-03 1.531526478749195303e-03 1.480605427469551582e-03 1.432815179102768250e-03 1.391097034309493607e-03 1.358025776935602343e-03 1.341129249515398509e-03 1.340341949047774064e-03 1.357196789226401213e-03 1.390255135037534286e-03 1.437504527782918753e-03 1.497595171220028609e-03 1.560637978222955248e-03 1.624686382658921445e-03 1.688006361095116623e-03 1.737012792341757761e-03 1.768911326101726099e-03 1.781682376187157957e-03 1.778194936281908643e-03 1.761424923801793675e-03
1.816961260735813549e-03 1.779001621419005986e-03 1.735516612010426160e-03 1.686990135591938476e-03 1.636016440463714233e-03 1.582976372977278881e-03 1.528800287058028470e-03 1.480785533843812559e-03 1.440434209788518573e-03 1.410158964340999096e-03 1.397328916924835086e-03 1.401987791232365806e-03 1.425355047295487300e-03 1.465442723605103964e-03 1.520368706292954484e-03 1.588784934604855516e-03 1.658842105151419688e-03 1.727938510890368899e-03 1.792762457901492159e-03 1.840331410520085979e-03 1.869629550778128223e-03 1.878601301867951785e-03 1.870829090412331336e-03 1.849562635426524673e-03
1.891091410151992790e-03 1.849393425011152964e-03 1.800768103780224332e-03 1.745925715306687097e-03 1.689808365052890152e-03 1.633353152658802198e-03 1.577784321337479239e-03 1.530278946227346844e-03 1.492005142494824774e-03 1.465213454207831868e-03 1.456301270266504612e-03 1.465150509569635318e-03 1.493540962190232019e-03 1.539055551199974012e-03 1.599108794216412164e-03 1.672962860194155549e-03 1.746941818857129791e-03 1.817224857825367260e-03 1.879348864211770158e-03 1.923236358978792481e-03 1.949991295334350602e-03 1.957589764017786133e-03 1.948586051461910235e-03 1.925855495738318206e-03
1.957810608035669489e-03 1.913984640897642550e-03 1.861829371671210043e-03 1.802111891328241804e-03 1.742122162493263881e-03 1.683523081735914398e-03 1.627399806237764127e-03 1.580809135137815295e-03 1.545018177634165405e-03 1.521972410104695771e-03 1.517097490926099922e-03 1.530256496512725269e-03 1.562611497144284064e-03 1.611316300473229855e-03 1.674260105437333675e-03 1.750272921516423047e-03 1.823852191547736161e-03 1.891000386997190473e-03 1.948349437354467356e-03 1.988726920209177643e-03 2.013110098601511317e-03 2.020911188660439502e-03 2.013656336628810283e-03 1.992442041791935448e-03
2.022052824170470029e-03 1.976917434626586801e-03 1.922165137444485031e-03 1.858920275162262783e-03 1.796052383157449150e-03 1.735393630684455620e-03 1.678444471552944118e-03 1.632819325489520733e-03 1.599555878593394553e-03 1.580371666846084764e-03 1.579696706457411892e-03 1.597290133515796634e-03 1.633871803503580793e-03 1.684979220485501245e-03 1.748405030334127105e-03 1.821317170204168065e-03 1.889217610336078011e-03 1.950105736988633253e-03 2.002275630893323669e-03 2.040512254281102219e-03 2.064783180497465221e-03 2.075844168067027175e-03 2.073040831069898615e-03 2.055399282341502463e-03
2.086886736816066096e-03 2.040921940118641149e-03 1.984166990681686740e-03 1.918293483739673486e-03 1.852982243013962232e-03 1.789788614510534094e-03 1.730978285601361775e-03 1.685401193187685467e-03 1.653741628864615568e-03 1.637572620491040392e-03 1.640304630466480869e-03 1.661501451731888564e-03 1.702057088565834229e-03 1.754705553276847364e-03 1.816130845689200093e-03 1.882624088202289716e-03 1.943522932749691982e-03 1.998982140909868685e-03 2.048277295962368585e-03 2.087203072793675750e-03 2.115082113086402121e-03 2.131930029223019600e-03 2.133759511148128427e-03 2.119225843127457362e-03
2.148401268942052959e-03 2.102766036465907821e-03 2.045167406148922298e-03 1.977507444531787124e-03 1.910278263679692293e-03 1.845075167740344024e-03 1.784223508028404430e-03 1.737808738619748454e-03 1.706867326225008311e-03 1.692693234911416596e-03 1.697677373268196383e-03 1.721322746757852559e-03 1.764107270084343130e-03 1.815961463799990435e-03 1.873050920051610871e-03 1.932434451193242291e-03 1.987285390851582095e-03 2.038269371214825910e-03 2.086226262709207739e-03 2.127960452876741237e-03 2.161566867138529999e-03 2.185070622185792798e-03 2.191151483827619151e-03 2.179344257309153311e-03
2.206443151551944811e-03 2.162100398431817620e-03 2.104864847622815380e-03 2.036281712315689968e-03 1.967429823973677189e-03 1.900456913227104418e-03 1.837843381434910595e-03 1.790302194171219810e-03 1.758923938601798624e-03 1.746013792488394605e-03 1.752743483537488444e-03 1.777198409889493890e-03 1.818406087962686022e-03 1.865935708988690879e-03 1.917282820293107932e-03 1.969991858350672153e-03 2.020108186606581809e-03 2.068769156401168742e-03 2.118267583830991431e-03 2.164756077445579782e-03 2.204659357331553108e-03 2.234403995243812967e-03 2.244541595108290842e-03 2.235496119812060024e-03
2.251120333707973698e-03 2.208762918439675840e-03 2.152827150887742357e-03 2.084543956467892634e-03 2.015354317095624515e-03 1.947840967993719414e-03 1.884721666336749892e-03 1.836728883520696420e-03 1.804722352836313042e-03 1.791974225129350706e-03 1.798237420151110140e-03 1.820157426972940492e-03 1.855714081475375770e-03 1.896557408004855916e-03 1.941924245462992851e-03 1.989476014551737858e-03 2.037166456660169725e-03 2.086652064882697777e-03 2.139946827230635763e-03 2.190890081613016717e-03 2.235414285988205144e-03 2.269913966233771084e-03 2.284017326644836778e-03 2.277872576108875245e-03
2.279288734094038135e-03 2.239715552533821409e-03 2.185878464095208484e-03 2.119217178670148184e-03 2.051534828626400391e-03 1.985326081527939279e-03 1.922823040305036372e-03 1.874777682175531772e-03 1.842541896615097329e-03 1.828440894422229176e-03 1.830808787393047640e-03 1.846765068661096335e-03 1.874567690477004509e-03 1.907947510302026011e-03 1.946556861705949762e-03 1.989703222248511479e-03 2.037248711262670906e-03 2.089839890966345426e-03 2.147634129511957410e-03 2.202157494168043017e-03 2.250427972538359463e-03 2.289123759479427811e-03 2.306949659655565393e-03 2.303462413098357215e-03
2.292213195231196203e-03 2.254726250685275789e-03 2.203291403062411589e-03 2.139822003076848663e-03 2.075267391719311065e-03 2.011363998605797399e-03 1.950931641977389584e-03 1.903904234898624740e-03 1.870773263483267810e-03 1.852277764286021236e-03 1.846939090703895699e-03 1.853525323981190798e-03 1.871055076705376583e-03 1.895911722166265930e-03 1.927871105539661050e-03 1.968906314924426682e-03 2.018759234194432255e-03 2.075370736542103776e-03 2.138067879254856862e-03 2.196880746099291737e-03 2.249158974376857210e-03 2.291346380128507759e-03 2.312721125948309295e-03 2.313265449993333073e-03
2.265685284448619961e-03 2.231772370162025954e-03 2.185229114996152695e-03 2.128418229204061957e-03 2.070219320570145828e-03 2.011229548102805124e-03 1.955457726771099320e-03 1.911182135511108396e-03 1.877153385665800405e-03 1.853289711323032529e-03 1.839905757036774817e-03 1.837188170237158804e-03 1.844443959801242254e-03 1.861280697561144793e-03 1.888260565250516644e-03 1.928048896868551345e-03 1.978238727427058044e-03 2.035362401264113278e-03 2.099458848136954991e-03 2.159879455448804938e-03 2.213035755910164673e-03 2.255475679898201816e-03 2.278547505497289551e-03 2.282819395025052767e-03
2.190370681668305213e-03 2.163745080082374664e-03 2.125806699814829399e-03 2.079505166069416187e-03 2.031650353424192552e-03 1.981562594868095835e-03 1.933087241187645159e-03 1.892846937190462066e-03 1.859203880359237794e-03 1.831214397148371977e-03 1.810986423268795120e-03 1.800166277503081023e-03 1.798402084573714295e-03 1.808525614855121741e-03 1.831832667082962905e-03 1.869219336027140013e-03 1.916129807837401713e-03 1.970149383127094752e-03 2.031138904804222906e-03 2.087771063908629241e-03 2.136409247878924122e-03 2.175163270879847122e-03 2.197451526486077396e-03 2.202970331724436823e-03
2.044303237800788094e-03 2.031707374357332677e-03 2.011139008221565251e-03 1.983644365363741550e-03 1.952710674528282918e-03 1.918454119326408122e-03 1.882291779395430485e-03 1.848326013696155283e-03 1.816507195578203997e-03 1.786355683290196663e-03 1.761846340946527810e-03 1.744783765003374851e-03 1.737080892247121026e-03 1.742991761628972722e-03 1.762021449346283823e-03 1.794884933935314564e-03 1.835409785347648327e-03 1.880823548364220351e-03 1.929271054643289006e-03 1.971387735706706286e-03 2.005907237070164630e-03 2.031766292108879574e-03 2.046383576634153330e-03 2.049961915874539721e-03
1.837930203841675950e-03 1.841080666918029846e-03 1.841621617083015212e-03 1.837932471321536941e-03 1.828924899917080526e-03 1.815856709312568557e-03 1.797687472043389689e-03 1.775134609505169469e-03 1.749477689627728771e-03 1.721677370511508643e-03 1.697649081920874891e-03 1.678403975676842023e-03 1.667994685306284277e-03 1.670295588371661531e-03 1.682545510533585160e-03 1.706895417966166392e-03 1.736088497086720741e-03 1.765554843860243309e-03 1.792208654096270415e-03 1.811289536644051026e-03 1.824296498643799202e-03 1.830669880039407929e-03 1.833758805625120220e-03 1.835239310388457569e-03
1.596700145878966618e-03 1.612609101830500069e-03 1.631271534651606951e-03 1.650840146996803608e-03 1.665651050688639898e-03 1.675663580346782111e-03 1.679008101846095856e-03 1.673017099017028251e-03 1.658671033928195773e-03 1.637863530871817245e-03 1.618450585262230399e-03 1.601157237945329426e-03 1.589496790021815032e-03 1.586963957665399284e-03 1.591210345166617747e-03 1.603400062375605166e-03 1.615191912175408971e-03 1.622641385676911168e-03 1.623239816590579939e-03 1.616830991093061659e-03 1.605871504199437444e-03 1.592311941120699934e-03 1.585431875634032289e-03 1.586373913787502993e-03
1.345208257580586715e-03 1.368460659676908314e-03 1.397855168147255165e-03 1.433654883637214966e-03 1.467662583071470666e-03 1.496882758112661783e-03 1.520092117719779251e-03 1.533466288979727556e-03 1.536953771962486096e-03 1.530093480714237461e-03 1.519665070123466617e-03 1.508389511106817196e-03 1.497501576868543642e-03 1.489231366813239437e-03 1.483087474204847385e-03 1.477798720414814828e-03 1.466802214851676504e-03 1.449181505946831646e-03 1.423988758533431109e-03 1.395251572762957418e-03 1.365260317186087159e-03 1.339445337890308920e-03 1.328384264266839693e-03 1.330172626691930246e-03
1.122767337637972478e-03 1.149454752415074096e-03 1.183698542794161569e-03 1.226378309508170152e-03 1.268805718146986559e-03 1.307205056507637631e-03 1.340852190904402112e-03 1.366993972502281119e-03 1.385436818708664104e-03 1.393440865986923360e-03 1.393692522523864649e-03 1.389827121251715428e-03 1.381626552658551683e-03 1.369171343999478182e-03 1.352706447204786184e-03 1.330404686288673552e-03 1.300344167244918154e-03 1.263711434723916631e-03 1.220748783228142297e-03 1.179247263531352794e-03 1.141561598055658953e-03 1.113746652140491008e-03 1.103045717422193464e-03 1.105818359106786140e-03
9.178864586136740826e-04 9.470298701154357054e-04 9.851439264471437834e-04 1.031056809450462851e-03 1.075589073380483606e-03 1.116852721147238272e-03 1.154087429563721004e-03 1.185611273873029767e-03 1.211623935676536248e-03 1.231084252329477753e-03 1.242585385316979756e-03 1.246699551112179748e-03 1.242496515854367954e-03 1.227907234649160866e-03 1.203172259725804848e-03 1.167922538147622442e-03 1.124877172493634215e-03 1.075311583226860272e-03 1.020660108701937699e-03 9.724772503148986034e-04 9.331801701764481623e-04 9.063552152644441468e-04 8.959113394603603151e-04 8.995651804134972493e-04
7.282828044006835590e-04 7.594689248701457602e-04 8.001534972962216254e-04 8.473591276005036253e-04 8.914098517487314575e-04 9.320577424745595061e-04 9.679367125955066608e-04 9.986059490918811066e-04 1.025284601472933746e-03 1.050325655542068718e-03 1.070398098370118440e-03 1.082038606510620166e-03 1.082924126803968233e-03 1.068515613850825989e-03 1.039623105677687240e-03 9.966189626394257508e-04 9.456899246590740179e-04 8.885258780227696515e-04 8.280187935162410234e-04 7.777062956019633417e-04 7.392089549817005851e-04 7.138204293441335890e-04 7.037361368925522517e-04 7.083942260060387477e-04
5.521274715175874745e-04 5.854105226982715682e-04 6.278333708609432507e-04 6.768858209957738688e-04 7.223899838245982164e-04 7.634634245978564725e-04 7.986149073764904670e-04 8.288146185371331708e-04 8.558771894777204110e-04 8.826414895529814675e-04 9.060214037068395690e-04 9.221493575658726728e-04 9.272012872130913110e-04 9.138477183887435329e-04 8.834695569232347504e-04 8.356284750795363011e-04 7.788054908834594588e-04 7.162659380806371502e-04 6.518858059629345720e-04 5.994055145034419239e-04 5.595292144013245096e-04 5.337871307904629636e-04 5.242819482726503210e-04 5.301843365812694249e-04
3.910936415775902262e-04 4.261179535140163874e-04 4.699234074578039540e-04 5.205016645123562019e-04 5.671729101556029131e-04 6.083855451101170082e-04 6.433880908011445441e-04 6.745617330016427356e-04 7.034516788773521314e-04 7.312218765381406794e-04 7.550311088010237207e-04 7.727683551618042207e-04 7.806126373023402135e-04 7.684440521024646668e-04 7.367102768402632911e-04 6.850625605920050622e-04 6.242761994862806819e-04 5.582917098230177856e-04 4.909854102445554381e-04 4.363005162345987226e-04 3.950084476453770074e-04 3.689208629917686616e-04 3.600477132740695320e-04 3.672473236441660622e-04
2.450540282161599607e-04 2.815919885199615600e-04 3.266375099703063369e-04 3.779195983779218087e-04 4.251724144274260527e-04 4.672450058696309290e-04 5.041792442277875149e-04 5.380304161818093896e-04 5.694417457684161632e-04 5.984836620707011286e-04 6.220913807874519892e-04 6.391728780685055180e-04 6.467518958981742115e-04 6.345355316056318926e-04 6.020690756496245837e-04 5.483101451891579919e-04 4.847380063797048898e-04 4.162214641140833584e-04 3.466780233809386817e-04 2.899948922207879897e-04 2.468836349918249510e-04 2.198137495799556594e-04 2.112423668412239232e-04 2.195190325084050357e-04
1.156803261580795520e-04 1.526881961571723186e-04 1.980151205557979907e-04 2.492949742082998621e-04 2.975917934565785344e-04 3.422930488935905353e-04 3.834195279715925755e-04 4.209637197880849308e-04 4.549023332566442071e-04 4.856261274301013715e-04 5.093782858976995042e-04 5.245157774696887010e-04 5.285149787287902893e-04 5.135274167632772682e-04 4.794605573531854890e-04 4.246723376493097323e-04 3.597556857581080819e-04 2.898836405642716586e-04 2.195162210270245674e-04 1.622258247898926333e-04 1.180765654414937837e-04 8.974082714721116200e-05 8.066283407608244675e-05 8.931827678573699060e-05
3.657053342807847979e-06 3.969099470342161480e-05 8.385548371655796788e-05 1.349666356477620280e-04 1.854183624962163588e-04 2.338591863294367957e-04 2.799963474459646524e-04 3.217595373608868737e-04 3.587514129473578757e-04 3.906321874696662790e-04 4.129530124075099983e-04 4.245707249898330151e-04 4.232734722104619738e-04 4.036572109167684539e-04 3.661324463973826787e-04 3.105272482195728292e-04 2.465482064407823002e-04 1.776027815128907090e-04 1.083237780479578342e-04 5.196878329251854205e-05 8.324188383357778841e-06 -2.079834907430758934e-05 -3.096751159844607159e-05 -2.251785096693079626e-05
-9.060809570112115141e-05 -5.687888016843434518e-05 -1.486828765699747248e-05 3.546825728937218046e-05 8.810054740734980946e-05 1.409739381529776328e-04 1.930857207991341505e-04 2.393518867229185948e-04 2.790804751104855315e-04 3.109401533264352624e-04 3.299797118332112918e-04 3.358800800870277107e-04 3.265348687760218408e-04 2.999713403880710874e-04 2.576383050643304886e-04 2.011605948433643765e-04 1.401482534495991042e-04 7.617979675261264748e-05 1.210187670433571336e-05 -4.109483769993971914e-05 -8.259344208038030548e-05 -1.105636655695143835e-04 -1.209320824335499901e-04 -1.141711549620281964e-04
-1.600409030148648888e-04 -1.300769224822693570e-04 -9.134139957145830959e-05 -4.352024205385047068e-05 9.178228624931959994e-06 6.503714642110018705e-05 1.222938230103093880e-04 1.718996470760966321e-04 2.126011031706523120e-04 2.427134349606050552e-04 2.569727429834345474e-04 2.553091504183384883e-04 2.360841109356559640e-04 2.017430685451776138e-04 1.547397175798280607e-04 9.736518604684034177e-05 3.992276305362171427e-05 -1.644424970459199209e-05 -7.099234764326741820e-05 -1.169498878726065941e-04 -1.528031606805435713e-04 -1.760301327247694415e-04 -1.842602550809651133e-04 -1.792253781166665641e-04
-2.026909904740096938e-04 -1.781090325855638572e-04 -1.442653669194371912e-04 -1.006392307039637689e-04 -4.961705956706325988e-05 7.484905176958640805e-06 6.831336092432915516e-05 1.198550936650230543e-04 1.601256679994713327e-04 1.872348578885346150e-04 1.956060739447284841e-04 1.852706790780308610e-04 1.556753537599265744e-04 1.136837235221197553e-04 6.213698307036024022e-05 4.119573395301846612e-06 -4.937197101266750134e-05 -9.775657964740581572e-05 -1.405743654685906387e-04 -1.752727116919180431e-04 -2.014606330962759372e-04 -2.172628675172792528e-04 -2.220117428400818042e-04 -2.173599638574532462e-04
-2.149477040409628721e-04 -1.974682868844657418e-04 -1.712133923294726766e-04 -1.333909424572664391e-04 -8.489181267424807066e-05 -2.880503936793512660e-05 3.280264497495705053e-05 8.458679634400947229e-05 1.234993325557977371e-04 1.461715588769059969e-04 1.471851479316917252e-04 1.281026853283565112e-04 8.922895277841442639e-05 4.044676912727855432e-05 -1.525437438809416197e-05 -7.354311696685645846e-05 -1.231823470833383620e-04 -1.647577216964970191e-04 -1.960261731832123962e-04 -2.166212360321541472e-04 -2.286638226959988797e-04 -2.332697095303909083e-04 -2.324868614151488300e-04 -2.258821569545679440e-04
-2.086521733709915342e-04 -1.951638506307813226e-04 -1.743626766499104279e-04 -1.409637925369015832e-04 -9.468883907282125935e-05 -4.072988874283558054e-05 1.935187890321133681e-05 6.951416254767512075e-05 1.059707079678517592e-04 1.236450267421651495e-04 1.177480054436203248e-04 9.175976135146158500e-05 4.626725154759885451e-05 -7.226500017050183876e-06 -6.547410910742287502e-05 -1.235336686433917105e-04 -1.703801584117027872e-04 -2.072804787547322905e-04 -2.311908012174837578e-04 -2.418979367290798879e-04 -2.423746507208912680e-04 -2.360032140268420765e-04 -2.285599887066078011e-04 -2.185881579461561829e-04
-1.913620957201106183e-04 -1.770390358356316459e-04 -1.568657508683271877e-04 -1.255850188876182468e-04 -8.174924604923691296e-05 -3.013312300233940416e-05 2.749948685566774165e-05 7.440842489991479603e-05 1.067775016528517027e-04 1.193619543231117842e-04 1.080018834323474158e-04 7.655541861247615949e-05 2.604400905672543865e-05 -3.040911617848245639e-05 -8.945099660090079577e-05 -1.468554689799508916e-04 -1.918096044147949125e-04 -2.249352565023990738e-04 -2.446339299699432980e-04 -2.508457121870033557e-04 -2.451491275495909592e-04 -2.304397265108648217e-04 -2.162222683103570773e-04 -2.027694555747533737e-04
-1.732835002494814475e-04 -1.524685137605886012e-04 -1.256069440562703626e-04 -9.077141826113591973e-05 -4.765260599169151635e-05 1.925230004503303380e-06 5.605575845038750086e-05 9.866232149940924647e-05 1.262923644797788944e-04 1.345931938114469434e-04 1.195721727347771109e-04 8.425111590994017823e-05 3.057981312441187107e-05 -2.719204746086305253e-05 -8.626435957971208821e-05 -1.425800122993898936e-04 -1.858447729566030523e-04 -2.166843415963326286e-04 -2.347624024796567122e-04 -2.411165811190356910e-04 -2.364290684242114694e-04 -2.218985893460032825e-04 -2.057574879539613506e-04 -1.895511539871166929e-04
-1.629755018878389504e-04 -1.350684668553271174e-04 -9.925950618435482736e-05 -5.670313282695753809e-05 -1.053577794652450761e-05 3.935159435451663582e-05 9.159216427557945401e-05 1.321341328339731020e-04 1.576603868360536460e-04 1.647433584542982987e-04 1.490957224178459436e-04 1.127159381305990499e-04 5.822604918067180433e-05 5.084568325491946538e-07 -5.809808208038798989e-05 -1.133444235842646463e-04 -1.557616361784602550e-04 -1.864425533366430949e-04 -2.049037372588583873e-04 -2.142246133028830350e-04 -2.159150943879305316e-04 -2.103798132902296358e-04 -1.995778865595099043e-04 -1.837577202694525025e-04
-1.530851097836000597e-04 -1.200029513415001322e-04 -7.716352483790465586e-05 -2.659007988986466982e-05 2.513519079234749270e-05 7.784147258902546478e-05 1.308222382425852756e-04 1.720505476341970311e-04 1.982239479818347441e-04 2.070098004756739144e-04 1.938260913336285914e-04 1.594781214381612916e-04 1.064125912168920225e-04 5.014461503784614562e-05 -6.600802737254751567e-06 -6.095625017257136986e-05 -1.042780969301559387e-04 -1.365525448331985931e-04 -1.577602641058943340e-04 -1.730224799513363759e-04 -1.840655972130273701e-04 -1.905640595659904054e-04 -1.882037560401344015e-04 -1.758722059704057560e-04
-1.347978116569460575e-04 -9.990272937791772967e-05 -5.457058655096615066e-05 7.386334156235871288e-07 5.791209328076044592e-05 1.147054973723658886e-04 1.700749299399869794e-04 2.141686143626321786e-04 2.447465408504238046e-04 2.586066167605547209e-04 2.503329086724743698e-04 2.213221980888063507e-04 1.733199002314160086e-04 1.205640702373222175e-04 6.605531126366610416e-05 1.262540622107332836e-05 -3.198123176035648198e-05 -6.801491454788238756e-05 -9.646641522100045342e-05 -1.211217330090462777e-04 -1.422520945756356456e-04 -1.590835518167312739e-04 -1.645212675124299519e-04 -1.569742440268011719e-04
-9.202062233965203767e-05 -5.814285229097454423e-05 -1.432377914455342562e-05 3.987994790086608492e-05 9.673996408943858188e-05 1.532367970346274334e-04 2.077715092557250599e-04 2.528177922635553403e-04 2.874658140424339245e-04 3.075082904538082597e-04 3.061561373114234357e-04 2.853536106917470261e-04 2.464654027879716698e-04 2.005427371715637059e-04 1.499046628398191853e-04 9.868624580323903347e-05 5.365876593889958561e-05 1.294425052865884340e-05 -2.491602067000302538e-05 -5.899579509359014233e-05 -8.752760164508397681e-05 -1.094194656775332816e-04 -1.182883249912313579e-04 -1.130984668332272878e-04
-2.820372572212840234e-05 3.449091636008141133e-06 4.454745464170866510e-05 9.452861763750169022e-05 1.460486883527873628e-04 1.972224483548371606e-04 2.470567832305306717e-04 2.903508526225074648e-04 3.263641574914343847e-04 3.524922190520760512e-04 3.605728023524730659e-04 3.504896411938744150e-04 3.235077800761249566e-04 2.874916110051383192e-04 2.437975534830409176e-04 1.962806036907323434e-04 1.507389082522658829e-04 1.052501865280929222e-04 5.872740839205856247e-05 1.680907820049024005e-05 -1.753827246834800089e-05 -4.276663604997752897e-05 -5.320472536488825207e-05 -4.851011891772207934e-05
