3.654848276797954685e-05 4.153624492465862191e-05 5.773523225041206017e-05 8.602183021126366344e-05 1.203712534736835335e-04 1.578988547938044358e-04 1.963238504878305900e-04 2.264648970668390032e-04 2.475423303849843540e-04 2.577527933086383796e-04 2.557626233473362406e-04 2.429306234712183717e-04 2.206555577973096105e-04 1.960025599270267800e-04 1.699279102771508038e-04 1.445842106061485249e-04 1.247130424265170895e-04 1.097423311506218917e-04 1.000763351610643568e-04 9.145128820864996833e-05 8.204167649437910624e-05 6.890408197274303602e-05 5.463645092499858378e-05 4.304818349040666456e-05
1.210258291304140666e-04 1.249779752656199642e-04 1.376657368606487282e-04 1.603407069240330102e-04 1.882163862211079400e-04 2.184456819984526119e-04 2.494432775341324658e-04 2.734993369799679826e-04 2.896292317751670534e-04 2.945204207757031183e-04 2.884456733333460232e-04 2.748084537093791239e-04 2.551984837381026804e-04 2.355493353670415823e-04 2.162491440777371092e-04 1.992172490036388753e-04 1.871428001717463316e-04 1.790028417909429596e-04 1.749800870831345759e-04 1.701622127121933876e-04 1.627290643441711791e-04 1.504678985552316260e-04 1.372755773602113059e-04 1.266637981878917076e-04
2.153251937014590499e-04 2.177546176294366514e-04 2.264440473079856969e-04 2.421078645613587612e-04 2.611978562537562256e-04 2.818169028489920201e-04 3.027309442508664314e-04 3.177016522519433600e-04 3.258836442126103504e-04 3.253462040673299948e-04 3.179685330101066618e-04 3.063077475044793962e-04 2.919399655891598559e-04 2.796671975577809431e-04 2.695139954695085615e-04 2.619771680513059871e-04 2.576934338446752195e-04 2.563782236364863681e-04 2.578726053214543384e-04 2.566156984765180743e-04 2.509128083992761215e-04 2.398536884192838678e-04 2.286341162849574052e-04 2.198962645828799075e-04
3.165294927073973065e-04 3.171588140465807421e-04 3.216925108321489835e-04 3.301285625513056764e-04 3.397573861216082584e-04 3.496778076950393297e-04 3.587047372021828708e-04 3.629260880071653720e-04 3.622229213007780065e-04 3.569065577221519235e-04 3.502355329520838965e-04 3.429847049117080060e-04 3.364990344322036481e-04 3.330962089260045998e-04 3.322038300327428864e-04 3.338483681725540005e-04 3.372049804540794889e-04 3.419722488267315291e-04 3.472113976530910584e-04 3.481204508262813026e-04 3.440375252814289759e-04 3.351215807044924323e-04 3.266305693443894592e-04 3.201581822648011996e-04
4.163566132716519362e-04 4.152944119069703634e-04 4.159009350895519317e-04 4.180876585482889637e-04 4.195839732085888691e-04 4.197215336500284251e-04 4.174378234098255610e-04 4.120017313544880938e-04 4.042320702356340693e-04 3.955069574160763823e-04 3.902371657079613341e-04 3.885148353525249058e-04 3.911902324076230674e-04 3.967439601771839837e-04 4.038192870379940448e-04 4.130144879436083291e-04 4.226340286224467176e-04 4.315144560304272087e-04 4.379942845673776724e-04 4.394379038457225917e-04 4.366282626697757358e-04 4.301981053063857531e-04 4.242308172718947949e-04 4.194547828049014523e-04
5.149629348757473390e-04 5.122367183101058470e-04 5.089435753926058311e-04 5.050748456757157574e-04 4.987988940926929527e-04 4.895138360688210686e-04 4.764367053168922428e-04 4.620173662057957815e-04 4.478554064790361269e-04 4.365728138357723533e-04 4.337325982195007782e-04 4.385671085788941438e-04 4.511660424804920209e-04 4.661729191197164202e-04 4.817125473285018824e-04 4.978856731331404760e-04 5.121260708818300370e-04 5.234775859976775227e-04 5.300963651170246963e-04 5.315131635715979489e-04 5.294154198356300052e-04 5.249986430505474257e-04 5.211716520001166177e-04 5.177085438041661644e-04
6.130092954637343964e-04 6.082451179831575199e-04 6.007954560868074235e-04 5.903753697351262755e-04 5.759940118108496359e-04 5.576060399811140012e-04 5.344320548759330571e-04 5.116967396239308552e-04 4.919210546379692607e-04 4.793823458216744503e-04 4.803223508063116662e-04 4.925443028986764430e-04 5.151838136070647535e-04 5.401999692136796871e-04 5.657768536376261200e-04 5.899619477999315954e-04 6.079966288491727919e-04 6.202472082471804449e-04 6.258922885198561900e-04 6.268002136870816495e-04 6.244151625629158374e-04 6.208145568598342004e-04 6.183552969657622137e-04 6.157455946308653880e-04
7.078919224639161146e-04 6.997013577086646108e-04 6.868238433089319432e-04 6.686274038228773526e-04 6.453637940243438145e-04 6.177489076131197467e-04 5.853455591613058269e-04 5.557470938146155713e-04 5.319218120495200529e-04 5.186463082058769382e-04 5.223675381591397909e-04 5.404578928612685821e-04 5.716739530850060719e-04 6.064430233946231739e-04 6.428176245388008379e-04 6.771421366979047752e-04 7.011438340014907985e-04 7.157207609790452790e-04 7.214287128245089244e-04 7.226448452147741890e-04 7.202724148481962595e-04 7.167085000957310308e-04 7.143807312861969903e-04 7.117012401582445500e-04
7.980820537416768870e-04 7.851399683536366622e-04 7.655094680924077631e-04 7.387584265028811388e-04 7.063812002500073975e-04 6.693080346772114836e-04 6.284204419119131810e-04 5.936804291169149291e-04 5.675271532190656523e-04 5.533234004253103017e-04 5.577213448552907626e-04 5.795755916752758649e-04 6.180225810572833158e-04 6.619578358476522865e-04 7.085434234898110991e-04 7.538924906862527362e-04 7.862182085475126871e-04 8.054784874079426622e-04 8.130132081627046469e-04 8.157083381457005174e-04 8.145193189064017054e-04 8.110766609558759527e-04 8.078787245638350840e-04 8.041277859757822548e-04
8.831815558528014224e-04 8.642084140923560979e-04 8.368840795768386952e-04 8.001554712685900010e-04 7.573797204736229007e-04 7.107289519982681837e-04 6.625725375941585865e-04 6.240129764286253067e-04 5.963817298058121316e-04 5.817869450457406003e-04 5.857759649054890272e-04 6.080897563173950221e-04 6.503299591723728755e-04 7.018010993818205338e-04 7.573363790252900501e-04 8.122925445639430329e-04 8.541472628611265078e-04 8.833696764101271878e-04 8.988069507225413153e-04 9.056166263418835615e-04 9.066707179377294940e-04 9.041514337465230301e-04 9.003404469068742623e-04 8.938161068952100996e-04
9.584609743674849794e-04 9.327020130131005683e-04 8.972677683685847819e-04 8.502614819808476448e-04 7.975232325469215665e-04 7.428964714189077593e-04 6.892008368210424205e-04 6.474511499126231733e-04 6.184993795225130278e-04 6.043434071840329347e-04 6.081156946849450946e-04 6.288625144211821899e-04 6.696596831138684975e-04 7.221615145224528822e-04 7.805102965122938776e-04 8.398198777485791191e-04 8.896110196192991365e-04 9.312767939219285035e-04 9.609825133106659817e-04 9.779200530912427348e-04 9.856547257113712924e-04 9.872816775277205685e-04 9.845784774758054806e-04 9.750425021774611475e-04
1.022741957920007393e-03 9.895717403043458905e-04 9.454021488634941489e-04 8.888370730998161997e-04 8.281995391013641933e-04 7.676599993951241287e-04 7.098558353304939162e-04 6.657141900587378210e-04 6.362400632808798244e-04 6.227216193133750140e-04 6.258764389746700185e-04 6.446555515544573258e-04 6.802660231278246424e-04 7.267119553022704506e-04 7.807876492052078388e-04 8.402208152470609691e-04 8.965753093404638758e-04 9.493113730458688183e-04 9.954362440078631108e-04 1.028176132294395060e-03 1.048265870283526498e-03 1.057351284346564517e-03 1.056705839215927450e-03 1.045108196764447722e-03
1.074660915064403009e-03 1.034225123130467355e-03 9.816038573291232215e-04 9.170302763316515648e-04 8.508349542327151623e-04 7.862282570592547771e-04 7.264048900229581581e-04 6.815213019487205122e-04 6.517682705664858264e-04 6.383038463182758807e-04 6.401550814008562153e-04 6.558396094377929491e-04 6.834090853814249683e-04 7.187782750945985715e-04 7.625337789125901603e-04 8.165299979102849789e-04 8.754999239007417878e-04 9.358334864134280461e-04 9.971979252439730317e-04 1.049114231397298754e-03 1.088422162079416208e-03 1.111058405627587996e-03 1.114618995177104731e-03 1.102365920102468073e-03
1.099699124458865728e-03 1.055450546798879707e-03 9.979683857221086692e-04 9.292368671551875592e-04 8.611187138149822926e-04 7.955839406804809813e-04 7.365348515916306064e-04 6.926741847286215078e-04 6.630005489782369622e-04 6.485744037721868699e-04 6.474566250331912493e-04 6.579403786371133952e-04 6.773438886008482408e-04 7.030534614498860392e-04 7.368796420091610743e-04 7.819458293856088385e-04 8.372801926684956663e-04 8.994353891139739762e-04 9.689291254983548648e-04 1.033837619938291147e-03 1.089668571696355637e-03 1.128012513198724904e-03 1.139614718589530926e-03 1.129799746823976483e-03
1.094380603768758996e-03 1.050103279247680248e-03 9.915442617604399485e-04 9.224407390238800264e-04 8.561875823770701867e-04 7.935125612161920234e-04 7.376073133671310050e-04 6.957208663653730377e-04 6.670779248968612164e-04 6.513124653150828254e-04 6.455191872687124702e-04 6.490956809538210321e-04 6.602286661943025312e-04 6.777759901782904163e-04 7.031702154779345725e-04 7.378331367045878842e-04 7.850881002237244770e-04 8.446210935458146928e-04 9.164872518342871569e-04 9.873180203175252728e-04 1.052602078908228180e-03 1.104718612911419076e-03 1.127562137480072604e-03 1.123384972360157727e-03
1.050013091675791339e-03 1.008967770377052885e-03 9.554215569249305696e-04 8.932399588978945631e-04 8.344243592467091549e-04 7.791097113764930285e-04 7.297867697293219024e-04 6.914908541388890741e-04 6.634096501076832937e-04 6.447118814863042656e-04 6.332313500730617347e-04 6.290772659501256588e-04 6.320624670168872600e-04 6.425492528688464848e-04 6.608455521384457151e-04 6.873142910745588374e-04 7.259180412371551679e-04 7.776147335640171869e-04 8.443404071172639020e-04 9.132800788803985617e-04 9.782260487858030970e-04 1.035138251975843519e-03 1.067217041568189941e-03 1.072902600126366714e-03
9.448462082247762340e-04 9.112458374782343110e-04 8.697542857532408744e-04 8.230484385243451440e-04 7.788105533434986315e-04 7.369244972534689988e-04 6.995082518658143900e-04 6.686234322553486192e-04 6.428392618354507575e-04 6.224118327856734438e-04 6.076193274776414644e-04 5.982983811890102985e-04 5.951576797194815674e-04 6.000968868166464253e-04 6.130405379299995071e-04 6.353260994148379835e-04 6.678994159439160389e-04 7.097383027195218810e-04 7.649115347445872154e-04 8.231560454011238506e-04 8.769820374802041619e-04 9.238555250785808861e-04 9.524392962344729527e-04 9.614882661972006016e-04
7.803220880822745072e-04 7.592203030814514411e-04 7.348370482771086681e-04 7.090727481921036942e-04 6.852905349795741698e-04 6.627110281677086896e-04 6.420856091259499049e-04 6.225021881702313877e-04 6.029053540364216410e-04 5.840981955071234202e-04 5.688032755272770958e-04 5.571250262959256180e-04 5.502860516639454568e-04 5.517233795310184322e-04 5.613600820128282834e-04 5.803917928245277968e-04 6.067476297516566754e-04 6.385416650075757643e-04 6.778735129831969970e-04 7.170320234590411759e-04 7.513471986377028315e-04 7.784369165716523153e-04 7.924264002196573743e-04 7.937395125155031388e-04
5.744738274587515153e-04 5.668614835754244878e-04 5.595418732551991512e-04 5.546101251925976937e-04 5.524840422056599785e-04 5.512077632058779006e-04 5.500524793073096469e-04 5.460180244154289909e-04 5.388331520513355618e-04 5.273370452220341349e-04 5.153594005613270105e-04 5.053376006068101799e-04 4.989278342743783427e-04 4.997187566192563043e-04 5.072503970772906413e-04 5.220247454169979311e-04 5.401965559651214369e-04 5.599820903953916856e-04 5.788635928313351194e-04 5.920300398370868713e-04 6.003955128104989129e-04 6.023993752860411655e-04 5.972189463771121476e-04 5.861406355870415162e-04
3.911129892771292825e-04 3.917944057712013039e-04 3.953072513866861138e-04 4.034016264377435386e-04 4.149238004710319996e-04 4.277390963546109275e-04 4.407725418436575894e-04 4.498215227816064585e-04 4.545601400277584974e-04 4.520249469991075302e-04 4.458155271338663556e-04 4.400951881611120105e-04 4.367637694018997822e-04 4.381758160704497264e-04 4.432163372504467191e-04 4.520597148598945762e-04 4.603287031951572425e-04 4.663898384370187026e-04 4.661535177451704335e-04 4.580570548524679408e-04 4.456691571768383220e-04 4.296935277255280791e-04 4.139492430006492694e-04 3.990056254956595187e-04
2.334769983012500278e-04 2.392570955504110517e-04 2.504073174792957449e-04 2.667303669400855376e-04 2.855009802080567044e-04 3.060080331894532218e-04 3.275000520820003252e-04 3.445719746670932414e-04 3.561735873408053248e-04 3.605613469565314500e-04 3.611047237568950231e-04 3.606704176360421240e-04 3.608738529061168796e-04 3.628354649403348130e-04 3.653133078842906302e-04 3.682615795957292566e-04 3.667710343406356435e-04 3.592510590165928211e-04 3.435299512118502501e-04 3.212933618279840259e-04 2.952748769106030972e-04 2.681193005603900925e-04 2.482874666681707167e-04 2.359548490968709910e-04
9.957937688195067269e-05 1.094370988161412397e-04 1.258070886055581900e-04 1.474790706461220652e-04 1.701828804627012869e-04 1.937054055009980035e-04 2.170111288471406660e-04 2.351050163756474400e-04 2.473575736252293174e-04 2.542928910949252626e-04 2.591855769824780642e-04 2.626030768547629301e-04 2.654312419057922186e-04 2.674871818741851549e-04 2.678240821454690320e-04 2.655558450879768120e-04 2.559762201310313945e-04 2.384025547160742344e-04 2.127918255532851733e-04 1.834431536219069284e-04 1.518326025381738884e-04 1.218488296359440670e-04 1.035672943026379981e-04 9.645782566687135520e-05
-1.919221528453644946e-05 -4.028882524762476407e-06 1.739230888293256987e-05 4.441331898544277227e-05 7.124571507820256990e-05 9.661805954612934146e-05 1.186154304681161920e-04 1.342652979669663432e-04 1.444917406713876759e-04 1.505488682021049313e-04 1.557516778626891912e-04 1.599510591336062695e-04 1.633494471238192494e-04 1.643914101437588861e-04 1.623560358546053924e-04 1.554880867741483181e-04 1.400193026887662387e-04 1.164488343427957738e-04 8.502639429435252102e-05 5.202970650929235330e-05 1.930163308478495066e-05 -8.926269949053017199e-06 -2.399104960032457442e-05 -2.723661090184739366e-05
-1.237220806503044608e-04 -1.034494937397725963e-04 -7.717345738862498223e-05 -4.576108484525477529e-05 -1.651907704366144443e-05 8.984112286548325910e-06 2.864005756313624772e-05 4.149873315719047011e-05 4.935188944131200649e-05 5.375906187338899911e-05 5.807563686282100635e-05 6.186054108818647094e-05 6.475981501573268553e-05 6.384548552770176618e-05 5.849552111859367251e-05 4.698132433660589499e-05 2.647262532517261419e-05 -2.245401749425742497e-06 -3.786952371189966572e-05 -7.214341360978016396e-05 -1.036181956342003641e-04 -1.283142623403328120e-04 -1.389811671318040185e-04 -1.371817019213172125e-04
-2.140843750651773400e-04 -1.877532497505586973e-04 -1.565210422832163039e-04 -1.223104867475794571e-04 -9.290517367433711096e-05 -6.897689915595636777e-05 -5.219098985249565802e-05 -4.161002006924748904e-05 -3.525618791458418473e-05 -3.141052714768540605e-05 -2.760925848174839822e-05 -2.475008839532597294e-05 -2.330395460261866635e-05 -2.698320247827012828e-05 -3.655434276629436122e-05 -5.378692110604940159e-05 -7.989918188266528928e-05 -1.135276609184940994e-04 -1.527035919217141361e-04 -1.873247017768708248e-04 -2.159923324039677152e-04 -2.355145931867457985e-04 -2.409150811121917447e-04 -2.337268857922268313e-04
-2.902788330583852832e-04 -2.586133915258946440e-04 -2.239971932091586637e-04 -1.884877723610321049e-04 -1.593042304761491026e-04 -1.367954004665330840e-04 -1.215950112924126604e-04 -1.110132388601264234e-04 -1.035197461782253917e-04 -9.769405021601056604e-05 -9.289597503770135982e-05 -9.033261169540331593e-05 -9.081599798604364862e-05 -9.825468236984877485e-05 -1.131394765366336284e-04 -1.374234260068191106e-04 -1.700387145797192226e-04 -2.086763580013510091e-04 -2.515425885330642951e-04 -2.868218437200466112e-04 -3.123693704826774721e-04 -3.263619652258745976e-04 -3.269588057078209051e-04 -3.153694881096596471e-04
-3.522312102898477598e-04 -3.176591511337019369e-04 -2.820866605617892639e-04 -2.461108909971708599e-04 -2.163864548984260547e-04 -1.945344039953536682e-04 -1.795351066097962216e-04 -1.669463402491387703e-04 -1.563069957606668650e-04 -1.473355585267546156e-04 -1.412154559626436275e-04 -1.386226784910403443e-04 -1.414680603686607893e-04 -1.538563531413142448e-04 -1.752449730675543669e-04 -2.069746369686383577e-04 -2.456914680580640710e-04 -2.889367905857401567e-04 -3.349344428223654754e-04 -3.701555729737697714e-04 -3.918667255045309552e-04 -4.002685003880625389e-04 -3.966556561537439582e-04 -3.812591790046211335e-04
-4.023402518378581304e-04 -3.704651657371350057e-04 -3.365132299972038808e-04 -3.016472197638735966e-04 -2.716073122889418206e-04 -2.471441248438652032e-04 -2.271999192737440723e-04 -2.091003463472331338e-04 -1.930116944754502769e-04 -1.789563121049023327e-04 -1.701257751679363791e-04 -1.675615938621613141e-04 -1.736363283149658333e-04 -1.918461970428459265e-04 -2.209840460905779930e-04 -2.611795580454970202e-04 -3.060447161732434296e-04 -3.533204989750294385e-04 -3.993538553312476385e-04 -4.318960584388576210e-04 -4.505172504831196482e-04 -4.550004510946678593e-04 -4.478931398686102267e-04 -4.302614570393487286e-04
-4.595319044896848120e-04 -4.356779076092589988e-04 -4.056438992742640690e-04 -3.720071002701871095e-04 -3.392433064713163467e-04 -3.062672290502608413e-04 -2.739502619981290478e-04 -2.449062010050692272e-04 -2.191349173100221644e-04 -1.966315749180189620e-04 -1.827804434445955866e-04 -1.793811154232327620e-04 -1.879537073059793105e-04 -2.105811684651216222e-04 -2.464376989060396085e-04 -2.946434045067328829e-04 -3.450280492229440164e-04 -3.950814484952538280e-04 -4.393913880874271796e-04 -4.699826805180404928e-04 -4.896091441961878754e-04 -4.962042713241281849e-04 -4.916854028572308164e-04 -4.787581602450265302e-04
-5.277160720961247657e-04 -5.139382303446084297e-04 -4.898772153231618605e-04 -4.563599359445822930e-04 -4.165978067056488919e-04 -3.708343901924906301e-04 -3.217177622184775264e-04 -2.771498633952515327e-04 -2.371165981133227562e-04 -2.030985082636412432e-04 -1.826725571449316595e-04 -1.768838572991523160e-04 -1.862549792708786977e-04 -2.114556032881877037e-04 -2.521863855491959230e-04 -3.068289107214689252e-04 -3.614307234508506452e-04 -4.129594206183903929e-04 -4.567691945585126284e-04 -4.891583971114109829e-04 -5.135389532227253775e-04 -5.279958599812314794e-04 -5.338163197025598897e-04 -5.333444027364785470e-04
-6.093929221458074634e-04 -6.020425542605980368e-04 -5.815703996265316313e-04 -5.452464529000725785e-04 -4.959354195409244360e-04 -4.373222067125245643e-04 -3.705502415835259513e-04 -3.071198490565782576e-04 -2.497210435972451749e-04 -2.016951508894748778e-04 -1.717920165253913369e-04 -1.595869300184210799e-04 -1.671498675892222881e-04 -1.934624499129057715e-04 -2.361152409938505113e-04 -2.931382435637858099e-04 -3.501381245320693905e-04 -4.042871034700908669e-04 -4.533178359716722133e-04 -4.946278902985788706e-04 -5.296171336109100096e-04 -5.599476420695486626e-04 -5.847937918000958770e-04 -6.022182986835358711e-04
-6.867559865638616853e-04 -6.773489898501926232e-04 -6.532461412451738818e-04 -6.113023926268036645e-04 -5.549534127581448942e-04 -4.884894726822205588e-04 -4.108794907914303449e-04 -3.355324156489468326e-04 -2.679489783834278259e-04 -2.117650126302152494e-04 -1.758834348850426871e-04 -1.596360503444799693e-04 -1.667578274957226493e-04 -1.942675370521594733e-04 -2.374364674310579118e-04 -2.939111043387238032e-04 -3.521985785214400274e-04 -4.108214478549946963e-04 -4.689607088949324294e-04 -5.219388234245442640e-04 -5.690156154827161975e-04 -6.136482109546655779e-04 -6.514154722256740608e-04 -6.773865608722843623e-04
-7.513696085033662883e-04 -7.355138202936311199e-04 -7.033881150500532467e-04 -6.548656095084774611e-04 -5.939529357353256177e-04 -5.221125210168943735e-04 -4.394682850928399481e-04 -3.613378001868579499e-04 -2.927030039671905687e-04 -2.364178913497216763e-04 -2.015384497337950663e-04 -1.882293466699748344e-04 -1.985089540223925972e-04 -2.274331925427151456e-04 -2.713356639506996396e-04 -3.271918932738817893e-04 -3.864094750954695772e-04 -4.491487492489963586e-04 -5.151750509571332475e-04 -5.777357355246972572e-04 -6.348145861639567121e-04 -6.867213394215398656e-04 -7.254393439424082230e-04 -7.479866460615872212e-04
-7.978711712983137683e-04 -7.733824196193961721e-04 -7.324579507834655737e-04 -6.766294784928245619e-04 -6.116574185635501818e-04 -5.379301958986997629e-04 -4.577814636451290578e-04 -3.861461047316939381e-04 -3.256687603211566606e-04 -2.797885271133814791e-04 -2.559552699564105090e-04 -2.532131804330602196e-04 -2.708901755438041870e-04 -3.030762507827464538e-04 -3.484734876474486487e-04 -4.044061223434912444e-04 -4.639259193377090560e-04 -5.273925639134664951e-04 -5.944865006677949558e-04 -6.580967999374018503e-04 -7.161727072374920403e-04 -7.644007540650054645e-04 -7.935765240588200410e-04 -8.049453469349551011e-04
-8.143941191027831601e-04 -7.843298351072735403e-04 -7.390722988509022644e-04 -6.785989448260770600e-04 -6.116067930448270719e-04 -5.410174156854216047e-04 -4.690490654883993998e-04 -4.079626231324136646e-04 -3.596267961031425985e-04 -3.283211126483402708e-04 -3.181301216098354474e-04 -3.261358110204836476e-04 -3.510421570429025310e-04 -3.869701546177936016e-04 -4.332561592294400989e-04 -4.882742688850282508e-04 -5.454641239817218691e-04 -6.042648399780558340e-04 -6.641533157275930589e-04 -7.193771581092956151e-04 -7.685420038959217678e-04 -8.067722845382504712e-04 -8.260835674033127282e-04 -8.286899434960064408e-04
-8.023455499674750878e-04 -7.693023751553751096e-04 -7.223084129785648216e-04 -6.607489486425825211e-04 -5.962576063554093442e-04 -5.333269756475009227e-04 -4.728829311453102606e-04 -4.245123512772878472e-04 -3.904849875597969297e-04 -3.733623054649257275e-04 -3.738635378282899823e-04 -3.896669634563393867e-04 -4.195248584727639084e-04 -4.575892172648627840e-04 -5.031584285047124763e-04 -5.549443133700866391e-04 -6.067743881884778102e-04 -6.578793372246103180e-04 -7.074026101938984349e-04 -7.509503505175598673e-04 -7.879144896205849801e-04 -8.152974807975034649e-04 -8.263348751434988673e-04 -8.217694030624366971e-04
-7.615255348321361365e-04 -7.266400179568780317e-04 -6.807924914558404839e-04 -6.244123634217745239e-04 -5.684079446708196993e-04 -5.159859307156053343e-04 -4.686991339011252608e-04 -4.343800271667071417e-04 -4.140866224804658604e-04 -4.079892485503491253e-04 -4.152376945248857859e-04 -4.353782280789714448e-04 -4.670158393852178401e-04 -5.044981127448696810e-04 -5.473359194190631580e-04 -5.937497375803246942e-04 -6.378176135979450731e-04 -6.793450847558276089e-04 -7.172541177241683729e-04 -7.481938473283971953e-04 -7.721253518401295386e-04 -7.886840153607314581e-04 -7.931397158950270667e-04 -7.842803620099239289e-04
-6.948540647969073808e-04 -6.597516959884995591e-04 -6.184224081360230069e-04 -5.725536681835236529e-04 -5.286665559675064177e-04 -4.872472978227602742e-04 -4.512820019830292534e-04 -4.277683326595984638e-04 -4.160527363558186938e-04 -4.158424096108775860e-04 -4.265135702053448555e-04 -4.481510941935563149e-04 -4.790594374078575965e-04 -5.139463645307864583e-04 -5.527433412908429886e-04 -5.935607903949304161e-04 -6.305899423656059896e-04 -6.637841180034856174e-04 -6.921515698161526033e-04 -7.130688788952094020e-04 -7.266533197636075841e-04 -7.334090404939754395e-04 -7.314545891822633959e-04 -7.196586671211593943e-04
-6.035043992887566136e-04 -5.714337418826353912e-04 -5.378712560141561509e-04 -5.048281491216859455e-04 -4.744382700620948523e-04 -4.454016943493058081e-04 -4.194769048481531717e-04 -4.028267570418799307e-04 -3.957470532267316743e-04 -3.983914682280556671e-04 -4.103626484584625440e-04 -4.313744678968088023e-04 -4.601595388647181160e-04 -4.917858064260211296e-04 -5.258766399470379523e-04 -5.613340729919737149e-04 -5.924625202366531071e-04 -6.184614196754783426e-04 -6.385564766449783455e-04 -6.508517185029277612e-04 -6.554894490320565311e-04 -6.529239344346155372e-04 -6.441223928976814138e-04 -6.289529642813621209e-04
-4.853159612492483283e-04 -4.614608344658324961e-04 -4.398520572570497039e-04 -4.216333524365800623e-04 -4.051342005185604969e-04 -3.886540388606899983e-04 -3.708975933196303749e-04 -3.575125772353101574e-04 -3.516768358643772643e-04 -3.542652683885956196e-04 -3.653925821459558720e-04 -3.842221137340238080e-04 -4.099489849344708820e-04 -4.381142539255315619e-04 -4.680364849849463706e-04 -4.987520798476987498e-04 -5.248245044827290441e-04 -5.454051791447000509e-04 -5.591247844119777910e-04 -5.639550590844015325e-04 -5.605892355168855170e-04 -5.488132454234066326e-04 -5.316482360152707115e-04 -5.103153246489357817e-04
-3.725123423583523072e-04 -3.565166986432651204e-04 -3.455086699950825932e-04 -3.385896942431571911e-04 -3.308677461957949752e-04 -3.216107129597451752e-04 -3.086461357245888883e-04 -2.974262522716698571e-04 -2.919409340051883767e-04 -2.934245546371380036e-04 -3.027895147242276814e-04 -3.191055740733668347e-04 -3.418337033221889457e-04 -3.671010064964436224e-04 -3.941555476337474688e-04 -4.214871084726039578e-04 -4.440640734149181698e-04 -4.617194555228213695e-04 -4.723886123824568278e-04 -4.730512594116204343e-04 -4.647652774967678735e-04 -4.468114926649227755e-04 -4.234702400847226199e-04 -3.968874721186893138e-04
-2.779953169011601093e-04 -2.657212305567771874e-04 -2.611760247715706534e-04 -2.605064337127487961e-04 -2.555989264827864330e-04 -2.476022586152998349e-04 -2.361428040156047755e-04 -2.264773249064602908e-04 -2.207317014568038272e-04 -2.205607311685175119e-04 -2.276745078170289626e-04 -2.409882651589314640e-04 -2.606494954175585981e-04 -2.833713484661751669e-04 -3.079107153725360547e-04 -3.330807635606120661e-04 -3.542547958652731257e-04 -3.710774124741715021e-04 -3.818693874435176569e-04 -3.826184128090641553e-04 -3.736662785265181842e-04 -3.539123009865993686e-04 -3.288960033152771604e-04 -3.015645768304877142e-04
-2.159924314706354262e-04 -2.028525413722351289e-04 -1.955920702494214807e-04 -1.909758025234965708e-04 -1.824610183249770611e-04 -1.711020266093997043e-04 -1.582861733176712453e-04 -1.486128468736405835e-04 -1.422278308110173190e-04 -1.399793882073390328e-04 -1.440933425295358808e-04 -1.544633718557135947e-04 -1.712990218888760751e-04 -1.917173642543030382e-04 -2.145478771240838045e-04 -2.391796745967102612e-04 -2.610239464822069924e-04 -2.791619752854234858e-04 -2.929112114633819898e-04 -2.979183128244366997e-04 -2.934147148476837935e-04 -2.782253036134326807e-04 -2.581625746236854797e-04 -2.363391402988000993e-04
-1.798390078520339345e-04 -1.659889499307689166e-04 -1.515781223256395854e-04 -1.367027541368451954e-04 -1.211832532568175847e-04 -1.048635265495015395e-04 -8.868567147239211543e-05 -7.612980441010263125e-05 -6.741386670000907005e-05 -6.245040167977695109e-05 -6.369899898062348275e-05 -7.206697847528880057e-05 -8.724181135575517841e-05 -1.065623669038170214e-04 -1.294541303547568935e-04 -1.550492132344411303e-04 -1.784296608702390082e-04 -1.988240435120738599e-04 -2.158121199408377384e-04 -2.253505028921318838e-04 -2.265116378302646928e-04 -2.187043088698112500e-04 -2.070277683075081720e-04 -1.937729827943591196e-04
-1.530859400474771591e-04 -1.407117846802222899e-04 -1.213366709696521450e-04 -9.633004136180091425e-05 -7.187543151101574734e-05 -4.866457752271151138e-05 -2.697919930197515163e-05 -9.180141194184389468e-06 4.227368590621917162e-06 1.274185999671592249e-05 1.366997722859341304e-05 6.615405076814197293e-06 -8.061712689770550964e-06 -2.792204300946997636e-05 -5.251261863057162969e-05 -8.013120720666447403e-05 -1.055307095824623828e-04 -1.286643250526143959e-04 -1.486606895072587191e-04 -1.617863706092434342e-04 -1.676682550227132280e-04 -1.668909529722020421e-04 -1.638404735491811269e-04 -1.593942095596064153e-04
-1.288659091001693915e-04 -1.190307389070834998e-04 -9.860318648251361251e-05 -6.716770420433384558e-05 -3.363586308245859616e-05 -1.393734408985223172e-06 2.865384427554829521e-05 5.335301648145964555e-05 7.255733425272605972e-05 8.481309519497507430e-05 8.742228717490330061e-05 8.093927520911539002e-05 6.490333074144226172e-05 4.252663470447231496e-05 1.534064263190409023e-05 -1.495170150764807930e-05 -4.287937200779842723e-05 -6.832163760169934199e-05 -8.963293349782144002e-05 -1.044877952525124061e-04 -1.137566328427508453e-04 -1.195125050276946892e-04 -1.247884866456312617e-04 -1.285225438834983517e-04
-8.912548352184120255e-05 -8.117402380365679182e-05 -6.188752273710197574e-05 -2.921445729885200618e-05 8.840658551959470647e-06 4.755813047229650811e-05 8.462858940904524239e-05 1.141928825446784310e-04 1.366073279931341057e-04 1.506300099370070679e-04 1.537873697316824819e-04 1.464968036463606960e-04 1.279682863002027889e-04 1.031814920241069366e-04 7.458633764254483044e-05 4.327686655968809837e-05 1.484281310146653938e-05 -9.946621360981465720e-06 -2.939988378352296881e-05 -4.369749058225778557e-05 -5.459116694001876091e-05 -6.503678672678146408e-05 -7.607479947973145782e-05 -8.509614784128841916e-05
-3.471417177319827222e-05 -2.854134981422184669e-05 -1.029082738998857209e-05 2.150683448247884551e-05 5.975417889482750406e-05 1.006159478946291603e-04 1.412628117328360760e-04 1.731303212640760694e-04 1.961929898556059914e-04 2.099324745239786996e-04 2.120996701132679251e-04 2.024632178882789554e-04 1.812427531415865278e-04 1.551854436023988046e-04 1.263207098878768586e-04 9.600972955530544489e-05 6.996094555015858478e-05 4.871599463030939928e-05 3.332412901381450528e-05 2.109885142482195283e-05 1.009541055332454279e-05 -2.892469525869988529e-06 -1.691261304884552054e-05 -2.844135216910443975e-05
