1.916865484556920683e-07 2.317153645509451467e-07 2.758981133693091307e-07 2.984306645802318950e-07 3.360177523126058855e-07 4.266984182732810005e-07 5.680132211554391218e-07 7.061228282536050666e-07 8.255402366394385408e-07 9.170163399413435505e-07 9.420798200151021853e-07 8.971560105175710650e-07 8.521279554015443739e-07 8.667882973963475853e-07 8.911848734589623788e-07 8.619320907031424849e-07 7.551114472171508700e-07 6.261357019166538044e-07 4.665111290439823238e-07 3.408069094479723297e-07 2.790398291692393047e-07 2.569165159394873986e-07 2.249629854530723642e-07 1.909812818764080183e-07
4.689420004011916146e-07 4.975139925172894147e-07 5.487926863423013485e-07 5.768865313030852122e-07 5.988296235227763257e-07 6.661915456155627760e-07 7.977639884083012526e-07 9.490484962479525785e-07 1.086420559756646934e-06 1.163853976050575602e-06 1.162286887204084380e-06 1.121391543459096619e-06 1.085214606154261899e-06 1.084337515479828249e-06 1.084907423493894867e-06 1.049251042512911613e-06 9.572763745864616660e-07 8.399593747479578503e-07 6.976649899161001797e-07 5.877561770313150918e-07 5.289889748217118084e-07 5.180456638011848543e-07 5.063329206188269314e-07 4.809706903104400234e-07
6.831675587132701706e-07 7.249391477266009106e-07 8.079702074346488800e-07 8.701418967612874617e-07 9.088176738238953264e-07 9.852375324043924754e-07 1.109754952727977819e-06 1.247212356194048081e-06 1.375537069710536873e-06 1.430829604126502413e-06 1.413437561734853680e-06 1.387376299117501411e-06 1.358785357952949069e-06 1.329034975892366605e-06 1.292442357140973941e-06 1.225872474827481394e-06 1.113059834962795215e-06 9.717176330885065373e-07 8.419457352972493042e-07 7.739008746210401187e-07 7.442020959779178378e-07 7.485303345279541939e-07 7.391729278749785733e-07 7.045447200601943999e-07
9.071193445088394145e-07 9.878040637003657108e-07 1.100171439941727118e-06 1.198024154066310779e-06 1.273918139363276589e-06 1.371569359428958075e-06 1.487264815556478505e-06 1.598427313432058901e-06 1.701244120324652133e-06 1.744758496155105085e-06 1.737424601413487250e-06 1.733017229675642286e-06 1.707129280746152855e-06 1.640968450054500586e-06 1.552677736272597540e-06 1.431625790821125111e-06 1.281817425765673900e-06 1.115218927040758883e-06 1.007319148925739119e-06 9.846945409766168812e-07 9.807150654326994771e-07 9.748730823898066304e-07 9.447858922503116883e-07 9.035002350525211408e-07
1.281064656914937898e-06 1.402910376166926154e-06 1.518732356193181975e-06 1.613754910562230220e-06 1.690589560912550937e-06 1.764882500888445528e-06 1.851609044994618666e-06 1.944011890438509038e-06 2.024863288451225995e-06 2.074212831952817240e-06 2.097318337609110437e-06 2.115882818055335468e-06 2.097539627073555174e-06 2.012382578188955798e-06 1.882809588794534319e-06 1.716670955720806406e-06 1.554685599181409341e-06 1.402576195750375336e-06 1.326886555615686427e-06 1.314238785289724054e-06 1.293629776755299284e-06 1.252075625656158980e-06 1.216972897037031220e-06 1.210437683602413105e-06
1.779003141190334968e-06 1.935378730180910417e-06 2.048024183670186310e-06 2.115247308918931401e-06 2.149715215914946529e-06 2.157342467393393516e-06 2.193280762300662518e-06 2.266592689365407985e-06 2.325147412550793783e-06 2.381901399472468738e-06 2.438916122972019321e-06 2.483922273047660701e-06 2.484825077833170120e-06 2.400604468949435469e-06 2.249681862136309085e-06 2.057898554761241076e-06 1.902687575185918588e-06 1.784018635496784964e-06 1.737049279900153545e-06 1.708447271864785781e-06 1.645277655007287332e-06 1.571969316146804806e-06 1.565698084970420801e-06 1.627760351221351694e-06
2.350632599366423254e-06 2.475460172669420516e-06 2.550008720354374886e-06 2.575315782454847382e-06 2.571094733856865404e-06 2.542879159488875796e-06 2.549117271755056126e-06 2.593712039051634693e-06 2.619516238439843357e-06 2.660990612528052466e-06 2.727914923508466458e-06 2.789088349503446409e-06 2.813554932466554259e-06 2.748045478771101739e-06 2.605759548587964012e-06 2.419950169902049529e-06 2.284273632862194360e-06 2.196695672866435977e-06 2.146882054939501897e-06 2.077727235451728851e-06 1.980530268168500721e-06 1.933135087972436258e-06 2.012100014868425210e-06 2.165100553975480437e-06
2.768247313153901251e-06 2.821052332350192922e-06 2.848186941970523214e-06 2.857509968395925552e-06 2.872771727959564113e-06 2.894030166391455960e-06 2.927083050534979685e-06 2.949694216600291918e-06 2.948653843147399609e-06 2.955779187800379779e-06 2.999482935276909756e-06 3.057418722858801292e-06 3.093978356991235847e-06 3.042508275456668219e-06 2.916398817737401035e-06 2.748729342911846180e-06 2.628888556555091958e-06 2.553593334780423714e-06 2.478595221015035472e-06 2.379196400476035574e-06 2.291412724808600293e-06 2.303387376369041447e-06 2.440664391155509200e-06 2.623615265477741789e-06
3.006247574424942987e-06 3.014536705202038697e-06 3.021764042445254541e-06 3.043531979165717148e-06 3.107627773143726201e-06 3.207711450628249460e-06 3.292995620085712382e-06 3.315104985540199931e-06 3.308701839866648300e-06 3.287866950369059951e-06 3.299645924290583832e-06 3.345639863408265717e-06 3.384942440638164983e-06 3.337515725171877803e-06 3.217586733823877140e-06 3.061562339087214656e-06 2.954563661963234698e-06 2.888557536959329486e-06 2.797184158393492550e-06 2.688153440329605115e-06 2.630395159804299881e-06 2.673416725637922639e-06 2.791747889821882276e-06 2.927391160866304888e-06
3.128942081872688189e-06 3.133874047570359541e-06 3.151566873626406734e-06 3.199436653950308812e-06 3.305542570939379017e-06 3.461821591483244274e-06 3.597383493034187316e-06 3.646598916862219654e-06 3.658481632605061540e-06 3.640225608676472734e-06 3.643799189356135930e-06 3.679331187656850569e-06 3.712620201131129325e-06 3.672592347942985346e-06 3.569757736594583781e-06 3.429195331957481205e-06 3.322559222155141130e-06 3.248655138357160779e-06 3.150800747915168946e-06 3.052751889667205827e-06 3.019109509207659133e-06 3.041531348431252655e-06 3.074567963359361885e-06 3.111411797437719833e-06
3.317330153477325081e-06 3.327225955954115183e-06 3.352919310531710184e-06 3.406066060130200830e-06 3.511232294933802141e-06 3.664950868750498433e-06 3.819915072952696165e-06 3.902126555488328218e-06 3.934225907634302761e-06 3.943579242687355070e-06 3.973367456474765825e-06 4.010618067642226077e-06 4.029605453503345636e-06 3.990568198757840808e-06 3.905978120992006656e-06 3.782963274681388037e-06 3.670511266767438793e-06 3.577823245088431732e-06 3.478161222444470954e-06 3.394965158375148488e-06 3.362786359926891192e-06 3.354683587385136678e-06 3.336263288837930685e-06 3.323002186695850569e-06
3.567436196539108035e-06 3.566018872840885278e-06 3.583435792985898593e-06 3.624312714312806228e-06 3.709722634792726251e-06 3.842064129744041182e-06 4.003284648405063507e-06 4.111016845401652137e-06 4.155857489704115350e-06 4.191864170614236836e-06 4.253430335506895262e-06 4.297962877538599546e-06 4.293923118375431141e-06 4.232862109252806552e-06 4.143502212249778359e-06 4.029231644782524099e-06 3.916371532610486253e-06 3.810307366903972201e-06 3.710685778762573784e-06 3.640630848427434016e-06 3.608203971546008166e-06 3.596882677392768729e-06 3.583329306122432541e-06 3.576287108512098963e-06
3.788966193792662466e-06 3.789412160266990869e-06 3.809885455788696949e-06 3.831595725895439539e-06 3.871904392575368291e-06 3.955388950953541630e-06 4.104805539656010863e-06 4.246758205331308095e-06 4.334025491569561643e-06 4.392261183817955763e-06 4.444413288002211696e-06 4.472477353983722324e-06 4.449629963613885526e-06 4.369655595122739973e-06 4.257305826068895592e-06 4.126545834039737106e-06 4.004606660913179204e-06 3.886600143061144315e-06 3.798074662551165496e-06 3.756257848913177243e-06 3.741343863256297400e-06 3.744187147845508863e-06 3.754812126990795376e-06 3.779039166530504075e-06
3.842353609214875749e-06 3.867033150949365291e-06 3.911089500397086660e-06 3.934118717176464257e-06 3.949552163522808704e-06 4.002270900562798012e-06 4.130960600127575166e-06 4.288537086233094742e-06 4.420619961720203699e-06 4.491540072287149033e-06 4.510141989413748470e-06 4.515043057895024763e-06 4.496568534303393503e-06 4.421657284322440883e-06 4.288963673274273267e-06 4.125446044081261881e-06 3.982821752040274228e-06 3.851371572661229376e-06 3.775821736163742046e-06 3.761922849953786750e-06 3.766865552947078410e-06 3.770028863488894813e-06 3.777105482133085811e-06 3.810613957385661414e-06
3.771370281396744397e-06 3.816264927090662734e-06 3.879885859163665780e-06 3.923197119524683769e-06 3.955700010656187022e-06 4.019597591476737953e-06 4.126597460695713169e-06 4.255927219696492260e-06 4.388955136897492949e-06 4.464776641323857415e-06 4.478132870009494783e-06 4.488175439607231168e-06 4.490629577605684328e-06 4.425588537141982051e-06 4.277358175106549457e-06 4.084233617004323339e-06 3.922418531551125705e-06 3.779019016147288969e-06 3.706058041369779984e-06 3.697809192500615401e-06 3.700340694056836741e-06 3.689493249846746616e-06 3.686627836668065642e-06 3.723024076311730846e-06
3.608475727089803691e-06 3.664849625681191057e-06 3.728503424260995516e-06 3.790316872559572151e-06 3.871326572030108564e-06 3.987664973426646950e-06 4.094677865473496090e-06 4.169650025595350186e-06 4.249663924209468017e-06 4.317385138106837571e-06 4.366990730761620591e-06 4.413874146540881592e-06 4.439810336929789387e-06 4.388236752977951301e-06 4.258524260216735707e-06 4.071391804036834938e-06 3.900141837686737232e-06 3.748489566858581644e-06 3.648777919560173972e-06 3.592716989266402485e-06 3.545200545794428098e-06 3.508248222562833006e-06 3.506804042054438046e-06 3.547163045011600316e-06
3.460139389055011580e-06 3.526944691112854513e-06 3.578787641711925580e-06 3.628181029056396249e-06 3.723162112293726442e-06 3.867230522935566077e-06 3.998493307270821306e-06 4.064037817439394778e-06 4.108119457865684042e-06 4.161712331267444141e-06 4.231968788445254046e-06 4.290298843614881084e-06 4.310013707439191757e-06 4.268084839339204095e-06 4.183524848459063250e-06 4.036486444601779402e-06 3.869983336662228053e-06 3.718200717802360207e-06 3.596417911886898823e-06 3.502695050900439204e-06 3.421106188306459223e-06 3.369620701040788364e-06 3.364680426712580536e-06 3.393796600922389198e-06
3.329391564794487833e-06 3.412860467859313471e-06 3.459124768018178709e-06 3.476204666987436332e-06 3.539138081608819852e-06 3.664917449113220705e-06 3.822845872911247803e-06 3.929813279858016045e-06 3.988813208827949598e-06 4.029792896504036701e-06 4.072879981013270164e-06 4.094836438381659912e-06 4.081876744112680966e-06 4.044506365998768834e-06 4.000012651133930385e-06 3.894222900612238356e-06 3.739862078974961868e-06 3.595344539975110265e-06 3.486462524009716312e-06 3.417626201573079802e-06 3.364513389099605471e-06 3.315718409438053723e-06 3.279180915323910689e-06 3.268953134820243829e-06
3.257552871832243522e-06 3.325115163681382303e-06 3.355849236359659935e-06 3.336139425201499284e-06 3.349151938108257996e-06 3.436224509045964341e-06 3.620704636695991513e-06 3.801281628373804307e-06 3.920837754503186018e-06 3.949437803279316583e-06 3.916477035536782063e-06 3.861689083358602530e-06 3.800089205209719810e-06 3.750333834268401478e-06 3.703626523129127809e-06 3.615646936992926071e-06 3.496045387761786774e-06 3.392358980868681604e-06 3.333890024286173666e-06 3.315211963326977083e-06 3.305213638456100405e-06 3.272603944267091646e-06 3.229209951370703681e-06 3.210265122043637761e-06
3.139591120578186335e-06 3.169802801132515781e-06 3.186181281433372392e-06 3.161778839809036271e-06 3.169017608585841857e-06 3.258986020210952447e-06 3.463455055686719337e-06 3.674910208534106720e-06 3.825742328924418597e-06 3.840192449926057860e-06 3.753215790462392125e-06 3.652223057106140476e-06 3.569588173804928495e-06 3.506735496137269140e-06 3.431765885348375049e-06 3.328527746024481413e-06 3.230810829142646118e-06 3.166029980442320779e-06 3.152008645374327551e-06 3.157296780378501756e-06 3.153587592150630474e-06 3.125718724212461847e-06 3.101794267798947473e-06 3.106344609799989741e-06
2.899174963644938129e-06 2.913103179969714549e-06 2.936193214958406869e-06 2.935969117331389807e-06 2.974108943839971205e-06 3.103647998014214978e-06 3.321923207936108120e-06 3.515216253332114644e-06 3.648284099362401242e-06 3.647427666425822304e-06 3.553162131534523618e-06 3.452691633293698963e-06 3.380662919330384717e-06 3.321268267623339647e-06 3.234591689871781285e-06 3.104409293542405614e-06 2.988650268687339586e-06 2.922848237857260190e-06 2.930276196469314457e-06 2.953460612090456370e-06 2.949970645159187403e-06 2.910813958989882262e-06 2.880371665441693809e-06 2.882429805153296172e-06
2.490445253987483347e-06 2.540981431418475340e-06 2.622853782905375907e-06 2.696620459608024324e-06 2.789693696909926998e-06 2.950652755445747922e-06 3.153622456557712652e-06 3.306581320825774356e-06 3.404730700434357403e-06 3.393971034435234104e-06 3.316285550309619986e-06 3.239768218166153983e-06 3.202525406556170180e-06 3.179992751045406587e-06 3.125875761604439387e-06 2.993504275988288986e-06 2.842491370179448725e-06 2.739378231750396545e-06 2.725705519597999137e-06 2.739181348373943514e-06 2.717501097398594101e-06 2.635285543215456132e-06 2.545422181892227775e-06 2.490919402241302767e-06
2.092246292242676481e-06 2.200974395263354140e-06 2.362392364206535715e-06 2.525052338183262228e-06 2.658578985416461693e-06 2.804295056202736327e-06 2.963726795375898396e-06 3.094450219017382518e-06 3.180797754320520450e-06 3.168745000384165457e-06 3.097651327538903269e-06 3.034660926796076995e-06 3.018767729007749444e-06 3.025126162513366643e-06 3.006460439240681124e-06 2.907171892896880822e-06 2.766101932250132529e-06 2.651796359849301079e-06 2.607069683756207113e-06 2.586016801664889266e-06 2.530521504744875090e-06 2.394662255063077383e-06 2.232062296480087482e-06 2.106517581549190546e-06
1.810051992334484587e-06 1.956295886873704235e-06 2.176583339202023990e-06 2.410461041732409131e-06 2.569766095527208855e-06 2.685564175194240668e-06 2.796447525885230267e-06 2.909589659183092872e-06 2.988789500463740907e-06 2.978562798092614685e-06 2.915645065249668868e-06 2.867765724629448034e-06 2.854708619756857387e-06 2.851346971745055206e-06 2.829521344106850347e-06 2.765652514338174893e-06 2.677810223992864422e-06 2.595596942759600830e-06 2.540280203249013633e-06 2.482341686197496909e-06 2.390674419239880467e-06 2.213391125974609397e-06 2.004850798055169048e-06 1.835060375767610432e-06
1.699153726415661548e-06 1.830318747142733312e-06 2.057346601643461431e-06 2.310246348669518047e-06 2.469316905449736413e-06 2.564648852308719525e-06 2.644060157833998818e-06 2.735153835068548701e-06 2.799312919772494463e-06 2.801388262985991206e-06 2.764887117533956602e-06 2.732794383317874067e-06 2.695020060052480845e-06 2.644869633527481441e-06 2.590201599291375704e-06 2.559026661151644332e-06 2.548422649197235354e-06 2.529404802983648489e-06 2.484000759684055082e-06 2.398936326766294481e-06 2.287759136213143065e-06 2.111877575570589901e-06 1.912905334947215355e-06 1.743305256833223459e-06
1.648984349188844182e-06 1.728728145094973559e-06 1.926619634877276019e-06 2.162197016197329878e-06 2.310470405777510444e-06 2.410238311530363303e-06 2.489205351395344433e-06 2.566236045834064749e-06 2.619913950394273608e-06 2.642395026496818129e-06 2.633353863407172221e-06 2.600526029459646454e-06 2.525881697603193574e-06 2.439872090206909298e-06 2.370677441778207528e-06 2.359378412045244111e-06 2.381840675381517681e-06 2.388938796850037191e-06 2.343881797377182979e-06 2.249496954851342209e-06 2.143517674308930544e-06 2.008476813629944308e-06 1.859761712040257982e-06 1.719968624735166735e-06
1.567396773402156698e-06 1.596712962845394686e-06 1.766461706267323120e-06 1.988176184969367250e-06 2.131577715167446770e-06 2.241706887632107824e-06 2.333821150212020670e-06 2.418046530787434428e-06 2.482500924136429391e-06 2.525343797010521992e-06 2.522417075115742799e-06 2.467508600269250546e-06 2.358014767062866796e-06 2.261532534445080168e-06 2.203197827473565309e-06 2.200655272415480581e-06 2.208558387928875226e-06 2.194147053965939638e-06 2.129809782826047747e-06 2.034475322818133257e-06 1.942064744412466946e-06 1.855568490458442303e-06 1.764147549299228557e-06 1.661198474199822109e-06
1.436063012113097087e-06 1.428527029093713677e-06 1.546468548482278726e-06 1.745384192521823847e-06 1.919783484383140148e-06 2.079006309546790933e-06 2.222356193694990437e-06 2.334580921749493070e-06 2.411292896335335855e-06 2.435430068396073267e-06 2.400900411565725332e-06 2.322735299445409363e-06 2.222204156147818600e-06 2.153668176773512170e-06 2.113978335576651431e-06 2.097150470497488833e-06 2.062848630095862933e-06 2.003611659284803197e-06 1.897188557422366749e-06 1.778318043249269832e-06 1.680830690321027616e-06 1.621447083698031445e-06 1.575876064737884086e-06 1.519299995499393355e-06
1.304570084413801722e-06 1.298870725626766443e-06 1.366453906003678285e-06 1.532078682517630809e-06 1.745119792755613355e-06 1.963943092273528103e-06 2.168181682974381906e-06 2.300565356444303670e-06 2.362370941308994201e-06 2.328850096265204404e-06 2.253875554362374435e-06 2.180153234586902647e-06 2.133100002038867976e-06 2.103459787543582320e-06 2.062730369609406017e-06 2.013558454992793278e-06 1.946841307772614496e-06 1.856897975885371694e-06 1.708180326335678527e-06 1.550945548307269353e-06 1.437494171190109483e-06 1.380249126849499342e-06 1.354241313554611055e-06 1.338724765529867111e-06
1.207774983610814826e-06 1.238390351007112234e-06 1.290093294323355004e-06 1.423811865308236326e-06 1.643786015964945255e-06 1.890501011879183468e-06 2.131306045682608226e-06 2.266912915625720815e-06 2.296876361827031633e-06 2.205807138619519022e-06 2.107542738468048348e-06 2.055418237861261647e-06 2.064800796079968846e-06 2.062817079674235033e-06 2.009808818213272966e-06 1.923817480566767951e-06 1.826973546332620527e-06 1.708612373173778898e-06 1.528101983230776799e-06 1.351218036130366915e-06 1.240517729607600941e-06 1.188392320104491057e-06 1.169194762801778960e-06 1.181984786317699345e-06
1.184289301182006924e-06 1.273470044629746267e-06 1.357067888831306804e-06 1.466618063810655477e-06 1.628629147747290075e-06 1.820402103343743414e-06 2.018433465442819691e-06 2.124766850167184182e-06 2.130253594714920128e-06 2.032255527820161821e-06 1.958490354927417985e-06 1.954168815784060201e-06 2.020901119420896104e-06 2.037976301423917243e-06 1.963547164624312317e-06 1.815958185836688872e-06 1.670017446473301756e-06 1.532316496856962973e-06 1.366678105079838005e-06 1.203641967913784317e-06 1.089565216190589552e-06 1.032953106287175336e-06 1.035950049895015115e-06 1.090765594534345994e-06
1.186372513022972710e-06 1.303396564163242639e-06 1.413691728969087612e-06 1.501435264737630968e-06 1.582807787584791219e-06 1.679025578918750771e-06 1.793187595822706415e-06 1.872019083499276489e-06 1.894662833266136276e-06 1.854212237668244403e-06 1.846180668693982531e-06 1.909312524461184650e-06 2.023923070701547680e-06 2.037243345348161201e-06 1.918035095313691912e-06 1.682464751669100887e-06 1.479462383936322293e-06 1.342504917551707717e-06 1.240748938861524518e-06 1.118743748484820762e-06 9.888491936150113543e-07 9.112688258992805394e-07 9.444079131389987658e-07 1.047531326287437934e-06
1.159499519621040668e-06 1.268214689435464946e-06 1.369054985827217271e-06 1.429208474076396702e-06 1.454527808235342048e-06 1.479775807708067044e-06 1.536738804388345744e-06 1.616823672558749122e-06 1.685379705086360472e-06 1.721061927069662725e-06 1.787179377040906248e-06 1.926180042745692761e-06 2.077779434985449539e-06 2.057150594040365466e-06 1.862969022535741627e-06 1.532801266402242924e-06 1.289699383271482847e-06 1.170447513090002048e-06 1.146203323263212541e-06 1.075525718257352354e-06 9.401099988224219399e-07 8.353754829505477609e-07 8.759882945529958919e-07 1.004751156941395334e-06
1.014019699474214933e-06 1.084818896918003629e-06 1.142561776794034432e-06 1.193267482245619718e-06 1.245989851313418858e-06 1.297727686867673166e-06 1.368514793736316939e-06 1.465240311834440082e-06 1.570166816305805286e-06 1.670908046253013748e-06 1.805284914097644914e-06 1.998290651544291157e-06 2.145724584381623367e-06 2.069942226767512164e-06 1.815929424299242828e-06 1.443139259182358996e-06 1.182865806364025733e-06 1.052754008621088319e-06 1.053400539208630666e-06 1.032673150374199767e-06 9.392644196118937923e-07 8.290898133278134283e-07 8.218019093151585695e-07 9.013694337655626038e-07
7.978008815284647325e-07 8.454077549215961491e-07 8.707414095450439462e-07 9.285848858572735818e-07 1.044722351939167267e-06 1.172965490025887444e-06 1.295615559651003412e-06 1.405844602914689875e-06 1.519075374316768957e-06 1.640151871847014514e-06 1.788123089161792910e-06 1.964494692823451772e-06 2.073461847058466783e-06 1.983803011432973153e-06 1.747582508242541189e-06 1.422099111658298509e-06 1.181008943148835060e-06 1.024898602365885553e-06 9.792640590764881890e-07 9.565811572436181320e-07 9.021792084212278782e-07 8.055310372854867279e-07 7.400012732835667993e-07 7.405719682216900277e-07
6.164496302677754627e-07 6.638196430782294216e-07 6.796995359170736109e-07 7.368217600300154941e-07 8.777008135381603338e-07 1.043775744569502562e-06 1.200980064797287885e-06 1.328768718506775698e-06 1.454359842119806263e-06 1.569490379165971347e-06 1.674437404536424440e-06 1.777556332998624024e-06 1.846304626963089227e-06 1.795883691404221546e-06 1.630569865569634695e-06 1.396382755233432648e-06 1.209340528385628754e-06 1.062096301915456894e-06 9.590757594026257864e-07 8.773628365255380255e-07 8.048931615972852643e-07 7.119221590215338357e-07 6.255265098994277642e-07 5.844763501943491135e-07
4.967258674112716242e-07 5.559245892672163307e-07 5.923895950769691288e-07 6.497704448038580337e-07 7.592521786432074242e-07 8.875802500301310973e-07 1.031853939820446396e-06 1.177292467771341267e-06 1.321869626279393325e-06 1.421958801019591502e-06 1.458561021636454896e-06 1.468969912336502423e-06 1.509894905801829957e-06 1.540632780598754274e-06 1.490906363567286648e-06 1.363330734665486293e-06 1.226767010986943122e-06 1.101553818271459600e-06 9.570357861696472648e-07 7.985320680724534265e-07 6.584710854595822477e-07 5.460178020451980313e-07 4.791956963147840791e-07 4.548476307160044202e-07
3.810359185082396126e-07 4.491459265363585339e-07 5.212519275710480015e-07 5.923481825674557501e-07 6.542304858291218681e-07 7.091698411687446290e-07 8.077950619687175924e-07 9.605710167450006928e-07 1.120357181620519714e-06 1.225598777337169168e-06 1.237516661811416897e-06 1.204739233606858234e-06 1.226225410704302458e-06 1.303039773445634433e-06 1.336578263964006364e-06 1.272570162869256205e-06 1.143200438940701682e-06 1.013468134494943522e-06 8.574248915620815528e-07 6.722522072427259333e-07 4.829589385403136255e-07 3.444569867557437339e-07 3.029513734892062086e-07 3.189318713065322457e-07
2.234219703559840430e-07 3.034214046889443168e-07 4.141465410812373801e-07 5.077350474103480743e-07 5.365934720880312981e-07 5.327196633740539484e-07 5.880770930129041753e-07 7.383762782793134783e-07 9.035572531870376467e-07 1.026722288618763298e-06 1.049312070762906914e-06 1.008704557466253613e-06 1.003651735674039767e-06 1.076985987503717906e-06 1.144232786715868536e-06 1.109969532725283583e-06 9.697050459970088040e-07 8.173648672712668884e-07 6.574698469921671137e-07 4.790638259699821698e-07 2.739739006973612957e-07 1.216980964436819059e-07 9.662297792384091585e-08 1.440460414400929429e-07
-8.266204224480884976e-09 8.438074000319425671e-08 2.198609921055073338e-07 3.408857337700902315e-07 3.847783237528011538e-07 3.879353666179611354e-07 4.413949970088582493e-07 5.854616163962097611e-07 7.425318906269668452e-07 8.721864450348348107e-07 9.189184462166760042e-07 9.046449910377399027e-07 8.731039298227662091e-07 8.727197253178258239e-07 8.758960147802021485e-07 8.224688635273908607e-07 6.954369533464059264e-07 5.492971128487554759e-07 3.961899363429504407e-07 2.316054706795924794e-07 4.189980383370467014e-08 -1.040841157740230361e-07 -1.326833655376193273e-07 -8.818658634245052485e-08
-2.106867233932553881e-07 -1.289899838920788577e-07 -6.974433938416502150e-09 1.298177310905557714e-07 2.279327365306879547e-07 2.950948528711058905e-07 3.800476384269210960e-07 5.070376143020508304e-07 6.354033958826894532e-07 7.402410575395119043e-07 7.919288984143253166e-07 8.054969438503904615e-07 7.681272123274967473e-07 6.976605260733847811e-07 6.128618073508447925e-07 5.269031667800444300e-07 4.344391571062059445e-07 3.205158519575686277e-07 1.757148123136095168e-07 1.655615339592426481e-08 -1.420349807010989324e-07 -2.607171438963372334e-07 -2.954562409163770920e-07 -2.709156860845367613e-07
-3.172420660247207399e-07 -2.759917887321584970e-07 -1.969371984092625126e-07 -5.775115858451969174e-08 9.733542265791154676e-08 2.312517728184652840e-07 3.394396747013536129e-07 4.300877690436935746e-07 5.104838199536456877e-07 5.767789529470428856e-07 6.252365997106365587e-07 6.584601119575114152e-07 6.356399404688456935e-07 5.440332669540491782e-07 4.202020345350799612e-07 3.152774270242438153e-07 2.355698681249715938e-07 1.320516485927672790e-07 -8.931591412510037013e-09 -1.498296682982706076e-07 -2.644714943601771547e-07 -3.423182390398808806e-07 -3.689646343965256807e-07 -3.501477550081751958e-07
-3.488169219906937823e-07 -3.475170531100161146e-07 -3.055225110019335663e-07 -1.673633739622542743e-07 2.470962148895543254e-08 2.011429748074812483e-07 3.158601153601974432e-07 3.607353209027777241e-07 3.791365879869056679e-07 3.946286070000809015e-07 4.295644951717735601e-07 4.678306011909747323e-07 4.750569033123895715e-07 4.130457840254221212e-07 3.034347259051676758e-07 1.933973751877577750e-07 1.065637951886192667e-07 3.637027443429847720e-09 -1.184342058773617323e-07 -2.231200402216885748e-07 -2.951925762426437172e-07 -3.428740325685977729e-07 -3.650156720357702467e-07 -3.530123636278637062e-07
-3.794124527289175725e-07 -3.866109876355376870e-07 -3.448196314984584794e-07 -2.045744516117995472e-07 -1.338870794743525408e-08 1.634359134647958142e-07 2.818319616770222607e-07 3.171028688488306969e-07 3.050838966479548208e-07 2.857219385170594398e-07 3.076643502261078687e-07 3.471800235890899147e-07 3.788351150005560084e-07 3.441060490282282101e-07 2.489188108001302508e-07 1.262180465326405029e-07 2.261722780697055486e-08 -7.929046773285423335e-08 -1.738353366785369140e-07 -2.475582209300498817e-07 -3.016424378623475072e-07 -3.431682872851944068e-07 -3.678712662564035546e-07 -3.672495739854810078e-07
-4.128110221801562881e-07 -4.167296172523801771e-07 -3.633631034646104085e-07 -2.256937983490881031e-07 -5.649748532949571591e-08 9.961622531851411939e-08 2.319072045483088175e-07 2.991080389233879510e-07 2.982030530115507969e-07 2.678744446948022831e-07 2.830638082835987980e-07 3.300694773327542983e-07 3.783787911819094169e-07 3.491422164771050784e-07 2.465892360940471479e-07 9.625205521847438245e-08 -3.227244630261706154e-08 -1.413175137059673148e-07 -2.214641546399461565e-07 -2.823239174565650232e-07 -3.365196439581247863e-07 -3.761422927599626003e-07 -3.938115951414845383e-07 -3.949765029138221011e-07
-4.511592954653923613e-07 -4.167697968125412298e-07 -3.320401086478710652e-07 -2.061432978952389824e-07 -7.749522665733831002e-08 5.027188462212365492e-08 2.004376914559724488e-07 3.219565351101393596e-07 3.745335404937758279e-07 3.727748623030810710e-07 3.820584204797244754e-07 4.095707003080630562e-07 4.398081787627201616e-07 4.109934695811729032e-07 3.180376337012906560e-07 1.616473028139907232e-07 5.091004587113413327e-09 -1.312483834476447081e-07 -2.279531824775350220e-07 -2.912837616837430303e-07 -3.427445896060794775e-07 -3.849590518788935880e-07 -4.187977412911898393e-07 -4.419274698049535858e-07
-3.756407629404682041e-07 -3.048772418857502525e-07 -2.059585878318572491e-07 -1.078883549368818414e-07 -1.510003920973160336e-08 9.993208150471699639e-08 2.565998272146878749e-07 4.008718941870625186e-07 4.953460278359107026e-07 5.381267176389333808e-07 5.491702962597323848e-07 5.370243851084740555e-07 5.277452768988498309e-07 5.140258374728919209e-07 4.673740627309199238e-07 3.485932929984469725e-07 1.853119433192179356e-07 2.593614504896795208e-08 -1.042804260940626000e-07 -1.818250744973684084e-07 -2.241139106750215549e-07 -2.650700387337394412e-07 -3.251815402601299909e-07 -3.773546716763449334e-07
-1.445032562696819058e-07 -7.487033614325281532e-08 7.326604697074117996e-10 5.717111268489253615e-08 1.239938905871806460e-07 2.361852384225041998e-07 3.891005659474312810e-07 5.257229244297934552e-07 6.316912545356332054e-07 7.114757826982660239e-07 7.396112543032265052e-07 7.031390247123771434e-07 6.642771717359820819e-07 6.701888133206288936e-07 6.743769109715823083e-07 6.076719587628646034e-07 4.620622591141249693e-07 3.040467520912244390e-07 1.458606352588306215e-07 4.078966902313996107e-08 -5.639424045116896832e-09 -3.846274180242597395e-08 -9.778585463299858671e-08 -1.519411881417523840e-07
