1.707701969415540409e-05 2.758230992342674691e-05 4.711991271364488425e-05 7.634112316711388424e-05 1.129619180576568781e-04 1.555696612075774742e-04 2.041060404806287914e-04 2.511067952461443990e-04 2.941421507634823769e-04 3.324586055119005965e-04 3.557134061796967707e-04 3.612124698503793303e-04 3.437376175726888352e-04 3.087861552430332937e-04 2.634086971114743092e-04 2.140645815660367855e-04 1.721072702724428917e-04 1.348619120645752135e-04 1.020390626442763934e-04 7.343745017314559555e-05 4.927942833653990284e-05 3.034779040166398617e-05 1.880155717478615201e-05 1.457760899079118869e-05
4.873803931839872257e-05 5.949967955554445943e-05 7.770192549468809575e-05 1.064507726333178788e-04 1.428650293171564720e-04 1.828783028306230519e-04 2.261770779953777206e-04 2.659431816073016641e-04 3.002174044433620769e-04 3.251580899236788881e-04 3.356599946497227532e-04 3.338630274018638167e-04 3.162962575630997360e-04 2.860496336534216425e-04 2.476240691298289224e-04 2.055605314531543288e-04 1.685125588319207361e-04 1.348236965414696643e-04 1.064867949811697711e-04 8.456125743291056571e-05 6.740736792461982096e-05 5.447587761146078069e-05 4.666627778278177244e-05 4.482764771320239155e-05
8.156209950401612700e-05 9.353824828924925232e-05 1.113632959175313482e-04 1.380195964504399222e-04 1.700287898055971093e-04 2.032490685606327756e-04 2.357598131101567511e-04 2.613889376765979192e-04 2.799996999394896826e-04 2.885004326396932418e-04 2.870234022918516522e-04 2.787043649933183451e-04 2.648407651797592003e-04 2.461151939947490682e-04 2.214577373838130987e-04 1.914426394391720505e-04 1.620235149121494755e-04 1.346106579609657270e-04 1.114982026740844197e-04 9.500622745368546198e-05 8.361395767869832046e-05 7.659911992687957376e-05 7.360167597065766544e-05 7.522388648975209696e-05
1.165693908466685486e-04 1.298896864351592592e-04 1.471505805470714066e-04 1.688541158236230922e-04 1.913561834521344807e-04 2.129400378538274174e-04 2.305643839096906014e-04 2.395053532056044311e-04 2.412296180558736282e-04 2.359169559429996946e-04 2.271477002912099480e-04 2.159355180927454072e-04 2.077341106374237291e-04 2.016932354702308196e-04 1.920757771496775306e-04 1.761758440146165379e-04 1.569706431521301416e-04 1.381584685857264691e-04 1.209273809558386142e-04 1.086607860558577807e-04 1.012984251764812262e-04 9.903948304851371669e-05 1.010921304925463209e-04 1.069932397179714628e-04
1.491287617076740937e-04 1.633133984634091050e-04 1.792137399622593876e-04 1.955859369698499520e-04 2.090515516409972331e-04 2.197282872616817347e-04 2.253607999854499516e-04 2.234755686985373697e-04 2.155034302094756824e-04 2.031109742590241215e-04 1.915371581774056415e-04 1.808617113339353467e-04 1.762498529085229279e-04 1.761930306253936583e-04 1.750231745460463257e-04 1.696455117597198126e-04 1.597843574822134006e-04 1.484425896962213371e-04 1.361030689711304506e-04 1.270151807624643936e-04 1.221125263193441313e-04 1.225196537696355116e-04 1.278406815471751646e-04 1.368191010020429303e-04
1.766763042784779704e-04 1.918708488867589186e-04 2.065562044578489725e-04 2.192857407563048185e-04 2.269466909044392426e-04 2.299480961784664511e-04 2.273622597832002101e-04 2.189660079052307951e-04 2.056126460686079100e-04 1.885522701131851894e-04 1.746824612751811975e-04 1.650523174601484515e-04 1.624495414357769393e-04 1.647072711055314368e-04 1.683155163362101876e-04 1.706818263773659790e-04 1.682776245735151551e-04 1.625191694566103043e-04 1.536140845353743027e-04 1.466777349274632654e-04 1.432076188300395792e-04 1.449585619874091001e-04 1.519306304466541007e-04 1.623690204791627349e-04
1.943722233749039976e-04 2.108653487807271402e-04 2.266228644747371554e-04 2.396952259332978694e-04 2.459366413856434196e-04 2.459147247651547017e-04 2.386524656107330794e-04 2.255882461452409448e-04 2.081785375707312542e-04 1.887660237974382919e-04 1.749641815145455280e-04 1.669681523748798896e-04 1.652226465207758512e-04 1.669928854988109710e-04 1.709225663488430410e-04 1.764725445950836562e-04 1.790265562367885255e-04 1.775849910828312809e-04 1.715050150429748871e-04 1.657293326488417523e-04 1.625483461678763899e-04 1.634244247812389236e-04 1.694030621174110319e-04 1.793703868713929250e-04
1.973501449331916953e-04 2.143758435929942537e-04 2.324379849720454921e-04 2.490789718209116292e-04 2.578212916151731817e-04 2.589633707627907698e-04 2.509443630658054081e-04 2.362754155192690409e-04 2.173544233194913376e-04 1.985803507025310749e-04 1.873398413575060343e-04 1.816961456113967905e-04 1.804895235575939389e-04 1.805076738496609373e-04 1.818395692787282342e-04 1.857295177553480183e-04 1.886387724595376921e-04 1.881434432074177514e-04 1.831143056909730049e-04 1.772827636076262014e-04 1.730218424978665649e-04 1.711726585203822741e-04 1.744756128532079324e-04 1.830030563970001030e-04
1.888277394495969041e-04 2.051253373972686104e-04 2.242314304952508042e-04 2.451168061088632838e-04 2.589722309600331622e-04 2.638905065907494614e-04 2.593918983732108755e-04 2.490603180746590092e-04 2.345701375786421081e-04 2.197461090000904136e-04 2.117480430280560186e-04 2.091377911106262000e-04 2.080008207093324312e-04 2.046473075847241507e-04 2.017618428621195442e-04 2.008356062447887288e-04 1.994073680935110450e-04 1.951655388252761377e-04 1.881768508173108328e-04 1.809614069328381385e-04 1.742925090823720059e-04 1.688868515818536537e-04 1.691797431588707465e-04 1.759329257400110789e-04
1.717028345840656515e-04 1.861213500399161360e-04 2.040578187871823165e-04 2.262496583903882239e-04 2.449780336454710373e-04 2.569325819198856769e-04 2.614754998804122367e-04 2.608271558330172682e-04 2.563654758795760229e-04 2.495741969684481905e-04 2.452104858821405032e-04 2.433763279331294723e-04 2.414342148756310478e-04 2.363030458097950483e-04 2.295932953481218770e-04 2.210585311926981144e-04 2.107742292330786707e-04 1.990119803970286658e-04 1.867934351721236631e-04 1.759198433709733395e-04 1.659699711102052399e-04 1.580917076874668295e-04 1.563862058980600254e-04 1.610726273761047130e-04
1.634423237561492207e-04 1.748286745416332167e-04 1.893798424696816537e-04 2.080839169560703386e-04 2.277345796984104481e-04 2.462749685134630532e-04 2.612836921644574894e-04 2.711812672626208931e-04 2.778625905817996952e-04 2.812850619427806993e-04 2.816273933150463906e-04 2.789917555343042000e-04 2.757569917107031889e-04 2.705369705166077660e-04 2.604908050659902668e-04 2.440806250929830796e-04 2.253778003639307507e-04 2.072773244001488750e-04 1.902000410426935104e-04 1.757207948371474122e-04 1.639436901243155492e-04 1.559092435711065359e-04 1.533553885586980863e-04 1.558209195472408783e-04
1.669706771124186066e-04 1.740613887296192262e-04 1.839637813405330048e-04 1.973807816428688221e-04 2.156185882359117165e-04 2.384096739550476405e-04 2.626988884035665441e-04 2.831068964979561488e-04 3.008957369404227189e-04 3.153079547564817961e-04 3.219438071025912938e-04 3.200941680053883439e-04 3.156139028663135205e-04 3.088118499299459573e-04 2.939360898763711694e-04 2.698616109809869241e-04 2.446556768869271865e-04 2.221323871998389982e-04 2.020412111079789160e-04 1.857305878899030715e-04 1.739005281168733651e-04 1.665220944222539808e-04 1.629700007730985108e-04 1.630647558583939779e-04
1.849531182421482395e-04 1.860372956560596739e-04 1.900732334665028249e-04 1.980297938789843447e-04 2.135133024030700874e-04 2.367570053364423171e-04 2.687280582803469446e-04 3.019737636425446291e-04 3.330427332910428778e-04 3.588940767370541124e-04 3.729047942874152109e-04 3.759081098665262972e-04 3.694396925655124781e-04 3.551604193134952564e-04 3.320882466623900804e-04 3.012227752549747695e-04 2.716398765943931620e-04 2.453652405389151678e-04 2.239993812590692994e-04 2.088689236769863716e-04 1.988155619295143401e-04 1.929268985571987291e-04 1.886792133459786066e-04 1.861436636839550662e-04
2.161101701328879102e-04 2.110229563367391832e-04 2.095207978916106242e-04 2.131437898110253670e-04 2.255859945234377944e-04 2.465386711581429814e-04 2.813870105317873237e-04 3.223314417294163110e-04 3.613869169627318182e-04 3.927186175389333093e-04 4.098354848786403808e-04 4.164086514815267676e-04 4.088163816016760909e-04 3.897286599650803536e-04 3.636572172263197547e-04 3.327149508297280625e-04 3.039990541216790903e-04 2.777623607732966821e-04 2.578251828971898983e-04 2.456969219696651099e-04 2.380603997035488583e-04 2.337622835767891013e-04 2.288452044272204673e-04 2.231433717228397664e-04
2.573501168578798122e-04 2.468894213914004797e-04 2.406470762304296852e-04 2.398708400596609859e-04 2.483425122264370762e-04 2.660749338285120632e-04 2.983407117209428347e-04 3.369934016660594664e-04 3.740449153962486280e-04 4.030887723860949838e-04 4.177658551700006860e-04 4.223629384515150309e-04 4.158365660162128435e-04 4.018658303869567351e-04 3.827205519524589121e-04 3.597004622785754066e-04 3.379240765549098983e-04 3.177978349454737964e-04 3.024197239316593080e-04 2.934819215439488484e-04 2.884505006444443493e-04 2.855778203650181793e-04 2.794728625954005547e-04 2.700862621669621868e-04
3.075640474782073176e-04 2.931604995498448413e-04 2.826871267009524089e-04 2.778211191270888716e-04 2.814808803975398866e-04 2.929620215065085066e-04 3.136441574948398365e-04 3.368241935172760419e-04 3.588881495845527760e-04 3.746687660797957758e-04 3.806550465393838175e-04 3.808439184256508648e-04 3.807469962981323221e-04 3.832476176016506191e-04 3.837952802582779909e-04 3.807681095516842634e-04 3.743688878662848108e-04 3.662870840465477416e-04 3.584960087205224912e-04 3.533358129869843510e-04 3.496132365841422254e-04 3.453791266253064193e-04 3.366392997132573186e-04 3.240115142689448374e-04
3.437599734637234892e-04 3.267639009768138147e-04 3.124883581628082026e-04 3.034405571390279819e-04 3.007243729997561795e-04 3.022005519924329093e-04 3.064934075900156338e-04 3.101334170547859225e-04 3.133397593345468358e-04 3.135491198024710469e-04 3.128148028851085124e-04 3.143845580181365445e-04 3.247128986792627921e-04 3.440825443603599603e-04 3.661332214143444186e-04 3.876510019614576134e-04 4.009858809325083880e-04 4.068017845175241152e-04 4.068620163484560313e-04 4.046198971064893517e-04 3.994632300534011003e-04 3.903336322049544890e-04 3.774642385381350891e-04 3.619911436961751683e-04
3.593828095766295801e-04 3.404850536640863755e-04 3.230981820178814145e-04 3.092676229685203623e-04 2.982827231352837239e-04 2.878611697274265449e-04 2.758988196049562305e-04 2.621597221376938624e-04 2.486693702555721605e-04 2.370957824803428553e-04 2.350565641287267311e-04 2.434228984512125447e-04 2.645425980812041796e-04 2.960977645576244534e-04 3.349679524267101241e-04 3.790047093285286994e-04 4.127052427402822204e-04 4.330504075143033716e-04 4.404074021523073047e-04 4.393427169178893755e-04 4.310113167305323965e-04 4.158248626829755875e-04 3.982438081264098677e-04 3.793433097518264323e-04
3.498197533008836593e-04 3.291061738943773757e-04 3.092006036594815402e-04 2.904233498935435490e-04 2.705928183974001962e-04 2.486615038073161340e-04 2.229489044793591605e-04 1.966223486254088171e-04 1.724181139600240904e-04 1.559558124897972233e-04 1.564179382655604374e-04 1.712457106309988068e-04 2.002037642461020387e-04 2.399955533749992883e-04 2.897575947790773055e-04 3.489895593313259003e-04 3.993518341352728356e-04 4.352315440191040241e-04 4.514435283162446960e-04 4.503699643921875787e-04 4.379900720353386038e-04 4.170698275168403172e-04 3.952613461243935193e-04 3.723493566827560395e-04
3.277954484946237921e-04 3.048792034109849207e-04 2.825748627160664002e-04 2.597522981689040391e-04 2.331025624084489189e-04 2.026528012219824750e-04 1.672295183386469822e-04 1.335730275469001755e-04 1.051035963804189123e-04 8.805934324452162365e-05 8.918823876809188716e-05 1.045014880887725590e-04 1.351197021310470206e-04 1.783896585624075585e-04 2.323063390142013904e-04 2.965201274886796476e-04 3.548705577956285566e-04 4.023204238693922326e-04 4.293684212302573393e-04 4.329149318651023988e-04 4.214280542492672465e-04 3.995088519044016472e-04 3.769654456170211951e-04 3.524661454609809980e-04
3.021642456266042365e-04 2.771059065122930031e-04 2.524633670038120776e-04 2.264149546015592626e-04 1.945243687825999807e-04 1.571345152055586255e-04 1.141807689515963070e-04 7.597642938574884579e-05 4.602388788186682759e-05 2.873602750602536468e-05 2.842629546515953952e-05 4.211962442883931138e-05 7.046384364625714867e-05 1.114490541882682894e-04 1.637574604959652778e-04 2.270742779617715618e-04 2.874181871017318451e-04 3.404435326954375176e-04 3.783367275068399310e-04 3.925163581442034561e-04 3.879355407129982526e-04 3.697383681208067218e-04 3.498889666529592514e-04 3.272312854969828102e-04
2.779849947052165241e-04 2.525070099861695654e-04 2.249608994760850461e-04 1.943413787766391787e-04 1.577781058888032251e-04 1.153195845445583584e-04 6.746208483246081129e-05 2.625181031550903143e-05 -4.792107907187164026e-06 -2.332480933079085733e-05 -2.664496836370359000e-05 -1.619700364689611341e-05 7.385005486524345809e-06 4.187925324239685722e-05 8.717921702244160287e-05 1.436004530722495521e-04 2.002406506567392828e-04 2.531501499519594870e-04 2.990518771265843027e-04 3.275000936049553757e-04 3.382899603598457650e-04 3.327066294476440679e-04 3.197986083933938135e-04 3.012969143157208959e-04
2.721560087204832261e-04 2.481874714378219681e-04 2.173790623532772929e-04 1.795166766162410970e-04 1.359892424373817903e-04 8.747384073753080333e-05 3.484710360228885750e-05 -9.951942585998179369e-06 -4.382025445214916750e-05 -6.479222413563375796e-05 -7.095624585357824849e-05 -6.364072553888838898e-05 -4.381287240548122314e-05 -1.476162938091308341e-05 2.338389843954759813e-05 7.141844111697819020e-05 1.224185587077869638e-04 1.732817078363659198e-04 2.228291772189899074e-04 2.623683732907691919e-04 2.901804761471325897e-04 3.031149900938839392e-04 3.022331796366793427e-04 2.910392953049335449e-04
2.852512086606870736e-04 2.631282166144512081e-04 2.293936067554862583e-04 1.833391571759338359e-04 1.306130662961599862e-04 7.380628883081163504e-05 1.526760928717611304e-05 -3.317112313305340022e-05 -6.991474320326639363e-05 -9.324522792663973974e-05 -1.020406913290244281e-04 -9.764519441586065281e-05 -8.084396007699494024e-05 -5.599306837337910618e-05 -2.375932310215041595e-05 1.601972920659800142e-05 6.039951940076391704e-05 1.082360709597398051e-04 1.594036335132978832e-04 2.069627585073171379e-04 2.487260467939851399e-04 2.809156481809279475e-04 2.966055841544142633e-04 2.972650454022408395e-04
3.203250866907006726e-04 3.007992982819803645e-04 2.637110941349990272e-04 2.072374860934694124e-04 1.424934561348826514e-04 7.500698640802284207e-05 9.827403481875419088e-06 -4.173797388152944009e-05 -8.096936599716702512e-05 -1.062617832875844024e-04 -1.171840282791035409e-04 -1.151973580579514407e-04 -1.007176634908294350e-04 -7.862110876171072931e-05 -5.011719106521847126e-05 -1.646970000648729918e-05 2.166424618378729548e-05 6.532939770050819744e-05 1.157569112741229007e-04 1.676905439865404265e-04 2.181470581346163398e-04 2.663710664758736895e-04 3.013469389081890686e-04 3.201581859733314273e-04
3.593299117092622593e-04 3.439947146461853011e-04 3.039672520046293345e-04 2.383329774986852202e-04 1.648811700103968152e-04 9.045613545302094043e-05 2.133169781202750776e-05 -3.212670784922674671e-05 -7.273776049509265908e-05 -9.942956903077173399e-05 -1.123625931748032275e-04 -1.126622105948320052e-04 -1.005156703166124879e-04 -8.077216763676555822e-05 -5.486085196174382865e-05 -2.479757482239768865e-05 9.356576601901157137e-06 4.959709144887922377e-05 9.823765510045349958e-05 1.516352908998243104e-04 2.062619879128080736e-04 2.632247590445745892e-04 3.113159140356036580e-04 3.456925432275520624e-04
3.931952811844123888e-04 3.835090790097353628e-04 3.420007614163613494e-04 2.709040704637750941e-04 1.946825819385732614e-04 1.192570790434695644e-04 4.961176122475976385e-05 -4.829820152872642302e-06 -4.591068074749564518e-05 -7.369984884319412616e-05 -8.894944135072455397e-05 -9.184113562292084301e-05 -8.225580381474090132e-05 -6.501567233545324823e-05 -4.184727783318954768e-05 -1.467245399357703018e-05 1.704374305533630510e-05 5.540146162316178155e-05 1.019804145940044144e-04 1.547508915723556781e-04 2.114566095422744591e-04 2.724621011418839928e-04 3.263676159542673420e-04 3.690087045356624912e-04
4.125786651314683820e-04 4.051079284875281641e-04 3.674506352807738554e-04 3.018001291712900554e-04 2.311518176572753796e-04 1.609774929113782452e-04 9.512111535720727939e-05 4.184749982627948740e-05 6.762417215864504824e-08 -2.971231381684215090e-05 -4.712124639406178845e-05 -5.254168209892638350e-05 -4.604012447099858484e-05 -3.216498004784081369e-05 -1.236588080241121933e-05 1.248160476753469388e-05 4.334305579552295471e-05 8.141590049048444432e-05 1.277404869386556774e-04 1.800632835350077286e-04 2.365927649916276757e-04 2.965443567600263455e-04 3.483436445739859647e-04 3.889170648932563671e-04
4.037901130250601853e-04 3.931788843225546325e-04 3.627820666092188158e-04 3.122879656508148038e-04 2.550813554641935543e-04 1.959355216225430382e-04 1.388140756484616053e-04 9.060624300580687597e-05 4.964482065993311091e-05 1.806314840708134889e-05 -9.296794990351010782e-07 -8.397304770086144301e-06 -5.275353608988034907e-06 4.408438302756757270e-06 2.024711860756367917e-05 4.259028291094872046e-05 7.266874981826208920e-05 1.105431965924378874e-04 1.575737883388642307e-04 2.094460847721799307e-04 2.633617740252097998e-04 3.180168787093377815e-04 3.616797170171408694e-04 3.917437057347605139e-04
3.716088380080799719e-04 3.567522831475802543e-04 3.325111068282340997e-04 2.992738197296601469e-04 2.608145623873612900e-04 2.180028709668863042e-04 1.738885589410849031e-04 1.339852624061553836e-04 9.708104658798082933e-05 6.544293304016593656e-05 4.511804252347629429e-05 3.585506040456243657e-05 3.567166214920724777e-05 4.106078293196825012e-05 5.283572567858168363e-05 7.238619863244204536e-05 1.012082598707237464e-04 1.384108871757570641e-04 1.847436603455687699e-04 2.338312304144653578e-04 2.827989012625223612e-04 3.286001872677054843e-04 3.593461390813864069e-04 3.741202592093897678e-04
3.178460707251658419e-04 2.995560582883906916e-04 2.789592218595228425e-04 2.599937117186402157e-04 2.417421401520895093e-04 2.199605609752416295e-04 1.933954880687590607e-04 1.644975051185875489e-04 1.353369594727132279e-04 1.075033156096733147e-04 8.722208005136825710e-05 7.497895715989431182e-05 7.005247496590669230e-05 7.170620816504595868e-05 8.041615362520366053e-05 9.798350096521467843e-05 1.249782924782276807e-04 1.597893526431241179e-04 2.027203631065296907e-04 2.460814137213976805e-04 2.870055194587534716e-04 3.196854456398516803e-04 3.341052877426724222e-04 3.327336456052879129e-04
2.581204746188273959e-04 2.381411184834388896e-04 2.196095657374813885e-04 2.081114477425748414e-04 2.029569537681015653e-04 1.983305155422356448e-04 1.894075668545205688e-04 1.738881759380564950e-04 1.558302650809999875e-04 1.363350281649877184e-04 1.191467167271375877e-04 1.044122207315188131e-04 9.409935126885167435e-05 9.249229122088274419e-05 9.905129045747394735e-05 1.149646513374315325e-04 1.386851451140286133e-04 1.685087265128835379e-04 2.049800139031535910e-04 2.398408834554178245e-04 2.697940088573782765e-04 2.887117822781926709e-04 2.904816563902637969e-04 2.791937232485684653e-04
1.958270401919295174e-04 1.742964999864233839e-04 1.579683905518720411e-04 1.509456095322562238e-04 1.527659231799938949e-04 1.591723559352434237e-04 1.662314404056996760e-04 1.668927293716173570e-04 1.627395411520529797e-04 1.542253725286422874e-04 1.426132200537207268e-04 1.278705857964307932e-04 1.133048277049698692e-04 1.082207368471905943e-04 1.124125522975131505e-04 1.257429878586143032e-04 1.445475437438917873e-04 1.677420062218014157e-04 1.958777250148156345e-04 2.201283626111389410e-04 2.370004567843669917e-04 2.434344101288119075e-04 2.372210325112992060e-04 2.206835246264587588e-04
1.353861069465016299e-04 1.139564143511426485e-04 9.918758445534029604e-05 9.379638650808012012e-05 9.790039877791399138e-05 1.088220447720402784e-04 1.271761481419185220e-04 1.444825437492593535e-04 1.572996862298400010e-04 1.623797976045902153e-04 1.579728359492003898e-04 1.467432319346377698e-04 1.316094401391912946e-04 1.235116379785032819e-04 1.231780966794989796e-04 1.313907054323343196e-04 1.442477732917761156e-04 1.596668474192574185e-04 1.765130868468780460e-04 1.875503317798136700e-04 1.915013699210229940e-04 1.884849143554061073e-04 1.781730397463036908e-04 1.603377245632624769e-04
8.697947274391819848e-05 6.872387880554456970e-05 5.629138404240774537e-05 5.250230206103650223e-05 5.840625817921506354e-05 7.153281389634274276e-05 9.473504992988307028e-05 1.214238807573041857e-04 1.465498638202985984e-04 1.636968022623656025e-04 1.675698321906886822e-04 1.628201958308297861e-04 1.512185998405223876e-04 1.419553861448822696e-04 1.363232953945479767e-04 1.375618584955989030e-04 1.434122732254155879e-04 1.498820746037119334e-04 1.542539990305219391e-04 1.530404558273379639e-04 1.477961783679569935e-04 1.390104202526299901e-04 1.262144285433051797e-04 1.087626986603808103e-04
4.958073070260783942e-05 3.653235420514676883e-05 2.846931335860268498e-05 2.704267456772619103e-05 3.423411019953393061e-05 4.905311130494746310e-05 7.309689297220635764e-05 1.016674492945363365e-04 1.316015632147730398e-04 1.579371038878599057e-04 1.718343854524735095e-04 1.753089767998959559e-04 1.689269080337020101e-04 1.601286855884810287e-04 1.508284481721878785e-04 1.450689369571725343e-04 1.422342384434290442e-04 1.380763069586055309e-04 1.304568377041119553e-04 1.196368091177576348e-04 1.078415188107355695e-04 9.542838442167149242e-05 8.178782541112097134e-05 6.635923062731023778e-05
2.345528653150017812e-05 1.727210821634977075e-05 1.544013617278070107e-05 1.847859524990592335e-05 2.789602541691771457e-05 4.367604848110050208e-05 6.544693285486725596e-05 8.969591185674477595e-05 1.156237948471623597e-04 1.427574956551438566e-04 1.631561919528310388e-04 1.746460291352472556e-04 1.754649606535039694e-04 1.695409292480339958e-04 1.599452957145366125e-04 1.482567785248434266e-04 1.356774104467172045e-04 1.210291505975809648e-04 1.046035184003863533e-04 8.851907952613464407e-05 7.319050310887458422e-05 5.903610640631994826e-05 4.609104381794318020e-05 3.394871621918792821e-05
8.966226455385492057e-06 9.695816484247660218e-06 1.434611755033972637e-05 2.320182988117899141e-05 3.589318160107665494e-05 5.201221519061908377e-05 7.089198614997165558e-05 8.949912663250575581e-05 1.074894585225131849e-04 1.267222595113208093e-04 1.445992563065076771e-04 1.583950801192732260e-04 1.650590438418726301e-04 1.632437983169520769e-04 1.555509142664717338e-04 1.407363205031991239e-04 1.219950536078214561e-04 1.016361969611336285e-04 8.157377533929638727e-05 6.389295976337830050e-05 4.737478246424136702e-05 3.269049349847053670e-05 2.130554474476425080e-05 1.303717010610372349e-05
5.969173506930868656e-06 1.349743655747123840e-05 2.451591541089006982e-05 3.894854249765641006e-05 5.454723409720036272e-05 7.063869653886286661e-05 8.594906946224263903e-05 9.792438385555570532e-05 1.069871770752753385e-04 1.150293629313544567e-04 1.247952171668093837e-04 1.353075845526925571e-04 1.450539903780154324e-04 1.474117935876375957e-04 1.416859218741675077e-04 1.260330376193139184e-04 1.056411812166883028e-04 8.408303708245235789e-05 6.351227106142091948e-05 4.598065952472976821e-05 3.001846208460931477e-05 1.604654858496549778e-05 6.960668383722842978e-06 3.305201422950196054e-06
1.450014112777854111e-05 2.836618659166604376e-05 4.543300586238266543e-05 6.478912965540280732e-05 8.246519373387032671e-05 9.804954597002541101e-05 1.088357157620970368e-04 1.131497356127057150e-04 1.131400869578293286e-04 1.106674886474294885e-04 1.114119304962244588e-04 1.154060235924921627e-04 1.237061798943589691e-04 1.278526443475631478e-04 1.239690866425576898e-04 1.103558328724473159e-04 9.192496830306332402e-05 7.201352859657820084e-05 5.219122473944866510e-05 3.539123514896529577e-05 2.102157497776822141e-05 9.525426244292296046e-06 4.151130530003221635e-06 5.538286343621402950e-06
2.167888151638381895e-05 4.016063985538705333e-05 6.169478324347219163e-05 8.477036267123282446e-05 1.038537647141214227e-04 1.186114005733619086e-04 1.261384193044482631e-04 1.260414576039653759e-04 1.210942453152808417e-04 1.138955780206968375e-04 1.106543246428984484e-04 1.108413125738120126e-04 1.154115466367965477e-04 1.175063356771342376e-04 1.138844444865601437e-04 1.023423456072879227e-04 8.524721023666438679e-05 6.559162289825820407e-05 4.468637655580782824e-05 2.726084836884625290e-05 1.358070442681270017e-05 4.607845135569473901e-06 2.865499044438698960e-06 8.232841930665462575e-06
2.317596529725622525e-05 4.447776928250704809e-05 6.868356955909256313e-05 9.450410209468666984e-05 1.148415042770504899e-04 1.286190859344305069e-04 1.351684785371839092e-04 1.353769229758599517e-04 1.302085347436178324e-04 1.218112621060220432e-04 1.169228530937245985e-04 1.156412754513783944e-04 1.167123557215326505e-04 1.148784666490134916e-04 1.096412392728803611e-04 9.866288593947232185e-05 8.176566377765170023e-05 6.122811281736688913e-05 3.825075406528565794e-05 1.935916342318347587e-05 5.528011851651030533e-06 -1.967109766650951002e-06 -1.328085914543901856e-06 6.768864364370969526e-06
1.414625316713229430e-05 3.653072171628812283e-05 6.192621890970838382e-05 8.866640941016106794e-05 1.096976319958766020e-04 1.243350015968303285e-04 1.331776116286708625e-04 1.374837098512581349e-04 1.370736187688969133e-04 1.327129821037472302e-04 1.289242097959698093e-04 1.264491281034582019e-04 1.242636325184590768e-04 1.192919430840299981e-04 1.115329043222771526e-04 9.906056735952870583e-05 8.067076551617971417e-05 5.788805877270030114e-05 3.204378845422336977e-05 1.074846587260485644e-05 -4.792413193336104321e-06 -1.314308656376721456e-05 -1.243598848002277307e-05 -3.484359202379855384e-06
-1.451553623213980651e-06 2.065507044837931933e-05 4.613517662784372364e-05 7.273600282237048693e-05 9.505653977881977842e-05 1.135492131722870394e-04 1.277291993030545115e-04 1.383161554756393973e-04 1.460347911579318834e-04 1.501564312487432894e-04 1.502439303992849230e-04 1.468802485944822964e-04 1.419301604793263521e-04 1.350805167937942151e-04 1.243621598062207598e-04 1.085367258263994234e-04 8.689211462627509993e-05 6.042932315336940687e-05 3.085581795154446330e-05 6.155782410574830370e-06 -1.271685555014335108e-05 -2.443165822549339138e-05 -2.625704634169175465e-05 -1.861293117926061239e-05
-1.745274868692775307e-05 3.082859732734899542e-06 2.735440372387533428e-05 5.386306024848952912e-05 7.886047202206744274e-05 1.025960096544431164e-04 1.240926503000163545e-04 1.435314608079616046e-04 1.619498196402705220e-04 1.770283994189582755e-04 1.833704995062864862e-04 1.814965470676604172e-04 1.743451753848261675e-04 1.643658658946803687e-04 1.494364791277758356e-04 1.290153598358703398e-04 1.028824742424588428e-04 7.150613300361505524e-05 3.712419078054890302e-05 8.094503040953638162e-06 -1.503483305381627291e-05 -3.139303430700259446e-05 -3.738450792970392543e-05 -3.268150618904472831e-05
-2.988778334298777963e-05 -1.215601489221357637e-05 1.047808314303175446e-05 3.751115140667457217e-05 6.617725731319784870e-05 9.605778269016951765e-05 1.274033168580923896e-04 1.588424521108955639e-04 1.896674632260526752e-04 2.173710840411370354e-04 2.332293312762560736e-04 2.368414766672058197e-04 2.286311705138970832e-04 2.129075742348963409e-04 1.906834246698146983e-04 1.620045543071760492e-04 1.290098665870920678e-04 9.236649683440963533e-05 5.346882169639176579e-05 1.929881586215792668e-05 -9.210572419181755022e-06 -3.066015623877627164e-05 -4.122880504712064044e-05 -4.104199556989754041e-05
-2.785686317757073990e-05 -1.305755643390366892e-05 8.614414456614585911e-06 3.656363232837032409e-05 6.833636202520266699e-05 1.037101089940049918e-04 1.440496274647553004e-04 1.854171510762349948e-04 2.251353368113931527e-04 2.622878601695437109e-04 2.864557278754356184e-04 2.950822666713383367e-04 2.851433410706668984e-04 2.619048417584075839e-04 2.301462011161405617e-04 1.914698757657490834e-04 1.522405771290289670e-04 1.129774190580289995e-04 7.319468805594035255e-05 3.674892517681628275e-05 5.411357602150080389e-06 -1.843087123234669804e-05 -3.136956877107975811e-05 -3.465581426456254121e-05
-1.169627206709012064e-05 3.496719000872218849e-07 2.123861457649579948e-05 4.985138530590194490e-05 8.404644636150090356e-05 1.242291224905914336e-04 1.710257060439601099e-04 2.179320720052405015e-04 2.621538863515239103e-04 3.047709887288549717e-04 3.336693758666244795e-04 3.437312070285847656e-04 3.302109255109060841e-04 2.993311512649944649e-04 2.579116476451484932e-04 2.105584281341658817e-04 1.678620121355265380e-04 1.287465593009260248e-04 9.145020088966196133e-05 5.670404432072158335e-05 2.651366080780276591e-05 3.195146405590164915e-06 -1.025624432423254909e-05 -1.515818924912218138e-05
