3.583226515663555188e-05 2.929216257593360816e-05 2.916712759013383898e-05 3.488734284324927353e-05 4.477719554645318402e-05 5.884796545945718672e-05 7.628887195291865356e-05 9.168362629249926250e-05 1.040375795294286711e-04 1.112221785657935264e-04 1.104077043189473909e-04 1.027794701925881249e-04 9.090322283242992392e-05 8.263267784097653589e-05 7.801999377334840186e-05 7.881111512125469362e-05 8.409963301485836793e-05 9.183746667250456287e-05 9.961587209867486554e-05 1.004573509682541918e-04 9.444481450172248938e-05 8.117885651668277532e-05 6.555524457162893173e-05 4.960530736845601512e-05
1.238449681904653431e-04 1.250371176257539067e-04 1.313025897742432747e-04 1.429463772842087810e-04 1.570739770571822095e-04 1.724155620787322265e-04 1.866023172186682033e-04 1.952686561846742660e-04 1.993281986761690492e-04 1.968294001056427450e-04 1.885933920990771396e-04 1.768454297859757887e-04 1.650436549338968003e-04 1.586051245626372266e-04 1.558773825779046439e-04 1.586088120653506429e-04 1.649258046325845846e-04 1.724554410631579625e-04 1.779275227326342838e-04 1.766907776107110289e-04 1.704649803117238866e-04 1.578576668546207210e-04 1.436928911405402180e-04 1.309711351175807425e-04
2.127001184350490602e-04 2.216361100277112160e-04 2.343036794518728533e-04 2.513669229439641933e-04 2.687124470958756196e-04 2.843050245351401374e-04 2.952327753294492247e-04 2.981808156285095505e-04 2.949560640811984364e-04 2.849607154506547842e-04 2.726667520714883323e-04 2.601626399587635878e-04 2.491373637409100830e-04 2.425713218550182423e-04 2.397689958183551974e-04 2.412887435258363159e-04 2.442897570625173495e-04 2.472667425618347756e-04 2.480844655681762202e-04 2.444178803460519446e-04 2.376272061059109503e-04 2.271477958240994085e-04 2.177319897444008365e-04 2.115285483050635142e-04
3.008806289941481135e-04 3.179387931347669332e-04 3.377296341311151768e-04 3.598748657989980239e-04 3.789591405428220650e-04 3.935556286815844614e-04 4.009564655986855297e-04 3.993907325951810347e-04 3.909759880546892843e-04 3.775072026370877897e-04 3.648570214112265855e-04 3.531880220735117404e-04 3.429131345396330978e-04 3.351426272303968776e-04 3.298336597037157796e-04 3.263138847188632786e-04 3.216513361063209442e-04 3.155410390503089594e-04 3.079311719711532499e-04 2.997588536875922006e-04 2.913882787188793659e-04 2.843644387293580767e-04 2.834026048842008144e-04 2.885295425741221751e-04
3.652639945068045474e-04 3.917166742677033182e-04 4.202459738144927203e-04 4.490273443912914269e-04 4.712604203371806820e-04 4.865029618544019379e-04 4.928213051544142733e-04 4.904817593989490741e-04 4.815067580971248780e-04 4.689639211710047934e-04 4.578763684492916574e-04 4.468508532861570565e-04 4.365514382540963993e-04 4.267847903240550998e-04 4.168224025805197710e-04 4.057553502211421197e-04 3.914365500898088252e-04 3.740592326034966760e-04 3.545461208126029942e-04 3.380324363495100103e-04 3.253071967079481015e-04 3.194786173524996804e-04 3.252595449484707861e-04 3.411127129197148223e-04
3.996598000822706347e-04 4.367106025138193658e-04 4.751819676614199356e-04 5.126175189250222440e-04 5.408318725783821347e-04 5.595529439794676716e-04 5.684003803925570183e-04 5.696777188400572360e-04 5.645331577318268238e-04 5.556048128515018352e-04 5.470662787876379640e-04 5.376706379527846410e-04 5.270503132394804054e-04 5.137083701688098655e-04 4.975134076885959818e-04 4.775072030087579235e-04 4.523275559865874793e-04 4.224786226979291930e-04 3.891110003503522700e-04 3.615580133898831116e-04 3.417801727576278347e-04 3.338321436499859475e-04 3.424243482323974263e-04 3.650722620302761972e-04
3.992644241003327375e-04 4.457209042829474947e-04 4.945975049449754211e-04 5.424563400370568597e-04 5.802368615437480514e-04 6.083567728425942839e-04 6.258999688436724627e-04 6.350230931807312193e-04 6.373611321549429391e-04 6.348095771566800464e-04 6.302036069042134866e-04 6.225927895799273108e-04 6.110695718678308677e-04 5.935641891204860741e-04 5.702942731047385295e-04 5.400274318945599361e-04 5.029419957361367950e-04 4.603297999708927954e-04 4.129552255768648107e-04 3.730188384134987549e-04 3.438231127892403408e-04 3.301610684971973200e-04 3.364256710784398392e-04 3.592882225868833119e-04
3.789785262666764800e-04 4.284910970796778750e-04 4.830789609686538932e-04 5.387108529181943752e-04 5.859609143997831669e-04 6.257184575859916012e-04 6.554277014311113122e-04 6.749142749308972584e-04 6.866758354629761254e-04 6.923034475609985859e-04 6.928049834428118758e-04 6.869253359807135336e-04 6.744309260901916805e-04 6.534099302366249036e-04 6.234586529929857669e-04 5.831127759701408954e-04 5.348468071786612130e-04 4.809499010112039527e-04 4.226431457447286217e-04 3.736634872518773448e-04 3.373688192132383149e-04 3.182743601117717916e-04 3.201405867396742155e-04 3.397057728780504462e-04
3.485726147700775736e-04 3.954686936623749379e-04 4.500952382272083792e-04 5.096257886618355860e-04 5.642691759246674672e-04 6.135881368045837010e-04 6.554798442654313729e-04 6.874389126649724192e-04 7.107330404919460186e-04 7.259484690778415881e-04 7.322657641400823290e-04 7.288255395863196383e-04 7.157484675181985173e-04 6.912806655139149816e-04 6.547168339978894774e-04 6.049041594531820703e-04 5.466133276547485405e-04 4.825873807111809841e-04 4.157001289456758271e-04 3.612248982440715130e-04 3.213789869117840512e-04 2.987056236908751166e-04 2.963327966246670107e-04 3.127599396522056188e-04
3.075375956862210869e-04 3.485254685665446967e-04 3.987550724222272726e-04 4.572953557930033814e-04 5.153607022059310695e-04 5.709536242969613694e-04 6.237636514019866563e-04 6.690216652005969745e-04 7.054484302500973894e-04 7.316616294927230169e-04 7.445496870602737486e-04 7.444577280544481274e-04 7.308858866129857397e-04 7.025774692542023549e-04 6.596134440131305992e-04 6.002607700423656222e-04 5.323657993906170992e-04 4.602770235881935030e-04 3.890701091623092241e-04 3.333437526303665004e-04 2.928885196376185707e-04 2.689316032375244168e-04 2.637911730314651689e-04 2.770127591664419873e-04
2.501173748455496238e-04 2.861337652273861698e-04 3.317592445936664940e-04 3.868079144372544589e-04 4.448705739355746178e-04 5.039967213215708775e-04 5.645461664335437845e-04 6.195533402327355488e-04 6.663365765345930815e-04 7.019357546300528843e-04 7.204823219800929150e-04 7.229802151141030914e-04 7.082207673902732531e-04 6.757837220943421156e-04 6.267376602966994109e-04 5.592558203953428442e-04 4.850397092221061081e-04 4.098165906562694131e-04 3.391879943540490952e-04 2.848669780827795288e-04 2.451563647753559260e-04 2.213613776238244598e-04 2.148130380945572444e-04 2.246497968176320551e-04
1.749023481158586222e-04 2.059125902544596380e-04 2.468992793865890274e-04 2.977653761114172040e-04 3.544780952567348222e-04 4.157902144993017588e-04 4.815424831690041062e-04 5.425728815087359691e-04 5.959866536029088382e-04 6.383514653124536080e-04 6.610417874275266274e-04 6.646147776839158574e-04 6.480152807274994556e-04 6.116594766114388662e-04 5.567412473742436221e-04 4.837211936993150501e-04 4.081559772016104810e-04 3.347705510693812841e-04 2.679214865247659077e-04 2.164362025850309168e-04 1.789006010337930322e-04 1.559878958041256843e-04 1.480419602273919718e-04 1.545042048143061638e-04
8.233147477246135744e-05 1.085886046217755634e-04 1.451797879357218503e-04 1.924054144089788786e-04 2.474111273645624256e-04 3.089450848821322787e-04 3.765433420165798417e-04 4.399261347616557081e-04 4.961308200603852751e-04 5.420330757320290793e-04 5.669904146841823556e-04 5.705796634001167279e-04 5.506994610832260505e-04 5.099035167157939859e-04 4.511444274218542059e-04 3.775394529088438702e-04 3.056203518305286235e-04 2.377804506973932959e-04 1.769620335724798562e-04 1.295940141520957750e-04 9.487707960530167295e-05 7.280574104831456827e-05 6.340320070687362251e-05 6.668268154000822276e-05
-1.539969747235856457e-05 7.282398822719550363e-06 4.064640351555264019e-05 8.551505260392743652e-05 1.390144307509431280e-04 1.993638301798461273e-04 2.662316016209282797e-04 3.292989432880021289e-04 3.854579038553798838e-04 4.317201921231912914e-04 4.561663819047316170e-04 4.578116223376358773e-04 4.334315270574251740e-04 3.890184261372040095e-04 3.297941492991527464e-04 2.598344130212853782e-04 1.937660152518603770e-04 1.323888388289497079e-04 7.802899280722649087e-05 3.520401899114843357e-05 3.093655594195005812e-06 -1.824626596258466628e-05 -2.844673752969032336e-05 -2.744058781167102315e-05
-1.146649453231533323e-04 -9.435915795225713147e-05 -6.302360725048306185e-05 -2.021437513922897977e-05 3.117506438468781985e-05 8.973630191039288139e-05 1.543774744553901533e-04 2.147407424535538716e-04 2.684653556986716467e-04 3.125350357053077580e-04 3.337534171924571224e-04 3.307379902185532601e-04 3.015008503915258165e-04 2.554729488753000252e-04 1.977858404499217794e-04 1.330981160811961202e-04 7.413161301187417109e-05 2.046835269040090630e-05 -2.666263123233586816e-05 -6.465516884372804463e-05 -9.386957049046094795e-05 -1.138497682714503508e-04 -1.238809481134349163e-04 -1.241809065597450996e-04
-2.113146278932189620e-04 -1.921963397756775924e-04 -1.623564427037733546e-04 -1.212958458579039661e-04 -7.226158669447692751e-05 -1.683510185189715275e-05 4.428977712241682121e-05 1.008562064311920844e-04 1.501390696894229135e-04 1.879589841247477093e-04 2.021187375285919826e-04 1.927319752704591401e-04 1.590271587361234554e-04 1.124324797037196556e-04 5.752887404685168906e-05 -2.899925523748881641e-07 -5.083878123675819052e-05 -9.611604473600319056e-05 -1.360240350599334423e-04 -1.688653908932838366e-04 -1.941720731211422761e-04 -2.114765126434932948e-04 -2.200284448440966594e-04 -2.200453506175543159e-04
-2.957774450950342859e-04 -2.770813903212042168e-04 -2.486278902791639375e-04 -2.094671197129563639e-04 -1.635336843382534312e-04 -1.130889446495696122e-04 -5.755720640978397045e-05 -6.954284098525731515e-06 3.480552322054112176e-05 6.296927811244117091e-05 6.861501360776227571e-05 5.352167815167577686e-05 1.725145040154539339e-05 -2.821161772689668808e-05 -7.843502091910346222e-05 -1.282231720476041182e-04 -1.705587683207874605e-04 -2.082982959355873592e-04 -2.415654547190839558e-04 -2.685691286588478676e-04 -2.885885792569891045e-04 -3.016550284907329503e-04 -3.072931165816422216e-04 -3.053131682930124288e-04
-3.690126044527964060e-04 -3.501047834075345436e-04 -3.224036807802152104e-04 -2.854611397205923922e-04 -2.438993342036025402e-04 -1.997071457378035838e-04 -1.523141980875948218e-04 -1.114952764149619937e-04 -8.107901867616749264e-05 -6.425637973433786262e-05 -6.667408131972301516e-05 -8.702340914594629989e-05 -1.241990028260284683e-04 -1.656609503066398402e-04 -2.083346412903164648e-04 -2.490452874862664396e-04 -2.839436221684692391e-04 -3.149213447190434738e-04 -3.415457723772336875e-04 -3.619320344334463050e-04 -3.758845234119054463e-04 -3.837564121852982254e-04 -3.853472458129904277e-04 -3.802370331087503454e-04
-4.302798461668113066e-04 -4.098548659296748307e-04 -3.826503253920803091e-04 -3.484697251016051294e-04 -3.121311624516494060e-04 -2.754371693591026009e-04 -2.400555418411300741e-04 -2.141371834318366008e-04 -1.987312659587580602e-04 -1.955761062284240462e-04 -2.065396436532239226e-04 -2.305062078974247038e-04 -2.644391642694939428e-04 -2.980950799890220906e-04 -3.310961121540721241e-04 -3.625228582752650368e-04 -3.902395124617148974e-04 -4.144535419058379766e-04 -4.338747281150964275e-04 -4.469241819281810353e-04 -4.543658254505272441e-04 -4.563923427182654054e-04 -4.531124987747459868e-04 -4.443698645982882686e-04
-4.871910877570595315e-04 -4.661519472021897191e-04 -4.413965252239079179e-04 -4.123492006846908760e-04 -3.835323495556020338e-04 -3.570290516311857903e-04 -3.361924684143520340e-04 -3.261667695010871657e-04 -3.253135165871434307e-04 -3.346384077032971247e-04 -3.517270628653792184e-04 -3.747689907145569286e-04 -4.006687678154988641e-04 -4.243317800712336960e-04 -4.471552462181025171e-04 -4.692781250116889909e-04 -4.888234961657840147e-04 -5.050267608294009992e-04 -5.166443361138644110e-04 -5.228030506515989788e-04 -5.244554302087557239e-04 -5.214855049430649255e-04 -5.143455750280425797e-04 -5.033023770304634499e-04
-5.430238948632287732e-04 -5.236811167682614175e-04 -5.036853361269280757e-04 -4.825265221919557948e-04 -4.644313295120711246e-04 -4.513186736841227876e-04 -4.457877107918005325e-04 -4.499758764929729011e-04 -4.619964932565725764e-04 -4.808013361239490881e-04 -4.996937057143751226e-04 -5.174895938595913767e-04 -5.328394281033638604e-04 -5.457974130321590310e-04 -5.577311892977005652e-04 -5.697519818209974014e-04 -5.802417559205179159e-04 -5.875499417814090790e-04 -5.913088610198882246e-04 -5.913510600621139706e-04 -5.879883994339222533e-04 -5.810651148197637983e-04 -5.713770415233200214e-04 -5.593452222947008137e-04
-6.054732581134425473e-04 -5.925916949887429386e-04 -5.805993576727475416e-04 -5.707102718249564130e-04 -5.669372518802079852e-04 -5.694038769906152294e-04 -5.783702741192916445e-04 -5.929183442298355039e-04 -6.124819273469995443e-04 -6.337322058643844822e-04 -6.488209329575397128e-04 -6.584608439580473625e-04 -6.624013632624060118e-04 -6.640362065184811455e-04 -6.647471878790628223e-04 -6.650332310883334602e-04 -6.645405924417467332e-04 -6.626524336269379702e-04 -6.592053604548534125e-04 -6.539327172784952522e-04 -6.469090130712512035e-04 -6.386464022706296595e-04 -6.292725108768979165e-04 -6.183177264526361740e-04
-6.968608307540584195e-04 -6.921210238365699480e-04 -6.882916205608802978e-04 -6.880154797055734869e-04 -6.951734569000480625e-04 -7.084163119088531446e-04 -7.267177103396092784e-04 -7.460552177054937404e-04 -7.661143569032779045e-04 -7.832646750987925025e-04 -7.916371499766995537e-04 -7.929058935993882774e-04 -7.865956714797208522e-04 -7.776304027049220011e-04 -7.681266281245375692e-04 -7.574501541531340580e-04 -7.475169334354590713e-04 -7.395998104385282084e-04 -7.328707277470984183e-04 -7.261589077741248269e-04 -7.199021487391681377e-04 -7.150582301852970082e-04 -7.100748243757843163e-04 -7.034767091886513519e-04
-8.169321732390719907e-04 -8.185322302752014298e-04 -8.210638687862241913e-04 -8.264385736728763242e-04 -8.384052417591173574e-04 -8.563020204188637316e-04 -8.788935316211989425e-04 -8.990530054288786189e-04 -9.156402298937377357e-04 -9.263426488445651282e-04 -9.272704644751351153e-04 -9.194396336879160280e-04 -9.030525006883557927e-04 -8.845631880030381533e-04 -8.659207256020428093e-04 -8.466900424100676312e-04 -8.310567874211540439e-04 -8.208512480419504148e-04 -8.151468697177167815e-04 -8.118687529213605529e-04 -8.112518190319240171e-04 -8.137283229380427342e-04 -8.160659831659951638e-04 -8.167551176692374815e-04
-9.560288982958889967e-04 -9.596367494919755747e-04 -9.643242803224134126e-04 -9.708600588126326458e-04 -9.826473996927618648e-04 -1.000052173180745541e-03 -1.022733115860242903e-03 -1.041918073890498939e-03 -1.055024259407604231e-03 -1.059679457798175456e-03 -1.052964080495018186e-03 -1.036277145922452451e-03 -1.010471649217030594e-03 -9.833735663571979615e-04 -9.567385608658842810e-04 -9.332695136482737882e-04 -9.181388800720612173e-04 -9.103679310212940560e-04 -9.100879509792779258e-04 -9.147246342204862473e-04 -9.232885943531046833e-04 -9.343595469072098984e-04 -9.437298516914306278e-04 -9.514172464452327936e-04
-1.065313926711619575e-03 -1.069720044980260317e-03 -1.075480861369072826e-03 -1.083509753487586205e-03 -1.096650830683706078e-03 -1.114938751797203914e-03 -1.138542445332221603e-03 -1.158503325091407316e-03 -1.171666267171503047e-03 -1.174240907032574055e-03 -1.163268850076380236e-03 -1.141554329310108615e-03 -1.109753942708612126e-03 -1.076907169714702139e-03 -1.045370572167795891e-03 -1.020071353082441104e-03 -1.005885884224346502e-03 -9.995124198342029195e-04 -1.001807312482808467e-03 -1.010101565987816955e-03 -1.022649162384313718e-03 -1.037108447302001121e-03 -1.049001016851204820e-03 -1.059175724105663758e-03
-1.138166619354561261e-03 -1.145732502717172578e-03 -1.154928102685776493e-03 -1.166917092066217885e-03 -1.183984374824178544e-03 -1.205727912809040998e-03 -1.231921469566113394e-03 -1.253420026541446656e-03 -1.267401480671750263e-03 -1.270302267542272254e-03 -1.259125186523725763e-03 -1.236434735154433003e-03 -1.202499858048670846e-03 -1.167573538113615824e-03 -1.134804491704049763e-03 -1.107539871328326164e-03 -1.090359965150169367e-03 -1.081444383382468115e-03 -1.080955236599413435e-03 -1.086128838161839203e-03 -1.095881848615830973e-03 -1.108991006147140449e-03 -1.120707143167788905e-03 -1.130670465629366296e-03
-1.173718888776621770e-03 -1.186267257119072308e-03 -1.201575701768693586e-03 -1.220839184223415858e-03 -1.244827071566462825e-03 -1.272600857994313434e-03 -1.302879550573061160e-03 -1.326830432683214324e-03 -1.342790258385513679e-03 -1.348469462438603179e-03 -1.341110652672880110e-03 -1.322084263606501491e-03 -1.291797545158920521e-03 -1.258740820652124543e-03 -1.225336947940655922e-03 -1.192257682653813421e-03 -1.166000473020603525e-03 -1.148059379488062604e-03 -1.138459640461379546e-03 -1.135290813616176989e-03 -1.137890846439141342e-03 -1.145971799830923250e-03 -1.155091001113592525e-03 -1.164055498493855997e-03
-1.180342603383381477e-03 -1.198866826462490279e-03 -1.222136826765304624e-03 -1.250833456921366001e-03 -1.283254215631207716e-03 -1.318150749832132287e-03 -1.353421680726059773e-03 -1.381045327919008152e-03 -1.400449176744395386e-03 -1.410234527744036849e-03 -1.408162411698749223e-03 -1.394885204993655736e-03 -1.370706032869048593e-03 -1.339376396012171384e-03 -1.301843669411813101e-03 -1.258373904317742998e-03 -1.219594952691515580e-03 -1.188783380603879473e-03 -1.167015077487427261e-03 -1.154180780104182517e-03 -1.149168177942229202e-03 -1.151549743311117494e-03 -1.157766557051317794e-03 -1.167059840466770637e-03
-1.161696473424790946e-03 -1.187452249089908721e-03 -1.219939502895265974e-03 -1.258995276139242064e-03 -1.300445199139678605e-03 -1.343060774037477430e-03 -1.384206828804962616e-03 -1.416672719273662012e-03 -1.440690069415093144e-03 -1.455488885688064130e-03 -1.459348621823810177e-03 -1.452465755940600053e-03 -1.433823514200569362e-03 -1.402434574656218590e-03 -1.358986603829577880e-03 -1.304022294471843778e-03 -1.252299902277119676e-03 -1.208196153058909003e-03 -1.173258481684843861e-03 -1.149178804003350056e-03 -1.134973657096271550e-03 -1.130926565185349673e-03 -1.134362362629456281e-03 -1.144105803326472912e-03
-1.119490671267789512e-03 -1.153088752379940064e-03 -1.195380953512895387e-03 -1.245389444106785159e-03 -1.296256846938160416e-03 -1.346675200159072779e-03 -1.394241753751655549e-03 -1.432684430728166716e-03 -1.462315288777226580e-03 -1.483206617822965681e-03 -1.493131355933379530e-03 -1.491274859207001669e-03 -1.474915454897993443e-03 -1.441237997593525742e-03 -1.392025778235160853e-03 -1.327962651888453397e-03 -1.264686219811678300e-03 -1.206725160692039391e-03 -1.157067886018835895e-03 -1.120751381204350763e-03 -1.096466229896714229e-03 -1.084839406181603311e-03 -1.085065904462825456e-03 -1.096250415455971494e-03
-1.057377955369632333e-03 -1.098090908053929709e-03 -1.149437563603627858e-03 -1.210186905575059415e-03 -1.270587410044880967e-03 -1.328619585482312222e-03 -1.382831727098889725e-03 -1.428017856042824692e-03 -1.463894350818650695e-03 -1.490915221140245864e-03 -1.505321950798709082e-03 -1.505407691343860254e-03 -1.488093144664702537e-03 -1.451646341052493117e-03 -1.398569255381981085e-03 -1.329576273103507322e-03 -1.257933282871143751e-03 -1.187347862119239985e-03 -1.122671754192724764e-03 -1.073830904545195917e-03 -1.039282218316257313e-03 -1.018998813720783589e-03 -1.015032251734053221e-03 -1.028093267799617006e-03
-9.748657395157993982e-04 -1.022165012640380505e-03 -1.082037571474957953e-03 -1.153379839898009164e-03 -1.223546147286298010e-03 -1.289424846220268723e-03 -1.350738413749030462e-03 -1.403346969156747020e-03 -1.446148075155696735e-03 -1.478816446418124457e-03 -1.496062112458231355e-03 -1.496447035108506088e-03 -1.477628214323978414e-03 -1.438956856099992678e-03 -1.382559695813298691e-03 -1.309897124856646044e-03 -1.231863319279903656e-03 -1.150629279706944690e-03 -1.071601541142411631e-03 -1.009595009081216748e-03 -9.641414503503542956e-04 -9.345711628818762070e-04 -9.257922742225310102e-04 -9.401105289558494681e-04
-8.691721211943247366e-04 -9.238883513201282503e-04 -9.930781717431042162e-04 -1.074090699751284461e-03 -1.153199341073119551e-03 -1.228479446996728463e-03 -1.299027147519361434e-03 -1.359505784201477194e-03 -1.409040340899311025e-03 -1.445932777338666776e-03 -1.464379258392172053e-03 -1.464143212624899890e-03 -1.443607273713323020e-03 -1.403287358984637613e-03 -1.344972807204770308e-03 -1.269123954585713900e-03 -1.185421138103884319e-03 -1.096630800539426763e-03 -1.005521575982051006e-03 -9.290242567174418747e-04 -8.700138060844517848e-04 -8.314304869362649369e-04 -8.189570404790354197e-04 -8.315474509282972781e-04
-7.711514160964049206e-04 -8.278486682303238912e-04 -9.008805369911720767e-04 -9.857733801513629806e-04 -1.069532902842614463e-03 -1.152301315669751513e-03 -1.231124267261401702e-03 -1.297205445594660621e-03 -1.350567098033265750e-03 -1.389226604583349445e-03 -1.407883855111292503e-03 -1.406754766233087907e-03 -1.384801988226036984e-03 -1.343787685376956727e-03 -1.285336595504152054e-03 -1.208322939329732008e-03 -1.122371088287410631e-03 -1.031814945466314869e-03 -9.364049612226940525e-04 -8.524147413824660667e-04 -7.855183708646889173e-04 -7.425585370077456048e-04 -7.279106417651313955e-04 -7.361904651162952612e-04
-6.938702986310711206e-04 -7.436645929025140862e-04 -8.116545301306429209e-04 -8.937900600947533847e-04 -9.778091873298298733e-04 -1.063674630234904758e-03 -1.147106552108373076e-03 -1.215848987343967494e-03 -1.270096450774536694e-03 -1.308662908030598778e-03 -1.326751973972286431e-03 -1.323950887922456434e-03 -1.300716303155719433e-03 -1.260056630918512813e-03 -1.202518021685039474e-03 -1.127650723997197270e-03 -1.045023143745997269e-03 -9.582745010198772317e-04 -8.665784019205364673e-04 -7.855512658141261366e-04 -7.212249597209982209e-04 -6.790751968661983776e-04 -6.621700399505634849e-04 -6.660564633159930413e-04
-6.476372904023860099e-04 -6.832384451876968943e-04 -7.362242786167477867e-04 -8.069201636008969687e-04 -8.846978306114850182e-04 -9.656891502276009108e-04 -1.046603350388013208e-03 -1.114463161392315743e-03 -1.168233598734939958e-03 -1.205700236415098740e-03 -1.221926040839711519e-03 -1.217479760145202903e-03 -1.192739614365384039e-03 -1.152206620248670153e-03 -1.097002896677389157e-03 -1.028121999411111490e-03 -9.544351216038591493e-04 -8.779057718807354400e-04 -8.004975982632121399e-04 -7.349101198563741432e-04 -6.834128616737787654e-04 -6.465761852167316521e-04 -6.281602617237717814e-04 -6.288481201064392194e-04
-6.145936902117848369e-04 -6.413180112122579980e-04 -6.819440559008236582e-04 -7.396221456965259167e-04 -8.062591635401512901e-04 -8.760070823262521966e-04 -9.474592875184440540e-04 -1.009655554811409849e-03 -1.060349090639761465e-03 -1.095182128499476350e-03 -1.108432612897295973e-03 -1.102550958506154973e-03 -1.076696113237932736e-03 -1.037108057885380860e-03 -9.867078381342033952e-04 -9.268482302645332169e-04 -8.650619674991187743e-04 -8.025071846320759508e-04 -7.425733351840166710e-04 -6.927833241976606715e-04 -6.522553331666366624e-04 -6.194627398501583370e-04 -6.008572718148274790e-04 -6.001161271569642507e-04
-5.784780760556824768e-04 -6.042502331673276460e-04 -6.404411590114178054e-04 -6.879360673711089032e-04 -7.411769936566339366e-04 -7.974260692215817594e-04 -8.559932236446351345e-04 -9.079352780155652272e-04 -9.509612431189461493e-04 -9.805978818032553505e-04 -9.903381166750555801e-04 -9.824861590880559596e-04 -9.564711343713187298e-04 -9.202719873619304549e-04 -8.771192410098587605e-04 -8.285185472988130248e-04 -7.806641795202682579e-04 -7.341152434543383141e-04 -6.898201741397474952e-04 -6.501252625568501630e-04 -6.148641706603741926e-04 -5.836062213249739415e-04 -5.654946984453141073e-04 -5.640080404449624406e-04
-5.340972350036789305e-04 -5.641799695573202194e-04 -6.028014389536723782e-04 -6.461690804582360340e-04 -6.887663957317257616e-04 -7.325471147288789087e-04 -7.769733896219094185e-04 -8.155150609614256326e-04 -8.465332567587500112e-04 -8.672634094268867697e-04 -8.723615162862315316e-04 -8.628108106972452165e-04 -8.390378660489023485e-04 -8.090104142362750366e-04 -7.749577925020793151e-04 -7.390460708135175236e-04 -7.052217377759614336e-04 -6.726342196240001634e-04 -6.382534699427676187e-04 -6.022214812733611223e-04 -5.676156308776782698e-04 -5.359434383657428903e-04 -5.183022601844287968e-04 -5.168836955393371624e-04
-4.783283588799389823e-04 -5.105489496437210731e-04 -5.510311624263927602e-04 -5.943516398503735469e-04 -6.325416636078944662e-04 -6.683683516406130256e-04 -7.012607503192483469e-04 -7.274976937209958134e-04 -7.464097468342012140e-04 -7.569733253822683071e-04 -7.569555980134375084e-04 -7.466358718870518647e-04 -7.268045326596458315e-04 -7.036679222979256914e-04 -6.785044358009255329e-04 -6.536797195655248954e-04 -6.299831527561667406e-04 -6.053122153641197611e-04 -5.756404272304305961e-04 -5.418777980800462387e-04 -5.083541446469013684e-04 -4.768766593034677701e-04 -4.597592872729744113e-04 -4.592994845906929664e-04
-4.153237245562508206e-04 -4.476928913426100410e-04 -4.880465673240380175e-04 -5.315200786780863509e-04 -5.676924871285024240e-04 -5.979548204056505745e-04 -6.210407298376558090e-04 -6.360380430283004436e-04 -6.439090511840528906e-04 -6.450099212395805958e-04 -6.402189931709693091e-04 -6.294728800355796263e-04 -6.136006873831749637e-04 -5.970473672520958857e-04 -5.804654647720256140e-04 -5.649226795075625593e-04 -5.480512811822204396e-04 -5.279943268059058507e-04 -5.018880927361571084e-04 -4.714106058817709301e-04 -4.399849321881400279e-04 -4.096031648572510887e-04 -3.937958378886885599e-04 -3.950810360803272371e-04
-3.486789363526891219e-04 -3.800440349996722232e-04 -4.183001108150740527e-04 -4.599933278245274103e-04 -4.936833842752268425e-04 -5.190106822239378033e-04 -5.334311084524672852e-04 -5.379662923286674227e-04 -5.355008901933487825e-04 -5.273404926127451403e-04 -5.176008161787772370e-04 -5.063481758558509294e-04 -4.946825562397878231e-04 -4.847820498484375603e-04 -4.762727029252616408e-04 -4.684827713386656737e-04 -4.568881702063752734e-04 -4.406526153658932602e-04 -4.180722112060044184e-04 -3.917669686874755458e-04 -3.643141204084444679e-04 -3.377055804888807523e-04 -3.248288014647157619e-04 -3.279876867279567969e-04
-2.875474502975144757e-04 -3.173354756493751080e-04 -3.521045269401759030e-04 -3.887652479461533640e-04 -4.162908299298797438e-04 -4.340950262026429846e-04 -4.395103811066849455e-04 -4.346171340114118745e-04 -4.227761536977171840e-04 -4.058568015424398007e-04 -3.913383760413252210e-04 -3.798446153161162057e-04 -3.726815332577398097e-04 -3.692548932714299816e-04 -3.680606026013371799e-04 -3.673232012722358773e-04 -3.613630046312039110e-04 -3.500622444358264486e-04 -3.319112443296563342e-04 -3.106459661935531344e-04 -2.890214070109170855e-04 -2.690528512079303522e-04 -2.611249996168628655e-04 -2.666841347556220764e-04
-2.313848140800722124e-04 -2.583793379575233360e-04 -2.884449365444361380e-04 -3.185148617119632256e-04 -3.379757977380548834e-04 -3.463567208442086261e-04 -3.425202658393071854e-04 -3.296052820943108142e-04 -3.097954179239900902e-04 -2.852221397616356560e-04 -2.667283280068178178e-04 -2.557968096927695128e-04 -2.532185237594846089e-04 -2.556269044995814160e-04 -2.611088244039380950e-04 -2.667238840137044296e-04 -2.656367989053108592e-04 -2.585095403964178008e-04 -2.449022679242837458e-04 -2.296668942898609479e-04 -2.148605643228745487e-04 -2.026853332224695301e-04 -2.010231501172542016e-04 -2.102992761842860804e-04
-1.782968352366187345e-04 -2.014598350006681338e-04 -2.252052606710273214e-04 -2.463093914056791378e-04 -2.562777807983240125e-04 -2.555026675555457341e-04 -2.431000962222386460e-04 -2.231171354340751945e-04 -1.977867635247187983e-04 -1.696928308160106211e-04 -1.500484208403464687e-04 -1.400073777866836532e-04 -1.417814811786121223e-04 -1.498981149807472070e-04 -1.603212943243708635e-04 -1.694587522572981093e-04 -1.712033867068779526e-04 -1.671117639344116127e-04 -1.575069512857185661e-04 -1.482539575570509225e-04 -1.409847183346732424e-04 -1.377411662206098756e-04 -1.432268415476466866e-04 -1.569676584913546138e-04
-1.173391224966624676e-04 -1.359712859560733309e-04 -1.521185289449689300e-04 -1.634019223528219435e-04 -1.651512653894550322e-04 -1.581887535686695388e-04 -1.406057796376235030e-04 -1.172072407598603492e-04 -9.150337657606989565e-05 -6.635088001946180228e-05 -5.033965898425779410e-05 -4.347632316865533090e-05 -4.925479494546723393e-05 -6.076268673591989896e-05 -7.220194697427596777e-05 -8.039281295716553305e-05 -8.184014708442214541e-05 -7.855866619269347422e-05 -7.095232989462250505e-05 -6.579638805696909104e-05 -6.494529768934352197e-05 -6.956183156464180539e-05 -8.049546412766683551e-05 -9.686658075379023616e-05
-4.675773790044941561e-05 -6.009425080627532254e-05 -6.787849686476091291e-05 -6.980959404484260878e-05 -6.504158717246508506e-05 -5.359337322067352999e-05 -3.418328497427158510e-05 -1.237404812467355986e-05 8.698428215786110083e-06 2.669936773572354494e-05 3.566203817909106513e-05 3.593230510525682213e-05 2.622135856342498939e-05 1.488135767575823873e-05 5.985165433773191330e-06 1.626197596204125151e-06 2.687627290732935071e-06 7.370429801186190318e-06 1.481425371794929303e-05 1.733360810375468328e-05 1.322701405579435555e-05 2.543649979449554921e-06 -1.171189268209960512e-05 -2.858726185317438321e-05
