2.560529022106766722e-05 4.930452680268423993e-05 9.126428948475081258e-05 1.599663951223314392e-04 2.326749967298300350e-04 2.933296617903172589e-04 3.184858002878368922e-04 3.150756789799758146e-04 3.088546434685522125e-04 3.112056601823214074e-04 3.346811143942701283e-04 3.720821680999721807e-04 4.459663831092045764e-04 5.053562005354478304e-04 5.107015389400850662e-04 4.487159668134583146e-04 3.579383036277254747e-04 2.645012540499303922e-04 1.707491394610774938e-04 9.446869428975806799e-05 3.924450863116524062e-05 1.361264462044717790e-05 9.094921041249233025e-06 1.432921535297172018e-05
7.471932044922299798e-05 1.034305796180688095e-04 1.484815008889931007e-04 2.138376264183778686e-04 2.757216194640482385e-04 3.222421589555641880e-04 3.431225201621971818e-04 3.515412631315047317e-04 3.621679659434006685e-04 3.806271548791392715e-04 4.110993217153618181e-04 4.493534374296943466e-04 5.109307859973352944e-04 5.570053244123480702e-04 5.590937543642220033e-04 5.001693351203762884e-04 4.051939275111908793e-04 2.995148925460398631e-04 1.963632267402570125e-04 1.220924862836742940e-04 7.225619339090191926e-05 5.179590200704553403e-05 5.002987166235321623e-05 5.845596825513545456e-05
1.296764545064677909e-04 1.626033932559347217e-04 2.099491301091085645e-04 2.697399675473168565e-04 3.171570790718060005e-04 3.459012200349975133e-04 3.568214951211200517e-04 3.693427576677016789e-04 3.890908541030227126e-04 4.224399329708552336e-04 4.651985925514946340e-04 5.095955503946009374e-04 5.586739626563455704e-04 5.857593022113751066e-04 5.789169038617332464e-04 5.251817621068458368e-04 4.359387791353149400e-04 3.279479278439150175e-04 2.236614788945232382e-04 1.579998102382119485e-04 1.201507771967947751e-04 1.061715241064790520e-04 1.031767512441157192e-04 1.108142143657810802e-04
2.058522893241339802e-04 2.390750629928991699e-04 2.822102439677670192e-04 3.327928626490887667e-04 3.686185590736928042e-04 3.847508495201704647e-04 3.838789010485911947e-04 3.877943349123002658e-04 4.010718578023435028e-04 4.373312107329931260e-04 4.865291931609128594e-04 5.316983305573850030e-04 5.632184245463981321e-04 5.677419624846788415e-04 5.504399718671481798e-04 5.065167069822670409e-04 4.381498420308808212e-04 3.508610141248101545e-04 2.652621216140046154e-04 2.129038659822157775e-04 1.836912493740778521e-04 1.730532234365954498e-04 1.723228575279017499e-04 1.831822231203700214e-04
2.892575374052951901e-04 3.210238089570855422e-04 3.556105702181412784e-04 3.951626255908923034e-04 4.237460379399091539e-04 4.339046904842854013e-04 4.242000310393817964e-04 4.149109234002082360e-04 4.142355410164072320e-04 4.371913484131338158e-04 4.704034408961338810e-04 4.943960523755012082e-04 5.007086193149551043e-04 4.904961421548010474e-04 4.726041845780880064e-04 4.448658843730409623e-04 4.046214184067701961e-04 3.531510411800875592e-04 3.024239560093787719e-04 2.686846896825135101e-04 2.453788811457289533e-04 2.356054004050301819e-04 2.413376142345122080e-04 2.601344415528685687e-04
3.598535059863107780e-04 3.922569425812510676e-04 4.203889512886194928e-04 4.491185835218534819e-04 4.687823249732657438e-04 4.712899527935232309e-04 4.534571402410969934e-04 4.340499936526615531e-04 4.225082085486370599e-04 4.252965831516135613e-04 4.257085086164193372e-04 4.117103171054071727e-04 3.891701847176747930e-04 3.737456249771057464e-04 3.647876329592304278e-04 3.576964066119013878e-04 3.449746254684939542e-04 3.287229847589472260e-04 3.162816900940764635e-04 3.085890935658695258e-04 2.986177735941731399e-04 2.919024759631471755e-04 3.010568648628488843e-04 3.247507492391371012e-04
4.372234256936699689e-04 4.801932436788038214e-04 5.114797559927039983e-04 5.235262207074629004e-04 5.162001239645842279e-04 4.970140364058101652e-04 4.701196187399762092e-04 4.457264145786251405e-04 4.230859444167688749e-04 3.971168291031769936e-04 3.582481877874522306e-04 3.083711060040262414e-04 2.671595941152983479e-04 2.546560810468570741e-04 2.578673660781657766e-04 2.713571678471691714e-04 2.817548692878991501e-04 2.900398794070884021e-04 3.040112592405886044e-04 3.222001219322175492e-04 3.363177774940628775e-04 3.463168569745298550e-04 3.637918953677151106e-04 3.926551066232456606e-04
5.114249824647383764e-04 5.589254809570788976e-04 5.870108358076990985e-04 5.784727988843204726e-04 5.459704343990860438e-04 5.109316785549893828e-04 4.845420935157408022e-04 4.614108549009556795e-04 4.285554590867947356e-04 3.741005275023788403e-04 3.060783394377775200e-04 2.390416998938935502e-04 1.923436425850135313e-04 1.802939141565570286e-04 1.883093964427103950e-04 2.169902616361570427e-04 2.460567968059777831e-04 2.681489254491826817e-04 2.889367188539893549e-04 3.174429869637581986e-04 3.510052618047252424e-04 3.858776903211500343e-04 4.209762516992466663e-04 4.596854587234933684e-04
5.595608409854817365e-04 5.923991308384461609e-04 5.980904390792037830e-04 5.717885876991349575e-04 5.389442189810229530e-04 5.128870583610814406e-04 5.017067168087247734e-04 4.844120019516399500e-04 4.459162386963088438e-04 3.679272446059922430e-04 2.760804591112268999e-04 1.972132111255974569e-04 1.453881217918077159e-04 1.291822554751083645e-04 1.373920124878787478e-04 1.786274916829817057e-04 2.256998842645468344e-04 2.609361551144208976e-04 2.816568186968124122e-04 3.073763817546245410e-04 3.472791654046165780e-04 4.018889514334151648e-04 4.574431632193517484e-04 5.088304934352432321e-04
5.268587453417780458e-04 5.242102458433603148e-04 4.971006607037087516e-04 4.690514255466704443e-04 4.678075198318415689e-04 4.790958344219070782e-04 5.006833699194441741e-04 5.010445481946366802e-04 4.719038426016355708e-04 3.871515190987597117e-04 2.813884603915873042e-04 1.922580280903257212e-04 1.342093621130481941e-04 1.156376956311914208e-04 1.248922997838278984e-04 1.733775474226955564e-04 2.330019342181354283e-04 2.829972525418566229e-04 3.103227367013553840e-04 3.275119347244606497e-04 3.517834616462859124e-04 3.934997218879691147e-04 4.455264185492306640e-04 4.951230482421729341e-04
4.186384047201744058e-04 3.921620703242339480e-04 3.543282801994920806e-04 3.395198382743129062e-04 3.672788202912794712e-04 4.097364475695553193e-04 4.618958038567590250e-04 4.867629074999957361e-04 4.770033475340155495e-04 4.043144328291687923e-04 3.036247725006497168e-04 2.148799273831729275e-04 1.556637654189149938e-04 1.397405396718545006e-04 1.541144665544744250e-04 2.054024781574520920e-04 2.706167749485031537e-04 3.354778249928553756e-04 3.808367307979596472e-04 3.947734261619539886e-04 3.924634531767666338e-04 3.867697118072528119e-04 3.964930204037939295e-04 4.150374184516623629e-04
2.914453114303087186e-04 2.652596332114164632e-04 2.408201291761552206e-04 2.407021627697606965e-04 2.762449060178026453e-04 3.286527194835687756e-04 3.997487209897731555e-04 4.470705253604423651e-04 4.546408863808710696e-04 4.017084743953057771e-04 3.235296249285571704e-04 2.526077794779822846e-04 2.007871352887675076e-04 1.872009653174333251e-04 2.063828299709667268e-04 2.589809442195835061e-04 3.271112133283738386e-04 4.041640574154852232e-04 4.670150423644414228e-04 4.792904877436892958e-04 4.519902675258538876e-04 3.912364096554358140e-04 3.417648477334776433e-04 3.123655316824934373e-04
2.015145312200059945e-04 1.891340312145087699e-04 1.894576285847297304e-04 2.011640510267646148e-04 2.264737469463888673e-04 2.674481381160987901e-04 3.423933082675074675e-04 4.080121695318260464e-04 4.315662755545116437e-04 4.003720502512123384e-04 3.505593058014312311e-04 3.068548890160210235e-04 2.702062203904057893e-04 2.581515313598748036e-04 2.755894785741008876e-04 3.299394114711776734e-04 4.081376811922145459e-04 4.984103886794878126e-04 5.644098762614085767e-04 5.603254710520612619e-04 5.072346064277289584e-04 4.082530602797498020e-04 3.150375202163357741e-04 2.416911042155532748e-04
1.928315905167876741e-04 1.855791859077762947e-04 1.998430951462249958e-04 2.205387058121620206e-04 2.398519227887876753e-04 2.702626601238071339e-04 3.388992814298630654e-04 4.062636969756139652e-04 4.320615132379703209e-04 4.089232050494431381e-04 3.743978114893041931e-04 3.483712040847993419e-04 3.269247249826909350e-04 3.190375026832650103e-04 3.316212378731877154e-04 3.803611859232567836e-04 4.567308849292457933e-04 5.422029255522815014e-04 5.960178797394426534e-04 5.779447039257795855e-04 5.153324783092301867e-04 4.183922590899717686e-04 3.266871266398941936e-04 2.431937182161169513e-04
2.238232657153355054e-04 2.162286411063729088e-04 2.389625468166122878e-04 2.701382093878144952e-04 2.919069901806044818e-04 3.202061164400965142e-04 3.774720254411190537e-04 4.280056255897785131e-04 4.374707824132816492e-04 4.091962138868082384e-04 3.821501859893987330e-04 3.659934027388864609e-04 3.579838018174435815e-04 3.585414087903523528e-04 3.705482944972014227e-04 4.017809037174071879e-04 4.482499615014070410e-04 5.008492647532641678e-04 5.406190636881297437e-04 5.329079440620198551e-04 4.851251842451220764e-04 4.138249597087953176e-04 3.464767435886075388e-04 2.756828514583886799e-04
3.061338807115085957e-04 3.008564730913560283e-04 3.192513985270147166e-04 3.520172230716594390e-04 3.802581205771851354e-04 4.069769162743819713e-04 4.308530443021071519e-04 4.314456158839959023e-04 4.032615672890698050e-04 3.625482904091092756e-04 3.418880764389935797e-04 3.358942972185689226e-04 3.435939129512610864e-04 3.560122712106844503e-04 3.711308609846179166e-04 3.800998792085016919e-04 3.823845624596991402e-04 3.866564593285578611e-04 4.103200306811516720e-04 4.324380694204697480e-04 4.286270456481015107e-04 4.047243802146229929e-04 3.750356909497892625e-04 3.384920962796090387e-04
4.129912323778110348e-04 4.202709167567457525e-04 4.290983231929682007e-04 4.478398467165466547e-04 4.655398296844909267e-04 4.701799911857364460e-04 4.410728536515159926e-04 3.844949358030757451e-04 3.232258881162648387e-04 2.776670049734329573e-04 2.662094011013695105e-04 2.745821536933213563e-04 3.011789746667896958e-04 3.267949585470561707e-04 3.466347582583804163e-04 3.439374268261820885e-04 3.205400369270121927e-04 2.938158930943014801e-04 2.985133636892630922e-04 3.355440265878668481e-04 3.704633727208891123e-04 3.921913602600057597e-04 4.007995036596685191e-04 4.073916828996854253e-04
5.238269291092187288e-04 5.483006407861582302e-04 5.521974635218617746e-04 5.494394522888216116e-04 5.370111179491628053e-04 4.999852424844350831e-04 4.160667880347432919e-04 3.182496808189441305e-04 2.398269341032186884e-04 1.960910007196734969e-04 1.912418189270081634e-04 2.113869153126824850e-04 2.563364970016469434e-04 2.966554054708510119e-04 3.227217140876604651e-04 3.169320036921224751e-04 2.834951830599756343e-04 2.414176409430856434e-04 2.242233211290333697e-04 2.546725864667688695e-04 3.068282807850278618e-04 3.664196283173913778e-04 4.192840401430080778e-04 4.749714290546795648e-04
6.382252977800514536e-04 6.820030856561642724e-04 6.932133925860849838e-04 6.640872948337448204e-04 5.968133238421241982e-04 4.998899138282863683e-04 3.746092120460482863e-04 2.648455069490603022e-04 1.839314141013891903e-04 1.436194478743710215e-04 1.421108555932402246e-04 1.670535386617385469e-04 2.216569483840072927e-04 2.735360027079090429e-04 3.086862229785898213e-04 3.064245774659763149e-04 2.722944975564956980e-04 2.288268254423635845e-04 1.951485454848751744e-04 2.037948516821054361e-04 2.464838243387846022e-04 3.340805458168991104e-04 4.415753915784355701e-04 5.497667377487362684e-04
6.828523478807641944e-04 7.327095265973761727e-04 7.481426513564074302e-04 7.058962288515411437e-04 6.106266631823544823e-04 4.871415823550232708e-04 3.562197695901501374e-04 2.567788303133628652e-04 1.810125164459344465e-04 1.409441239150006268e-04 1.369686946469551175e-04 1.571946133567932657e-04 2.066266686933686454e-04 2.572101845947026002e-04 2.945888137246152291e-04 2.947399716644171375e-04 2.635042989227249686e-04 2.268512600877671060e-04 1.940154289283497254e-04 1.952328767678180872e-04 2.313477202784813011e-04 3.314926322598517501e-04 4.631980203148953882e-04 5.865080141784214740e-04
6.336790890338552147e-04 6.738062815434270195e-04 6.776528470840289479e-04 6.389659507970252240e-04 5.648698694385892276e-04 4.639921967860812305e-04 3.552973107076964118e-04 2.727461336010392288e-04 2.086945950637829079e-04 1.691631177741804699e-04 1.567405382597852068e-04 1.662693793515281396e-04 2.018173027947226948e-04 2.396600385175490331e-04 2.678218347507536640e-04 2.686454931333490158e-04 2.482688632961410104e-04 2.263950934770530329e-04 2.073674596988977852e-04 2.191229106102909820e-04 2.666304864046248704e-04 3.640906993832375947e-04 4.715739892900743186e-04 5.615699904051118076e-04
5.047484602652833104e-04 5.178964722701798890e-04 5.059248234587529437e-04 4.896807853438956424e-04 4.696798532253993776e-04 4.252465873569676426e-04 3.593182783617090265e-04 2.991704782746457689e-04 2.509577471510102261e-04 2.144177117151348829e-04 1.940654303119051605e-04 1.916682956652833079e-04 2.080341156950326362e-04 2.239291960935238957e-04 2.321344975051175576e-04 2.289452240545558441e-04 2.239170414993472979e-04 2.239399676339190210e-04 2.352564025246950115e-04 2.753514425315662013e-04 3.438110530414058134e-04 4.206523756754951987e-04 4.662476202722954234e-04 4.873703818233451760e-04
3.905669354491613974e-04 3.779753683494844986e-04 3.644426457501650693e-04 3.722614162166072737e-04 3.862617394792415603e-04 3.790943202161404005e-04 3.467713903695400285e-04 3.081544442773212489e-04 2.735184147765413933e-04 2.432451013373001841e-04 2.235082113379879105e-04 2.159838477679683160e-04 2.182727478795063033e-04 2.157919629031952561e-04 2.060797726636350762e-04 1.954907014738728444e-04 2.001188382226320355e-04 2.189743548931066906e-04 2.582393595208156301e-04 3.167943665629306335e-04 3.880841061363233830e-04 4.415164087288366707e-04 4.455269922269839149e-04 4.201865987717600575e-04
3.085937335175682099e-04 2.791049378627599633e-04 2.728534920249902880e-04 2.983970799829457183e-04 3.248803258976961923e-04 3.334604205109112439e-04 3.230097763739509919e-04 3.039758301275547522e-04 2.809686481006087541e-04 2.583497362439307328e-04 2.439514509694163606e-04 2.360230717968794768e-04 2.293931478362497701e-04 2.141294758563435827e-04 1.920927723368366191e-04 1.740950222247940598e-04 1.827687375401543387e-04 2.148461040091651951e-04 2.697835999974420858e-04 3.278571580594375834e-04 3.830356106810200697e-04 4.180180859188938882e-04 4.093038097076248639e-04 3.663600626353641083e-04
2.636605850650771484e-04 2.298783266940208859e-04 2.262589011697866488e-04 2.529937278292355963e-04 2.788142749846361399e-04 2.931062794032163925e-04 2.964414919058056832e-04 2.915632232547880833e-04 2.788141595501290805e-04 2.653655765652686098e-04 2.584690187994507062e-04 2.533703919789837174e-04 2.425942395815306688e-04 2.210411250357390597e-04 1.944866926734952568e-04 1.757167005331450251e-04 1.848530947076731685e-04 2.158174325230623257e-04 2.609293818005021517e-04 2.999671251430705986e-04 3.338703889306038688e-04 3.608275152092146258e-04 3.589654916989866917e-04 3.228049722605020829e-04
2.632633045975270683e-04 2.311483421263085694e-04 2.188686732447981190e-04 2.310374151078434073e-04 2.512451598994709266e-04 2.694089878595084479e-04 2.829365942537863865e-04 2.875770957851205185e-04 2.845058360886189124e-04 2.804216024762017307e-04 2.797556665883056790e-04 2.772863316598227212e-04 2.639137364763327782e-04 2.395532322479235177e-04 2.132764639257110075e-04 1.987265517873839672e-04 2.044658869408049547e-04 2.197054794775727424e-04 2.385455469230815854e-04 2.583733538803796993e-04 2.842177710250886843e-04 3.157637930999602095e-04 3.263304233480613607e-04 3.073390014409965254e-04
3.050687663556241698e-04 2.746061073699554759e-04 2.536512027168808534e-04 2.459508757498998863e-04 2.499548425247973644e-04 2.613995183733350833e-04 2.793770469832569442e-04 2.926423509978101026e-04 2.983549276103330248e-04 3.032601805714508787e-04 3.089691086627927691e-04 3.092733077276097159e-04 2.941652856247165730e-04 2.685751813456409330e-04 2.441538666954109062e-04 2.316230002245047966e-04 2.279854180556628617e-04 2.215204070126535407e-04 2.138814515169479291e-04 2.200648981715643167e-04 2.434160447560378398e-04 2.874298437943031623e-04 3.206173140524109589e-04 3.289871759284433489e-04
3.841108634898524900e-04 3.540771282958186895e-04 3.222438220684198992e-04 2.917507717800677685e-04 2.742170086976193871e-04 2.703757162709488019e-04 2.861052994886723456e-04 3.050412245971740655e-04 3.158502420232986527e-04 3.258717968588348691e-04 3.365976898700086153e-04 3.411857428871062489e-04 3.329662459789743006e-04 3.156883995315533527e-04 2.972716469379777372e-04 2.757288963063813151e-04 2.487530800733160283e-04 2.175622676094988799e-04 1.930417670519668353e-04 1.946864712197536867e-04 2.181093695821670570e-04 2.759987928151695896e-04 3.385007638708180410e-04 3.829756263905020473e-04
4.257377472501899275e-04 4.032283217030484734e-04 3.666322136477378297e-04 3.240753088075581413e-04 2.986561449997532608e-04 2.899483491067712110e-04 3.057896005095310401e-04 3.265706467202584944e-04 3.379173908621096296e-04 3.477290881666850165e-04 3.600794162282115306e-04 3.684270123464977406e-04 3.702607377802591090e-04 3.619531279228227613e-04 3.448061666465824572e-04 3.055351771643213072e-04 2.547728395253372755e-04 2.093480571999466449e-04 1.826149500583720852e-04 1.854564213517080758e-04 2.081459856267634401e-04 2.668047565930834744e-04 3.396567500517537540e-04 4.033221908935909856e-04
4.100315749028116542e-04 4.061231539871709294e-04 3.758409390885570321e-04 3.341205600107788852e-04 3.155400611214674296e-04 3.166898274060238393e-04 3.389769168978770154e-04 3.595473583750944573e-04 3.693761033969363938e-04 3.766657807632924375e-04 3.880719448963905471e-04 3.976104851370840525e-04 4.030794421566629890e-04 3.934746863558409168e-04 3.673301338635654909e-04 3.112159713802199615e-04 2.487046265678482062e-04 2.010833886134151148e-04 1.786924812430423944e-04 1.838028181398851304e-04 2.068311468055400947e-04 2.547859817486266155e-04 3.139693316192591682e-04 3.728066847921898534e-04
3.546662742505823224e-04 3.701628883828086665e-04 3.607678009191187429e-04 3.407393847731772464e-04 3.423012471005997892e-04 3.619362173729276399e-04 3.931191814654482874e-04 4.172122526032553459e-04 4.345279159860921336e-04 4.455381236144141579e-04 4.494543794303958585e-04 4.455418994143063062e-04 4.329769819981224219e-04 4.044818060064539001e-04 3.584541326155271960e-04 2.934217026989197584e-04 2.373475715526514014e-04 2.010250167351518595e-04 1.889499434916211168e-04 1.962492520231316230e-04 2.168026704848408949e-04 2.478356210895134391e-04 2.815711628388043353e-04 3.181915598538338687e-04
3.076235664292011561e-04 3.279256765104718980e-04 3.385873812447445981e-04 3.435013898530015148e-04 3.587029285164418705e-04 3.856443634078167339e-04 4.195203970615423860e-04 4.533700303309225925e-04 4.896782276326421294e-04 5.184390717564469090e-04 5.213940888564029237e-04 5.024630381941190679e-04 4.631127065052522036e-04 4.108945544548182937e-04 3.468589488621660498e-04 2.823905550618072656e-04 2.412939360049682843e-04 2.201192806742127781e-04 2.180154943221375636e-04 2.244334397535892398e-04 2.367078326509200372e-04 2.528609719340515669e-04 2.688800244586910275e-04 2.854050802568192254e-04
2.672234306810358372e-04 2.828696390090411480e-04 3.041267382389665889e-04 3.234102514528872075e-04 3.405670238575857277e-04 3.631304807732480639e-04 3.944966318241870844e-04 4.393813654919167069e-04 4.959606349792952066e-04 5.505433612357662522e-04 5.674010926272869551e-04 5.483154243263990615e-04 4.929851091883204238e-04 4.237908897184734900e-04 3.484942605634478536e-04 2.875514993711690754e-04 2.606086767480698106e-04 2.537582052483688434e-04 2.597562700216247814e-04 2.623776964764585901e-04 2.634579079328518213e-04 2.642713139139624286e-04 2.645691891295497838e-04 2.629942156263759224e-04
2.377360617020182526e-04 2.440294925194974260e-04 2.607345791490318877e-04 2.762472254518563209e-04 2.842249937931227402e-04 2.941578344333139724e-04 3.160918319325096504e-04 3.600864071612273898e-04 4.194486158495602584e-04 4.906701653540982691e-04 5.357718982584008111e-04 5.456023880670640095e-04 5.082169980394664202e-04 4.479557995496415992e-04 3.848767864628890954e-04 3.381774035374027643e-04 3.188616938616227079e-04 3.114002270401686006e-04 3.096917783234605999e-04 3.022608536827662380e-04 2.913835131914213096e-04 2.774005805871253803e-04 2.623673514996307295e-04 2.466281007344884972e-04
2.227784235361647178e-04 2.244803317786554851e-04 2.309441294045537670e-04 2.361429869554958216e-04 2.375442820877890959e-04 2.403306368118997597e-04 2.513891876613609804e-04 2.797895326564877791e-04 3.216677346038523933e-04 3.823604509370792269e-04 4.368570904630411059e-04 4.714841320170713073e-04 4.717007454280872309e-04 4.509363779669389228e-04 4.282083422283253400e-04 4.098716153729963407e-04 3.938046777982009061e-04 3.729453791422718462e-04 3.490080086198462544e-04 3.256924707237108629e-04 3.025177777368240838e-04 2.772675169778883821e-04 2.528409180625895442e-04 2.324208035441205117e-04
2.192859761688822982e-04 2.195458050578059548e-04 2.189177569014893251e-04 2.186931717866459992e-04 2.201492426607387751e-04 2.224203604195415984e-04 2.247058162565639789e-04 2.350853853419186147e-04 2.570530348721337521e-04 2.913087002915278338e-04 3.258103566302872583e-04 3.558440601208223458e-04 3.854443341518430546e-04 4.171300018910155416e-04 4.477061476721851075e-04 4.652290495717147350e-04 4.544516252956621216e-04 4.222352360030165257e-04 3.759141163081377419e-04 3.343635692253316485e-04 2.965411278116734549e-04 2.635444378698213437e-04 2.391166630013946356e-04 2.234078786042750114e-04
2.319542528476366088e-04 2.357488550116399459e-04 2.364853797165640558e-04 2.371828698348681216e-04 2.416576222549587081e-04 2.481626930671790190e-04 2.515262623697538157e-04 2.530253729796025906e-04 2.582575257374735930e-04 2.595112019908844435e-04 2.572260871630308011e-04 2.592602617141273472e-04 2.897803535087778676e-04 3.480018397711223959e-04 4.094965850446040953e-04 4.522460208483939270e-04 4.528256768557160222e-04 4.254459647718073011e-04 3.730542851200677971e-04 3.220395248590752937e-04 2.782505791182886571e-04 2.488029538633887818e-04 2.345615648048231835e-04 2.286992112137271860e-04
2.588002797612382120e-04 2.686719012642626594e-04 2.767948109091780966e-04 2.808983890619350327e-04 2.860673252016725948e-04 2.962671354554869026e-04 3.092114193606848951e-04 3.135615778780018138e-04 3.078244784570419970e-04 2.866448202809926144e-04 2.624571433357546810e-04 2.447615951001086464e-04 2.520639646418767555e-04 2.878836614013312810e-04 3.348880327907409167e-04 3.790773659763926537e-04 3.937979772570350989e-04 3.841650182326305802e-04 3.454007677956776154e-04 3.037458822717781096e-04 2.727249682103010634e-04 2.580033552929750836e-04 2.538455294619711665e-04 2.526743230162845511e-04
2.944675323918250409e-04 3.103194743690182770e-04 3.257320700890726931e-04 3.329834088988765841e-04 3.384265728683016937e-04 3.519011666737504348e-04 3.747303736976398208e-04 3.829599530445206793e-04 3.672819743668260021e-04 3.306055546703593763e-04 2.973600885037277152e-04 2.727795903773296091e-04 2.544142986340906082e-04 2.500875549304149535e-04 2.648569014755124563e-04 3.004450491653277750e-04 3.269691009241341008e-04 3.327453801640773150e-04 3.119667981832476879e-04 2.907257806742718424e-04 2.835268915699349409e-04 2.868941283362439159e-04 2.884915471470931897e-04 2.876831692611074662e-04
3.514966242988189367e-04 3.589051690562337677e-04 3.693611847192527142e-04 3.828515247609089048e-04 4.021811209649204708e-04 4.282980971194933536e-04 4.577522815625875534e-04 4.678939439305169622e-04 4.546233457640927325e-04 4.184227838008200916e-04 3.781749751218519730e-04 3.396918620167342358e-04 2.940409621465771154e-04 2.561553708610612512e-04 2.399452689489699273e-04 2.595112413643477006e-04 2.908459317517134071e-04 3.118463030385290125e-04 3.196914788916354797e-04 3.249088341950966260e-04 3.338283702434260221e-04 3.432317834575457404e-04 3.479277848786084949e-04 3.494042484327435517e-04
3.689788289863046270e-04 3.577083514366271254e-04 3.551496135170694748e-04 3.712675421774776045e-04 4.005023760385293709e-04 4.310359343572711015e-04 4.575169669436337117e-04 4.725204063536417982e-04 4.789224802960392749e-04 4.659532284485951806e-04 4.294071583948491340e-04 3.786523996515450859e-04 3.191975259021654168e-04 2.758912076668107276e-04 2.515077614353657576e-04 2.601493050076680944e-04 2.927887768432044994e-04 3.323150386286330806e-04 3.741191442988690916e-04 3.977465977538266169e-04 4.009881796918947361e-04 3.917761799669196602e-04 3.858090491228477492e-04 3.803873141538149840e-04
3.140706240628885577e-04 2.896085488167772439e-04 2.795224819253015161e-04 2.890728009098479092e-04 3.043350512280537331e-04 3.154073705110783314e-04 3.307685483215113526e-04 3.582181801350882064e-04 3.918773415477974794e-04 4.181197502305895116e-04 4.096517042693904984e-04 3.710015853552253175e-04 3.154255734806399661e-04 2.776879143361552231e-04 2.561205098260653512e-04 2.604881899575455331e-04 2.967441880050503741e-04 3.571080850528896684e-04 4.301588032554335057e-04 4.644599755284461833e-04 4.542872240228117988e-04 4.130240938366948789e-04 3.772587750168353207e-04 3.458037858139820231e-04
1.812693934156644820e-04 1.599845788489831283e-04 1.540344339116062403e-04 1.490901152116623648e-04 1.287397043103967356e-04 1.018414051200961098e-04 9.796155446271729553e-05 1.345021598823230053e-04 1.876975537383105373e-04 2.536656113038672587e-04 2.979260615885573945e-04 3.128676056557150179e-04 2.961675293824363371e-04 2.750224754498333500e-04 2.608207055411805326e-04 2.654075172010902255e-04 3.028117820087057274e-04 3.658644929457961943e-04 4.366671219083490961e-04 4.586693988644035646e-04 4.309197619073181461e-04 3.600546887147131406e-04 2.892429243371344417e-04 2.262375727804774085e-04
5.955018593211593310e-05 5.082201142939060548e-05 5.368156038079191668e-05 4.157552486627852611e-05 1.481751817352207699e-06 -4.438716853544514196e-05 -6.135673416995804982e-05 -2.804477632518004868e-05 2.800159256373554217e-05 1.088734009480346333e-04 1.888054491821714986e-04 2.571183089330514771e-04 2.881163026276438010e-04 2.839452917578228906e-04 2.710162410605778662e-04 2.700281397551306558e-04 2.961808412150346423e-04 3.338419740122521777e-04 3.691192322275346207e-04 3.662164109176207225e-04 3.270937476873388887e-04 2.494388959439385522e-04 1.686919712427846854e-04 9.897869202841600344e-05
-1.592603264569012624e-05 -1.592944779558432076e-05 -8.092085666529713530e-06 -1.620843778549378787e-05 -4.991089185071836612e-05 -8.861575223464998141e-05 -1.077917528554151605e-04 -8.207656373506366700e-05 -2.754734096281881639e-05 5.042738676589617562e-05 1.347974911504255910e-04 2.252481247859737859e-04 2.867271050558567761e-04 2.963295122627114856e-04 2.814725557907679057e-04 2.678440543048333003e-04 2.718148429728708113e-04 2.731540481860606179e-04 2.704835120559429679e-04 2.487610947279566111e-04 2.043509074723742975e-04 1.336211956575170709e-04 6.428344534356871150e-05 9.206573182269191724e-06
-3.754019676477318593e-05 -3.035836251716832581e-05 -1.500028176015765918e-05 -3.123039467424087073e-06 -5.043740167780120100e-06 -1.254433373048039523e-05 -2.415608449188188202e-05 -1.645046361119927944e-05 1.691330286151965177e-05 7.321108834356887074e-05 1.446554543149658728e-04 2.313747145184225215e-04 3.062171963260894585e-04 3.301487550235135968e-04 3.173096816670598693e-04 2.876904716771603882e-04 2.629759465736296277e-04 2.304038847759735248e-04 1.945437077667600597e-04 1.537583800454747868e-04 1.029328016293785286e-04 4.585738303901939865e-05 1.175366769948959229e-06 -2.868924353319708673e-05
-3.060144527307227986e-05 -1.641723355512828990e-05 1.036110930831348021e-05 4.758845181724092092e-05 8.018849041144387470e-05 1.052809220708643455e-04 1.056102410840231064e-04 9.675721280043192061e-05 1.011709313814072967e-04 1.314240845998614527e-04 1.895395421522687871e-04 2.636189061645419175e-04 3.440654305392145296e-04 3.846373017168905773e-04 3.795173279419040524e-04 3.362573888737971665e-04 2.859992969416774071e-04 2.315717766290382020e-04 1.723856899739915124e-04 1.128601450954170996e-04 5.505731599482999140e-05 8.900289813188448250e-06 -1.737554858803896731e-05 -3.094815806265439152e-05
-1.116522333954765711e-05 7.998335841840118650e-06 4.417391080481766682e-05 1.037062134578550153e-04 1.667597412093443292e-04 2.203779479536129666e-04 2.363397968249879516e-04 2.223782896817075132e-04 2.092921306755239782e-04 2.149160489215934746e-04 2.510832223328473179e-04 3.039033144317729437e-04 3.852141660698420026e-04 4.415662948427152455e-04 4.433053657641412089e-04 3.869395940683427394e-04 3.130677830937202296e-04 2.387146520521843873e-04 1.605876691757864645e-04 8.916208620280072759e-05 3.122218548060055790e-05 -2.921601961965616636e-06 -1.544174889751220731e-05 -1.737284394575920620e-05
