5.878626859462258628e-05 8.363754595748939429e-05 1.153961995838246913e-04 1.517627454959506717e-04 1.863934082674883412e-04 2.194730800673222969e-04 2.513831994534374242e-04 2.813152457539266210e-04 3.086182735201694911e-04 3.342450312928828314e-04 3.520518543825996972e-04 3.590381060187806690e-04 3.551815549595364278e-04 3.417511412207741169e-04 3.191920760496860148e-04 2.875109693237070654e-04 2.494165923760914018e-04 2.058052591071556927e-04 1.570259566037834724e-04 1.128897859763027147e-04 7.631812717460576326e-05 5.027969629030771669e-05 3.942464281652564975e-05 4.233430049268348212e-05
1.745764123019086147e-04 1.958601703087941247e-04 2.214007983452393239e-04 2.486116066911657116e-04 2.726128254031943456e-04 2.943645542202771230e-04 3.150981686298834784e-04 3.369817155516476427e-04 3.595065018046453590e-04 3.844026321033082233e-04 4.070345666751824928e-04 4.241270208816849989e-04 4.344584958883996586e-04 4.346270436936978954e-04 4.247201804647868445e-04 4.016687754338292256e-04 3.667977615599945693e-04 3.236179139308434415e-04 2.741142835647165737e-04 2.300514272725746314e-04 1.933658129730637357e-04 1.679257587918974544e-04 1.575830661667806986e-04 1.597533507845680595e-04
3.142035551721594246e-04 3.297853347527767960e-04 3.469734781290450230e-04 3.638420118559405089e-04 3.769751714730843091e-04 3.871603422720401914e-04 3.961052853280493851e-04 4.089546151522878881e-04 4.257154421732397675e-04 4.469926296670281049e-04 4.696587627782124684e-04 4.920665066121892531e-04 5.134790196520067551e-04 5.258234658785012738e-04 5.271457414689029002e-04 5.143170674467717213e-04 4.872785383971928825e-04 4.491392981583009294e-04 4.036959373247155417e-04 3.646664684080302803e-04 3.328269716508233190e-04 3.104671172426389718e-04 3.006403585657701420e-04 3.020748432247695719e-04
4.768724901277630662e-04 4.845132702300228755e-04 4.915333411751422266e-04 4.965198788201153745e-04 4.981783450985425698e-04 4.974900514646300384e-04 4.963744676420771360e-04 5.006754731634147125e-04 5.104215581491211573e-04 5.260450279785659116e-04 5.457867534475476607e-04 5.686280527752968867e-04 5.952197110843598189e-04 6.160990697294092561e-04 6.274611240394566049e-04 6.258684282306129897e-04 6.101170294546982018e-04 5.832430558795409026e-04 5.488936410827542156e-04 5.194823954071684175e-04 4.955000553894465653e-04 4.783501350251964266e-04 4.700493848716101120e-04 4.698665411188105031e-04
6.530909668436893616e-04 6.519887992871063829e-04 6.484622829017092603e-04 6.414002839128633577e-04 6.322867115591285919e-04 6.227273360279927603e-04 6.143782729663584520e-04 6.115053643579258097e-04 6.138744418836928696e-04 6.232995076448803523e-04 6.392498788227537641e-04 6.597346590431800916e-04 6.858006013736371673e-04 7.098762899340069427e-04 7.283911663634389747e-04 7.369957012236813890e-04 7.335796851741083592e-04 7.217892445394299625e-04 7.035220976565232124e-04 6.866295948300583799e-04 6.718311344913811519e-04 6.612096078241280024e-04 6.555067077907027109e-04 6.528867741949364407e-04
8.404901089558730219e-04 8.304266318322996903e-04 8.161351662082380956e-04 7.976690014140687141e-04 7.792904939933111832e-04 7.623671401300912472e-04 7.476376356715484913e-04 7.377897850525525674e-04 7.329808272375871797e-04 7.353059582071018885e-04 7.454629415278280456e-04 7.615891690748927741e-04 7.842851160818964992e-04 8.078706094339305416e-04 8.298517828590915111e-04 8.475105847040084045e-04 8.578305491356103202e-04 8.625242391962440131e-04 8.623968181196116356e-04 8.607373761722237780e-04 8.578371135425469666e-04 8.551441041516227208e-04 8.521249833670657301e-04 8.471538890570402391e-04
1.036973469735007897e-03 1.017980258841974257e-03 9.939127241310357404e-04 9.666338922002780127e-04 9.411560658549984965e-04 9.172869860988770458e-04 8.957190706517003179e-04 8.787928978960579457e-04 8.665962429063594910e-04 8.602322848808093177e-04 8.618548190287054307e-04 8.710785978882775804e-04 8.877411877640920858e-04 9.078598740814998978e-04 9.302695190110515369e-04 9.555457194006084475e-04 9.798452872630219850e-04 1.001311563088048365e-03 1.020611630381441535e-03 1.036742937572861364e-03 1.048704217299772706e-03 1.055582442083889900e-03 1.055840739636925655e-03 1.049879846674404722e-03
1.217236822165740449e-03 1.191893478432292991e-03 1.161586779917781441e-03 1.129066461383850797e-03 1.098066270854394441e-03 1.067081056242398648e-03 1.037532229828658573e-03 1.012643955440034734e-03 9.920695420713512847e-04 9.762563923900897120e-04 9.690419185052174351e-04 9.712578551189094940e-04 9.828571526914390948e-04 1.001360770963467079e-03 1.025989412721607912e-03 1.058502964572838280e-03 1.094311050714301186e-03 1.130123659271401815e-03 1.166190094239485248e-03 1.197486780412670244e-03 1.222089888726983486e-03 1.237316509820359130e-03 1.240897813687495991e-03 1.234760433022026767e-03
1.374941870638925288e-03 1.346427398998938140e-03 1.313060541614726818e-03 1.277249349792358973e-03 1.241449016774324489e-03 1.204069889002052415e-03 1.166480482282317719e-03 1.132788545886250940e-03 1.102994813764120695e-03 1.077936343760726740e-03 1.063134164884706016e-03 1.059591562294138036e-03 1.068127857066055158e-03 1.087767683256429200e-03 1.117366597806884569e-03 1.157383632578134949e-03 1.202481223951615535e-03 1.250421152193758288e-03 1.300046235050144293e-03 1.342311873679352067e-03 1.375360384055324603e-03 1.396514785351296974e-03 1.402774289844953889e-03 1.395815615788955320e-03
1.504231310729739436e-03 1.475140444843710263e-03 1.441022217274858614e-03 1.402819172375066939e-03 1.362506657344223849e-03 1.319800576897075563e-03 1.274372776841194415e-03 1.231309948487832422e-03 1.192635809799835961e-03 1.160302149356010190e-03 1.140892476584572275e-03 1.134649506049454889e-03 1.143748161658633081e-03 1.167783180765937304e-03 1.204444551914672428e-03 1.253002979197727048e-03 1.306750806364406639e-03 1.364181443904924438e-03 1.423188607843026707e-03 1.471962750276033195e-03 1.508673639212637337e-03 1.530911871924647534e-03 1.536514302452915903e-03 1.527169284872585252e-03
1.609140132330932893e-03 1.577892976352398028e-03 1.541157537777002214e-03 1.498962224537519388e-03 1.453601246530038900e-03 1.405810932453814424e-03 1.354136384282341767e-03 1.304738591962848696e-03 1.261126116837581277e-03 1.225846482235601331e-03 1.205924541524615225e-03 1.201154389164797893e-03 1.214000068792432923e-03 1.243692850041763992e-03 1.287512445821256419e-03 1.344884166738386519e-03 1.407107359093907059e-03 1.471856494380593223e-03 1.537152487906791754e-03 1.589676917282849006e-03 1.626969393070533832e-03 1.646353865954241396e-03 1.648074431218173605e-03 1.634888503272668688e-03
1.696870636498246316e-03 1.661080022685129491e-03 1.619340205361113243e-03 1.571770656465634568e-03 1.520984448590982467e-03 1.467733133995146938e-03 1.411604779369595450e-03 1.359834673297529361e-03 1.315246511948550126e-03 1.280370223056096456e-03 1.262672003927365434e-03 1.262110659264650998e-03 1.280116051804516169e-03 1.315555983461616334e-03 1.366623192137608311e-03 1.432052993521141940e-03 1.501151736464417926e-03 1.571619554896186953e-03 1.641441078641385064e-03 1.695789010823386088e-03 1.731736289325043520e-03 1.747054862996744434e-03 1.744396068366040097e-03 1.726871735425060308e-03
1.768079102856014162e-03 1.726856316543386909e-03 1.678851831643533637e-03 1.624781813007703749e-03 1.568537623481335843e-03 1.510700219161660411e-03 1.452535010039661401e-03 1.401645828461425521e-03 1.359301875217998378e-03 1.327688795627831025e-03 1.313977851409726602e-03 1.318373817818167858e-03 1.342061119499735273e-03 1.383519808908445807e-03 1.441058812215724200e-03 1.513506751525025987e-03 1.588393406347124361e-03 1.662733414415487826e-03 1.733036969082581190e-03 1.785350943767465871e-03 1.818514102924032386e-03 1.830319800325690225e-03 1.823890985715468553e-03 1.802475288567637448e-03
1.828744977425970442e-03 1.784272737558973256e-03 1.731814729866136418e-03 1.672326396411135492e-03 1.611936817849511866e-03 1.551733579002770444e-03 1.493264947621976337e-03 1.443797544943012075e-03 1.404205310293439764e-03 1.376429561706684398e-03 1.366610345785269432e-03 1.374853026696611601e-03 1.402967105834514736e-03 1.449020604451305063e-03 1.510560028237286192e-03 1.587055169652248823e-03 1.664475666972661675e-03 1.738674940497556519e-03 1.805109329645522738e-03 1.853082922913975314e-03 1.883574077050130437e-03 1.894428267289278035e-03 1.887304428562059343e-03 1.864910063943399626e-03
1.880205129257690733e-03 1.834191512907673354e-03 1.778988059493202475e-03 1.715643962576773483e-03 1.652526020624030994e-03 1.591373972894360436e-03 1.533483501289645192e-03 1.485784015935562741e-03 1.449289638305455890e-03 1.425652884734279887e-03 1.419982586708280238e-03 1.432329171721249180e-03 1.463912946656142303e-03 1.512389901563593797e-03 1.575758392910859033e-03 1.652970865557846884e-03 1.728436816546722026e-03 1.798006966698296061e-03 1.858398628099484137e-03 1.902173104326054147e-03 1.930133517816347852e-03 1.941501856396709398e-03 1.936473040185392094e-03 1.915890054728801740e-03
1.927168637755992484e-03 1.880551774517154892e-03 1.823744475037180355e-03 1.758199889338720075e-03 1.693586102184737197e-03 1.631672658473569317e-03 1.574075336484736859e-03 1.528176140735849420e-03 1.494819961119920725e-03 1.475525727144547800e-03 1.474347581083401649e-03 1.491117974186776957e-03 1.526586988544635388e-03 1.576746421959199533e-03 1.639510124941247508e-03 1.712047215580095186e-03 1.780068407255114282e-03 1.841641486336781158e-03 1.895471630076418909e-03 1.936376299694701850e-03 1.963922805013864487e-03 1.978486516873292651e-03 1.977920115467647795e-03 1.961132456689098410e-03
1.971919676451811595e-03 1.925512465666338272e-03 1.868117689524975179e-03 1.801683486060536108e-03 1.736242794820520418e-03 1.673191790954615694e-03 1.614882871562949192e-03 1.569940441057195895e-03 1.538886903807784850e-03 1.523149385367715720e-03 1.525703864701792806e-03 1.546115209245285844e-03 1.585256812249607799e-03 1.636204118221849238e-03 1.695775548746291739e-03 1.760249047813222320e-03 1.819497902710735153e-03 1.873868598544576203e-03 1.923248821109462773e-03 1.963711131837526502e-03 1.994058698744760345e-03 2.013828237448779881e-03 2.017651963109454681e-03 2.004203898495794667e-03
2.010510557117309392e-03 1.965854102187195723e-03 1.909412952786439894e-03 1.843192478029307118e-03 1.777590472247834270e-03 1.714067497771768140e-03 1.654968913867444326e-03 1.610161524840604064e-03 1.580588906193489563e-03 1.567390662446597463e-03 1.572464609255865573e-03 1.595303747319444347e-03 1.636323264774246005e-03 1.685682252832229090e-03 1.739685220427131338e-03 1.795437928617029614e-03 1.846976238598740765e-03 1.895206343046460570e-03 1.941470264077704193e-03 1.983095663336061250e-03 2.017849739251879274e-03 2.043396398474446422e-03 2.051147391128841681e-03 2.040576060607471841e-03
2.042608531326617696e-03 2.000909791332368924e-03 1.946860388155038620e-03 1.881946039478929250e-03 1.816714666329929040e-03 1.753196524699029719e-03 1.693846300588114449e-03 1.649050725951635389e-03 1.619817358772528571e-03 1.608311249106928300e-03 1.615245537429074729e-03 1.638692887174246797e-03 1.677532104838283262e-03 1.721597599184636644e-03 1.768622033305284605e-03 1.816300822765782230e-03 1.861663794906386320e-03 1.906025476608295358e-03 1.951969870495808045e-03 1.996363542250694997e-03 2.035578011142582210e-03 2.065958539830590069e-03 2.077247607706178296e-03 2.069680778574046771e-03
2.059063656183707930e-03 2.021043892253928873e-03 1.970338656830942364e-03 1.908038741057136150e-03 1.844627464561561037e-03 1.782508476078181140e-03 1.724358558498935087e-03 1.680361899181637792e-03 1.651236444353622844e-03 1.640152840499731635e-03 1.646533041039673333e-03 1.667013717295176990e-03 1.699363670528381042e-03 1.735684297900860805e-03 1.775573930537669614e-03 1.816952847067054020e-03 1.858676233207430008e-03 1.902442205570022008e-03 1.950410344461241943e-03 1.997269923427767713e-03 2.039091120012079088e-03 2.072441671671902946e-03 2.086945981366248454e-03 2.082577779290395188e-03
2.057158699149103098e-03 2.023711417416588793e-03 1.977243855880742637e-03 1.918949598745939419e-03 1.859247364244395566e-03 1.800416474249141256e-03 1.744607359334672710e-03 1.701801662262166512e-03 1.673176166710852765e-03 1.660934310949611740e-03 1.663206861343623135e-03 1.677167301745733025e-03 1.700898982487026147e-03 1.728770289127201914e-03 1.760820666521740107e-03 1.796745409015770888e-03 1.837225060705867689e-03 1.882791175279092651e-03 1.933512009158498040e-03 1.981899543755669471e-03 2.025389516451413154e-03 2.061053924169651153e-03 2.078399093436943817e-03 2.076855136171557818e-03
2.038284264298344077e-03 2.008731661737789709e-03 1.966874187030758035e-03 1.914150366126103706e-03 1.859677780398579861e-03 1.805057097690917524e-03 1.752952740032441472e-03 1.712358527903221767e-03 1.683607979433957491e-03 1.667165938541634784e-03 1.661474613261894199e-03 1.665549895689631948e-03 1.678335821596516498e-03 1.696933694617631071e-03 1.721433246859666900e-03 1.754337339594588471e-03 1.796100263802779444e-03 1.844370588539068082e-03 1.898246082201796069e-03 1.948904612274450759e-03 1.994307699519854652e-03 2.031484288938999096e-03 2.051322515712598882e-03 2.053756146566569109e-03
1.980587094787262907e-03 1.955986968959624612e-03 1.920847594609345317e-03 1.876831237264568915e-03 1.830517805981960030e-03 1.782438338252262909e-03 1.736401945243896223e-03 1.699629347471354451e-03 1.670718340604384613e-03 1.649251417143928139e-03 1.635584855521082185e-03 1.630254922711938141e-03 1.632590229867795974e-03 1.642890928376383080e-03 1.661928457548975287e-03 1.692868232215422606e-03 1.733886678745568235e-03 1.781210524432841639e-03 1.834759264849545766e-03 1.885219831758070449e-03 1.929568373506909641e-03 1.965043177329797199e-03 1.985414072148205394e-03 1.991366047035559965e-03
1.875392167592262365e-03 1.858952158745351803e-03 1.833738524999636334e-03 1.801917189936217464e-03 1.767530390293671309e-03 1.729759614737088041e-03 1.692264019582472544e-03 1.660491225378745448e-03 1.632597949326206575e-03 1.607481699960801574e-03 1.587412826109082901e-03 1.574250602177289281e-03 1.567769773755547805e-03 1.571469339984230907e-03 1.586740888320002088e-03 1.614725787032920403e-03 1.651322597882288372e-03 1.694022806517814011e-03 1.742795906573663903e-03 1.787837894091129712e-03 1.825911274116475769e-03 1.855811734843496345e-03 1.874190798934422713e-03 1.881136619082870737e-03
1.702539600815556470e-03 1.700318286962404718e-03 1.692839370156500956e-03 1.680584019634971974e-03 1.664268144104324608e-03 1.643649210562934558e-03 1.619589179881969401e-03 1.594836933289085204e-03 1.569446803655667137e-03 1.542840344968090518e-03 1.519161817739430416e-03 1.500371088154337255e-03 1.488564789199436000e-03 1.488478592153505593e-03 1.499594421122848326e-03 1.522405784176296276e-03 1.551342636797728306e-03 1.584054789412936816e-03 1.618624777878609764e-03 1.647577392903522980e-03 1.670338362200582188e-03 1.686751532313100072e-03 1.697091509789383197e-03 1.701605983602222589e-03
1.480535034788584394e-03 1.493090895603562318e-03 1.505655573734059885e-03 1.516327040685416013e-03 1.521706221418090083e-03 1.522562119413561378e-03 1.516933085725899943e-03 1.503943622905812207e-03 1.485263547416130125e-03 1.461620264485631159e-03 1.438991787604980942e-03 1.418643382708957221e-03 1.404761224210561606e-03 1.401355479912741887e-03 1.405576698003481364e-03 1.419157948038083034e-03 1.435869837560117173e-03 1.451902832862135518e-03 1.463931103388481066e-03 1.469627964903999192e-03 1.471543686552628837e-03 1.470110397018506345e-03 1.469967176881333774e-03 1.472228257650209232e-03
1.235706898186275399e-03 1.258914109465649736e-03 1.287396558328814935e-03 1.319135562368488942e-03 1.346617062799081296e-03 1.369355055766010784e-03 1.384764073474970382e-03 1.388344239799716015e-03 1.381181063825806824e-03 1.364935537977533028e-03 1.347419428723150821e-03 1.329575665794454882e-03 1.314930725519627194e-03 1.306769272225786127e-03 1.302659717693789663e-03 1.303569739953243291e-03 1.302610598607408269e-03 1.296518368827765180e-03 1.283007854140184433e-03 1.264900895365579647e-03 1.245423302585051909e-03 1.227009367220011603e-03 1.218662643881555626e-03 1.220950026018640094e-03
9.908612438523352415e-04 1.019355434061285396e-03 1.056172390494343428e-03 1.101369252224689965e-03 1.145341822730624971e-03 1.184831564098401359e-03 1.218437184902460262e-03 1.240579208654562929e-03 1.250799101284187989e-03 1.248553997200330242e-03 1.240395879294090703e-03 1.229051607453509254e-03 1.215419521087904298e-03 1.201344968815343511e-03 1.186544727432531409e-03 1.169846178999536324e-03 1.146567944119383179e-03 1.116322180933011733e-03 1.079218672371087687e-03 1.042053059105207090e-03 1.006980771761903284e-03 9.792042130666945079e-04 9.682849954252126636e-04 9.722079202471498559e-04
7.775086027801635623e-04 8.085965940282094019e-04 8.488359885127272266e-04 8.989568967653758418e-04 9.492898305382843844e-04 9.958815165505043032e-04 1.037988992901465795e-03 1.071497961055890282e-03 1.095779950069253805e-03 1.108113974029236587e-03 1.110698695695041096e-03 1.106987988565387784e-03 1.096144364897072045e-03 1.077860045365890010e-03 1.052869924606978334e-03 1.019516510035248019e-03 9.781924921935625065e-04 9.306862605146308228e-04 8.785050547921773251e-04 8.312435903430942432e-04 7.905928658126216936e-04 7.621287489904702769e-04 7.521644938399457605e-04 7.572286505591059157e-04
5.833464324571884354e-04 6.164639920663837237e-04 6.595615919244153221e-04 7.115150906204965875e-04 7.625897081805861535e-04 8.106646593574566573e-04 8.547433133297381710e-04 8.921765495151112073e-04 9.230779585408391621e-04 9.463937473327889861e-04 9.599692585182645994e-04 9.641400660471663745e-04 9.573979469797508227e-04 9.372819940495432951e-04 9.044801277741279077e-04 8.588854622687148305e-04 8.059647580160051589e-04 7.476471543950222046e-04 6.861505247364136717e-04 6.338686590023682966e-04 5.927149471829670866e-04 5.658384763195634755e-04 5.563041419331370965e-04 5.619844888226610243e-04
4.056539384683236827e-04 4.404638006378130879e-04 4.854014548908397821e-04 5.376374120100758935e-04 5.872887356729423157e-04 6.338906029892406964e-04 6.756189512259262687e-04 7.111623535201785093e-04 7.419077303174359582e-04 7.701901284095253328e-04 7.918664091234047615e-04 8.032204794428994413e-04 8.015523762834855705e-04 7.821027528928048639e-04 7.459851234379282891e-04 6.938999648592419738e-04 6.347599742446395372e-04 5.708355736830328332e-04 5.052274222819564927e-04 4.516562383649942334e-04 4.115949355991395473e-04 3.860972996714153002e-04 3.767540356436509860e-04 3.830415928494339131e-04
2.428154246563896546e-04 2.790580520187166966e-04 3.248953381216192031e-04 3.779376184037544300e-04 4.280709355716391619e-04 4.743136350887886574e-04 5.148200218680410497e-04 5.494888785326151404e-04 5.801321610440792441e-04 6.095877065466510231e-04 6.340887338984958939e-04 6.495418122414505380e-04 6.518262852829809304e-04 6.337390552412344637e-04 5.969997458147953059e-04 5.415511922179048207e-04 4.781238948090040766e-04 4.103518518266649658e-04 3.422183141232376029e-04 2.872987820998011677e-04 2.461351717043651637e-04 2.201355290923994151e-04 2.111905368497600023e-04 2.185223763495958485e-04
9.701312005074550935e-05 1.342279178391630177e-04 1.805042410251941930e-04 2.340267174047223507e-04 2.844503687133603017e-04 3.301422410670957130e-04 3.701624253101037021e-04 4.056199135516420700e-04 4.378242789839553099e-04 4.678178668746966833e-04 4.922102536132386781e-04 5.088289527283855647e-04 5.135871091889271335e-04 4.968378741835177562e-04 4.594524864729186480e-04 4.015559399890887365e-04 3.356965383610165392e-04 2.659320555330717674e-04 1.962117157469079861e-04 1.399658014810998912e-04 9.772184932018524806e-05 7.126602998053233051e-05 6.278900357202361567e-05 7.123481941491828593e-05
-3.118277925752991004e-05 6.665631170204263227e-06 5.311331919373369807e-05 1.061999188326882024e-04 1.563302064741616231e-04 2.022661402275553614e-04 2.439534749216610936e-04 2.819906873776731478e-04 3.166315150405317599e-04 3.476238141878136068e-04 3.712868544121845807e-04 3.866458693002896522e-04 3.905676949241566605e-04 3.737127112903350650e-04 3.361008756623134770e-04 2.773233001083097319e-04 2.101992804671207172e-04 1.394108032834606584e-04 6.880387302351365477e-05 1.148805618564835369e-05 -3.201279619686311017e-05 -5.921246210585690451e-05 -6.737627214777604874e-05 -5.807889187626532744e-05
-1.395918189921467232e-04 -1.021918329541401081e-04 -5.658393158101297711e-05 -4.742098404690100208e-06 4.546897323578848768e-05 9.340170242600091886e-05 1.389799133099735599e-04 1.805708426467349280e-04 2.177064118786014484e-04 2.503258598729351430e-04 2.737914850977813969e-04 2.866181481751263428e-04 2.862877114598293420e-04 2.665187636237242971e-04 2.277356385358961287e-04 1.690362222290392197e-04 1.019639916910205748e-04 3.126888655176824933e-05 -3.887700922955839559e-05 -9.586034319249760747e-05 -1.396487484760548998e-04 -1.675471071346478738e-04 -1.760327087313968508e-04 -1.666264343995909106e-04
-2.280573771520871644e-04 -1.925577159269157256e-04 -1.492415016272985266e-04 -9.882765115790189835e-05 -4.745032758389974565e-05 3.564664977649667759e-06 5.386334130791387297e-05 9.958169810375513606e-05 1.397857194829602067e-04 1.736209029315537796e-04 1.954925757929605568e-04 2.043903496956306473e-04 1.981875348634990906e-04 1.736609286336840430e-04 1.318628198946229302e-04 7.334659763358468171e-05 8.379919987506557669e-06 -6.016804931856788998e-05 -1.280511086103917960e-04 -1.831521194654103400e-04 -2.256782374170188143e-04 -2.537856939867962221e-04 -2.631637376945400171e-04 -2.542192198586038974e-04
-2.966887831106977376e-04 -2.643980556064454450e-04 -2.242514840075051274e-04 -1.756637827445139011e-04 -1.229813502322453121e-04 -6.823827151165345786e-05 -1.232883656945151727e-05 3.784089701029768173e-05 8.086320001961972445e-05 1.147476073063831382e-04 1.332436925800935203e-04 1.362584455627173865e-04 1.218009367514883150e-04 9.039198963936708690e-05 4.419614156010714397e-05 -1.439974864621540983e-05 -7.549425532499209836e-05 -1.381737620980963335e-04 -1.999628605467247341e-04 -2.510818957751868863e-04 -2.907463912370561909e-04 -3.171694793940715439e-04 -3.265995174192734508e-04 -3.195728252419363733e-04
-3.412447457019308558e-04 -3.133712530170684025e-04 -2.771719719363586456e-04 -2.318275956154596375e-04 -1.798395234422104174e-04 -1.228608620568992255e-04 -6.237136069696990804e-05 -9.129945446169629713e-06 3.475682423836304498e-05 6.683761159397985728e-05 8.050745418696865420e-05 7.601603463540690007e-05 5.189993480315194523e-05 1.310982182956597780e-05 -3.724066376942096782e-05 -9.604546105803289083e-05 -1.528597904953893155e-04 -2.073081198369729336e-04 -2.589873957642811210e-04 -3.022967163974456728e-04 -3.357721677616796259e-04 -3.570457026466502355e-04 -3.642719365752067622e-04 -3.592037885986313793e-04
-3.602021718304244599e-04 -3.380640706419083463e-04 -3.071302367563856234e-04 -2.665710806034835836e-04 -2.170430025441069221e-04 -1.595943922689295144e-04 -9.625654904799055213e-05 -4.164126746472163849e-05 1.412153556439217379e-06 3.036279805048208751e-05 3.825116744047706192e-05 2.529834483245739578e-05 -8.791903371381000606e-06 -5.463906638527457290e-05 -1.088200736828313800e-04 -1.675505794495970354e-04 -2.198424502584191045e-04 -2.658173207813679462e-04 -3.053386557438978171e-04 -3.369843062819624906e-04 -3.604167580487588145e-04 -3.739555201094882267e-04 -3.776614663368085259e-04 -3.732353789564039903e-04
-3.505729577076586241e-04 -3.356645290256842114e-04 -3.124662100011642036e-04 -2.780539825860305005e-04 -2.317407742590238385e-04 -1.762215788944595824e-04 -1.131802334965138150e-04 -5.916506276701418159e-05 -1.800833793572726766e-05 6.346774929895822846e-06 7.077253904885714885e-06 -1.414807558496291771e-05 -5.677628600266048530e-05 -1.086056067052991805e-04 -1.661217083488992889e-04 -2.244229861973721116e-04 -2.723826964978938057e-04 -3.111935294022782818e-04 -3.388565954019990894e-04 -3.560943170383382324e-04 -3.651463913335833804e-04 -3.674023089107882967e-04 -3.657050379451615759e-04 -3.596127438720520485e-04
-3.242662165852704180e-04 -3.135294805134973182e-04 -2.959844831092601201e-04 -2.662205363206111950e-04 -2.227086208888990877e-04 -1.703497517798542213e-04 -1.102321255719084192e-04 -5.892425870399740662e-05 -2.086079341066794884e-05 -1.708979691705040776e-06 -7.664350024939211968e-06 -3.512483190319556610e-05 -8.330205659488402179e-05 -1.387815773892095894e-04 -1.978802807808307379e-04 -2.551989879472300383e-04 -2.998770883705125022e-04 -3.336935573672305806e-04 -3.537269271935674828e-04 -3.608100101856406708e-04 -3.581418781993061617e-04 -3.494832639306973262e-04 -3.413350658103157039e-04 -3.321035172855285817e-04
-2.882397566689914913e-04 -2.769231886756619992e-04 -2.602799883599497973e-04 -2.328924085156179862e-04 -1.923894831466227298e-04 -1.433986374605194678e-04 -8.724629724329694986e-05 -4.052117067099893368e-05 -7.426401349651266988e-06 6.339085290364711008e-06 -4.792753781642714237e-06 -3.697900747885598074e-05 -8.895045475223415385e-05 -1.460799728230951328e-04 -2.047610751475857453e-04 -2.605494712046636145e-04 -3.028506837113626609e-04 -3.325775107610699105e-04 -3.481716003538396506e-04 -3.505761546206245306e-04 -3.416639262716881197e-04 -3.247274063343943236e-04 -3.099254234945380063e-04 -2.973517629533533333e-04
-2.521936588971601429e-04 -2.345800892126006522e-04 -2.114963454200242715e-04 -1.809019068781950927e-04 -1.418522950000018670e-04 -9.607320423097665332e-05 -4.508256796233572466e-05 -4.219085526202875600e-06 2.292227669126357140e-05 3.181555648861014967e-05 1.726183602378857451e-05 -1.794589511576377613e-05 -7.163211907743890312e-05 -1.285852267841569271e-04 -1.859101997294991754e-04 -2.395447891779154629e-04 -2.795349630560544025e-04 -3.066249594083492853e-04 -3.204485488754083727e-04 -3.229276664119233456e-04 -3.150691863621831335e-04 -2.983636666355585524e-04 -2.815810783913249389e-04 -2.661541874398693440e-04
-2.247813281112155399e-04 -2.000815426799757021e-04 -1.681428705593692797e-04 -1.301152110152416403e-04 -8.874900701573922674e-05 -4.381117361773207304e-05 3.669003116609534880e-06 4.087303328010974017e-05 6.455737296588019735e-05 7.140790367632195352e-05 5.633646849953462884e-05 2.096113362915032533e-05 -3.198435872348154014e-05 -8.733210295237256232e-05 -1.427598727335426941e-04 -1.941214322939354103e-04 -2.324775067445002607e-04 -2.589945735619435664e-04 -2.731411071295232625e-04 -2.786861182545736083e-04 -2.774174694896148455e-04 -2.699060578155090405e-04 -2.584862090831988794e-04 -2.433651349288030736e-04
-1.991871516532997023e-04 -1.692202335625858937e-04 -1.302457162011557519e-04 -8.432207308857968655e-05 -3.789466874826185222e-05 8.946515498233474379e-06 5.567154906040654551e-05 9.198215145602934640e-05 1.149754931148590752e-04 1.226873634987586128e-04 1.101403666259754275e-04 7.763958104072907359e-05 2.769102852803833313e-05 -2.458108877719984923e-05 -7.664139194837204681e-05 -1.258545441534644803e-04 -1.642960276877272741e-04 -1.919596734815911978e-04 -2.088524525806744467e-04 -2.205904516449539669e-04 -2.290387285154703192e-04 -2.339636536876724961e-04 -2.312639077041708585e-04 -2.198060135837196687e-04
-1.664317288779207534e-04 -1.346794705606882772e-04 -9.331181104555939505e-05 -4.280434818073660796e-05 8.752933921606091246e-06 5.913897173894658104e-05 1.072258842841532439e-04 1.450990576711515333e-04 1.712481682583814955e-04 1.831079293923629898e-04 1.754270402845347948e-04 1.490203539921901136e-04 1.056852200130213939e-04 5.860766101726704914e-05 1.038566839731418397e-05 -3.655967430548740334e-05 -7.548063607725553946e-05 -1.065490567880458903e-04 -1.308556282453618273e-04 -1.523776420611166029e-04 -1.713501702984444723e-04 -1.870614558663201735e-04 -1.925706597516431092e-04 -1.862759260410718019e-04
-1.105392263974865801e-04 -8.013656671131660686e-05 -4.067161455423965485e-05 8.296540403417703520e-06 5.908359642719942742e-05 1.086872092759467491e-04 1.553167081420232798e-04 1.933046029067131519e-04 2.225524010047475213e-04 2.396501881922857272e-04 2.386880931370015586e-04 2.211060729719603092e-04 1.882836993946810581e-04 1.495743396171770473e-04 1.067162110126002419e-04 6.332056180860819020e-05 2.479630682164886890e-05 -1.066483057045253125e-05 -4.456660220191932569e-05 -7.576163373589485210e-05 -1.023637152258702104e-04 -1.233664869719531838e-04 -1.325857161579542336e-04 -1.289663515450356472e-04
-3.516376706162485893e-05 -7.467317659891445701e-06 2.873831548575954116e-05 7.288197331145407972e-05 1.176850364604540498e-04 1.612924575443874418e-04 2.026381060036432482e-04 2.383016154868642820e-04 2.682089944365426376e-04 2.905203420738009835e-04 2.986672165225480653e-04 2.923000379362974445e-04 2.726237838915210798e-04 2.451591661420070550e-04 2.105414443625460699e-04 1.721208419240115176e-04 1.339674574454172390e-04 9.408776709556103098e-05 5.148234587337501103e-05 1.242323406448576304e-05 -1.999946323483002786e-05 -4.440941959713427443e-05 -5.537900840314836167e-05 -5.247534720721739221e-05
