6.286033052057743756e-05 7.538510596979932559e-05 9.132307737843215931e-05 1.080731146094975450e-04 1.201925637160246692e-04 1.284683368526684977e-04 1.339128640453044090e-04 1.404646341077319283e-04 1.484240466186754733e-04 1.603746964292346951e-04 1.761058802629401714e-04 1.929637688432022811e-04 2.110200688963775580e-04 2.243958732897373268e-04 2.310598395860157938e-04 2.292421949701362255e-04 2.159254951791451959e-04 1.918736982738018012e-04 1.571591503632347527e-04 1.227348400334149741e-04 9.217941737053723288e-05 6.860775795943836611e-05 5.671700366893665438e-05 5.495799287046775641e-05
1.898293739591573701e-04 1.976876314909483117e-04 2.061128768676025300e-04 2.121101511325114810e-04 2.123679877930511933e-04 2.087775236416225999e-04 2.030654980562911368e-04 2.017126726067019116e-04 2.051525617713378393e-04 2.167935061336894397e-04 2.371512429867554249e-04 2.629893441780446653e-04 2.937334542289820791e-04 3.203314867361302756e-04 3.403404350435851517e-04 3.484018138758064576e-04 3.398138269549911997e-04 3.183676941307450798e-04 2.853140038995640479e-04 2.523982833695493744e-04 2.222851197469056866e-04 1.993572995445343817e-04 1.877862155313310985e-04 1.845795454506929227e-04
3.323835207574505138e-04 3.334676223103065821e-04 3.322725035934784342e-04 3.265942994219100471e-04 3.152527307573247382e-04 3.000582364386860323e-04 2.830788281518476380e-04 2.733375402223001778e-04 2.717740390726869435e-04 2.804103613169932319e-04 3.004886848176857540e-04 3.304010322482682613e-04 3.698414272657695161e-04 4.065846041960433305e-04 4.368614508240118875e-04 4.555275533064633681e-04 4.561967633507451030e-04 4.418847787025176961e-04 4.155488769650652497e-04 3.897271237686196791e-04 3.656415967199739886e-04 3.462495476643593089e-04 3.351966202707489417e-04 3.307407772502359553e-04
4.901237883233262914e-04 4.819334552194314133e-04 4.692482588155908298e-04 4.507826836924080753e-04 4.278293842231002892e-04 4.021047606181363710e-04 3.759422844434630187e-04 3.587499358816802078e-04 3.513302367610415572e-04 3.551491364013394667e-04 3.719582515556814828e-04 4.008755051553111628e-04 4.425013089676606303e-04 4.844041896474251705e-04 5.218399109787378275e-04 5.506754393866273786e-04 5.638586640383892517e-04 5.631719148980935969e-04 5.510374461378967975e-04 5.374793808521672895e-04 5.234168392335378792e-04 5.104350360649658478e-04 5.010933513451114058e-04 4.946596969572378483e-04
6.545544520889963469e-04 6.365261314769200601e-04 6.124178696189231785e-04 5.816818129818302017e-04 5.484252953074995451e-04 5.145652813763920523e-04 4.822920733958219685e-04 4.592412705067628665e-04 4.457677702155587204e-04 4.444702887500694599e-04 4.573928800752164120e-04 4.826181792847799809e-04 5.209721157417127350e-04 5.627839800291022185e-04 6.040042729783585583e-04 6.406574657583021404e-04 6.660438744709752928e-04 6.819057999815718828e-04 6.883561068339600752e-04 6.895984945286509193e-04 6.869213316886137004e-04 6.819980890389357956e-04 6.757413683375752779e-04 6.667818994454306498e-04
8.232425864573290593e-04 7.958509413774153291e-04 7.607942771056058978e-04 7.190367327547370329e-04 6.775003214353078835e-04 6.375282417379813564e-04 6.003508337189967636e-04 5.718313154777013296e-04 5.526937529909715929e-04 5.456034297287700114e-04 5.528968368678315298e-04 5.726875213304386718e-04 6.051828654293573079e-04 6.434729236760675661e-04 6.850469985949634742e-04 7.276882708443014030e-04 7.650494834608706886e-04 7.972317034653445943e-04 8.231899809470634823e-04 8.413075918126816655e-04 8.520905779417434081e-04 8.564829476044104025e-04 8.537505243179381500e-04 8.427045743179165755e-04
9.948344636872454971e-04 9.592969203480480964e-04 9.154389625379569717e-04 8.661038171524351389e-04 8.190070811620147858e-04 7.738773933280762357e-04 7.317514789349052924e-04 6.978044320889319110e-04 6.727245588746805617e-04 6.580832966132018355e-04 6.570153856845393700e-04 6.689943022276579514e-04 6.935145777018665971e-04 7.259245557228023813e-04 7.651791527030345165e-04 8.120540509559504927e-04 8.603064640974722845e-04 9.070797810195203046e-04 9.517905420519323038e-04 9.881475852773680037e-04 1.014637316393542316e-03 1.029642903313305116e-03 1.031071902039344635e-03 1.019843663326373308e-03
1.148260601513639585e-03 1.108260575295770458e-03 1.060214421994986559e-03 1.007578275411906681e-03 9.568402208684883550e-04 9.067068196714303009e-04 8.588580953220362841e-04 8.188652749825283935e-04 7.869054108723441384e-04 7.638222139729241699e-04 7.540544858591170319e-04 7.582381160744322383e-04 7.761808715894962267e-04 8.049869102998667833e-04 8.438831845334365160e-04 8.947380832189434120e-04 9.511653341958286895e-04 1.009167791148501796e-03 1.068313984277784266e-03 1.118784299612203374e-03 1.157737002293778711e-03 1.181452768798686107e-03 1.186769398341180632e-03 1.176352147516506255e-03
1.277851566922553594e-03 1.237151706429100899e-03 1.188680006240712276e-03 1.135102136470838565e-03 1.081678670792861124e-03 1.027497463651122966e-03 9.741591314513014990e-04 9.276310344114117043e-04 8.883016761984473654e-04 8.572562193886958289e-04 8.402375267518105446e-04 8.380747233013889023e-04 8.515386004310589218e-04 8.794891303162997520e-04 9.207755122886423669e-04 9.757819303638530159e-04 1.037978626604892270e-03 1.104804831016981169e-03 1.174560898759633180e-03 1.233898763807242480e-03 1.280068715658426491e-03 1.309484190052991872e-03 1.317913229416762264e-03 1.307531745485205265e-03
1.378230930029122978e-03 1.339288430518347211e-03 1.292544526463511095e-03 1.238967502350416363e-03 1.183416131585792244e-03 1.126541720819412623e-03 1.068452643195635758e-03 1.015533202710924756e-03 9.698031275530748577e-04 9.332277427291579223e-04 9.122316221307769091e-04 9.069909653813953629e-04 9.194881699795890958e-04 9.495482078376306064e-04 9.951303387610360360e-04 1.055484210329167907e-03 1.123030185173059733e-03 1.195992069923693460e-03 1.271734937989238857e-03 1.334849102840009877e-03 1.382832928891275168e-03 1.412516456845793562e-03 1.420333988071433452e-03 1.408266915654723733e-03
1.453384364637407347e-03 1.413986526448718275e-03 1.366453866629741606e-03 1.311052809648762365e-03 1.253066040027780081e-03 1.193988028139175228e-03 1.133021837920092150e-03 1.076989527868097742e-03 1.028962053545234455e-03 9.912381960538940110e-04 9.703018903347735910e-04 9.660156669323835326e-04 9.805323659662211911e-04 1.013851144542227654e-03 1.063818881576219589e-03 1.130068322032857760e-03 1.203063555455801889e-03 1.279993200061610393e-03 1.358571663372876636e-03 1.422794469905889168e-03 1.469612386976816175e-03 1.495598456786877530e-03 1.499589255376460387e-03 1.484623932557808121e-03
1.510016858566959157e-03 1.467699803744977735e-03 1.416914510206481034e-03 1.358358768544064808e-03 1.297739174394999103e-03 1.236260135712443113e-03 1.174163062206752973e-03 1.118707766876597632e-03 1.072072777677844299e-03 1.036278953514123630e-03 1.017869590375229411e-03 1.017004928020795364e-03 1.034938377881633323e-03 1.071843282257352098e-03 1.126524010483676919e-03 1.197976780509090204e-03 1.274709408789877988e-03 1.353894949529652622e-03 1.433445942887545156e-03 1.496763124425817002e-03 1.540400865839424609e-03 1.561633862643266920e-03 1.561700965550253317e-03 1.543740429283118861e-03
1.547942276958672210e-03 1.502013853041326555e-03 1.447153685104278281e-03 1.384826659691811837e-03 1.321712043147981125e-03 1.258571371043187706e-03 1.197286648649965651e-03 1.145090366433909341e-03 1.102511349277682977e-03 1.071008865125921451e-03 1.056621352757284096e-03 1.059902357153355871e-03 1.082145244587971256e-03 1.123301535438455670e-03 1.182061703556751362e-03 1.257507787846257139e-03 1.336604758498039685e-03 1.415925566672388437e-03 1.492072613875871680e-03 1.550434805054201311e-03 1.589539373682712651e-03 1.607051104067437576e-03 1.604333354762592020e-03 1.584175794313550864e-03
1.570509804804964089e-03 1.523692816093794641e-03 1.467350489842776879e-03 1.403064751757896042e-03 1.339036298481506918e-03 1.276416769855077743e-03 1.217345207760304722e-03 1.168561703095530400e-03 1.130173910945172751e-03 1.103320816902888732e-03 1.092971784275973681e-03 1.099644281906535757e-03 1.125372761652842276e-03 1.169490914853984478e-03 1.229742186764726328e-03 1.305837557251149968e-03 1.383612577061257062e-03 1.458634783244965732e-03 1.526659613548717563e-03 1.577647100639151040e-03 1.612495150992038564e-03 1.629025520747807163e-03 1.626448309470771231e-03 1.606678460875275933e-03
1.579021971962411711e-03 1.533405816186856219e-03 1.477670729351307152e-03 1.413334520308792610e-03 1.350119315999970433e-03 1.289748016552030863e-03 1.233912610446946450e-03 1.188860789015808985e-03 1.154983127553674705e-03 1.133186920833484986e-03 1.127372456691170307e-03 1.137932536299100534e-03 1.166255155403302145e-03 1.211056176304633070e-03 1.270519557357352013e-03 1.343726624370973708e-03 1.415383508650435015e-03 1.481310928154533271e-03 1.538894750300408894e-03 1.582666135475628696e-03 1.613416269725574453e-03 1.630187129594708835e-03 1.630035555657444483e-03 1.612938518227456566e-03
1.577982539414354889e-03 1.534985423892078552e-03 1.481541578251781158e-03 1.419332379956455333e-03 1.358543708695368266e-03 1.300889480235282916e-03 1.248191722852325146e-03 1.206999108095085883e-03 1.177672498203635515e-03 1.161259517730132192e-03 1.160627536125991054e-03 1.175684718656193556e-03 1.207159636306724725e-03 1.251816414014041146e-03 1.307847855770974703e-03 1.372299039193235247e-03 1.431906337196320496e-03 1.485203463136356133e-03 1.532121669247667487e-03 1.570051758462456728e-03 1.598192746190464685e-03 1.616631617441185520e-03 1.620457299073455298e-03 1.607945781697392093e-03
1.569629974417218474e-03 1.530520394523624764e-03 1.480902079916101817e-03 1.422622262794518908e-03 1.365272898047061468e-03 1.310204071769922613e-03 1.259897076162004494e-03 1.221994942774149448e-03 1.196564056591067991e-03 1.184772465471513932e-03 1.188490777569236809e-03 1.207174481076734533e-03 1.241521406575688035e-03 1.285010033311983222e-03 1.334768690452566063e-03 1.386976208820828952e-03 1.433558863996461539e-03 1.475646583682634506e-03 1.514405232336809215e-03 1.548373770259529360e-03 1.575899319760181187e-03 1.596517212100380867e-03 1.603533805697712408e-03 1.595182555429754600e-03
1.550206671739803692e-03 1.516874409281315306e-03 1.472971407512990152e-03 1.420029064908907629e-03 1.367045411556173148e-03 1.315488392343074119e-03 1.267730647962069966e-03 1.232509569966253569e-03 1.210364981514195455e-03 1.202151375871435149e-03 1.208742599894057669e-03 1.229575442601885810e-03 1.264784989813676035e-03 1.304564075084743572e-03 1.345508557114768198e-03 1.385107885633880907e-03 1.420478238885960467e-03 1.453168893222170832e-03 1.485090081766551971e-03 1.515928922187989103e-03 1.543670887252070667e-03 1.566467636010298670e-03 1.575842958439006803e-03 1.570819792145469653e-03
1.518931576059207771e-03 1.492580493850026490e-03 1.455985407539748611e-03 1.409839714936428606e-03 1.362215946716744015e-03 1.315111548631531365e-03 1.270876630264456504e-03 1.238499564827226116e-03 1.218626367140077452e-03 1.213000733438274843e-03 1.221413061674911458e-03 1.242049788265753079e-03 1.273172045886874311e-03 1.304921999907000633e-03 1.335752572772965288e-03 1.364353023295472762e-03 1.391051934365597400e-03 1.417269574802993261e-03 1.445336017111537204e-03 1.474374344569220462e-03 1.501762179098162968e-03 1.525089523201655917e-03 1.535977103373801491e-03 1.534041825942676325e-03
1.470410122291874663e-03 1.451059496662201369e-03 1.422180341944819133e-03 1.383905713074702962e-03 1.343051066708756411e-03 1.301755166797638995e-03 1.262455305566458639e-03 1.233547459541901262e-03 1.215392995341087147e-03 1.210733038978992855e-03 1.218187851900390858e-03 1.234556395238561649e-03 1.256776720368025461e-03 1.278175301974900481e-03 1.299589580246705151e-03 1.320130511898660484e-03 1.341361586452039824e-03 1.364693010365381235e-03 1.391801767064276482e-03 1.419534713676586435e-03 1.445163819152672953e-03 1.467060493071392809e-03 1.478821903403639178e-03 1.479942363227518525e-03
1.403625177399520562e-03 1.391585341510442626e-03 1.370732451547044270e-03 1.341223964086130267e-03 1.308618261764830839e-03 1.274610682218718172e-03 1.240989242688573515e-03 1.215557523016062239e-03 1.199128699240956195e-03 1.193547974920863321e-03 1.196265474992234956e-03 1.204586037542947161e-03 1.216075401915191288e-03 1.227244352112478662e-03 1.239364076793787219e-03 1.253254361144712746e-03 1.271713601316728452e-03 1.294854810841397077e-03 1.322213774947628888e-03 1.348361124613153958e-03 1.371951284934973345e-03 1.391999784721105905e-03 1.404080233419236021e-03 1.407701638703903703e-03
1.320526533655488324e-03 1.314422440015059965e-03 1.301298472053658527e-03 1.281229402922329447e-03 1.257523165997318513e-03 1.231207632586329677e-03 1.204155924707782073e-03 1.182677768421610881e-03 1.167003283729375722e-03 1.157026290507503271e-03 1.150939712674957155e-03 1.148247371661632486e-03 1.148018490448851018e-03 1.149645406066034884e-03 1.153856341208336304e-03 1.164120489548434384e-03 1.182561715244511997e-03 1.206418779343283818e-03 1.234148565138953662e-03 1.259600843494528173e-03 1.282268654736805607e-03 1.301037405767527114e-03 1.313498170712158785e-03 1.319962567377447153e-03
1.205666830941152677e-03 1.205058900219687810e-03 1.200301979670558407e-03 1.191307136991807177e-03 1.178138481057685238e-03 1.160906313794899964e-03 1.142183686671873833e-03 1.125885014870106095e-03 1.110742051981674890e-03 1.095643591980247468e-03 1.081438293258132942e-03 1.069520247972434489e-03 1.059696399424221508e-03 1.053937881377346557e-03 1.053094795118690368e-03 1.061038214048854638e-03 1.077308031709240613e-03 1.097879805879712961e-03 1.122150659609889856e-03 1.144804869683459930e-03 1.164673405312034119e-03 1.180738103385213338e-03 1.192648525907238476e-03 1.201306023323255295e-03
1.051947156943627056e-03 1.058393013185228220e-03 1.063560764092472957e-03 1.067817267145778574e-03 1.067982806717401520e-03 1.062630620117675480e-03 1.054137823853131244e-03 1.044023522226833218e-03 1.030416966833271140e-03 1.011977665509254968e-03 9.922100111204395188e-04 9.736226267852343338e-04 9.565222000725623732e-04 9.454586614807061881e-04 9.416419669401698660e-04 9.463813884441776934e-04 9.566328489173490804e-04 9.700723840079987850e-04 9.868250413069569720e-04 1.002409603518594153e-03 1.015207283953537074e-03 1.025493452348951199e-03 1.034976158587853088e-03 1.043949382894081204e-03
8.448955859196387828e-04 8.626782899609364156e-04 8.826115004297769868e-04 9.045135738164482601e-04 9.225238353847915783e-04 9.348703703991336454e-04 9.406952756403346317e-04 9.383918188243290954e-04 9.282823257422342933e-04 9.096741744365895947e-04 8.878769695236305489e-04 8.653532011662309377e-04 8.445495729877385222e-04 8.307626561606230951e-04 8.233112707856933121e-04 8.218030784352911046e-04 8.223147560973051960e-04 8.239308678620233016e-04 8.254183951465118288e-04 8.251193861788656044e-04 8.237142089513829106e-04 8.226796378778837484e-04 8.255886757018512804e-04 8.321555489239608689e-04
6.129518390500928934e-04 6.418247621157375290e-04 6.768345306394165945e-04 7.165711851400944927e-04 7.530559571667797339e-04 7.850392167168440856e-04 8.084003023157480903e-04 8.176761193836024327e-04 8.151662978683167984e-04 8.010656661107734208e-04 7.816385177550248071e-04 7.587781223415395598e-04 7.367906354311263076e-04 7.198871128101999844e-04 7.051650841800895502e-04 6.930328599083836498e-04 6.803925957262927727e-04 6.658033665099656823e-04 6.467987483220254087e-04 6.265328145173326615e-04 6.085233468182176192e-04 5.946594637551916784e-04 5.901855859138996612e-04 5.949607349590460515e-04
3.800677491385634032e-04 4.155489291233512407e-04 4.611532935966647828e-04 5.152946967299387336e-04 5.678762763573487167e-04 6.171185575855182804e-04 6.587573845846786055e-04 6.834733004791171537e-04 6.924239754733650144e-04 6.866173263059167919e-04 6.732723356486410840e-04 6.537874143203326743e-04 6.315290792293193171e-04 6.096228707759607625e-04 5.857441188520487755e-04 5.603275257912970070e-04 5.311007260682382549e-04 4.968715621740030621e-04 4.566754249816297765e-04 4.184784129727453159e-04 3.859005014348527887e-04 3.615110126894591994e-04 3.522257851643712467e-04 3.577807760140178355e-04
1.637304948918011024e-04 2.016579635955777032e-04 2.515341465092850990e-04 3.130492742358596922e-04 3.752773898665424566e-04 4.348862771621438182e-04 4.898516552491898914e-04 5.302227884487799043e-04 5.547070457414211625e-04 5.625653452304935033e-04 5.590963647015799454e-04 5.468054119798274569e-04 5.257541237795507584e-04 4.975642007187112189e-04 4.627145729556480700e-04 4.206770968912110350e-04 3.722650629229895059e-04 3.182777114493306569e-04 2.608420794366847766e-04 2.106673922687533082e-04 1.691963547736535811e-04 1.403021606039674888e-04 1.306686901074533501e-04 1.386507097474483222e-04
-1.775498999488291937e-05 2.164559780321022393e-05 7.265962022355356982e-05 1.355768483109442133e-04 1.999312293855870569e-04 2.619443081760865493e-04 3.206735796078728708e-04 3.687621126914931448e-04 4.047001021716994571e-04 4.259555823617776132e-04 4.330319322469221364e-04 4.286289105089116647e-04 4.105451984603245702e-04 3.784803325403817277e-04 3.345354769162450564e-04 2.780470759226441103e-04 2.151742530599604346e-04 1.486336051602583420e-04 8.197166453180574101e-05 2.657188523568906001e-05 -1.731778034933059463e-05 -4.562291775926493795e-05 -5.379498064861497222e-05 -4.439220136620270179e-05
-1.757742396631359772e-04 -1.351307634419538764e-04 -8.320913218620216534e-05 -2.090710314365803806e-05 4.176917523484727560e-05 1.023820773801471811e-04 1.594681799581948152e-04 2.082643566689848437e-04 2.486463220798958932e-04 2.795671339837189104e-04 2.967348725652600044e-04 2.997658400933299306e-04 2.859395603339088578e-04 2.530334055474771121e-04 2.030269760548812370e-04 1.367692763165890668e-04 6.576526293577404268e-05 -6.999083013640400677e-06 -7.817182309616219917e-05 -1.356952745733199666e-04 -1.789021483011153278e-04 -2.055507067428469800e-04 -2.132277375552751788e-04 -2.033705741606878789e-04
-3.129345507499532481e-04 -2.715448512634826921e-04 -2.194705534610605488e-04 -1.588806321823785185e-04 -9.930424590433291701e-05 -4.174880594619746218e-05 1.116085812507830796e-05 5.623735239181585222e-05 9.504304178173858249e-05 1.296595678328243126e-04 1.536497794369173851e-04 1.627863180199882966e-04 1.536904921686172223e-04 1.224834553120787294e-04 7.125095000688419175e-05 1.572589190036621418e-06 -7.211465449767129104e-05 -1.465780697796448902e-04 -2.185667689769661226e-04 -2.759020937722759300e-04 -3.177753790720391791e-04 -3.433819686695897691e-04 -3.510983219191119104e-04 -3.411879148120001981e-04
-4.319140287303002961e-04 -3.906455574613226659e-04 -3.395443217259486168e-04 -2.805618645838345109e-04 -2.227332687929708423e-04 -1.671186855463646116e-04 -1.160996435769080890e-04 -7.230587672707401627e-05 -3.423243421146096290e-05 6.261132071275546645e-07 2.633745063500137940e-05 3.841871053706725684e-05 3.236521059168304116e-05 2.907830744452616355e-06 -4.720512003444728611e-05 -1.169327961163155015e-04 -1.913200258879126949e-04 -2.664225977735268499e-04 -3.383883305031149067e-04 -3.954708432789272440e-04 -4.376068571050902413e-04 -4.635262732629122102e-04 -4.710495604991667964e-04 -4.607203071148036067e-04
-5.309980787921707865e-04 -4.905754481785544203e-04 -4.411718869480968580e-04 -3.842121235531337480e-04 -3.282371650327496138e-04 -2.746692852809702969e-04 -2.245224795344976710e-04 -1.798688215605989227e-04 -1.403850073783274193e-04 -1.056617211972005552e-04 -8.112644169644312884e-05 -6.899764422627942262e-05 -7.360049495612964370e-05 -1.015943874240607180e-04 -1.508739533066746658e-04 -2.199390409392256113e-04 -2.933162797360274821e-04 -3.673480311665976031e-04 -4.383831746090312612e-04 -4.951076067851880149e-04 -5.374010805575927825e-04 -5.635527147744766275e-04 -5.708269875752024691e-04 -5.600229394913269374e-04
-6.092878742846984802e-04 -5.702381267276883858e-04 -5.231012600460779784e-04 -4.693282137621756882e-04 -4.158813724657524119e-04 -3.636305914977569563e-04 -3.122901414301204430e-04 -2.649027169487639939e-04 -2.227682790437304837e-04 -1.873796109798759278e-04 -1.646369231852476357e-04 -1.550141692043384780e-04 -1.616739513322986181e-04 -1.898712913885179817e-04 -2.381952610176433095e-04 -3.052492798754792417e-04 -3.764097685593339256e-04 -4.481987809458387248e-04 -5.174610099048004884e-04 -5.734840360538650530e-04 -6.158523600624411917e-04 -6.420924424168906975e-04 -6.490064032646529393e-04 -6.380018221685122186e-04
-6.647359985079460964e-04 -6.282115807753362903e-04 -5.845358330530533650e-04 -5.350400915977793562e-04 -4.840235718195641220e-04 -4.315880092650754710e-04 -3.773233988150906447e-04 -3.267713370680455187e-04 -2.821890280093084327e-04 -2.452956997971977578e-04 -2.234418625718708406e-04 -2.173584582217280461e-04 -2.292733654153000680e-04 -2.602425890509523225e-04 -3.083902520929431121e-04 -3.726143901391885949e-04 -4.405092051254321634e-04 -5.090413954323383568e-04 -5.751323164759103738e-04 -6.288406391457571293e-04 -6.699312316557453880e-04 -6.956983947294236460e-04 -7.025755231377945730e-04 -6.920794477476440408e-04
-6.975588058794670318e-04 -6.651182028978588033e-04 -6.264620590615041073e-04 -5.815609378503181935e-04 -5.320508854946299354e-04 -4.785066872579667521e-04 -4.207466831907501204e-04 -3.668113718039309407e-04 -3.195625792174046852e-04 -2.814903599348832935e-04 -2.613955238086341495e-04 -2.597216196190342248e-04 -2.780708126404817068e-04 -3.133000908503179088e-04 -3.627596182999251895e-04 -4.241481962049389659e-04 -4.872778078395373878e-04 -5.510536464128109983e-04 -6.123242124074375868e-04 -6.619192669849897426e-04 -6.999335633833131138e-04 -7.245904020125561651e-04 -7.319544522672851924e-04 -7.224906368688741552e-04
-7.085399673032117054e-04 -6.816650128608039202e-04 -6.486862958977409775e-04 -6.081150976960711775e-04 -5.596197368250278815e-04 -5.045783715256397812e-04 -4.429945922093980509e-04 -3.856561267778543908e-04 -3.361552941200357091e-04 -2.982244037632949163e-04 -2.814684933382279042e-04 -2.853569325276807361e-04 -3.112272165516665932e-04 -3.519816862400439736e-04 -4.039169599827526196e-04 -4.631689502998141217e-04 -5.204828211747855680e-04 -5.766377147488305037e-04 -6.298757214201806563e-04 -6.733862018666838438e-04 -7.066568525827258323e-04 -7.282684227339597223e-04 -7.353686258451376740e-04 -7.284259505921905674e-04
-6.981270740667447003e-04 -6.775656540477239479e-04 -6.501882390413037897e-04 -6.142735278207719311e-04 -5.682175528128909341e-04 -5.132069593866272084e-04 -4.494506801450944889e-04 -3.907319998585325675e-04 -3.414364141805748486e-04 -3.059185014285708323e-04 -2.939414550776642287e-04 -3.044050946355537305e-04 -3.379466501012638301e-04 -3.837581849307120140e-04 -4.375998236101796184e-04 -4.950884778397753169e-04 -5.466178916833787198e-04 -5.933690681288408429e-04 -6.353502724083337581e-04 -6.696989739602955899e-04 -6.954527306987003804e-04 -7.108671195021856086e-04 -7.156246675323112106e-04 -7.113639736309598305e-04
-6.656856523619704945e-04 -6.520176544875877847e-04 -6.308214291590614206e-04 -6.006688686100517807e-04 -5.586837191248513867e-04 -5.053353372312300142e-04 -4.414748674368934415e-04 -3.838811513807698235e-04 -3.372959917681295780e-04 -3.057853972757279266e-04 -2.992707172232566149e-04 -3.169930593738576156e-04 -3.581362140629201145e-04 -4.081819673724202606e-04 -4.631071243276279280e-04 -5.183924684030587508e-04 -5.640803237429149698e-04 -6.013706815874148145e-04 -6.304299846158302250e-04 -6.523438110271888735e-04 -6.673075775418945300e-04 -6.742647547190797064e-04 -6.754326833571126570e-04 -6.726070064963167016e-04
-6.096179970495641280e-04 -6.035849960594874943e-04 -5.905359654621245230e-04 -5.671506961235999421e-04 -5.298061308343343222e-04 -4.806147929916759353e-04 -4.203427046080654515e-04 -3.665301728163312348e-04 -3.242579446483093326e-04 -2.984951865818409817e-04 -2.986598208226999042e-04 -3.229219882949690219e-04 -3.695922829800133043e-04 -4.224646635226906753e-04 -4.778265221565888973e-04 -5.305039366868376715e-04 -5.705161610224044732e-04 -5.997102019944825987e-04 -6.162986461594710226e-04 -6.233521750054646328e-04 -6.236817624720953973e-04 -6.193847001965422988e-04 -6.155680794540000595e-04 -6.118369723656889858e-04
-5.424940369877231331e-04 -5.409303222050525824e-04 -5.340872059755546845e-04 -5.160095145113369631e-04 -4.828528697575462897e-04 -4.392909861504576299e-04 -3.856548975204102375e-04 -3.380122851193457243e-04 -3.013880088675720227e-04 -2.821119333519335384e-04 -2.884369707058198032e-04 -3.167842270535158218e-04 -3.654949287632474155e-04 -4.186976569795769617e-04 -4.727607123824662427e-04 -5.222467537352544140e-04 -5.574803143961180353e-04 -5.806735800544433630e-04 -5.889684125090048628e-04 -5.854575910654417643e-04 -5.740301803601915217e-04 -5.593272009632970897e-04 -5.497004314668005190e-04 -5.432927774980066387e-04
-4.701014536018382236e-04 -4.683771988590671983e-04 -4.631101708299279244e-04 -4.481592490968798990e-04 -4.194587347597970536e-04 -3.817945152695108400e-04 -3.360027976045907856e-04 -2.966786371360911000e-04 -2.678508453424608858e-04 -2.553202303106054004e-04 -2.661746941015300395e-04 -2.969760626486639909e-04 -3.457744675061455311e-04 -3.970331123182414910e-04 -4.475229334122360694e-04 -4.931391951991835002e-04 -5.245117104864692112e-04 -5.426218191321670109e-04 -5.459262140375464390e-04 -5.375397723257908499e-04 -5.200440934700242520e-04 -4.975356335503528177e-04 -4.816108584756652756e-04 -4.720388008021519487e-04
-4.012066042341884886e-04 -3.933727658389052188e-04 -3.821520085173512357e-04 -3.650000135684452855e-04 -3.397596108578815549e-04 -3.082560623753064421e-04 -2.716574477665960633e-04 -2.421248740940851456e-04 -2.225439640660085972e-04 -2.167131202643593675e-04 -2.304498640470414373e-04 -2.618949666180299591e-04 -3.085063495431906197e-04 -3.558083299920148800e-04 -4.015177587884673324e-04 -4.422399036846747585e-04 -4.695583537224930475e-04 -4.840623708304143914e-04 -4.853859886128700772e-04 -4.772093681299815538e-04 -4.611251961306914410e-04 -4.391015357453685423e-04 -4.210356717961632913e-04 -4.082586360934236953e-04
-3.432290782162594951e-04 -3.280357822467133266e-04 -3.080306479106324703e-04 -2.843896720122211156e-04 -2.589940627940886348e-04 -2.312948928662337460e-04 -2.019889729378337648e-04 -1.798421393346701211e-04 -1.670795267894925520e-04 -1.655273868418978187e-04 -1.796274895159722111e-04 -2.090341732801476952e-04 -2.510631125017203876e-04 -2.930262289009259334e-04 -3.333784886838799346e-04 -3.687788764937919325e-04 -3.924132543922511187e-04 -4.053512584232445300e-04 -4.070878502974537992e-04 -4.024116611313343370e-04 -3.934239395863562056e-04 -3.809141045723573845e-04 -3.681363914211645510e-04 -3.553861263335486185e-04
-2.898757146496004958e-04 -2.689586946324996550e-04 -2.418049168086000436e-04 -2.108807321020543676e-04 -1.821057271323865614e-04 -1.549867465152853483e-04 -1.298497051894498809e-04 -1.120651687441086709e-04 -1.030974107703052002e-04 -1.029155817796186342e-04 -1.145857004623174636e-04 -1.391606225369120919e-04 -1.744934852563638842e-04 -2.096838148916528317e-04 -2.432449829468105794e-04 -2.734408034545059542e-04 -2.950594114960612604e-04 -3.080997047325820162e-04 -3.127312325776830898e-04 -3.148510962041538535e-04 -3.162554465893088686e-04 -3.168448679183308910e-04 -3.132305460327228968e-04 -3.043822920278032120e-04
-2.314189526937156910e-04 -2.086227966489184868e-04 -1.792295759955648171e-04 -1.442885375544264936e-04 -1.115000357778453128e-04 -8.238160866249686471e-05 -5.820221781857881649e-05 -4.157807969090486993e-05 -3.211230481754865035e-05 -2.990795495720433375e-05 -3.704246988953892913e-05 -5.410526778241385562e-05 -7.962777937571397890e-05 -1.059864980409616327e-04 -1.321088241621126095e-04 -1.568904902922654159e-04 -1.770184341333322885e-04 -1.924925690328521959e-04 -2.047709817352425313e-04 -2.174703325204823843e-04 -2.303380880708141669e-04 -2.426633823718033866e-04 -2.480275969339377205e-04 -2.450020582751475350e-04
-1.505769765509551753e-04 -1.298958436117080668e-04 -1.033219519006532401e-04 -7.093562718164838341e-05 -3.996038119575634023e-05 -1.272372542614025632e-05 8.771393511262967586e-06 2.402218672391577005e-05 3.486400453024255167e-05 4.046349518689468521e-05 3.934462540159056271e-05 3.184873582025159633e-05 1.914354175477192931e-05 4.086220183288578189e-06 -1.353855188004693261e-05 -3.180507164153180259e-05 -4.959560902452479672e-05 -6.846329013051489370e-05 -9.028442699856990307e-05 -1.130063280667150787e-04 -1.340684507752243760e-04 -1.523322153098264774e-04 -1.619624440093022852e-04 -1.621526574675166699e-04
-5.131674179593101074e-05 -3.458579364012653987e-05 -1.266639254926303374e-05 1.355249646199161557e-05 3.732420436385366338e-05 5.728880649439650492e-05 7.263967020937091821e-05 8.498743416851548894e-05 9.567561056932571105e-05 1.048850190528776934e-04 1.117410328142752089e-04 1.157712899441433338e-04 1.178539685752007682e-04 1.160799160352438586e-04 1.089345699674859798e-04 9.825454667832305095e-05 8.296224402294995485e-05 6.086184498003568792e-05 3.082416817120694227e-05 5.712570003923621961e-07 -2.619369268605857865e-05 -4.806933260290298642e-05 -5.980392591721494648e-05 -6.104824196992863388e-05
