1.873034953121192198e-05 3.596771734616675749e-05 6.774794682425108283e-05 1.155598346558267086e-04 1.735593515550080555e-04 2.383096910694712859e-04 3.077185346547386784e-04 3.675872536719403355e-04 4.152752904525971924e-04 4.476058505827779392e-04 4.578375643395409195e-04 4.469001028958373249e-04 4.142634108445184004e-04 3.689582009903748564e-04 3.145247663421522791e-04 2.553115309441642672e-04 2.026012373444072102e-04 1.558063756812332252e-04 1.159951357493663545e-04 8.352477355678899985e-05 5.744618464477127984e-05 3.643371629349331830e-05 2.188993190879731250e-05 1.560800534578385076e-05
5.705530264780471418e-05 7.401709522742221331e-05 1.042768056129662728e-04 1.497263428835578735e-04 2.063129921480720314e-04 2.707939393636794737e-04 3.423304688189017335e-04 4.066600751149716830e-04 4.598673054971116371e-04 4.959971663910174751e-04 5.055711317122190546e-04 4.913846863401976576e-04 4.524806671006652401e-04 4.012637504219201436e-04 3.428259916210169597e-04 2.824154123148425862e-04 2.306683108597875991e-04 1.858820984244286348e-04 1.490531232578821020e-04 1.191840004940891473e-04 9.494592026191385264e-05 7.461853262434311811e-05 6.008706273567847111e-05 5.370026891770019855e-05
1.048399979446170696e-04 1.221379415346850151e-04 1.514888590734766321e-04 1.939238611855444595e-04 2.471815473745242507e-04 3.094770068504085377e-04 3.803414426082980717e-04 4.454484724895280069e-04 5.004914327794427516e-04 5.393292459959989201e-04 5.497462296931979924e-04 5.338115672044176866e-04 4.910152781624243287e-04 4.371360026190248670e-04 3.779432676253880472e-04 3.177973029098037734e-04 2.666879626370566455e-04 2.235849684671185455e-04 1.893062045475621630e-04 1.614996451382874707e-04 1.385633975116884638e-04 1.192026651276629633e-04 1.057853348889719453e-04 1.003954989699710847e-04
1.615413081102382139e-04 1.794212468960501832e-04 2.084160384839608146e-04 2.483404847838802457e-04 2.978039013356551684e-04 3.565279247426578657e-04 4.246070699561586728e-04 4.884891538050222578e-04 5.435622669475994803e-04 5.838905554962008993e-04 5.952892230139455662e-04 5.789658579095633469e-04 5.352900850073422090e-04 4.813285808153274707e-04 4.224006126785791160e-04 3.626899370940153103e-04 3.123682717153472587e-04 2.706424325968942619e-04 2.378425581513510560e-04 2.110079400272670263e-04 1.888215370281306647e-04 1.706394199294832394e-04 1.590334213762758522e-04 1.555047481412841605e-04
2.245448158368253122e-04 2.428046246490566838e-04 2.715479878273396961e-04 3.102416850563683489e-04 3.574451495536510562e-04 4.132114127069965327e-04 4.784542584441914596e-04 5.412337783290567094e-04 5.966562189550783397e-04 6.383808688007049049e-04 6.510218598088194112e-04 6.357912808152684165e-04 5.937311860378388997e-04 5.411103612735450709e-04 4.823096809036041092e-04 4.222659574135810426e-04 3.721610796266466696e-04 3.307855313316263729e-04 2.976794894037794589e-04 2.700195211429953801e-04 2.473243054406449367e-04 2.295725848856506170e-04 2.192614218588846578e-04 2.172444278983817485e-04
2.935221759998412196e-04 3.121762886114555903e-04 3.406826571530744991e-04 3.785278572401826777e-04 4.242214397679497742e-04 4.777800127526146343e-04 5.401363633330673883e-04 6.009628578080848963e-04 6.558841644717019071e-04 6.994116444473926289e-04 7.149583580578038056e-04 7.024839642870108663e-04 6.637244397438411435e-04 6.141506795142776844e-04 5.571836720181537386e-04 4.970168436855681039e-04 4.458422545091510637e-04 4.035304980563470130e-04 3.687345882167462636e-04 3.387683679415784974e-04 3.140834376583303070e-04 2.957634498220835465e-04 2.862306965496316693e-04 2.852089560914901150e-04
3.678003467315856044e-04 3.863424796759974038e-04 4.141898393665221709e-04 4.514046516787929906e-04 4.963840219511904276e-04 5.485314260875414401e-04 6.086832066615133685e-04 6.674806658579393419e-04 7.209678951647622864e-04 7.649834976971039112e-04 7.844310616518033845e-04 7.784398466460185030e-04 7.465924121608998347e-04 7.012053663680645676e-04 6.468016858435680439e-04 5.874210194835127567e-04 5.349907541483218607e-04 4.894470365620343837e-04 4.501701135351219045e-04 4.166181879254917384e-04 3.892304138753076271e-04 3.695149501762385658e-04 3.596825746900557462e-04 3.589620545790144814e-04
4.482628747563385981e-04 4.661374358889823922e-04 4.928544638360026278e-04 5.289701289376949654e-04 5.727065277411992400e-04 6.229148554219337197e-04 6.801112305366112387e-04 7.352625523072217487e-04 7.848416685843815320e-04 8.260822229702345166e-04 8.480699310302398973e-04 8.499330543507394942e-04 8.284501320601007001e-04 7.904270892122405813e-04 7.413540283634311280e-04 6.858503725240801610e-04 6.343039911207383388e-04 5.855580842851809600e-04 5.405997036457790188e-04 5.030384962224540004e-04 4.730906260601424880e-04 4.516062281161509814e-04 4.404478220062863414e-04 4.393861126451782846e-04
5.358773175165612536e-04 5.530329957064269910e-04 5.785683807789326980e-04 6.130513255285832382e-04 6.545289177112786384e-04 7.017823337844804939e-04 7.540627602886612428e-04 8.026626934829672252e-04 8.454284455799747832e-04 8.817024698127423621e-04 9.047526091153487498e-04 9.129923578994281414e-04 9.033467096629209511e-04 8.771109063420447736e-04 8.377917017509306421e-04 7.892837751392893422e-04 7.404354784997984945e-04 6.903015832469732230e-04 6.403989790328047270e-04 5.984887570392297997e-04 5.656410580082355585e-04 5.419940622603761776e-04 5.290620311654945125e-04 5.272115381929841881e-04
6.306587886157103643e-04 6.473420731584937724e-04 6.717871190733972712e-04 7.045851791028358378e-04 7.428434652335076183e-04 7.850064620518971623e-04 8.292047998710118167e-04 8.681914242793167943e-04 9.014200201599601803e-04 9.299141820186092788e-04 9.510758799423644268e-04 9.630155094545926695e-04 9.649572259532846310e-04 9.543896295847474403e-04 9.312514316664256050e-04 8.948562119523361877e-04 8.506825066807868025e-04 8.012429148438625272e-04 7.484457972508095670e-04 7.027114146838188196e-04 6.656048265943749574e-04 6.387443273890359204e-04 6.244983951933039948e-04 6.220382283091230140e-04
7.397017019819332462e-04 7.552970225190673830e-04 7.778809733390184330e-04 8.078551839367021422e-04 8.406221235516541128e-04 8.742476524354701045e-04 9.071954463885116213e-04 9.348137526207257741e-04 9.570883110684000241e-04 9.756160694517622715e-04 9.918851247953384184e-04 1.004794561720409813e-03 1.015136236356639588e-03 1.018296148388213957e-03 1.011944441580198703e-03 9.910577913615342942e-04 9.559146198956609353e-04 9.116310591414515966e-04 8.609798056329855597e-04 8.155480151909482497e-04 7.764253765548228799e-04 7.474815925338673846e-04 7.331418330108687050e-04 7.310114518041643372e-04
8.653557486544876309e-04 8.786623811826125988e-04 8.981845129042510855e-04 9.233522338042211060e-04 9.478632703748952849e-04 9.701867747955797427e-04 9.899203949227622801e-04 1.005007679587872124e-03 1.015165497211563319e-03 1.022371091606195936e-03 1.032198686733721334e-03 1.044529113435763807e-03 1.060826845030877260e-03 1.074375280741128071e-03 1.081471080321984388e-03 1.076916898209791295e-03 1.055791042493122020e-03 1.021650294765155242e-03 9.778696957357855234e-04 9.372032962641932505e-04 9.005274059268775395e-04 8.720148392586613223e-04 8.581474578996154366e-04 8.569130678616076633e-04
1.009456109426275922e-03 1.020209115395668718e-03 1.034880922358048620e-03 1.051871474512345878e-03 1.065074053864394988e-03 1.074053143550544659e-03 1.078362913542460022e-03 1.079003353801892551e-03 1.076753624344427892e-03 1.074161432343973899e-03 1.078273741943515992e-03 1.088891834016806172e-03 1.108007945197116801e-03 1.128119328529478922e-03 1.144732831728965949e-03 1.154396500692429165e-03 1.149924832918186330e-03 1.132374615008824477e-03 1.102551060600304948e-03 1.071230540904898835e-03 1.041199966024068928e-03 1.016470499226286182e-03 1.004088322080984481e-03 1.002390998509505469e-03
1.169821328578469479e-03 1.177027775403772635e-03 1.184332757910312164e-03 1.190176028579521383e-03 1.190546723191322808e-03 1.185668134524258451e-03 1.174354650691639959e-03 1.161123842294383779e-03 1.148667178086150127e-03 1.139662516614262057e-03 1.140016175446344074e-03 1.149019068557614051e-03 1.168720529239034803e-03 1.192148118643691522e-03 1.214928357198316166e-03 1.234484584496377182e-03 1.244303790930548258e-03 1.244791633704918268e-03 1.233347595860660164e-03 1.215625794277732253e-03 1.196111451541615215e-03 1.178466137203651194e-03 1.168807980934717357e-03 1.165514789740431777e-03
1.343889073411891821e-03 1.345377578375564270e-03 1.343144353708722576e-03 1.336391791038276907e-03 1.323204879918238666e-03 1.303742891906367867e-03 1.277522887782952740e-03 1.252580018788074061e-03 1.232075607888138274e-03 1.217783968871383573e-03 1.214470772730073984e-03 1.221950262673392228e-03 1.240999368063405934e-03 1.265175958161252273e-03 1.291555726691910209e-03 1.318880843321956894e-03 1.341310791338422162e-03 1.358156562170404315e-03 1.366264940353794028e-03 1.366167788436237034e-03 1.361195609397725147e-03 1.353081176450190949e-03 1.347014567365954676e-03 1.342993034857192227e-03
1.540297566447081882e-03 1.532995406569292876e-03 1.519175157456305368e-03 1.497258822613913411e-03 1.467695878465903082e-03 1.432214146981077496e-03 1.392567116127681843e-03 1.358057722519075573e-03 1.330033457058133308e-03 1.310358857411295574e-03 1.303179985156643992e-03 1.308014323153764737e-03 1.324546946454018687e-03 1.347551327818566347e-03 1.375600216449765273e-03 1.408750523009837108e-03 1.441598103823376427e-03 1.472284667003027165e-03 1.499846167364319660e-03 1.521030312632146988e-03 1.535717050565942304e-03 1.542841071168235892e-03 1.544790908904801344e-03 1.543428051928368190e-03
1.722487279303501961e-03 1.705296169288731713e-03 1.679814516141143891e-03 1.643719634129061193e-03 1.600094119641734709e-03 1.552288190540592827e-03 1.503376514007316806e-03 1.461680016762658893e-03 1.426897673865185978e-03 1.401806197460050713e-03 1.390453076872329944e-03 1.391410763065229969e-03 1.404603144873019108e-03 1.426704593948848430e-03 1.456682678676165773e-03 1.494653671141773317e-03 1.535413680851042007e-03 1.577111805552293021e-03 1.620472477534847140e-03 1.659797349210401446e-03 1.692462539093535050e-03 1.715978159236030125e-03 1.728057709389126725e-03 1.730428910751454288e-03
1.869633480000432082e-03 1.843014620710220226e-03 1.806332764389571074e-03 1.759348335132629969e-03 1.707777049294111711e-03 1.653763721564777047e-03 1.599881316204403853e-03 1.553468750041134792e-03 1.514399364424572157e-03 1.485099259130375935e-03 1.469517351230618420e-03 1.466543846640329949e-03 1.476545438690664205e-03 1.498097397926763689e-03 1.530358121199187080e-03 1.572278391071015502e-03 1.618854570228395184e-03 1.669467997003627659e-03 1.725061197794965258e-03 1.777489769700911883e-03 1.823096385356048682e-03 1.859377765743993336e-03 1.879372375901449538e-03 1.883262983190367359e-03
1.950298555782551324e-03 1.916937979201594876e-03 1.873686343457433342e-03 1.823948411393287424e-03 1.774399794313032738e-03 1.723860933141407479e-03 1.672514260238081030e-03 1.626344199291195362e-03 1.587163125837128853e-03 1.556170074928910681e-03 1.537505427068479313e-03 1.531350274036785567e-03 1.539224976100752153e-03 1.561012420868222944e-03 1.595153210608222464e-03 1.640414451844118089e-03 1.691423315925090400e-03 1.747621753444165114e-03 1.809535521952876673e-03 1.867133171636182467e-03 1.916545128337534577e-03 1.953974183993623971e-03 1.971625998745910480e-03 1.970699667371523297e-03
1.961849887611599556e-03 1.926351127816229363e-03 1.883077638489736921e-03 1.836295771609582159e-03 1.791967808412497747e-03 1.747814823999935437e-03 1.702651359219686886e-03 1.660734861372503571e-03 1.624669938710843892e-03 1.594858675330165267e-03 1.575922950845144808e-03 1.569001307698549789e-03 1.576613786144397773e-03 1.599357609023945243e-03 1.634911810363593463e-03 1.683053521378577574e-03 1.737471277563370055e-03 1.796284126200894124e-03 1.859262829507098407e-03 1.915047899153045656e-03 1.960082076813141061e-03 1.988960344882830748e-03 1.996897788427624051e-03 1.987704453407243468e-03
1.934847548563479102e-03 1.900228475870744619e-03 1.859951003278971157e-03 1.816178899579028562e-03 1.774161115940507205e-03 1.733483533962399759e-03 1.693651880000528838e-03 1.657196624968255202e-03 1.625455532814208811e-03 1.598513037985670356e-03 1.581472519210054941e-03 1.575950668282553868e-03 1.584518063641509635e-03 1.608486263361592200e-03 1.645721875029347320e-03 1.696069719933669890e-03 1.752279697714324933e-03 1.812090286962340750e-03 1.873442386482267966e-03 1.923648469431274910e-03 1.960538461390532068e-03 1.979799598742750660e-03 1.979656391477488224e-03 1.963829773208552142e-03
1.891993960624029124e-03 1.859269489855170515e-03 1.820817180459887233e-03 1.776777920691872134e-03 1.732618901342995255e-03 1.690021631090185853e-03 1.650232767420750819e-03 1.615577908520584270e-03 1.585585596297679018e-03 1.560448941837066323e-03 1.545673468694873289e-03 1.542901240304777113e-03 1.553991134045703149e-03 1.579903937069491570e-03 1.619101034381163675e-03 1.671222608486970431e-03 1.728474865821559439e-03 1.788619692690230235e-03 1.847716568178406349e-03 1.892746991356717041e-03 1.923311982829947449e-03 1.937658009215359033e-03 1.935856126215198137e-03 1.919683552446286353e-03
1.858461605053094486e-03 1.826943276236603613e-03 1.787441901706833189e-03 1.740215275399277636e-03 1.691880397417509264e-03 1.644385140527224133e-03 1.599494045312194884e-03 1.560849940890776753e-03 1.527902563051982462e-03 1.501355366280028884e-03 1.487036664675728476e-03 1.486185775121802140e-03 1.499975145553822430e-03 1.527949686044559070e-03 1.568785252016030281e-03 1.622192532954462195e-03 1.680228984738976316e-03 1.740536403176387017e-03 1.799157977906932744e-03 1.843741298342060127e-03 1.874125704645344384e-03 1.890111003213851152e-03 1.892451916251158784e-03 1.881600211428060805e-03
1.819938886951449246e-03 1.790373404014044710e-03 1.750569668276505744e-03 1.700684985128053401e-03 1.648486163983962699e-03 1.596404835926771432e-03 1.545752110111998359e-03 1.501488046590458746e-03 1.463954889556906601e-03 1.434812858838142901e-03 1.420213059079667188e-03 1.420545638669842761e-03 1.436397488777866769e-03 1.465897642397439140e-03 1.507835552690596102e-03 1.561780047663898245e-03 1.619639832640939895e-03 1.679148981389692917e-03 1.737815108138297988e-03 1.783951892639018891e-03 1.816156280581133825e-03 1.835184326067316280e-03 1.842474417802475537e-03 1.837749964585574458e-03
1.776313356990487586e-03 1.749906277888571386e-03 1.710941715144219562e-03 1.659561822327009157e-03 1.604299334114226957e-03 1.547856341828724195e-03 1.491097684718321794e-03 1.441012614750152888e-03 1.399066043332109844e-03 1.367883056918676879e-03 1.353069245886671847e-03 1.353868053907214672e-03 1.371035189823610004e-03 1.401687483965698665e-03 1.444108170933456996e-03 1.497520074395403914e-03 1.553875976931233093e-03 1.611270649065657057e-03 1.668081677735447051e-03 1.714843680012726650e-03 1.750023941318099930e-03 1.774130390993957111e-03 1.787125352717908134e-03 1.788488338373431024e-03
1.726915441790051464e-03 1.704169994859297760e-03 1.666483809688360049e-03 1.614845668700346567e-03 1.558170347784863623e-03 1.498440656482003495e-03 1.437213170831486879e-03 1.384218295700625654e-03 1.341142923338803665e-03 1.310540056674908268e-03 1.296601467003708147e-03 1.298171408494572460e-03 1.315950596923599935e-03 1.346447334371984493e-03 1.387797005757359292e-03 1.438916161275621266e-03 1.491994488574189311e-03 1.545512000006306124e-03 1.597526558928426699e-03 1.642348566711580296e-03 1.680023627122987761e-03 1.709793177628742044e-03 1.727983745350520446e-03 1.734129401862790276e-03
1.671634399552026631e-03 1.652360849224849583e-03 1.615763306059740147e-03 1.564495045700655014e-03 1.507852885249519369e-03 1.446282488096350570e-03 1.382568646120106021e-03 1.329182917088275913e-03 1.287497695044398848e-03 1.259046919417327205e-03 1.246608542419781794e-03 1.249574608693817613e-03 1.267387466716245106e-03 1.295946890319611081e-03 1.334443788971287868e-03 1.381601235899970444e-03 1.429845823820803359e-03 1.477930010410139026e-03 1.524278990264307625e-03 1.566978949053243883e-03 1.606966754070594848e-03 1.641868265965121558e-03 1.664374215302571276e-03 1.674422318289431767e-03
1.608463918122500416e-03 1.589311487372656274e-03 1.554466841087623384e-03 1.504341201884171675e-03 1.447572820891323718e-03 1.386629892535317255e-03 1.325351472349698637e-03 1.275472998653823849e-03 1.237067228687266721e-03 1.212192100829973451e-03 1.202664660633745615e-03 1.207032651569236526e-03 1.224008715009180723e-03 1.249359501982177630e-03 1.282961254791692733e-03 1.323937378862638167e-03 1.366009077676309021e-03 1.407960013634890510e-03 1.450720515652987068e-03 1.493344686969408407e-03 1.534586899749155065e-03 1.572530254254309598e-03 1.598295796504327348e-03 1.610840774910277324e-03
1.514130224856636816e-03 1.490500492669180480e-03 1.456825354149770190e-03 1.410554179943434346e-03 1.358626048021073377e-03 1.305904613727959605e-03 1.255751982476518373e-03 1.215690200789661547e-03 1.184864512095935851e-03 1.166340621353867532e-03 1.161427579875467337e-03 1.167496033139545216e-03 1.183852113552072037e-03 1.206604754782399569e-03 1.235150802314340145e-03 1.269014822342001518e-03 1.304270334811254411e-03 1.340083946843281890e-03 1.379701874597812680e-03 1.420338272152504681e-03 1.457818308040183686e-03 1.492133417367939559e-03 1.514901073618574699e-03 1.523335666179265841e-03
1.382881707693403312e-03 1.352921413182479535e-03 1.318562521542836815e-03 1.279359412219718524e-03 1.240551990025904466e-03 1.204332510453743526e-03 1.172312925720462966e-03 1.147801890552530967e-03 1.130290337641543571e-03 1.121492365451977032e-03 1.122209031056051491e-03 1.130993255013362916e-03 1.147600670453838420e-03 1.168482493687581902e-03 1.192700163688034144e-03 1.219501563136664475e-03 1.247312528443920987e-03 1.276360455731815821e-03 1.309791769690001441e-03 1.342980675234985242e-03 1.371238815982616863e-03 1.395287915345341237e-03 1.407241874269307821e-03 1.403750269657454836e-03
1.208691638729437632e-03 1.176813087314756198e-03 1.144782767021953552e-03 1.117475456061742126e-03 1.098587618000740253e-03 1.084476629150442264e-03 1.075747315925141027e-03 1.072516672586194559e-03 1.074218870806428099e-03 1.079983230962519363e-03 1.089531825612146277e-03 1.103642691897859917e-03 1.122164635976026113e-03 1.141924144726505627e-03 1.162014574286219333e-03 1.181683917208228851e-03 1.200701927109076991e-03 1.219743862641217919e-03 1.239914976698537749e-03 1.257144390180018473e-03 1.268969890491433846e-03 1.272165947114512700e-03 1.261957331819252596e-03 1.239977832380590199e-03
1.025015356983163947e-03 1.000987141663643764e-03 9.796540047639628202e-04 9.668706746995982650e-04 9.649459057029691504e-04 9.687945541027386627e-04 9.790555075607271143e-04 9.936758312045141425e-04 1.011332325748139820e-03 1.030467180837710446e-03 1.049152494241616844e-03 1.068303442236549945e-03 1.087819740370580233e-03 1.104936134022330716e-03 1.118831156103270753e-03 1.129632403571464863e-03 1.137445147991072904e-03 1.142176882925417412e-03 1.143494684181595817e-03 1.140277453784690467e-03 1.132484416602631090e-03 1.114134802843133902e-03 1.086178698460545404e-03 1.054913568565264302e-03
8.490313700307518989e-04 8.381419466928158660e-04 8.327944490726798491e-04 8.348159651945997366e-04 8.451275399567960596e-04 8.622091003010858620e-04 8.858579382736684899e-04 9.118511898683463951e-04 9.389839417035209402e-04 9.668263048900723388e-04 9.918004024071021447e-04 1.013143497470098738e-03 1.031080976793268206e-03 1.043255844253994716e-03 1.048657047763866144e-03 1.048417545936361061e-03 1.042978128283256374e-03 1.031352766028331615e-03 1.012747179222916278e-03 9.889900510181926299e-04 9.614852224132264952e-04 9.281447136590981759e-04 8.956439248945035443e-04 8.682959692479268665e-04
6.934773354332267282e-04 6.971746869160838590e-04 7.074338677811964435e-04 7.231569597805964427e-04 7.431555643404806058e-04 7.681314668508817597e-04 7.973571856586753395e-04 8.265036264547514881e-04 8.548552394558647100e-04 8.819368903856467708e-04 9.046002332648835163e-04 9.222709537102046591e-04 9.333915364389072872e-04 9.362411587451095968e-04 9.318037283428870152e-04 9.203138079764296544e-04 9.019681814157181222e-04 8.765978805065561315e-04 8.442110312022614626e-04 8.083880925839046806e-04 7.703144250585252945e-04 7.351519617130863058e-04 7.116578322698815726e-04 6.975891468827138692e-04
5.717013103780412822e-04 5.846104332731095034e-04 6.032743455813834943e-04 6.276680690808980742e-04 6.537720275880011664e-04 6.802713405967736370e-04 7.069101616798041405e-04 7.313168650559362556e-04 7.529567552255285370e-04 7.703324633240397077e-04 7.828046802449098885e-04 7.916576718171600352e-04 7.939881090371945583e-04 7.889392575338385503e-04 7.791288681869627765e-04 7.630877709892485393e-04 7.401892202794687486e-04 7.116934708445332887e-04 6.782412205942354782e-04 6.439666993433216906e-04 6.096072857869136311e-04 5.822875815918480491e-04 5.692028614632688730e-04 5.656269486360546465e-04
4.754149896999878828e-04 4.937270248966356542e-04 5.169868095374394569e-04 5.450951310694247343e-04 5.712012356990909092e-04 5.931207513815787416e-04 6.110999260636974448e-04 6.247246024922434911e-04 6.336104803026727968e-04 6.373145784390764129e-04 6.377066246675487356e-04 6.358528426326967012e-04 6.311730666365441113e-04 6.236746506426231722e-04 6.139402116700877010e-04 6.003871650671644420e-04 5.815652357414194742e-04 5.585735833138136264e-04 5.317508381772758459e-04 5.057850008802274467e-04 4.819001078792132164e-04 4.643056360069531922e-04 4.586350049514412099e-04 4.625565444426222054e-04
3.998853471404652422e-04 4.214484668394314184e-04 4.457163408391655117e-04 4.709502185070106443e-04 4.899019271807941072e-04 5.018941599391150282e-04 5.059697825545680146e-04 5.038823613870590428e-04 4.971735527839625437e-04 4.871019434231560951e-04 4.770797196626336213e-04 4.669856902771817161e-04 4.595648671814559091e-04 4.546771488810251406e-04 4.495308229630897248e-04 4.438724621722782535e-04 4.355232575332025516e-04 4.240103666427713744e-04 4.091460645536939764e-04 3.955210445095711284e-04 3.848532625388937246e-04 3.768555024817428966e-04 3.757351826667941594e-04 3.831819920301916252e-04
3.322896574476501296e-04 3.559466593276997470e-04 3.786294651907912254e-04 3.969862478949273471e-04 4.058051746504401825e-04 4.067007950027706114e-04 3.979394034278112171e-04 3.836525449837346327e-04 3.669511068807053129e-04 3.493350879713387524e-04 3.347925549247734393e-04 3.231528644447731946e-04 3.172852623958719530e-04 3.158906480330043055e-04 3.156667419099479558e-04 3.165991243803216166e-04 3.158754481340374405e-04 3.125726837141138098e-04 3.065943381309135535e-04 3.017827192847215788e-04 2.995150894652693751e-04 2.987743122029836492e-04 3.024776581250530417e-04 3.126146872434471674e-04
2.730867051295355653e-04 2.963548973840721373e-04 3.149699433039244599e-04 3.249421186394309009e-04 3.230959304734282015e-04 3.123626054165230142e-04 2.931053756976786896e-04 2.718337650733338123e-04 2.503543825666713169e-04 2.296754809562447596e-04 2.143610072223372739e-04 2.049240242464894649e-04 2.024230449099387471e-04 2.043999692169856056e-04 2.089769176211595989e-04 2.145918337544375123e-04 2.177988319720315278e-04 2.190113400937020009e-04 2.184119577757639248e-04 2.190946075751856650e-04 2.219079973546416926e-04 2.273583980429225843e-04 2.370729325657303500e-04 2.510877043028414066e-04
2.211972336665620278e-04 2.415222586274818803e-04 2.541822922423999168e-04 2.550985621433912330e-04 2.434980746499783701e-04 2.232019375699269888e-04 1.977898037007627880e-04 1.745234548895204429e-04 1.522438322876859128e-04 1.323026999311818286e-04 1.195353223810852872e-04 1.142016904551661720e-04 1.161056180816786800e-04 1.215669953314029990e-04 1.295553049663450667e-04 1.374421867976719652e-04 1.413787552066935144e-04 1.427104085093459191e-04 1.423441414362749144e-04 1.442635000085592666e-04 1.488893381692460547e-04 1.587346445454340086e-04 1.751372429728111557e-04 1.960300861028413605e-04
1.687099477199103755e-04 1.880001685736354812e-04 1.972806583764499105e-04 1.935530609736019355e-04 1.788130412854820018e-04 1.567241771069716248e-04 1.311810845105446024e-04 1.085720828261617989e-04 8.713199575800297935e-05 6.898351782657308423e-05 5.892866844339297882e-05 5.644542622513139404e-05 6.151930954526658080e-05 6.918518785817215626e-05 7.780249927516104814e-05 8.532749273526150577e-05 8.773882100667889381e-05 8.573978607312007544e-05 8.077932205328754178e-05 7.936860723979683341e-05 8.222910027815072073e-05 9.255875677127484071e-05 1.124069500763166178e-04 1.392588490427327814e-04
1.140670053628665948e-04 1.357900247755014196e-04 1.451585734323166538e-04 1.420573779161243778e-04 1.312507617481825900e-04 1.144421061860984338e-04 9.335324614825855362e-05 7.349903844754985388e-05 5.499593376988130703e-05 3.946061473258495004e-05 3.166185559762540319e-05 3.157256516832543066e-05 3.859882515407165649e-05 4.649048439283107989e-05 5.375807745453940083e-05 5.871525813923898437e-05 5.716821760203076699e-05 4.940536576123936248e-05 3.676842599238509552e-05 2.829620885962038585e-05 2.565992784214240460e-05 3.258908519682291995e-05 5.184460380226867544e-05 8.061728902781015301e-05
5.598720997046280129e-05 8.210847465743704684e-05 9.826826835486614882e-05 1.044931003706925284e-04 1.040207338615177209e-04 9.790391390493317708e-05 8.554568549346560182e-05 7.132865994330896326e-05 5.731066270066799455e-05 4.530498671783987966e-05 3.994611664104012901e-05 4.096558773337670846e-05 4.829930635273548331e-05 5.523386772114637826e-05 5.959556388806682944e-05 5.939358257458228995e-05 5.111421867175470021e-05 3.557704942218594318e-05 1.318499041493676945e-05 -5.225361035732121263e-06 -1.644472141412790561e-05 -1.628095463895731795e-05 -2.109733197720530201e-06 2.275158266578912141e-05
9.655739140620553954e-06 3.746510736193079576e-05 6.244374383115389583e-05 8.230197195211483123e-05 9.445577555123471311e-05 1.003334925001621834e-04 9.935107462496814272e-05 9.450010476553493126e-05 8.736182537575235625e-05 8.039026590636693368e-05 7.798457692165228737e-05 7.915711249228649679e-05 8.489971702303524004e-05 8.885749912046087007e-05 8.792031724865179935e-05 8.014318612626180455e-05 6.354506972937935024e-05 3.941060799804682363e-05 7.965346458694194708e-06 -1.888617634573818812e-05 -3.740132642736682957e-05 -4.373893531122718405e-05 -3.625941573849264938e-05 -1.825740709785219869e-05
-1.858448463571854309e-05 8.146471845454787334e-06 3.917743581199892365e-05 7.208298646559325800e-05 9.845732830247837925e-05 1.179239502863883594e-04 1.307275740228060375e-04 1.384687538753020446e-04 1.414362863595836615e-04 1.411033336042199127e-04 1.416337120915426369e-04 1.429421985204267019e-04 1.455379036809215424e-04 1.434244495641220278e-04 1.340939327103435352e-04 1.167695425909563565e-04 9.100291226707537878e-05 5.742139662103541698e-05 1.754806734153863140e-05 -1.564459579979498595e-05 -3.935550456779423538e-05 -5.124079655067158393e-05 -5.064562474327364135e-05 -3.969556922233672465e-05
-2.864956907205119016e-05 -4.505667285677376195e-06 2.872027101940139888e-05 7.109090875174358640e-05 1.120523938567634641e-04 1.480241127410406423e-04 1.782259642546301444e-04 2.010510334588907382e-04 2.167437831908869351e-04 2.255913714782866375e-04 2.300701242651942153e-04 2.307183255053100524e-04 2.268513979119493758e-04 2.148456955534192166e-04 1.941779137391733221e-04 1.642510560645642291e-04 1.272644229732487178e-04 8.454811101775972751e-05 3.922783536526842322e-05 2.731400744908401291e-06 -2.425763976744676456e-05 -4.092460018511419659e-05 -4.694054435422776497e-05 -4.301051287684832787e-05
-2.502579019276816757e-05 -3.200163805514046689e-06 3.014081792965543201e-05 7.694823029524634251e-05 1.281938874652009067e-04 1.789173188816603434e-04 2.261391870731575132e-04 2.632286669729391802e-04 2.909548210302214093e-04 3.092967763372595348e-04 3.175912118436453164e-04 3.156378934403207093e-04 3.025161113900090484e-04 2.789891705309094296e-04 2.462322155463644857e-04 2.035881664941175816e-04 1.570189894978825905e-04 1.091690865411541235e-04 6.315264949247367300e-05 2.624019176732267321e-05 -2.258974031013171596e-06 -2.220788761157236946e-05 -3.294469426939025024e-05 -3.438573606044008027e-05
-9.292465625836344767e-06 9.818266421615070154e-06 4.287767264619223452e-05 9.160768341704588792e-05 1.485057791366461261e-04 2.093491895699988088e-04 2.706807758283093961e-04 3.208458027167127567e-04 3.594164973923815029e-04 3.858864987838150841e-04 3.964528388460925143e-04 3.903542226357408266e-04 3.671198164208426670e-04 3.318998758094889251e-04 2.868819864029603498e-04 2.334692830993955262e-04 1.813863977025654748e-04 1.324717392489219777e-04 8.874382707555279390e-05 5.331588328428714976e-05 2.520712923864696969e-05 3.908222532105092343e-06 -9.586063579275232898e-06 -1.443479560361245870e-05
