1.923868598432876663e-05 2.767703502002185161e-05 4.458137653628007333e-05 7.093301887099034845e-05 1.050959575205005878e-04 1.455435493123732698e-04 1.921574549025836028e-04 2.369898771017461359e-04 2.775098895240904018e-04 3.125875039877431616e-04 3.327345282000874582e-04 3.359182195787909593e-04 3.181555979653693644e-04 2.849176932781151829e-04 2.420111623149434794e-04 1.954000884257886973e-04 1.563132977056306205e-04 1.225296488361949960e-04 9.383059550464672126e-05 6.920189083273550366e-05 4.852399884054634129e-05 3.228764208242912702e-05 2.208999987836373122e-05 1.797274278066020761e-05
5.672858401840512522e-05 6.538037084950087561e-05 8.050615908979731660e-05 1.054878850672927586e-04 1.380630350966676606e-04 1.740955016214838042e-04 2.128519226510607629e-04 2.476592352058418992e-04 2.770264469499883453e-04 2.969313404263714527e-04 3.033720960179651124e-04 2.990369913095560091e-04 2.823583638699159377e-04 2.561032237158066059e-04 2.227615699507106274e-04 1.858453700404926801e-04 1.532997709049121690e-04 1.242611873846906855e-04 1.008838231893389222e-04 8.369197202386636733e-05 7.070619474709862557e-05 6.105661947019422266e-05 5.507741945563206075e-05 5.374985767974653635e-05
9.503536025087572139e-05 1.048739007642291940e-04 1.191944516154188602e-04 1.412023441301069190e-04 1.680085554413062387e-04 1.954447466010256261e-04 2.213330312034119686e-04 2.402750804787371177e-04 2.526493379096113432e-04 2.555503243751452384e-04 2.504625929339034346e-04 2.407864737262970086e-04 2.288434101466507774e-04 2.146963923101962433e-04 1.960449735276857479e-04 1.726751705220901372e-04 1.492484510379481113e-04 1.275326209338016614e-04 1.099186816968228110e-04 9.846946761528057169e-05 9.148158863142591022e-05 8.800237503922111646e-05 8.710299404364415827e-05 8.942650441905859954e-05
1.335174643289399512e-04 1.444981151481440152e-04 1.578861855449975105e-04 1.740908261564093242e-04 1.900659472871845431e-04 2.043870350686825973e-04 2.142441803763330823e-04 2.160368960493001778e-04 2.113749288252089785e-04 2.008998774158073162e-04 1.895395512553902555e-04 1.782949547769751035e-04 1.726310938733871395e-04 1.709832815119650376e-04 1.673649494556630221e-04 1.588807331469183342e-04 1.469096923264440299e-04 1.348068781320406169e-04 1.235638490328797912e-04 1.163425582323577510e-04 1.132054316624349881e-04 1.142757936889072395e-04 1.183139829282759396e-04 1.247834545535792667e-04
1.669340594742087182e-04 1.783022039583624890e-04 1.899205775711564537e-04 2.001570370019404535e-04 2.062778680807714541e-04 2.090039760616520801e-04 2.065644501489782424e-04 1.976797521898702341e-04 1.836942802623053948e-04 1.667973179034994732e-04 1.533168146236178232e-04 1.431728033888332195e-04 1.414234241066437969e-04 1.459526553501328320e-04 1.509970167361633360e-04 1.535153427110796313e-04 1.516055561831644073e-04 1.476747970088341838e-04 1.417714377003203869e-04 1.377171287080143083e-04 1.367373810031481955e-04 1.399680198349581648e-04 1.468107327004939311e-04 1.559302568495360040e-04
1.941797504466863725e-04 2.059620734633197281e-04 2.158374351595840400e-04 2.220544485216372963e-04 2.221917749047884493e-04 2.171936884413159098e-04 2.066434673643693530e-04 1.915825225290251042e-04 1.727747126538254881e-04 1.520596637081928046e-04 1.371654652781625070e-04 1.288285212563243932e-04 1.294340467874470122e-04 1.363146860503585409e-04 1.461961052932328670e-04 1.566055175369376580e-04 1.623597088573252092e-04 1.642037282588118703e-04 1.618968071943000854e-04 1.599202933611760635e-04 1.600087378723326825e-04 1.639585500498783846e-04 1.718127662714110976e-04 1.817893226740217698e-04
2.121052903005824582e-04 2.246217450565855898e-04 2.350563022214962358e-04 2.414603971661057849e-04 2.404737777173758778e-04 2.329249244468357537e-04 2.181985826739442640e-04 1.989116842943459257e-04 1.765517946204632580e-04 1.540472973024555330e-04 1.397798509270125320e-04 1.336149580395383789e-04 1.354983914371994495e-04 1.421443997814152203e-04 1.525119598288257985e-04 1.660929000042115462e-04 1.766687523788613035e-04 1.826748658850911599e-04 1.830867530586465300e-04 1.820866985638101550e-04 1.820932847529307139e-04 1.845787915921400023e-04 1.907810270270614175e-04 1.996403137401042422e-04
2.190159500740351806e-04 2.316407443336683481e-04 2.439909589097711401e-04 2.537909923848821097e-04 2.554903900040163679e-04 2.495146015996405975e-04 2.345465187813732747e-04 2.140331665180392683e-04 1.904406615229613817e-04 1.685825756320904621e-04 1.567475653575547121e-04 1.528849443674461630e-04 1.557452190228363466e-04 1.613571813445830881e-04 1.696465889785674097e-04 1.817100412541656856e-04 1.925396990659705373e-04 1.993696833828032216e-04 2.007114752111785504e-04 1.994895359021773304e-04 1.981672048996448740e-04 1.975648343290881928e-04 2.006684263916333022e-04 2.076529630288151233e-04
2.174960670588809558e-04 2.289948917661673087e-04 2.420264546974854232e-04 2.558409342105391312e-04 2.626976729683969873e-04 2.607662735010451657e-04 2.497421659364419504e-04 2.339024683165926430e-04 2.149774565275400131e-04 1.969125685397968262e-04 1.879034587909296245e-04 1.867365741229480038e-04 1.900486870119335692e-04 1.931831328381825215e-04 1.979509175857118537e-04 2.054261492875023986e-04 2.118116176614505864e-04 2.147674779138743944e-04 2.140809114140081312e-04 2.114185561997306147e-04 2.075487769144336917e-04 2.031639676246991362e-04 2.029983247871554460e-04 2.079375198207636616e-04
2.093839607267403201e-04 2.185597359987412878e-04 2.300299916716546809e-04 2.447534318191427324e-04 2.562191484970973441e-04 2.612981349838202141e-04 2.596338808280698241e-04 2.540636215976266256e-04 2.458896129329927213e-04 2.363194946408677332e-04 2.308741269062634374e-04 2.301861566508176242e-04 2.327189451194670942e-04 2.345632980912788442e-04 2.359527895810048471e-04 2.358917690832288327e-04 2.331629629509706183e-04 2.283562638073197463e-04 2.223237479432272018e-04 2.160081567225272993e-04 2.088716609755472849e-04 2.020579847695434242e-04 1.998400993286923635e-04 2.024986043271299625e-04
2.067106174482894691e-04 2.123830150854166018e-04 2.200660595696553507e-04 2.307805681618753586e-04 2.426653342855612631e-04 2.540791384876713542e-04 2.630641828079930008e-04 2.687478447926782018e-04 2.727970482506569664e-04 2.747104956886721873e-04 2.747524608611877145e-04 2.735123325129490391e-04 2.744261972214749688e-04 2.757652582039358527e-04 2.735171632885359354e-04 2.653733625402215392e-04 2.540658267589554465e-04 2.428137628131121903e-04 2.318661164966671906e-04 2.219756591385681774e-04 2.131443687211556225e-04 2.063790763711667933e-04 2.032821085923719885e-04 2.033807430926240761e-04
2.116480465421329579e-04 2.126050930662095933e-04 2.152889528835969272e-04 2.201964950463981385e-04 2.301162143456903571e-04 2.454807399930627175e-04 2.637988883045379296e-04 2.804881788046392961e-04 2.965123016855186039e-04 3.107724003190401362e-04 3.182761620291200879e-04 3.184583392185330705e-04 3.177503615616606011e-04 3.166038297137761912e-04 3.087378475522559260e-04 2.926425386457654366e-04 2.749991182412104976e-04 2.595445345188939976e-04 2.457213746975132657e-04 2.340924400711292576e-04 2.254027438523983863e-04 2.194895126748469235e-04 2.152844283218387927e-04 2.125941580876357872e-04
2.262546854677741819e-04 2.207864822015612562e-04 2.172646148033728424e-04 2.165211834702421008e-04 2.235241607354442246e-04 2.390974372463710999e-04 2.650138804531204911e-04 2.946936759184600428e-04 3.241706847132148732e-04 3.502194398478210096e-04 3.657053460113256259e-04 3.714756717563083110e-04 3.687520140127029675e-04 3.594196511030118744e-04 3.428854122048021055e-04 3.202395704763898632e-04 2.988577336014927870e-04 2.801081643163668236e-04 2.653310813035148624e-04 2.551174243316529488e-04 2.483239546411836500e-04 2.437563951232366488e-04 2.384954538056326383e-04 2.327623104731823384e-04
2.504168313087299660e-04 2.386495229038369955e-04 2.295514290701970272e-04 2.248052521769162710e-04 2.290882188740735821e-04 2.422767023425888278e-04 2.705759770531674345e-04 3.071214186666948345e-04 3.434195445994275928e-04 3.735210278655361356e-04 3.912632943148773579e-04 4.005414795498996538e-04 3.971327171994796742e-04 3.836092434824745043e-04 3.650513368429597464e-04 3.436184184882097592e-04 3.241256365286225398e-04 3.060186191270562869e-04 2.930719557876896621e-04 2.861228332634356639e-04 2.816757243010867750e-04 2.782706647434471945e-04 2.719570598276573395e-04 2.628780087899601058e-04
2.820381456333359289e-04 2.652078163833842313e-04 2.517695804079139450e-04 2.432122697500590429e-04 2.439223651767020149e-04 2.538731949003361589e-04 2.785982342357381917e-04 3.109480489419113062e-04 3.430060189570799129e-04 3.684527375865100595e-04 3.820976518408680366e-04 3.885299840851100923e-04 3.867324161242708205e-04 3.799641420735621125e-04 3.703288781663530128e-04 3.587234630900670808e-04 3.474025853817828881e-04 3.362209691997692989e-04 3.282946792166275196e-04 3.247071491694675021e-04 3.227034589647250883e-04 3.203622004351960894e-04 3.127014760273408907e-04 2.999820613905172513e-04
3.208888344186970284e-04 3.010746329961713460e-04 2.842164680499644587e-04 2.720504703144643746e-04 2.679652485173838095e-04 2.713542081669056603e-04 2.829476292340636439e-04 2.973150605497045006e-04 3.119160717530765977e-04 3.223837189760141750e-04 3.264597645108294525e-04 3.277584063231254161e-04 3.325419987861208664e-04 3.432630460130132338e-04 3.544766950016495460e-04 3.639975650632352078e-04 3.692302340993071732e-04 3.714949420991726990e-04 3.720118759416841492e-04 3.721867029939970439e-04 3.712677921663108411e-04 3.674176836256581803e-04 3.573345352404326005e-04 3.417551927997324068e-04
3.486515375743602500e-04 3.272616786702546208e-04 3.072328639429140642e-04 2.909475950499599401e-04 2.800894825239623226e-04 2.728372282181561821e-04 2.669552923174397662e-04 2.607359996982288241e-04 2.558456651344304307e-04 2.510083511029354551e-04 2.488584292985378211e-04 2.515499611426113007e-04 2.659785557713070076e-04 2.922963793974389158e-04 3.236585449557943003e-04 3.567801113072027763e-04 3.819258946554385183e-04 3.991357748742634473e-04 4.085189782695820078e-04 4.118793924844436319e-04 4.097090870939602077e-04 4.013164620552694571e-04 3.877910888713110953e-04 3.701877580859267271e-04
3.594502624264026393e-04 3.368262516923505858e-04 3.139682928355098826e-04 2.928046568916942215e-04 2.733139561983308186e-04 2.535607904987480623e-04 2.311979563424008217e-04 2.082405546512739911e-04 1.877074891832410445e-04 1.721889436916309820e-04 1.692118992737196752e-04 1.786951658752700719e-04 2.025235626095434245e-04 2.385489177889707382e-04 2.841703550711010325e-04 3.377413700071927628e-04 3.823870171032573242e-04 4.141288189767067533e-04 4.315685059512059654e-04 4.369081859456981414e-04 4.322801646094992642e-04 4.186316368770001770e-04 4.014435878856862836e-04 3.815958177469949914e-04
3.490671870977444125e-04 3.248637850311316766e-04 2.995070262927983056e-04 2.731485552983972383e-04 2.445973764836771765e-04 2.133048469115681812e-04 1.782174420602022642e-04 1.446827211236299750e-04 1.155367283550697108e-04 9.655510797026427999e-05 9.631875388710017544e-05 1.119123198624634696e-04 1.420427036289385815e-04 1.836638796387803335e-04 2.370536083101560808e-04 3.026472027390742989e-04 3.617045734391848813e-04 4.075437108190291908e-04 4.339068302669857671e-04 4.404829358040877733e-04 4.334261467156344809e-04 4.157311997094429064e-04 3.956780186660038032e-04 3.730318415043303156e-04
3.271554065241587717e-04 3.009513538580565030e-04 2.733501197219237303e-04 2.429312050806117492e-04 2.078693967616556597e-04 1.689767894093823885e-04 1.259608700792746267e-04 8.711133846394540148e-05 5.548394073878314819e-05 3.704116116746171406e-05 3.757910990660713125e-05 5.306733941142093730e-05 8.389576999150930980e-05 1.275230062791583103e-04 1.827119961755239129e-04 2.499584677146730839e-04 3.139318051232955478e-04 3.690260751095540475e-04 4.054209770687206135e-04 4.173810869501147318e-04 4.128148973415709036e-04 3.959912292293829767e-04 3.763964703455069329e-04 3.529239289476339262e-04
3.011504408946497026e-04 2.731858835949390316e-04 2.435803200268878794e-04 2.102763450497887807e-04 1.708145278829632612e-04 1.264324634068922848e-04 7.786879318450590356e-05 3.635535740697957492e-05 4.897461241775205847e-06 -1.267106886873164149e-05 -1.333890652917540756e-05 6.389728319023589781e-08 2.800367442315292686e-05 6.844365970302992400e-05 1.202385995388061297e-04 1.833962560953951383e-04 2.459954873125262610e-04 3.040548170051957013e-04 3.499935836932467799e-04 3.726519352542853603e-04 3.758905824610032920e-04 3.641690933771559585e-04 3.481803195861642446e-04 3.270289768854129893e-04
2.754452650624454927e-04 2.475737723497481316e-04 2.155108389726385150e-04 1.782680725311448083e-04 1.353748029506175710e-04 8.766253260614550883e-05 3.630017606665945619e-05 -6.433139873679469907e-06 -3.761328751908176544e-05 -5.559526190716046815e-05 -5.900289893998080502e-05 -4.902248221395145354e-05 -2.622411776101100353e-05 7.123018607152861153e-06 5.083264098524946058e-05 1.049653574773568476e-04 1.610634061200309959e-04 2.162469248213793791e-04 2.680806148854580017e-04 3.040836158597375245e-04 3.225309396226520549e-04 3.238776407322017004e-04 3.153703750020436162e-04 2.989696398120631968e-04
2.655012905273817928e-04 2.398033931102429739e-04 2.050570110348585995e-04 1.613315460193943214e-04 1.127680670094728557e-04 6.067752860213601645e-05 6.520040618494379252e-06 -3.827283743988225311e-05 -7.135069556024782600e-05 -9.139886118285103181e-05 -9.752671104335819960e-05 -9.075204328007605741e-05 -7.210841187075287071e-05 -4.483444405511763251e-05 -8.976128268665054661e-06 3.593811163195019840e-05 8.496780016389776148e-05 1.359945360228889569e-04 1.890478287622505255e-04 2.344292293408965083e-04 2.688764118584715678e-04 2.883699549710983098e-04 2.920576591014414198e-04 2.836748790675994560e-04
2.720793462695086668e-04 2.490978054310410798e-04 2.122107359404945288e-04 1.611910543542257462e-04 1.047915686381295508e-04 4.615696489114750760e-05 -1.207557055316643463e-05 -5.932204548583364502e-05 -9.469164883741537381e-05 -1.169573346719674108e-04 -1.257140205587572480e-04 -1.220537249568180927e-04 -1.068322749911158800e-04 -8.425774932942087648e-05 -5.487701373602394539e-05 -1.859949111314420717e-05 2.315162953700153765e-05 6.981137478256035955e-05 1.222278466176961219e-04 1.734850074127663067e-04 2.204294092970596100e-04 2.584508820732651447e-04 2.785983707730549635e-04 2.824983606042971870e-04
2.973853393350572860e-04 2.777505463430475193e-04 2.388968492957454636e-04 1.793987003587336733e-04 1.128618794017743849e-04 4.524719421587250587e-05 -1.829400528102322277e-05 -6.791002519586049942e-05 -1.054683174822373319e-04 -1.297627787649359562e-04 -1.408719398885844827e-04 -1.400280811766099710e-04 -1.276441596657957212e-04 -1.083557691042850079e-04 -8.329515037134242034e-05 -5.351551528729454849e-05 -1.829888478034779649e-05 2.364727932708897130e-05 7.403820752939239145e-05 1.278754219965144517e-04 1.817775329573957904e-04 2.345777175556953368e-04 2.734860963393209374e-04 2.954061990139162514e-04
3.243216763784294212e-04 3.092872195802519797e-04 2.692641519141886555e-04 2.035350907678228592e-04 1.308000207983797637e-04 5.800965283735112007e-05 -8.456894088432218915e-06 -5.936495542517904536e-05 -9.801542868178992458e-05 -1.237384650977791647e-04 -1.370942812348950851e-04 -1.389394647075394094e-04 -1.294507282329061088e-04 -1.131492442918433702e-04 -9.136535766077338383e-05 -6.579968313643843377e-05 -3.496919197963808891e-05 3.321073519436806029e-06 5.162847644427692907e-05 1.060072471525796961e-04 1.625847660134201352e-04 2.224260858797322141e-04 2.731625337228881759e-04 3.096061656804115865e-04
3.449832525715275898e-04 3.359228226897453752e-04 2.961040751274835489e-04 2.279083250033666947e-04 1.551297617620828813e-04 8.331846676657052178e-05 1.746923401618805159e-05 -3.380030127453446926e-05 -7.261238803344554661e-05 -9.936672115874480547e-05 -1.151052029293007402e-04 -1.197754392065365347e-04 -1.133057489281226568e-04 -1.001028833076122055e-04 -8.170744047851914672e-05 -5.958050421318700603e-05 -3.147399610500851720e-05 4.822527087229042466e-06 5.096430260039784565e-05 1.040582689799406010e-04 1.614848351707993946e-04 2.234305663488302942e-04 2.779479959088700341e-04 3.208680698066747414e-04
3.514386023519397895e-04 3.449061818047875001e-04 3.100749385305477928e-04 2.496063259656895890e-04 1.849572703158165222e-04 1.206186268796613156e-04 5.999824429990260422e-05 1.058080369900770076e-05 -2.854664985821293795e-05 -5.706540205779485673e-05 -7.476333408003151763e-05 -8.188845396565179880e-05 -7.866356618309361577e-05 -6.913557052366641755e-05 -5.443062911603558512e-05 -3.482870425535379447e-05 -7.818029094114262439e-06 2.771861427867134344e-05 7.292709450483684619e-05 1.247118566454931269e-04 1.808951804125099997e-04 2.399023134195893078e-04 2.900064120699286769e-04 3.288732808842256892e-04
3.340558807581787233e-04 3.247986524846828774e-04 2.979312982034776217e-04 2.537990235284753654e-04 2.040900233996483274e-04 1.523551571830750011e-04 1.017645861814339963e-04 5.815411267232819273e-05 2.029884277894679004e-05 -9.663468710074596597e-06 -2.853097506075912346e-05 -3.737414881708345108e-05 -3.737183795940023784e-05 -3.196566070182690412e-05 -2.112397513538325595e-05 -3.959472614291253051e-06 2.180194092334803219e-05 5.603098818572288336e-05 1.003189223789224517e-04 1.501124934076484944e-04 2.023026980340457827e-04 2.546850052333911318e-04 2.955526110021400830e-04 3.232077783638341584e-04
2.975559383654934552e-04 2.845385271159394172e-04 2.645996865780540319e-04 2.384551380826277901e-04 2.080243453040015779e-04 1.732314081361650371e-04 1.364658775332913958e-04 1.019146769281194481e-04 6.858389651072204071e-05 3.898061368932956099e-05 1.929640311218925499e-05 9.088045587152999925e-06 6.074560854078666406e-06 7.419612276040965195e-06 1.445873456754024426e-05 2.885951999736335765e-05 5.265838984180134694e-05 8.486655892416439424e-05 1.265257344560155898e-04 1.716249711856475770e-04 2.171189134842614360e-04 2.597487133807636081e-04 2.878276064648670890e-04 3.007188525709033645e-04
2.438019850033976187e-04 2.281732018118498909e-04 2.125521217704347938e-04 2.007988001881334166e-04 1.903397710771674838e-04 1.764571571326298055e-04 1.576035690378823273e-04 1.348953055476535866e-04 1.102518555634911051e-04 8.530762116961329296e-05 6.613849992470641843e-05 5.313538893078078885e-05 4.550898822965286628e-05 4.334228506149062686e-05 4.745224179786699262e-05 5.970702359397128228e-05 8.095546364366523566e-05 1.096123411897133705e-04 1.460756343572072117e-04 1.834705364690236674e-04 2.191074671743634724e-04 2.478380054996996620e-04 2.601655697059488933e-04 2.580730535202773964e-04
1.850905611007799931e-04 1.689050120092554165e-04 1.558967342254136352e-04 1.514419352936274745e-04 1.537500211675119403e-04 1.568479196205660561e-04 1.558131214179374520e-04 1.472695548031988002e-04 1.350143717590597937e-04 1.196579910662444349e-04 1.040552281900468471e-04 8.854726950484101519e-05 7.543434615061855462e-05 7.003281154454201309e-05 7.181455235234059716e-05 8.204520512423685546e-05 9.943609967484165111e-05 1.222920427254693221e-04 1.509875761317220515e-04 1.783778655220543265e-04 2.017067575836822390e-04 2.157545384000653836e-04 2.153849519812702591e-04 2.041056269138595818e-04
1.236573036377563214e-04 1.070873400738101358e-04 9.686421597509692349e-05 9.669772132200142307e-05 1.055801340095321788e-04 1.194657566889738992e-04 1.344715708986262185e-04 1.427291343709057546e-04 1.454986514783182950e-04 1.423710931285165860e-04 1.329801926934025659e-04 1.176128903892907922e-04 1.001849106390981741e-04 9.124597303698174272e-05 9.039692635807696419e-05 9.761603689003358481e-05 1.094771310682116316e-04 1.248598847500812816e-04 1.440731075082106818e-04 1.597019372766320339e-04 1.689659437941212576e-04 1.696876300471562285e-04 1.610910657949531782e-04 1.450951046374398591e-04
6.282496657095144453e-05 4.746648497126686292e-05 3.962984124483154974e-05 4.133434897707764419e-05 5.222425317474868275e-05 7.016165525466035364e-05 9.616921976714657241e-05 1.212509158404830338e-04 1.413854019670944052e-04 1.525438591394847265e-04 1.512563715014701607e-04 1.403951194418186590e-04 1.229542455911615995e-04 1.108263677066018740e-04 1.049815490765425779e-04 1.063627664662662243e-04 1.114446332329254856e-04 1.181090437302886946e-04 1.250395689538917783e-04 1.266072626997697499e-04 1.222522385710649701e-04 1.129942437756308759e-04 1.002009108070439446e-04 8.330836995530964189e-05
1.197002841498310001e-05 6.139892667283795051e-07 -4.039783349794559580e-06 -4.499000793815871721e-08 1.276367658111778749e-05 3.249501942033243448e-05 6.256795961815617710e-05 9.622365960573903696e-05 1.277902524183473405e-04 1.505400891483186696e-04 1.580170375766896864e-04 1.547967025381348852e-04 1.419590690836927736e-04 1.288491851193637662e-04 1.175020815627762143e-04 1.112990427028934465e-04 1.086537591197043030e-04 1.056561767175750685e-04 9.956114732234710215e-05 8.858158414848335300e-05 7.486693977496342652e-05 5.981093367719123748e-05 4.470799806831378392e-05 2.859589087730954812e-05
-2.910477194856773557e-05 -3.469259848385725261e-05 -3.439772982893245999e-05 -2.734075575913309022e-05 -1.283530670356226473e-05 8.467996970085333366e-06 3.829811869600949459e-05 7.213341420823458775e-05 1.067377053172355973e-04 1.373841180550197509e-04 1.546303038398442369e-04 1.600556871124540227e-04 1.534113899129163519e-04 1.414948902961290665e-04 1.268208922403242761e-04 1.134861676416633590e-04 1.018434843029714315e-04 8.791365959569538778e-05 6.982189776421856469e-05 4.962297144143181990e-05 2.987660059391545827e-05 1.149292111441233039e-05 -4.306835064360016246e-06 -1.802572652423854748e-05
-5.979607815202859193e-05 -5.826983624487068681e-05 -5.142014042906533424e-05 -3.942326209845569644e-05 -2.236145147996297818e-05 -8.585392205107759945e-08 2.650470062196891774e-05 5.416150927230987548e-05 8.270050102235380408e-05 1.121783333624956712e-04 1.345863271696813362e-04 1.471982652458311543e-04 1.480373597134232791e-04 1.399806338626261764e-04 1.259638833343512080e-04 1.073629162149403215e-04 8.640522130385518878e-05 6.245748678124103659e-05 3.622548926152315441e-05 1.162245933615221688e-05 -1.075296941214686430e-05 -3.020212742369908097e-05 -4.497107679573681641e-05 -5.517384112034593531e-05
-7.681100458827460513e-05 -6.858354687378807944e-05 -5.533154647227018867e-05 -3.751605029468756814e-05 -1.727761044567421118e-05 5.131302617525150230e-06 2.842711200901408103e-05 4.966980431850803154e-05 6.916295196180858923e-05 8.920941723797188032e-05 1.076540763041009598e-04 1.214756922468406995e-04 1.278337979808554870e-04 1.243120771179575667e-04 1.129455579474200199e-04 9.211094604949214711e-05 6.584609499407255082e-05 3.712025039087814022e-05 8.153376162480522926e-06 -1.726624060097794005e-05 -4.009580145868811335e-05 -5.931875746922672286e-05 -7.204255850929673903e-05 -7.831957014588907136e-05
-7.965527908927000041e-05 -6.530578002538741994e-05 -4.623064949608957032e-05 -2.315665361547407472e-05 -2.826463658877373297e-07 2.171852037265142708e-05 4.133348477354235905e-05 5.593092289600311046e-05 6.614708858637410535e-05 7.413720956761598549e-05 8.359971727698895395e-05 9.361219447061908973e-05 1.027401595791692780e-04 1.032739565360955690e-04 9.407818155522049966e-05 7.301870142187706723e-05 4.594373447640083839e-05 1.693682004690400721e-05 -1.167095906551980273e-05 -3.621625927203654574e-05 -5.780904884412857252e-05 -7.562948402187206554e-05 -8.564640246144048928e-05 -8.733592714148221607e-05
-6.677568258362915580e-05 -4.710951494328826549e-05 -2.298535756390016784e-05 4.248343711214035384e-06 2.879359778781631830e-05 5.006618681114842376e-05 6.532197192984854066e-05 7.265172428413247232e-05 7.416317310543387841e-05 7.180415636392430991e-05 7.216420490273815064e-05 7.549199103274875720e-05 8.278860805279699071e-05 8.476276853035822137e-05 7.731628335574993187e-05 5.859114917136823257e-05 3.401885243375858176e-05 7.267891986040161912e-06 -1.992608596673660338e-05 -4.306435828491041347e-05 -6.238299679364462790e-05 -7.708108039650682396e-05 -8.312339539457174918e-05 -7.996579165129682793e-05
-4.925164476335144013e-05 -2.604746573358270801e-05 1.378330804113176664e-06 3.127827830841886680e-05 5.671441333902672865e-05 7.712154795715157266e-05 8.938900676227039808e-05 9.274306158709180682e-05 9.003647844304160370e-05 8.381126475657594394e-05 8.058559490242055362e-05 7.999018624569459186e-05 8.311634941440099959e-05 8.280287392240972394e-05 7.557137897967449109e-05 5.905625436184749438e-05 3.604515798745721423e-05 9.832919387027572232e-06 -1.796971465505796118e-05 -4.106831839617520254e-05 -5.897549670649954303e-05 -7.052891677446238852e-05 -7.282387441147054842e-05 -6.605446769956156239e-05
-3.232952793048888423e-05 -7.464224521348560781e-06 2.138632416459886214e-05 5.286617994512521183e-05 7.889740703385322385e-05 9.814329835088537763e-05 1.097685806846257197e-04 1.141350265602756437e-04 1.121985000311648696e-04 1.058497577763008646e-04 1.015356177020006293e-04 9.951426243136248526e-05 9.873695545710301424e-05 9.417256323948682158e-05 8.519277777255219401e-05 6.931837184200230094e-05 4.669317482834861100e-05 1.984435707272497998e-05 -9.575845624187825515e-06 -3.347730491680268834e-05 -5.081554715727136203e-05 -6.031134323464416988e-05 -6.019049847065989511e-05 -5.114084375018118173e-05
-2.263958794412615575e-05 2.064700926613693664e-06 3.072017669280936112e-05 6.175909890648329382e-05 8.765374375971196326e-05 1.074626104311650701e-04 1.218011485796565482e-04 1.312054550165174809e-04 1.352387790200443903e-04 1.341924217535103627e-04 1.317361876941313152e-04 1.288020438377061069e-04 1.244454849564376295e-04 1.162366607470408656e-04 1.043101263362178636e-04 8.672674722066649536e-05 6.280285962899468202e-05 3.424971014070714716e-05 2.829685760895297097e-06 -2.268488383004795504e-05 -4.113227574374967734e-05 -5.114181523131241917e-05 -5.105149480346742811e-05 -4.167798671268921020e-05
-2.362041044734540683e-05 -3.699133392178730179e-07 2.700002613278295848e-05 5.641177897885104768e-05 8.257801769403985833e-05 1.058139287665065312e-04 1.256354021459169619e-04 1.417916825233689294e-04 1.546832948462292150e-04 1.631135878302087392e-04 1.652696955627299508e-04 1.617439806905558621e-04 1.543927186232212003e-04 1.438585485839469766e-04 1.284994082376053593e-04 1.073186732382004768e-04 8.062152204855028937e-05 4.950630516892338528e-05 1.583788636528235335e-05 -1.204270461533111135e-05 -3.321998828986566998e-05 -4.635890550959984382e-05 -4.889131365291770150e-05 -4.129622432800206212e-05
-2.978793479542268721e-05 -9.162300868550086601e-06 1.575103089061328455e-05 4.356208447253085889e-05 7.122392867523300605e-05 9.911089577426644031e-05 1.259804504001829260e-04 1.507949851238469651e-04 1.744511661716616636e-04 1.944319133899862948e-04 2.034416904764495141e-04 2.015657321505682934e-04 1.918338579188579214e-04 1.779611965310453974e-04 1.581563047305244597e-04 1.324240018658905441e-04 1.020583086341717450e-04 6.748574591911527464e-05 3.073826050898215969e-05 -2.744177825371086667e-07 -2.494765913914009261e-05 -4.236201619695691449e-05 -4.904321120202446120e-05 -4.475259893355823385e-05
-3.773245208720722613e-05 -2.083629841226216395e-05 1.280041237473723511e-06 2.832248954613918559e-05 5.846497731953023046e-05 9.139289214210675333e-05 1.272391208333350837e-04 1.633802747697885439e-04 1.988090042575251458e-04 2.310782809948187073e-04 2.497854822955437068e-04 2.539100955660511527e-04 2.432181533419149999e-04 2.232229735287947678e-04 1.959962962263365766e-04 1.625990054591199517e-04 1.266665803526875614e-04 8.834996325764068840e-05 4.881117077973055098e-05 1.416468326315617598e-05 -1.471335578310060531e-05 -3.650364178693922524e-05 -4.756193992345732446e-05 -4.799280982312141412e-05
-3.294169033735223955e-05 -1.966333955759279567e-05 5.319180135400825601e-07 2.747472105024397561e-05 5.954032807086915934e-05 9.635651990733484578e-05 1.396319372306447965e-04 1.843584811490230752e-04 2.271581446942071733e-04 2.671046480315907327e-04 2.930638660973333741e-04 3.022507037047615641e-04 2.903100478684841911e-04 2.632791052795201256e-04 2.275253911536001387e-04 1.857733461065762042e-04 1.453525238868099779e-04 1.059816684612367358e-04 6.717151338961013210e-05 3.187734001049754694e-05 1.573508543667774962e-06 -2.160433698115007495e-05 -3.457818272952246507e-05 -3.845766811970065160e-05
-1.398793445189288546e-05 -3.876732082742332682e-06 1.484809789436427368e-05 4.150021377641803483e-05 7.465620179432346383e-05 1.145279323947243999e-04 1.621629133629882795e-04 2.101683355389900095e-04 2.550324214173201823e-04 2.975974510672878813e-04 3.259977970473381943e-04 3.354359701409771310e-04 3.205817719920287467e-04 2.879962980768711813e-04 2.451967785771397594e-04 1.973673054824384135e-04 1.555315071639479761e-04 1.181798344224579359e-04 8.357722448824597488e-05 5.151975969424783656e-05 2.367453025449775460e-05 2.081541146764991312e-06 -1.074741478498565249e-05 -1.601507823720190886e-05
