4.842484930627737451e-05 8.748407308209930975e-05 1.368178456362242001e-04 1.940097257202929475e-04 2.522999827219834243e-04 3.118518143522139513e-04 3.729949937909324948e-04 4.286758045055357011e-04 4.762132344718739531e-04 5.142158350123955408e-04 5.316133098134300178e-04 5.261070087813064615e-04 4.969855651830994581e-04 4.527138708371386609e-04 3.968249230824588800e-04 3.319532891246309322e-04 2.676078892790898747e-04 2.043237964454106415e-04 1.419578626897313473e-04 8.837417214574847988e-05 4.633723412522281030e-05 1.922979380943888841e-05 1.151447018777957354e-05 2.129605774208797743e-05
1.370498002542614932e-04 1.737671812551870663e-04 2.186875553099765115e-04 2.695141655794521082e-04 3.203311889952220669e-04 3.714634413736666641e-04 4.239982394414536725e-04 4.740291602445017476e-04 5.191667460714491367e-04 5.585405622503693658e-04 5.815180656644822589e-04 5.854255099467870404e-04 5.678814299151462410e-04 5.333142837056207468e-04 4.855816892123686118e-04 4.253374058689137513e-04 3.612877229835267370e-04 2.956809775587743139e-04 2.304183092351400465e-04 1.759263704301113854e-04 1.337795723090340067e-04 1.075577593705763892e-04 1.006218122918599664e-04 1.105121801332568097e-04
2.560775746702472692e-04 2.885316864501263076e-04 3.271172355594301759e-04 3.704792900770518442e-04 4.135459344785297935e-04 4.559814621768170512e-04 4.990818467955512828e-04 5.420879589591730448e-04 5.834507819188584432e-04 6.214647971505380276e-04 6.459352147343211869e-04 6.551692898876463732e-04 6.473470076588746678e-04 6.228603925017992199e-04 5.836601341859893113e-04 5.302167107976949205e-04 4.704337806380218625e-04 4.064754183877561898e-04 3.421071535201727258e-04 2.903182067365498299e-04 2.516727887973722942e-04 2.279933964183540455e-04 2.215391719643551441e-04 2.312406661746150801e-04
4.037179975497349246e-04 4.299931433285751245e-04 4.605866342588789495e-04 4.946901503102958892e-04 5.289696924068672040e-04 5.631222475536229932e-04 5.984133114993031360e-04 6.346949060397680514e-04 6.706522093582312606e-04 7.046942604243598782e-04 7.277399028703024266e-04 7.383530456037747406e-04 7.362252964227621694e-04 7.201870553184998433e-04 6.901568478234141593e-04 6.453396772405475866e-04 5.928037472985153147e-04 5.357001226038128009e-04 4.781595431129951430e-04 4.327338004332799653e-04 3.994760851438519385e-04 3.796272628802625369e-04 3.743587962323998743e-04 3.828203070946747466e-04
5.664152936166469638e-04 5.857112867104790786e-04 6.077709963242912882e-04 6.317918589206373420e-04 6.570718007766325692e-04 6.841793608554282580e-04 7.140718521170355028e-04 7.446763051216315167e-04 7.743444170959315215e-04 8.028175409027792130e-04 8.228040340815128990e-04 8.321319962824015809e-04 8.310389213597359909e-04 8.192683940619044760e-04 7.964974487840790866e-04 7.603927685639639156e-04 7.171542789923565728e-04 6.711819388951515905e-04 6.256086225819052372e-04 5.895486951879234635e-04 5.629074041154180728e-04 5.479313889661265426e-04 5.447184910922533681e-04 5.510546846761295260e-04
7.414410461167910684e-04 7.533238068741622898e-04 7.664156555200305095e-04 7.805477356913568263e-04 7.976498990183316685e-04 8.185342857407233936e-04 8.432497125241119945e-04 8.677982186929931053e-04 8.907983340232839041e-04 9.123251141513185692e-04 9.268764305236253023e-04 9.325431846527122617e-04 9.297857595122947750e-04 9.192609246079144064e-04 9.007272201343695384e-04 8.731896658938678420e-04 8.419799093393891308e-04 8.098701464863851656e-04 7.789969592148369070e-04 7.550372861881381441e-04 7.377468584141051592e-04 7.289725601517298365e-04 7.277386115155338661e-04 7.318728682846988628e-04
9.259272585394460369e-04 9.297801361084423932e-04 9.340443001251553905e-04 9.400634585202390179e-04 9.504924538248631528e-04 9.648725256187639819e-04 9.833392749209657249e-04 1.001331718800911423e-03 1.017193928596056606e-03 1.029975789229430755e-03 1.036307550369803317e-03 1.036016076983734989e-03 1.029000946597398740e-03 1.016749214859760794e-03 9.998569894609729298e-04 9.806405107940481883e-04 9.632404245109875331e-04 9.467207054361121560e-04 9.326957595690799291e-04 9.236122487276862128e-04 9.186713208515378572e-04 9.178131598641444538e-04 9.191403726645970291e-04 9.220803109624180682e-04
1.099828882001331089e-03 1.097118718284805991e-03 1.094778866765920133e-03 1.095304702834710639e-03 1.100169125471234547e-03 1.107367725612139111e-03 1.117837606237130372e-03 1.127816731141228525e-03 1.135113985276401359e-03 1.138166448119453571e-03 1.136079611876449156e-03 1.130118227805936926e-03 1.119913086051078964e-03 1.107698629790542042e-03 1.094588883274053579e-03 1.084198440302473277e-03 1.079154221063663606e-03 1.076717271819387567e-03 1.077899894944778659e-03 1.082125625038348306e-03 1.088190004591132760e-03 1.094553554417620382e-03 1.098549276223727365e-03 1.100827649763605519e-03
1.259332230052072604e-03 1.252402935738262816e-03 1.245802979372014974e-03 1.242154349212796355e-03 1.241748000689549530e-03 1.242058930685788079e-03 1.243851346582016152e-03 1.244162158898833156e-03 1.241239463762599171e-03 1.234270575756046774e-03 1.224836229622532991e-03 1.214276022360444469e-03 1.203063243301719576e-03 1.194179723154724978e-03 1.188146116156978301e-03 1.187437691868010320e-03 1.193167645011546313e-03 1.203231770935964291e-03 1.217303115884691474e-03 1.231782087236954915e-03 1.245795774542403150e-03 1.257498149156503460e-03 1.263452607591997309e-03 1.264359643997664713e-03
1.401286267871389418e-03 1.392021468380848226e-03 1.382989343545241350e-03 1.375806258024006926e-03 1.369941113798091347e-03 1.363600513535038897e-03 1.355630747950450736e-03 1.344460542540526840e-03 1.330719848421731697e-03 1.314901155832676888e-03 1.300546674689211047e-03 1.288344651391338082e-03 1.280309091803392236e-03 1.278880552820000748e-03 1.282858547541706855e-03 1.293188743814820086e-03 1.309165226794457935e-03 1.329607023686017568e-03 1.353741821182972635e-03 1.375518604952310521e-03 1.393692683522884321e-03 1.406532059083632569e-03 1.411530182114356614e-03 1.409583533919383375e-03
1.528996778167887030e-03 1.515965192456955081e-03 1.503013929065779913e-03 1.490768135197022802e-03 1.478234549486752251e-03 1.464456937610996486e-03 1.447012333207847723e-03 1.426314144999131549e-03 1.404923142254029065e-03 1.384089683143650178e-03 1.368803685391532625e-03 1.359478096734411398e-03 1.358571393914096044e-03 1.366694198668037645e-03 1.381591574833577162e-03 1.403675667896195876e-03 1.430116069337934205e-03 1.459557164167324915e-03 1.491645319013110409e-03 1.518449803337078990e-03 1.537680673664416388e-03 1.547601324040317160e-03 1.548334918071875418e-03 1.541659116249593196e-03
1.646716723331380795e-03 1.627842386802678867e-03 1.608896020258555534e-03 1.590015355671892290e-03 1.569744968333879314e-03 1.547461984702032780e-03 1.521691357981184989e-03 1.494831180118786707e-03 1.469155861892486401e-03 1.446567005593601702e-03 1.433502236753358798e-03 1.430205828257514805e-03 1.438299396965759831e-03 1.456563629458368370e-03 1.482970471069075362e-03 1.516809343039075483e-03 1.553125343177331856e-03 1.590977416178971206e-03 1.629653646638778552e-03 1.659343587813343329e-03 1.677489006193410475e-03 1.682802842304153678e-03 1.678037972879960031e-03 1.665399082973782491e-03
1.753249798804473432e-03 1.727907990551528919e-03 1.701582992127199283e-03 1.674597862635268664e-03 1.646267719094320851e-03 1.616041208073434052e-03 1.583965165528425281e-03 1.553965321655838500e-03 1.527303417232037802e-03 1.506308192320778699e-03 1.497718837082456182e-03 1.501453008173445460e-03 1.518781004824907481e-03 1.547334924283788864e-03 1.585055166401243189e-03 1.630845971035221323e-03 1.677068783365210248e-03 1.722273178593089395e-03 1.763957874679517859e-03 1.792695034958243514e-03 1.807843329246522574e-03 1.807844403709361805e-03 1.796908676355941795e-03 1.777997973690982787e-03
1.855017797293398224e-03 1.825318581053300563e-03 1.792966206665067659e-03 1.758423070820368510e-03 1.723007537337453536e-03 1.686696664130737065e-03 1.649795931887108403e-03 1.617301664075676635e-03 1.590573821165922009e-03 1.572057337990760348e-03 1.567646826161234923e-03 1.576862221381444915e-03 1.601341928860636242e-03 1.638250802336274192e-03 1.685005387844932872e-03 1.740721600915979932e-03 1.794518075143028890e-03 1.843651772861250662e-03 1.884457475717061636e-03 1.910152283403724780e-03 1.922140447505911367e-03 1.918794356409403217e-03 1.904609797545679705e-03 1.882712978339450395e-03
1.955357620924297237e-03 1.922871411624414934e-03 1.886062076199647268e-03 1.845076841951610392e-03 1.803237319498220701e-03 1.761503485077167003e-03 1.720207039145119510e-03 1.685414898443751783e-03 1.658817668096952041e-03 1.642754071687158772e-03 1.642274142276065269e-03 1.656722500635130369e-03 1.687136168996120154e-03 1.730212757587019229e-03 1.783814447585386608e-03 1.846492047233371219e-03 1.904121378538713334e-03 1.953443573928511073e-03 1.991594536659111857e-03 2.014436302783294188e-03 2.023453647728969997e-03 2.018634359954544957e-03 2.004759596313793971e-03 1.983435287299570391e-03
2.059544798752096541e-03 2.025089673026848978e-03 1.984395847897617478e-03 1.937456791768806712e-03 1.889421426771854470e-03 1.842012591879501650e-03 1.796093123293970428e-03 1.758994912095477323e-03 1.732299085775207328e-03 1.718244171696262741e-03 1.721249741938036181e-03 1.740550459830557959e-03 1.776911972551554857e-03 1.825364415534953995e-03 1.883485520081004802e-03 1.948182843787189767e-03 2.004996645554480740e-03 2.052199454085720624e-03 2.087679472466398740e-03 2.108983826869480910e-03 2.117406689600465769e-03 2.114936549600980598e-03 2.104984797560487987e-03 2.086700074767182823e-03
2.172816626097739349e-03 2.136052368154988529e-03 2.090888232226804141e-03 2.037717564901925238e-03 1.983340664539167287e-03 1.929630950669398775e-03 1.878341244427441563e-03 1.838262792298036219e-03 1.810573188641274476e-03 1.797416344519431461e-03 1.802795488596652985e-03 1.825901119365378909e-03 1.867758204680387618e-03 1.920529173896977143e-03 1.980576535612135758e-03 2.043944211269581920e-03 2.098744145142628428e-03 2.144969730545325231e-03 2.180724872842193691e-03 2.204281942087057446e-03 2.216961156266671409e-03 2.220502691860267493e-03 2.215293037806386183e-03 2.199720847271979200e-03
2.291643339013280881e-03 2.252595973878315262e-03 2.202987552176467745e-03 2.143679760487806740e-03 2.083124273398527775e-03 2.023276629190628485e-03 1.966352453251945295e-03 1.922602347471740868e-03 1.893227553758600320e-03 1.880054380704163216e-03 1.886669713557327264e-03 1.912442872142752206e-03 1.957956239780238913e-03 2.012504539746456326e-03 2.071936963147160034e-03 2.133134022778136654e-03 2.186779348285037335e-03 2.232886970087291211e-03 2.271091186060190514e-03 2.300389610138419295e-03 2.320813815758247540e-03 2.332027906980064808e-03 2.331393470991492082e-03 2.318366932794679695e-03
2.416469581299415803e-03 2.375261843506817818e-03 2.321475425263527011e-03 2.255945080250975222e-03 2.188832777499567697e-03 2.122691086338009559e-03 2.060034125268104567e-03 2.012101254528734541e-03 1.980124809031053295e-03 1.966737676656562898e-03 1.974475014887016808e-03 2.001548988334830338e-03 2.047254191797983399e-03 2.100268148722442968e-03 2.157522105458885807e-03 2.216164887505998014e-03 2.269310200358753537e-03 2.317513787016793527e-03 2.362015007224179449e-03 2.400262146164024689e-03 2.430165272486640212e-03 2.449713231776034627e-03 2.453967275285716572e-03 2.443292307849512929e-03
2.538118313786964959e-03 2.494746824311618472e-03 2.436922585199403912e-03 2.365396913623797354e-03 2.292100991276247324e-03 2.220260561547093055e-03 2.152483275625446252e-03 2.100526655044899094e-03 2.065702222460870027e-03 2.051535544285440667e-03 2.058874665881323205e-03 2.084476702624006757e-03 2.126825608259114240e-03 2.176232212649842346e-03 2.230982838671632853e-03 2.287975660195848762e-03 2.342612849043777552e-03 2.396463621951150889e-03 2.450579320978221037e-03 2.498584329924101802e-03 2.537302101328246101e-03 2.564612562878688506e-03 2.574001195711634205e-03 2.565416565851118182e-03
2.653085879618838610e-03 2.607408512073101665e-03 2.545404325704321395e-03 2.468394688692543155e-03 2.390079995390257880e-03 2.313705675734916475e-03 2.241491533873190851e-03 2.185713252633385284e-03 2.148242922144927118e-03 2.131891691154293427e-03 2.135820492905154706e-03 2.156938489732257522e-03 2.193980224391922033e-03 2.238889833164572473e-03 2.290247485387362711e-03 2.346466683235437587e-03 2.405238064856395509e-03 2.467378340790958059e-03 2.532575193766543626e-03 2.590629106198266869e-03 2.638452556163746899e-03 2.673542829015864743e-03 2.687809635773524743e-03 2.681058928090144719e-03
2.763119097911172738e-03 2.713798022539604636e-03 2.647230745233599639e-03 2.565603909270550414e-03 2.483260791614615593e-03 2.402795841309789300e-03 2.327206525936452008e-03 2.268403845327930483e-03 2.227360665181620566e-03 2.205707032688351485e-03 2.202513277372027383e-03 2.215839461883120556e-03 2.244791668806692640e-03 2.283737404135137341e-03 2.331693087280856287e-03 2.389720830386607257e-03 2.455716871643472826e-03 2.527917844972389552e-03 2.605066356185558110e-03 2.674412223311720387e-03 2.732962779881591402e-03 2.776958225073752982e-03 2.796597450399146423e-03 2.792373220516170332e-03
2.841825672195642111e-03 2.790193966207751234e-03 2.721351361248814174e-03 2.638372899020193733e-03 2.555118409048340658e-03 2.473132792807376020e-03 2.396628121620458535e-03 2.336267868036253931e-03 2.291394451581159602e-03 2.262802850774047955e-03 2.251069299818332994e-03 2.255590898262944087e-03 2.275428028441682082e-03 2.308161629353652072e-03 2.353924964998089977e-03 2.414513794208660285e-03 2.485947088937100809e-03 2.565102081000326332e-03 2.650872661418615921e-03 2.729231220831968962e-03 2.796607998433439223e-03 2.848582517013665064e-03 2.873507799184966873e-03 2.871921996360816270e-03
2.878661351200001613e-03 2.828138097494744922e-03 2.760439247781833628e-03 2.679818928682253971e-03 2.599653522284750985e-03 2.520147695997916343e-03 2.445275318268505960e-03 2.384452334360525391e-03 2.336843524248551594e-03 2.301885323948297049e-03 2.281659872342683883e-03 2.277424779710305984e-03 2.288538370332689545e-03 2.315795016215651918e-03 2.360101183746275873e-03 2.421687931792853004e-03 2.494696966067777664e-03 2.576944462940219428e-03 2.667203663263756352e-03 2.750169530289645319e-03 2.821967144248059989e-03 2.879202765269849203e-03 2.908383547068715911e-03 2.908405614085045592e-03
2.850634822940495590e-03 2.807476180934288974e-03 2.749622597391745190e-03 2.680181554402378402e-03 2.609881767562198356e-03 2.539191993313693989e-03 2.470744241843382105e-03 2.411886733224854768e-03 2.362436863962792243e-03 2.322197751307619219e-03 2.295176829510191772e-03 2.282906792737033480e-03 2.287299581665079833e-03 2.310917507613765264e-03 2.352702733679300825e-03 2.413018669580351949e-03 2.484200206082505871e-03 2.563328897055624361e-03 2.649472990950153036e-03 2.728155606844842509e-03 2.795482869315497800e-03 2.847877944479964684e-03 2.874632765220618003e-03 2.875754809713737797e-03
2.734290724349237173e-03 2.704532581239205580e-03 2.665005502572080978e-03 2.616279656365081644e-03 2.564271872666459406e-03 2.510384260141747172e-03 2.455905783859983847e-03 2.405296740798596854e-03 2.358754931547688612e-03 2.317887950544242088e-03 2.289047918095470091e-03 2.272744613200125812e-03 2.273206633360895686e-03 2.293318735517733010e-03 2.329813907814603895e-03 2.384660056892489669e-03 2.448455709862711136e-03 2.516099135788059989e-03 2.586652567621818086e-03 2.648572863486470339e-03 2.698950076469560592e-03 2.734051056614518124e-03 2.750583164039681599e-03 2.751182002074401001e-03
2.544801913054018858e-03 2.531569655446729451e-03 2.513494468261592927e-03 2.490146638486219997e-03 2.462631110621106307e-03 2.431745912512136946e-03 2.397454115527154067e-03 2.361328093547420022e-03 2.323928899832180400e-03 2.287761895125719775e-03 2.261523885791609859e-03 2.245608446540086223e-03 2.243580961875449309e-03 2.258648634358169979e-03 2.288315147004107639e-03 2.333554683728543237e-03 2.383229407988531143e-03 2.432652523687807520e-03 2.479652738430915965e-03 2.515620649384073520e-03 2.539857747998141256e-03 2.551810794359355046e-03 2.555602575822017372e-03 2.553160594751325077e-03
2.308006488362375746e-03 2.308252814402099364e-03 2.307374281924903618e-03 2.306355072936545209e-03 2.303159358987147236e-03 2.296124348587656652e-03 2.284393435741697512e-03 2.268244447147749372e-03 2.248626597701682515e-03 2.225499647084614330e-03 2.206905820117435225e-03 2.195566098725990848e-03 2.193180949487407837e-03 2.202363082504414475e-03 2.222282934567460649e-03 2.251957396420449595e-03 2.280890882669861508e-03 2.306567974107289441e-03 2.325337726075600922e-03 2.332444648554810041e-03 2.329954522862055701e-03 2.321801238894209175e-03 2.315623963738118549e-03 2.310035196525860902e-03
2.085629186252230954e-03 2.092532242270999515e-03 2.100820575915457455e-03 2.112025726905067402e-03 2.122642206436963115e-03 2.129969978524058442e-03 2.133260354828129656e-03 2.133089990778254917e-03 2.130399793189019075e-03 2.122801311526286653e-03 2.114682921469234356e-03 2.109895865445055984e-03 2.109396600998666559e-03 2.114286407696789900e-03 2.123975921183416608e-03 2.137281029265327131e-03 2.146727012502124953e-03 2.151006409940231078e-03 2.146938218061682137e-03 2.134541033430356789e-03 2.117002058418846356e-03 2.099536392050150094e-03 2.089400533640244344e-03 2.083798217271456456e-03
1.872406819408689842e-03 1.884059256263418032e-03 1.899607106886445429e-03 1.918292950617369805e-03 1.935141638300337747e-03 1.949252207543797528e-03 1.960562877331146862e-03 1.969949131822064468e-03 1.977764580086378583e-03 1.983220194786630350e-03 1.987050502460281469e-03 1.990289372623946576e-03 1.993266202397858938e-03 1.995570840812735305e-03 1.996737173758578437e-03 1.996408347363613431e-03 1.990130508140565760e-03 1.976775892132119107e-03 1.955333554192941175e-03 1.930596177470777575e-03 1.905172268160208997e-03 1.882876839924465390e-03 1.870583724308652650e-03 1.866769184831242653e-03
1.668641583148066732e-03 1.684410262530233997e-03 1.705525838119544306e-03 1.729186590951586455e-03 1.748952415657338208e-03 1.765478329411534087e-03 1.778770677222149934e-03 1.790759236668004045e-03 1.802080921934060736e-03 1.815178341880313963e-03 1.828862151336595058e-03 1.840293293052851957e-03 1.848343990759669523e-03 1.850187610578308281e-03 1.846009717485273469e-03 1.835455694441144288e-03 1.816982657885628976e-03 1.790430930338048543e-03 1.757144164202447409e-03 1.725413233007133630e-03 1.696658108857498513e-03 1.673121208371774549e-03 1.660774166551315769e-03 1.659365111778341676e-03
1.474305986979291237e-03 1.494769107679657033e-03 1.520971953322243064e-03 1.550382398389259838e-03 1.575100085438334643e-03 1.595023687506466354e-03 1.609777719452050188e-03 1.623101716961586078e-03 1.636617677072178204e-03 1.653203799886855761e-03 1.671476845961900439e-03 1.688097535379708830e-03 1.700538496867720064e-03 1.702651561264296662e-03 1.694914710121454100e-03 1.676065447775323351e-03 1.647361964566450981e-03 1.610486152938888065e-03 1.567628693936328702e-03 1.529302755264340397e-03 1.496822045114418794e-03 1.472570986962874143e-03 1.461099490494428268e-03 1.461539768794345873e-03
1.289088672089023190e-03 1.313954001096875835e-03 1.344951883782026557e-03 1.379742442879436240e-03 1.408965068873383212e-03 1.431839435856999219e-03 1.448412318366418131e-03 1.464233010195821298e-03 1.481104501407134360e-03 1.500383872818089820e-03 1.520493990711420168e-03 1.539552063030301919e-03 1.554931660575197255e-03 1.557163078901569169e-03 1.545716179060777420e-03 1.519335389399445761e-03 1.482079974158961259e-03 1.436558593073161217e-03 1.385252928943555987e-03 1.340898443652973606e-03 1.305258608360846187e-03 1.280694713033407031e-03 1.270334942038745972e-03 1.272860733533327402e-03
1.110469576070440912e-03 1.139796539351029979e-03 1.175610677850517146e-03 1.214917628103933268e-03 1.247789053821490466e-03 1.273909873038229969e-03 1.294184890893096147e-03 1.314251365744240237e-03 1.335083578572100315e-03 1.357015775787107558e-03 1.378271638132942461e-03 1.397924812780400533e-03 1.413723973634238096e-03 1.414989591002379808e-03 1.400413147749378362e-03 1.367891273370903807e-03 1.322975967732502095e-03 1.269621267960352982e-03 1.210969561400088634e-03 1.161194485920168627e-03 1.121878200131113485e-03 1.095824314185162929e-03 1.085989419190080095e-03 1.090555435362878557e-03
9.369968353022383465e-04 9.699618486562432400e-04 1.009730451577268984e-03 1.052752000756174101e-03 1.089422958428390735e-03 1.120092788648202999e-03 1.145934333385320580e-03 1.170951022018151778e-03 1.195304489036457928e-03 1.219690887783022063e-03 1.242129422196973365e-03 1.261263673581903893e-03 1.274868965224802610e-03 1.273167652221416811e-03 1.255125196316673585e-03 1.217839755818910571e-03 1.167047727941155754e-03 1.107563086779414160e-03 1.043558358904529563e-03 9.898612399789636501e-04 9.472417686526935030e-04 9.186299334822140700e-04 9.080608643712649152e-04 9.139496160645971777e-04
7.707065576508010957e-04 8.058400411814167254e-04 8.480935286271756293e-04 8.945426727188156724e-04 9.359087342169870654e-04 9.720231473111687164e-04 1.003763194366325950e-03 1.033498475781127052e-03 1.061141575990161854e-03 1.086975786689114033e-03 1.108815835012560156e-03 1.125650004976341996e-03 1.135483986654738878e-03 1.129442019931320733e-03 1.106559828026330893e-03 1.065257301395812180e-03 1.011455234600273749e-03 9.487073353705100312e-04 8.816598851471201198e-04 8.257946373865686840e-04 7.816258951337444558e-04 7.510030243441272787e-04 7.390396937174340116e-04 7.455910935314224997e-04
6.130482848523107278e-04 6.487569302344826580e-04 6.922371524117011590e-04 7.412721960066812228e-04 7.871595340928292652e-04 8.292150797385658021e-04 8.673392289283462890e-04 9.013418972108412685e-04 9.312593271178188714e-04 9.569622879389742083e-04 9.762198063268748022e-04 9.884174552093475449e-04 9.915609893796568149e-04 9.789728786235214232e-04 9.504215247429174257e-04 9.057135870887753201e-04 8.514944601901214185e-04 7.901726162057008413e-04 7.249664478050426783e-04 6.697485821857483528e-04 6.259248357441558799e-04 5.953366705601772840e-04 5.829419104851945232e-04 5.885517013897568041e-04
4.774138673997790558e-04 5.113511417167345427e-04 5.540467242404203355e-04 6.035919761871566102e-04 6.521119967306444496e-04 6.988904577124642557e-04 7.427234302254427656e-04 7.799352890979967820e-04 8.105047548467719798e-04 8.342710850235574580e-04 8.491163821214546157e-04 8.544954227530410533e-04 8.486007074730063122e-04 8.282492810835464982e-04 7.941876579640376552e-04 7.464454903961039193e-04 6.929329754983237733e-04 6.362571933619325755e-04 5.779902842874587139e-04 5.281325651607758761e-04 4.884453346433132804e-04 4.616384249676262481e-04 4.512794314924528389e-04 4.558477204381500563e-04
3.668177137213618185e-04 3.965097376206707280e-04 4.359468011383940038e-04 4.840699297678806908e-04 5.338318487831265934e-04 5.839424411154481515e-04 6.322683742167354648e-04 6.716484821951522466e-04 7.018290423015284421e-04 7.223505936729236136e-04 7.312083146429729274e-04 7.281933921858286521e-04 7.124447675036603552e-04 6.842740604151408956e-04 6.446462029909920920e-04 5.942956268300646347e-04 5.423973316404891772e-04 4.912752190594584000e-04 4.425431660535725795e-04 4.023291791969776671e-04 3.710620503811214404e-04 3.508510547229543638e-04 3.438735590885702185e-04 3.487460773163826100e-04
2.862499550832151821e-04 3.093814559664023419e-04 3.421347368366760527e-04 3.864113905982571049e-04 4.363862758158621531e-04 4.882160857735089849e-04 5.393324289014901759e-04 5.796819437324281102e-04 6.084819013469043580e-04 6.240985766073885860e-04 6.251927626517692115e-04 6.129517823302061850e-04 5.875297406487256643e-04 5.519603272625226310e-04 5.071006670506354513e-04 4.548223180485435734e-04 4.049542225907248362e-04 3.589011367531923322e-04 3.200504753636577255e-04 2.924933863576237975e-04 2.742061708858797571e-04 2.646359914501001222e-04 2.634644933121695802e-04 2.711383957243752299e-04
2.241785799783577464e-04 2.439402766467242993e-04 2.720905026278382815e-04 3.133085246815683639e-04 3.633858418537773134e-04 4.162403537332169928e-04 4.691031764067984684e-04 5.096220979763168863e-04 5.364485983887935100e-04 5.467625470269583520e-04 5.404428907966722390e-04 5.202694092838247835e-04 4.867299279831400734e-04 4.448077012063792282e-04 3.956759882294052719e-04 3.418430704181860797e-04 2.931809727703424493e-04 2.504720889191129683e-04 2.176808394886605152e-04 1.986969654489299179e-04 1.908526264990733311e-04 1.918011557055179935e-04 1.976229836143755770e-04 2.093582540079226431e-04
1.717694533049721195e-04 1.930287882724570562e-04 2.214434018783501923e-04 2.619533868361704544e-04 3.119668826729264503e-04 3.656798431841022309e-04 4.199514427757580120e-04 4.601306191188622979e-04 4.844745103643442481e-04 4.898605799446517119e-04 4.773859285336179252e-04 4.505387929234054307e-04 4.099001920214418674e-04 3.624029447960547636e-04 3.097769719959254215e-04 2.544053977366546749e-04 2.062033296790056569e-04 1.660926795942988129e-04 1.363984185919559151e-04 1.208088806763641635e-04 1.182285394062306401e-04 1.269544227174209132e-04 1.394657464402735444e-04 1.549585545823689494e-04
1.177001061608102465e-04 1.459337417797580065e-04 1.816943778214202940e-04 2.269854694310232106e-04 2.788636830054812906e-04 3.343444521985397175e-04 3.899272627391089886e-04 4.298575971040351760e-04 4.523844637233568168e-04 4.547158937938395717e-04 4.380575875242549927e-04 4.056034137874278645e-04 3.587858805873892225e-04 3.065748269389438575e-04 2.505276911763290159e-04 1.934055702084121805e-04 1.450774421817112975e-04 1.060718695695316775e-04 7.713447574725427851e-05 6.063352949872820254e-05 5.661283037652195055e-05 6.478682253409809668e-05 7.861488977555865546e-05 9.620238254880845194e-05
5.935546717367602264e-05 9.463515025612017262e-05 1.394185280042306010e-04 1.928908084699286225e-04 2.497890713087940915e-04 3.091738016874323028e-04 3.678710927064762055e-04 4.102183668853546790e-04 4.341686719632444004e-04 4.373014807248405971e-04 4.198215386808203998e-04 3.842176215500477695e-04 3.328543355402328006e-04 2.768259951025689967e-04 2.174660988464105840e-04 1.580371591193597560e-04 1.082728123763012214e-04 6.815509175459430653e-05 3.839312787737251268e-05 1.891646605296652659e-05 8.992490761019651725e-06 8.736011186989593258e-06 1.716796179827865469e-05 3.384717823189656365e-05
7.186314788418749356e-06 4.717293379455029850e-05 9.863994170929995154e-05 1.598585902518604362e-04 2.232463723364770496e-04 2.880045338820388543e-04 3.520130500836612638e-04 3.997012835033557474e-04 4.279990464666772734e-04 4.349517863543906097e-04 4.197632939790784659e-04 3.841227188975038969e-04 3.301826563426313310e-04 2.711618962020431473e-04 2.093141065386352226e-04 1.471350846936677486e-04 9.422312543039221028e-05 5.128186299529861463e-05 1.874448421620568097e-05 -5.898189074074223472e-06 -2.391573642575574131e-05 -3.474315602838042434e-05 -3.379796275124569789e-05 -2.011766336124250730e-05
-2.963200602750727295e-05 1.198680860080300419e-05 6.588129102761200451e-05 1.316123317905851318e-04 2.006977331119895783e-04 2.707492051949155626e-04 3.402595097418140081e-04 3.948535300184594825e-04 4.312467987443263607e-04 4.458214653986825905e-04 4.356154290491218964e-04 4.032591732389077528e-04 3.500392111114046848e-04 2.896035837813367873e-04 2.252151251435810628e-04 1.600697549421259999e-04 1.037613657446700218e-04 5.629200199645754683e-05 1.720961542014525511e-05 -1.549577723975571015e-05 -4.204212212439831681e-05 -6.147014734063840761e-05 -6.680822114559646543e-05 -5.669173818479015988e-05
-3.365247039444983469e-05 7.700397845154502744e-06 6.094279742006707812e-05 1.263223525576177581e-04 1.958770708374519068e-04 2.667053305587880805e-04 3.373634923052324167e-04 3.957755407075038475e-04 4.393597767255692310e-04 4.628580863898536235e-04 4.599775399760672005e-04 4.338786082123553258e-04 3.854515686024060240e-04 3.270784892788393015e-04 2.619964487821738750e-04 1.951810204305801338e-04 1.363526340922841440e-04 8.377585973852436736e-05 3.618503900624828423e-05 -4.992698061116966065e-06 -3.801598308604314845e-05 -6.145665455921356900e-05 -6.912633817669514512e-05 -6.039040401316012182e-05
-8.234748319979254532e-06 3.208185971194226773e-05 8.390186261598154270e-05 1.463219086963633646e-04 2.119002108901113372e-04 2.790595252053418491e-04 3.470029631108658623e-04 4.059536106023465380e-04 4.534493848761939321e-04 4.855561841224228180e-04 4.926502498248599851e-04 4.754577642880997526e-04 4.348272169507668024e-04 3.818747029633768903e-04 3.194570979374775598e-04 2.525450900035222830e-04 1.909856463302652568e-04 1.330904011768370995e-04 7.744852349047563951e-05 2.892425661352399855e-05 -9.450153953807844862e-06 -3.555377339195594247e-05 -4.398148483593351750e-05 -3.505251748364229093e-05
