1.058074200583824060e-19
-1.250179264586779605e-07
-2.500427291126411750e-07
-3.750990988200166469e-07
-4.998774161440007861e-07
-6.249696000086540252e-07
-7.497590364286309202e-07
-8.748402160802276322e-07
-9.998989461992015442e-07
-1.124657755325596470e-06
-1.249729282660295849e-06
-1.374822227835837928e-06
-1.499617738824271456e-06
-1.624713319134502285e-06
-1.749499923453071757e-06
-1.874591429789836149e-06
-1.999378561424946604e-06
-2.124462536904899903e-06
-2.249249947950429009e-06
-2.374341126735347179e-06
-2.499434675484340480e-06
-2.624222478814289425e-06
-2.749310786275738909e-06
-2.874108605719967756e-06
-2.999202963792320407e-06
-3.123985497999975633e-06
-3.249080777441051313e-06
-3.373885677963088776e-06
-3.498988960170761478e-06
-3.623790999349584470e-06
-3.748897079896681682e-06
-3.873699574711364747e-06
-3.998799065640398456e-06
-4.123601208110168428e-06
-4.248707817418343175e-06
-4.373510302949855152e-06
-4.498619104100820066e-06
-4.623713735939722749e-06
-4.748507678361703022e-06
-4.873605472433543401e-06
-4.998409243200737533e-06
-5.123511169995783278e-06
-5.248316127393600072e-06
-5.373431452920762336e-06
-5.498243871025374293e-06
-5.623356369681199818e-06
-5.748172010912660404e-06
-5.872984742180581767e-06
-5.998094933946769752e-06
-6.122907631520652209e-06
-6.248007490255093292e-06
-6.372799352221176795e-06
-6.497902284946684148e-06
-6.622716882757458543e-06
-6.747831995359256449e-06
-6.872638730240026005e-06
-6.997738050777622514e-06
-7.122539683596668696e-06
-7.247640516008471050e-06
-7.372436333662103108e-06
-7.497533635731682241e-06
-7.622329421258552314e-06
-7.747435379993742702e-06
-7.872239853584166679e-06
-7.997339353313197624e-06
-8.122139295142892393e-06
-8.247235412069902794e-06
-8.372023611480694424e-06
-8.497114059510517555e-06
-8.622207027161035768e-06
-8.746995565175092900e-06
-8.872077498626696433e-06
-8.996852815209608294e-06
-9.121921149995395239e-06
-9.246700360851852092e-06
-9.371769282597688423e-06
-9.496524816335355450e-06
-9.621577652895748519e-06
-9.746623089836648531e-06
-9.871363489079250158e-06
-9.996404634874862420e-06
-1.012144046704216501e-05
-1.024617958213015518e-05
-1.037120595474677316e-05
-1.049621378189437393e-05
-1.062090877525887232e-05
-1.074590507561789591e-05
-1.087089994075368543e-05
-1.099559240116111084e-05
-1.112056382826534531e-05
-1.124552421396567919e-05
-1.137046047637854411e-05
-1.149539211438019504e-05
-1.162001474115046326e-05
-1.174490007945204619e-05
-1.186978615517833444e-05
-1.199466746062283077e-05
-1.211953073381882184e-05
-1.224435603952935950e-05
-1.236914742376449007e-05
-1.249388109874500420e-05
-1.261859760748383717e-05
-1.274356239105657407e-05
-1.286816758785384155e-05
-1.299274277649115235e-05
-1.311761951038659032e-05
-1.324215053006908141e-05
-1.336660065379991567e-05
-1.349127515074558865e-05
-1.361583148608071484e-05
-1.374032113057716631e-05
-1.386472085970880306e-05
-1.398901391103461102e-05
-1.411327311728307062e-05
-1.423744085542291330e-05
-1.436148592878721912e-05
-1.448565766337140480e-05
-1.460930400547197529e-05
-1.473299953491798934e-05
-1.485680837621212298e-05
-1.498019069912413224e-05
-1.510347442525087949e-05
-1.522652672131101999e-05
-1.534919368709041908e-05
-1.547170598961444029e-05
-1.559409232104139271e-05
-1.571582036739068572e-05
-1.583751736588799946e-05
-1.595857201052977494e-05
-1.607912003315795647e-05
-1.619945719282470114e-05
-1.631894795181262279e-05
-1.643794107435599388e-05
-1.655589462583438468e-05
-1.667338176296116980e-05
-1.678973889491908433e-05
-1.690529872669842228e-05
-1.701972234387276001e-05
-1.713304569255361592e-05
-1.724527964696774779e-05
-1.735591299830858687e-05
-1.746535052628268877e-05
-1.757300013992136169e-05
-1.767924311634763184e-05
-1.778392655141026842e-05
-1.788656375037129349e-05
-1.798715971497745537e-05
-1.808565714200194741e-05
-1.818181812099840431e-05
-1.827553064473467950e-05
-1.836676123541544864e-05
-1.845561899887366837e-05
-1.854171596498776722e-05
-1.862488685714419322e-05
-1.870476654135700290e-05
-1.878129103314942513e-05
-1.885467082424285040e-05
-1.892522299365602739e-05
-1.899310638003491402e-05
-1.905796854204113523e-05
-1.911903313687623966e-05
-1.917645824349183174e-05
-1.923010889768204395e-05
-1.928022299846874238e-05
-1.932732617837802858e-05
-1.937131448507037177e-05
-1.941065227457264405e-05
-1.944440331669085138e-05
-1.947427577351419658e-05
-1.949930037686750097e-05
-1.951957446208696335e-05
-1.953536121031171732e-05
-1.954614966128247064e-05
-1.954995241297004900e-05
-1.954776791186933746e-05
-1.954125904345474507e-05
-1.952968532000320229e-05
-1.951195438229762750e-05
-1.948878748003158583e-05
-1.945990744698970033e-05
-1.942403171829185446e-05
-1.938440880168089793e-05
-1.934258585207218926e-05
-1.929506109961494820e-05
-1.924156670108475491e-05
-1.918479730411436392e-05
-1.912208005323296097e-05
-1.905618199457530254e-05
-1.899058793381150508e-05
-1.892079661952075743e-05
-1.884497685164558477e-05
-1.876516564811777510e-05
-1.867973632354403635e-05
-1.859020775545617952e-05
-1.849921934781070438e-05
-1.840288591959993213e-05
-1.830028737947119003e-05
-1.818790233395739441e-05
-1.807042026795764334e-05
-1.794978128663318143e-05
-1.782333274128680299e-05
-1.769183914384848049e-05
-1.755376084038899883e-05
-1.740107279094056731e-05
-1.725147197040963158e-05
-1.709834356711725182e-05
-1.693538239758406996e-05
-1.677997725331100575e-05
-1.661762933422892912e-05
-1.644310425727524912e-05
-1.627493788523794841e-05
-1.610093582573906008e-05
-1.593010696844753582e-05
-1.577047495997742471e-05
-1.560504914979326835e-05
-1.544311327477703423e-05
-1.528922127966112095e-05
-1.513511353937306320e-05
-1.498378772167187272e-05
-1.483948227965765137e-05
-1.469992420237260046e-05
-1.456223507242040051e-05
-1.442657409928879613e-05
-1.428922714415073599e-05
-1.415393066622160689e-05
-1.401905513042349681e-05
-1.387815800746216763e-05
-1.374852286562516536e-05
-1.362478343976139552e-05
-1.349530105243996267e-05
-1.336208259931704318e-05
-1.323246828372347220e-05
-1.311241717873920848e-05
-1.298535551801445039e-05
-1.286421382170066021e-05
-1.274623856517148951e-05
-1.262026754277842275e-05
-1.248862124842471095e-05
-1.235985291663673829e-05
-1.224773111194474450e-05
-1.213049826470022668e-05
-1.199756179936005606e-05
-1.185872363017846732e-05
-1.173154102727596344e-05
-1.161388693267978155e-05
-1.149166406302218739e-05
-1.136671497330531128e-05
-1.123655714910373740e-05
-1.111633590637561782e-05
-1.100586904706313360e-05
-1.089369271912173975e-05
-1.077970186291790385e-05
-1.067261994713880979e-05
-1.057030028365243614e-05
-1.047148675324573712e-05
-1.037508943661595325e-05
-1.028833020656875035e-05
-1.019630375702974449e-05
-1.010253510615052402e-05
-1.001833778423496283e-05
-9.948134623515250577e-06
-9.880864025346768479e-06
-9.800190227962811353e-06
-9.722350335965003693e-06
-9.656936015139259540e-06
-9.600576722327749319e-06
-9.541320571291230047e-06
-9.481400894018400559e-06
-9.422405543619811360e-06
-9.368230256981574815e-06
-9.316758112721932093e-06
-9.267822563656000993e-06
-9.223753572061965786e-06
-9.172141153917640259e-06
-9.123202191484772376e-06
-9.076057708324941024e-06
-9.033899904891991436e-06
-8.998050144323512238e-06
-8.963096973559450572e-06
-8.932123519733329653e-06
-8.900355364707515421e-06
-8.866832359643720188e-06
-8.838259393093314358e-06
-8.820699600006036298e-06
-8.804125102068148794e-06
-8.777777887825084617e-06
-8.744276417412491254e-06
-8.714625800873295158e-06
-8.692718342781499333e-06
-8.673494075785993898e-06
-8.649447425533278517e-06
-8.620300276385386458e-06
-8.592905796989821300e-06
-8.566725636470264116e-06
-8.542939583246962721e-06
-8.519425149593569112e-06
-8.492445779090079772e-06
-8.462829780367214750e-06
-8.433389715579791166e-06
-8.404923484060712618e-06
-8.375679813519725498e-06
-8.348611312477957345e-06
-8.324640624367271656e-06
-8.298815760784522397e-06
-8.268165681034217812e-06
-8.239315756876181913e-06
-8.221316919273714913e-06
-8.203903147148748311e-06
-8.178221349330671653e-06
-8.149300128407142152e-06
-8.125862113863063563e-06
-8.114016452856649008e-06
-8.103091165705308670e-06
-8.083513524838382324e-06
-8.059204994892046786e-06
-8.035895907985502593e-06
-8.016893017130691078e-06
-7.997857484727398486e-06
-7.972395422903661986e-06
-7.944990097230748003e-06
-7.918686405716632873e-06
-7.892091981086545409e-06
-7.868469561898737682e-06
-7.848210684671208274e-06
-7.826541629092988623e-06
-7.803410124045950260e-06
-7.777873209450429474e-06
-7.756952481350056178e-06
-7.743643024402832001e-06
-7.729015615410564098e-06
-7.711265205097709552e-06
-7.692304322274571058e-06
-7.672114295345984654e-06
-7.655157171046687352e-06
-7.640816615005347737e-06
-7.626952653213447302e-06
-7.610504066331163996e-06
-7.586097221585557336e-06
-7.560696812044239011e-06
-7.539873488031217377e-06
-7.522360395587464549e-06
-7.509148432964185393e-06
-7.492354375109227255e-06
-7.468306613713699254e-06
-7.446900792139505612e-06
-7.431145053022030210e-06
-7.418377923910948838e-06
-7.402033085322726411e-06
-7.384381196612136262e-06
-7.367864305667748908e-06
-7.347710519686586814e-06
-7.326049716021678287e-06
-7.312781991545332619e-06
-7.303124788410640867e-06
-7.286050303532054679e-06
-7.265660478832334119e-06
-7.250208262341205370e-06
-7.240437499703965624e-06
-7.228589632071001055e-06
-7.214648271455877164e-06
-7.203883577503717579e-06
-7.191072227525592211e-06
-7.178591011502744417e-06
-7.176330372642083021e-06
-7.177834544267724316e-06
-7.173358024088523405e-06
-7.163916541892270331e-06
-7.161126988972840204e-06
-7.171813957912798501e-06
-7.182611296784841203e-06
-7.191183485258332329e-06
-7.199802694088179420e-06
-7.202485442857308720e-06
-7.207524589416911489e-06
-7.219544612329564130e-06
-7.232079467683900249e-06
-7.241220965085493516e-06
-7.244839645941373145e-06
-7.249940704754271074e-06
-7.264119957306316670e-06
-7.279611610489593638e-06
-7.294709558305485776e-06
-7.307277657841535764e-06
-7.321770807927348206e-06
-7.339193421978951266e-06
-7.359258150301564921e-06
-7.380117431451707521e-06
-7.398631296321160808e-06
-7.410672489907168568e-06
-7.424697513860413543e-06
-7.438573344870399301e-06
-7.453826800214302215e-06
-7.467294796230368218e-06
-7.474502030561094238e-06
-7.477727939375418786e-06
-7.483943436358276357e-06
-7.491137727071551735e-06
-7.500627248153503944e-06
-7.509816446412525607e-06
-7.515193507266759382e-06
-7.518872232271110032e-06
-7.518882235030013931e-06
-7.526277730794379417e-06
-7.537669489246366755e-06
-7.546200669810429742e-06
-7.553730328991570751e-06
-7.555653412298017868e-06
-7.553998546537416602e-06
-7.555613202568977818e-06
-7.562203272935900471e-06
-7.564341970400543388e-06
-7.557049992470011700e-06
-7.546237228955378417e-06
-7.541086364691488664e-06
-7.541491557026359981e-06
-7.536871357283103785e-06
-7.528326056589147898e-06
-7.521212129886340717e-06
-7.518139088328080829e-06
-7.517856921124294841e-06
-7.514728077278046523e-06
-7.510913718317743607e-06
-7.506393833688512219e-06
-7.501122770178314273e-06
-7.502680698804855197e-06
-7.502952463344671288e-06
-7.500364934619526112e-06
-7.491993054327777202e-06
-7.480837054948733193e-06
-7.479838249605871751e-06
-7.481340662342763914e-06
-7.479258277597111498e-06
-7.472394197209959816e-06
-7.466199602592979621e-06
-7.468448657624497211e-06
-7.474457320358039498e-06
-7.477627024366631410e-06
-7.479020024256338103e-06
-7.479477066940969485e-06
-7.481607380992479260e-06
-7.488474152044360604e-06
-7.497732031595206724e-06
-7.505121641887380922e-06
-7.511341406850449922e-06
-7.520033612624506757e-06
-7.534728665026022705e-06
-7.554093443747465340e-06
-7.570436792943659953e-06
-7.583906551694933864e-06
-7.598751551558139761e-06
-7.617142576350789967e-06
-7.636855114274714078e-06
-7.654947842649679227e-06
-7.669077189221166365e-06
-7.679196951422337985e-06
-7.689494992780537757e-06
-7.704177446834752237e-06
-7.717630302416902456e-06
-7.719613930348516033e-06
-7.713834762103532252e-06
-7.715298719338310642e-06
-7.719223052119450186e-06
-7.714817665226167371e-06
-7.702438445354056973e-06
-7.693656698562501841e-06
-7.686822250552626174e-06
-7.677347762968690168e-06
-7.663081074704308860e-06
-7.641928068935573525e-06
-7.621782298620154721e-06
-7.606855144952773877e-06
-7.589918080811375721e-06
-7.561714880569682742e-06
-7.528994213197466579e-06
-7.509253874525099026e-06
-7.494300461775142989e-06
-7.470307302908967032e-06
-7.443780673767646771e-06
-7.425474121876528254e-06
-7.414987539300113044e-06
-7.404117533326413404e-06
-7.390132854616512657e-06
-7.380616665943483639e-06
-7.371929643749883932e-06
-7.361988258209911237e-06
-7.356763416072464388e-06
-7.351926888405662704e-06
-7.343843916858451328e-06
-7.334959301003082918e-06
-7.327945703602300617e-06
-7.325484750917330276e-06
-7.325605726185015313e-06
-7.323492503674000072e-06
-7.319685642119267950e-06
-7.318183933736971744e-06
-7.319734598728152637e-06
-7.325670481339993919e-06
-7.333570857317922833e-06
-7.339261327003301925e-06
-7.345257739404918926e-06
-7.355108051656887371e-06
-7.369535558401954343e-06
-7.385431628967771996e-06
