0.000000000000000000e+00
2.502014060500779280e+01
5.002129488932617107e+01
7.502374181151807875e+01
1.000018897889203657e+02
1.250064375989367278e+02
1.500099485765855150e+02
1.750150475450071212e+02
2.000194992931506022e+02
2.250013499108061694e+02
2.500074886930833316e+02
2.750136126904087632e+02
3.000205750382838232e+02
3.250033647984629397e+02
3.500105057968476103e+02
3.750183588386548763e+02
4.000024401643188412e+02
4.250103946840639537e+02
4.500191462863413676e+02
4.750036955222043957e+02
5.000128963622619835e+02
5.250222389246561079e+02
5.500080919928883532e+02
5.750179470439538818e+02
6.000042603571389463e+02
6.250147712139614669e+02
6.500018063235472709e+02
6.750127588247015638e+02
7.000002662273528813e+02
7.250122361601290777e+02
7.500000857208370917e+02
7.750123906837374079e+02
8.000013336600512730e+02
8.250143102058088971e+02
8.500032791440867186e+02
8.750168061320403012e+02
9.000055082469099261e+02
9.250094173607495804e+02
9.500166822068301826e+02
9.750048930843781818e+02
1.000008430384609255e+03
1.025015974222780642e+03
1.050001898406552982e+03
1.075007439085072292e+03
1.100005066319475191e+03
1.125001658938671426e+03
1.150014853479504836e+03
1.175005627763425991e+03
1.200001625642704084e+03
1.225013519714821541e+03
1.250005665494539244e+03
1.275004611791271600e+03
1.300010451078139567e+03
1.325005650511131762e+03
1.350002019640019398e+03
1.375019226531709137e+03
1.400004275732861061e+03
1.425018846854958838e+03
1.450005995713914217e+03
1.475005539733265323e+03
1.500001218270874006e+03
1.525003815118595867e+03
1.550009696781299681e+03
1.575014962622896292e+03
1.600008680944629759e+03
1.625001621632089837e+03
1.650001875795194564e+03
1.675003573760106974e+03
1.700000985173854133e+03
1.725015556786252773e+03
1.750008858361131615e+03
1.775011217650926483e+03
1.800007016551367315e+03
1.825001680493396634e+03
1.850006820069524792e+03
1.875012031261109769e+03
1.900016268369694899e+03
1.925007731134137202e+03
1.950008441884825061e+03
1.975012304973218306e+03
2.000006085556431344e+03
2.025013076954206554e+03
2.050019794981338691e+03
2.075018822714433554e+03
