1.224256874559084859e-07
9.861766392506189878e-08
1.441431168549336930e-07
1.808876140415936597e-07
2.063147586989695239e-07
2.411856592579202954e-07
2.778585709993954623e-07
3.152166543377591772e-07
3.565335770172687608e-07
4.011603148434524871e-07
4.502905410556285128e-07
5.048681823202442215e-07
5.651498206822220248e-07
6.327030469901327373e-07
7.081769523002291212e-07
7.919133245310841946e-07
8.858300988728746221e-07
9.907525147845693645e-07
1.107109535142689396e-06
1.237497594050310757e-06
1.383061508255563038e-06
1.544388739763387497e-06
1.725047698593845501e-06
1.926609975420846394e-06
2.149885890808737962e-06
2.399759625078518954e-06
2.678376883905634659e-06
2.986849830987256347e-06
3.331843198834695293e-06
3.716280702742548450e-06
4.141683723716336629e-06
4.617130193702094556e-06
5.146598515145355725e-06
5.732167255838191040e-06
6.386184449714756649e-06
7.114054977718818253e-06
7.918616129974669209e-06
8.816634996551569962e-06
9.815439352153633668e-06
1.091889489053333394e-05
1.214972295725122750e-05
1.351783742956852314e-05
1.502849812498890139e-05
1.671242781342484150e-05
1.858300163528905666e-05
2.064737148239424426e-05
2.294694284570596547e-05
2.549968043530700059e-05
2.831527433066501873e-05
3.144926545570444544e-05
3.492566795807121435e-05
3.875752119154450732e-05
4.301901851249243820e-05
4.774216958438754621e-05
5.294444667457590755e-05
5.872474083806439955e-05
6.512563198571111615e-05
7.217056302138325386e-05
7.999099375800776640e-05
8.864327727517724962e-05
9.815885733058016304e-05
1.087113946312678593e-04
1.203748427397744592e-04
1.331909886189864970e-04
1.473873167849353504e-04
1.630602036147957333e-04
1.802644474272978151e-04
1.992963846029307585e-04
2.202813686638809584e-04
2.432908627909616782e-04
2.687104800636369757e-04
2.967032021373297644e-04
3.273626650269780805e-04
3.611899165108891415e-04
3.983957000810393195e-04
4.391030122460967016e-04
4.839581508485140088e-04
5.332305804757417897e-04
5.870800410822796375e-04
6.463309542854005652e-04
7.113247308356036728e-04
7.822649608279010373e-04
8.601961616888679444e-04
9.455507529890622414e-04
1.038586111620444855e-03
1.140627243520166883e-03
1.252223923735808556e-03
1.373704311552599372e-03
1.506752758926890824e-03
1.652065992798064332e-03
1.810065952861200341e-03
1.982881146925477133e-03
2.171383552492457854e-03
2.376111267328657670e-03
2.599720550482643652e-03
2.843289101566543516e-03
3.107489948047867379e-03
3.395604424255168306e-03
3.708958871475693739e-03
4.048383517411232799e-03
4.417921968598747216e-03
4.819210430968700817e-03
5.253273807225389107e-03
5.725104615645878851e-03
6.236721635360695237e-03
6.789401640885613272e-03
7.389297316224261586e-03
8.038877236879871449e-03
8.739734160545829106e-03
9.499368758078876804e-03
1.032075100940404305e-02
1.120583500502978468e-02
1.216362176029099282e-02
1.319764049255026279e-02
1.431023008978052000e-02
1.551209360163857340e-02
1.680742745878121072e-02
1.819900640792662672e-02
1.969958971120481725e-02
2.131419518705717289e-02
2.304615860971316599e-02
2.491072779409553295e-02
2.691385876518976109e-02
2.905959446346502439e-02
3.136595121473351871e-02
3.383984946716334097e-02
3.648610044464652841e-02
3.932557139236169536e-02
4.236616647150782261e-02
4.561345480291807697e-02
4.909130655414804811e-02
5.280873053425992614e-02
5.677210392758220980e-02
6.100870596381316457e-02
6.552883522529992510e-02
7.033982754339143662e-02
7.547285961948690947e-02
8.093965871959742098e-02
8.674866627260920116e-02
9.293530763425249253e-02
9.951281791795060783e-02
1.064908187516840216e-01
1.139092180372846819e-01
1.217828348533913363e-01
1.301224988987247089e-01
1.389728510942272732e-01
1.483504233995716071e-01
1.582672744479352023e-01
1.687732340745308202e-01
1.798868203910938268e-01
1.916214272165002730e-01
2.040329761182776702e-01
2.171424147627792900e-01
2.309647963232044632e-01
2.455633751706444712e-01
2.609619163461324165e-01
2.771776155722360246e-01
2.942819571531238299e-01
3.123015352627524499e-01
3.312560581207707466e-01
3.512250950498555513e-01
3.722375875482978325e-01
3.943158273409542725e-01
4.175459792637697953e-01
4.419583671397209756e-01
4.675775547013545919e-01
4.944933416349227562e-01
5.227360338210991220e-01
5.523315662643208945e-01
5.833693008831714044e-01
6.158781037298967087e-01
6.498837658109200000e-01
6.854716366057164167e-01
7.226685125440688306e-01
7.614986348373700142e-01
8.020424183046218625e-01
8.443251188074325508e-01
8.883692773547801069e-01
9.342524169710295645e-01
9.819990311723355569e-01
1.031631340361603089e+00
1.083225867514499674e+00
1.136805651901708902e+00
1.192393994765262200e+00
1.250063455630373133e+00
1.309832784854133791e+00
1.371725314724490330e+00
1.435800891974494453e+00
1.502071149316386522e+00
1.570554992579590747e+00
1.641292503799771874e+00
1.714289935193564540e+00
1.789556902969390961e+00
1.867121822321394120e+00
1.946995170536708120e+00
2.029178675024256862e+00
2.113719133801472250e+00
2.200645165171239981e+00
2.289962654738114889e+00
2.381773277540046418e+00
2.476130193008385660e+00
2.573059438805304300e+00
2.672725963711183095e+00
2.775196395185693721e+00
2.880520887102107075e+00
2.988888966748390441e+00
3.100358407903188951e+00
3.214987902493593008e+00
3.332933291281433341e+00
3.454230117489924368e+00
3.578923723496816311e+00
3.707112886806300800e+00
3.838820369609271310e+00
3.974071826283642306e+00
4.112947877485606085e+00
4.255483126444452147e+00
4.401701397279058625e+00
4.551732496651026416e+00
4.705636021699562299e+00
4.863461007589689800e+00
5.025397209890512862e+00
5.191502597212473091e+00
5.361854186421655122e+00
5.536585021966176079e+00
5.715685201571758967e+00
5.899214178619526017e+00
6.087048900698499132e+00
6.279052349800988253e+00
6.475197470824053170e+00
6.674986559490315052e+00
6.878156503217403461e+00
7.084561573458632466e+00
7.293393457425581872e+00
7.504321204705169279e+00
7.717103272823263360e+00
7.930790188141403796e+00
8.145058416660756251e+00
8.359613876088880957e+00
8.573546486002367573e+00
8.786614723652828474e+00
8.998527918752225574e+00
9.208604720806654598e+00
9.416736330707477620e+00
9.622715796654084386e+00
9.826217245643691811e+00
1.002723681999746219e+01
1.022570500574822638e+01
1.042156536661796551e+01
1.061481191948154468e+01
1.080546856927085742e+01
1.099347221448048195e+01
1.117872426696568411e+01
1.136122242133171234e+01
1.154068630116787908e+01
1.171694634290303583e+01
1.188989280454321573e+01
1.205910881804439505e+01
1.222446893703459025e+01
1.238580060339135613e+01
1.254283376921454085e+01
1.269557182250737881e+01
1.284390789568724500e+01
1.298788739259305380e+01
1.312761505258911932e+01
1.326313091603476835e+01
1.339471947039625199e+01
1.352249301523699465e+01
1.364659040535618750e+01
1.376733179848373823e+01
1.388475203834994787e+01
1.399895718276564693e+01
1.411004147832500877e+01
1.421791353827173410e+01
1.432255759322181632e+01
1.442363844961538177e+01
1.452096603390784502e+01
1.461442772082661179e+01
1.470342002475959653e+01
1.478778800885324429e+01
1.486741303523592883e+01
1.494192974196847246e+01
1.501134121955594125e+01
1.507557916573185075e+01
1.513479836744761720e+01
1.518913556205218818e+01
1.523856328010885264e+01
1.528349892034665913e+01
1.532409963402091613e+01
1.536038817010110513e+01
1.539263935280544793e+01
1.542093214713705507e+01
1.544533241273745361e+01
1.546595671988500342e+01
1.548281534576415908e+01
1.549594413435964668e+01
1.550561218433643873e+01
1.551196024411000707e+01
1.551509354598609924e+01
1.551563409885598332e+01
1.551381581763206974e+01
1.550991761556616133e+01
1.550455165494348719e+01
1.549777860679080987e+01
1.548985600627109704e+01
1.548074067790073904e+01
1.547025374998258052e+01
1.545835718674428172e+01
1.544440977043591801e+01
1.542825759197260105e+01
1.540964832374602800e+01
1.538816191991924143e+01
1.536390686580248399e+01
1.533673060768820129e+01
1.530694387697375092e+01
1.527485413068148290e+01
1.524053706281636167e+01
1.520480231675372806e+01
1.516797372861089599e+01
1.513026886680723848e+01
1.509257235362238170e+01
1.505512116626868391e+01
1.501816997405805587e+01
1.498239934032513787e+01
1.494791272958530648e+01
1.491491630397353063e+01
1.488372312387893892e+01
1.485431536018762877e+01
1.482678256057228694e+01
1.480111893057457984e+01
1.477728155520193987e+01
1.475526506353398659e+01
1.473501929478847394e+01
1.471656471333889549e+01
1.469989949233506721e+01
1.468513848933719146e+01
1.467235203186557158e+01
1.466159799794504259e+01
1.465309709987796438e+01
1.464689213520999722e+01
1.464306448823439943e+01
1.464174119821441522e+01
1.464288652766928500e+01
1.464653938693085244e+01
1.465260552500871505e+01
1.466097247754096600e+01
1.467160762067833879e+01
1.468419352021401636e+01
1.469856060974661816e+01
1.471461161878868573e+01
1.473185384441057799e+01
1.475007815852826987e+01
1.476913339986166029e+01
1.478841827221213201e+01
1.480772408780283733e+01
1.482686338987759989e+01
1.484526313133357789e+01
1.486278483845741150e+01
1.487925330228915399e+01
1.489431331937205272e+01
1.490794756368068619e+01
1.492005784692083203e+01
1.493061290793905549e+01
1.493969922321666388e+01
1.494732454621327022e+01
1.495371101687038617e+01
1.495897933296919646e+01
1.496321139556238577e+01
1.496670945695709243e+01
1.496956934326016686e+01
1.497188806972875952e+01
1.497391709668279702e+01
1.497571431495166827e+01
1.497735331444227747e+01
1.497900565683216989e+01
1.498070811515314915e+01
1.498250660538522006e+01
1.498452348959066605e+01
1.498679066082227251e+01
1.498933928677077709e+01
1.499227281030883319e+01
1.499562142901743655e+01
1.499941187399624276e+01
1.500373447365510060e+01
1.500861291832420719e+01
1.501407105019615074e+01
1.502017523514486541e+01
1.502693748829706522e+01
1.503437554928743403e+01
1.504251814946417198e+01
1.505136244906006837e+01
1.506091606926660731e+01
1.507116159769720731e+01
1.508208090995064588e+01
1.509366818743852789e+01
1.510586266638643949e+01
1.511863576628871364e+01
1.513196825821948011e+01
1.514577492651664947e+01
1.516002682152791259e+01
1.517469765141651195e+01
1.518970683062441829e+01
1.520503397061056816e+01
1.522065575754406019e+01
1.523651649323449320e+01
1.525260509505867645e+01
1.526890692258781357e+01
1.528538920270530710e+01
1.530204437592449729e+01
1.531886412384051610e+01
1.533582398986559525e+01
1.535291568281235186e+01
1.537013234833496256e+01
1.538744938520856920e+01
1.540485806052460660e+01
1.542235163890078553e+01
1.543990593415937518e+01
1.545751242621497745e+01
1.547516520976132526e+01
1.549284007340610181e+01
1.551052739069062802e+01
1.552822118103973636e+01
1.554589338572970902e+01
1.556353261371439167e+01
1.558113126463901565e+01
1.559865654106741317e+01
1.561609664452278956e+01
1.563344259043136475e+01
1.565066015761001239e+01
1.566773839898122667e+01
1.568466814289077327e+01
1.570141644313090090e+01
1.571797311030848299e+01
1.573432905099741319e+01
1.575045280899028022e+01
1.576633472444800610e+01
1.578196541348116000e+01
1.579731537012375142e+01
1.581237615203860791e+01
1.582713857712936800e+01
1.584157726274998090e+01
1.585568577777332600e+01
1.586945642898783682e+01
1.588286942960302461e+01
1.589592012080585448e+01
1.590860274283107678e+01
1.592090229886623121e+01
1.593281531883618385e+01
1.594433738182027582e+01
1.595545760709197047e+01
1.596617385561190261e+01
1.597648298699158076e+01
1.598637856487248499e+01
1.599585958961747423e+01
1.600492450240941977e+01
1.601356959749005782e+01
1.602179369556520072e+01
1.602959593456785470e+01
1.603697214032412077e+01
1.604392040998631686e+01
1.605043946992793735e+01
1.605652444682914037e+01
1.606217374601579095e+01
1.606738605411511145e+01
1.607215762925441993e+01
1.607648762227675121e+01
1.608037524933810403e+01
1.608381759513156339e+01
1.608681386340337482e+01
1.608936324647042682e+01
1.609146279705340277e+01
1.609311185535016619e+01
1.609430942958634603e+01
1.609505408873621946e+01
1.609534599009006328e+01
1.609518488809602843e+01
1.609457169298100965e+01
1.609350685165939154e+01
1.609199090299573243e+01
1.609002453483812189e+01
1.608760758071529651e+01
1.608473998080478040e+01
1.608142074605444094e+01
1.607764998155125369e+01
1.607342674797586923e+01
1.606875186809914169e+01
1.606362734006684434e+01
1.605805323314923072e+01
1.605203563350669071e+01
1.604557776145117032e+01
1.603868187495313080e+01
1.603135631241032044e+01
1.602360298872556754e+01
1.601542454253979741e+01
1.600682564260524998e+01
1.599780636685224167e+01
1.598836745829961181e+01
1.597851001106274182e+01
1.596823471091871838e+01
1.595754118558032530e+01
1.594643281283076952e+01
1.593491244584361688e+01
1.592298111159695573e+01
1.591064670894725630e+01
1.589791248459312989e+01
1.588478116866581580e+01
1.587126066080992715e+01
1.585735239565905275e+01
1.584305878218598984e+01
1.582838389741464269e+01
1.581332788652519561e+01
1.579789173585765560e+01
1.578207741449699242e+01
1.576588557037055160e+01
1.574931659460040301e+01
1.573237328948171765e+01
1.571505708217805442e+01
1.569736863019752526e+01
1.567931147795021651e+01
1.566088689578868554e+01
1.564209574743621367e+01
1.562294097535818160e+01
1.560342329312642740e+01
1.558354356210000269e+01
1.556330400918500168e+01
1.554270505215756870e+01
1.552174758071625327e+01
1.550043335760798513e+01
1.547876250572063661e+01
1.545673577450629388e+01
1.543435358539857738e+01
1.541161534475428141e+01
1.538852112060020616e+01
1.536506869862398261e+01
1.534125666003348343e+01
1.531708402264978197e+01
1.529254629751483741e+01
1.526764191346014776e+01
1.524236932759210283e+01
1.521672407019609174e+01
1.519070506430481338e+01
1.516431122723200353e+01
1.513753933012984909e+01
1.511038822191933839e+01
1.508285743847821792e+01
1.505494278060762703e+01
1.502664177175073235e+01
1.499795341468046139e+01
1.496886958562941139e+01
1.493938638226202720e+01
1.490950134911903824e+01
1.487920298283310849e+01
1.484848723057801756e+01
1.481735075458688833e+01
1.478578184604377554e+01
1.475377711792510205e+01
1.472133347987027641e+01
1.468844031097716396e+01
1.465509425021113010e+01
1.462129258841260082e+01
1.458702403026644667e+01
1.455228432131986338e+01
1.451707040567602114e+01
1.448136868269753919e+01
1.444517409712615752e+01
1.440848287428406849e+01
1.437127979601060623e+01
1.433355975713370611e+01
1.429531860786385167e+01
1.425654107819790362e+01
1.421722236520096949e+01
1.417735831175596850e+01
1.413693403064854337e+01
1.409594484080813004e+01
1.405438655103413303e+01
1.401224432966817268e+01
1.396951356585136139e+01
1.392619000840383414e+01
1.388225919012081988e+01
1.383771682874940545e+01
1.379255891648308996e+01
1.374677205601779129e+01
1.370035232197826325e+01
1.365329617325583023e+01
1.360559104916545259e+01
1.355723299852947505e+01
1.350821864413011753e+01
1.345853528275385536e+01
1.340817878644845607e+01
1.335714550834845049e+01
1.330542262163207923e+01
1.325300633633113634e+01
1.319989288713840025e+01
1.314607082046596176e+01
1.309153730029069784e+01
1.303628907537692072e+01
1.298031733813117938e+01
1.292362019808933660e+01
1.286619524855263563e+01
1.280803607248627962e+01
1.274914129225518877e+01
1.268950909999112220e+01
1.262913461454522057e+01
1.256801683061455144e+01
1.250615426146470277e+01
1.244354357811792688e+01
1.238018442718468215e+01
1.231607575964886792e+01
1.225121654022803597e+01
1.218560729071734805e+01
1.211924765430888229e+01
1.205213928260349121e+01
1.198428353332941576e+01
1.191568077250786040e+01
1.184633525104097096e+01
1.177624915485663948e+01
1.170542350040865465e+01
1.163386528683597199e+01
1.156157771340501306e+01
1.148856255519269531e+01
1.141483002954734971e+01
1.134038445077308843e+01
1.126522854571312671e+01
1.118937580483109606e+01
1.111283145125034721e+01
1.103559912578646340e+01
1.095769496643913143e+01
1.087912482461580765e+01
1.079989298392841768e+01
1.072001767061259869e+01
1.063950537296372367e+01
1.055836085442254557e+01
1.047660464940978109e+01
1.039424415591795992e+01
1.031128476334531285e+01
1.022775000757501651e+01
1.014364837499029548e+01
1.005898613918063056e+01
9.973790133388680701e+00
9.888069807289767255e+00
9.801832381876083744e+00
9.715107557205778122e+00
9.627905472936900466e+00
9.540234120134481799e+00
9.452125384190972923e+00
9.363589935156770849e+00
9.274636321068310707e+00
9.185298252831538335e+00
9.095586942152710463e+00
9.005511417507443994e+00
8.915107225714145045e+00
8.824386158676169600e+00
8.733357761998229662e+00
8.642059442528299940e+00
8.550503509114584233e+00
8.458700044190617717e+00
8.366688081940385047e+00
8.274480293799966191e+00
8.182087225268249497e+00
8.089549094436861765e+00
7.996878780165650014e+00
7.904087150974300258e+00
7.811215162434632653e+00
7.718275802436111555e+00
7.625280126984375073e+00
7.532269512582113080e+00
7.439257003390395973e+00
7.346253755569606803e+00
7.253301362701229493e+00
7.160412875368485253e+00
7.067599504909572339e+00
6.974902873807869774e+00
6.882335961661871337e+00
6.789909996142878157e+00
6.697666374789236876e+00
6.605617899192505860e+00
6.513775747626189272e+00
6.422180759928997951e+00
6.330845442879327933e+00
6.239780827881229897e+00
6.149026837274065294e+00
6.058595580716053419e+00
5.968497836884091079e+00
5.878772292493396279e+00
5.789430582869019126e+00
5.700483147275354767e+00
5.611967189257249800e+00
5.523893808887086365e+00
5.436273045682846750e+00
5.349140416903118478e+00
5.262506426438116058e+00
5.176380665665393899e+00
5.090796762945918985e+00
5.005764557903284562e+00
4.921293140672563737e+00
4.837414032626496940e+00
4.754136340349377932e+00
4.671468592023587441e+00
4.589439988863681208e+00
4.508058846355596394e+00
4.427333071401082343e+00
4.347289367928582671e+00
4.267935220070650182e+00
4.189277865066593165e+00
4.111341385543819449e+00
4.034132412542036583e+00
3.957657479951424584e+00
3.881937976335250617e+00
3.806979672655597557e+00
3.732788379397844025e+00
3.659382755652752284e+00
3.586767713531096913e+00
3.514948330092478646e+00
3.443940518948474860e+00
3.373748336083475241e+00
3.304376120161799157e+00
3.235837029548407795e+00
3.168134265878935985e+00
3.101271425556701100e+00
3.035258908441065273e+00
2.970099066664079412e+00
2.905794752041110929e+00
2.842353622777447519e+00
2.779777196128763617e+00
2.718067583328317216e+00
2.657229752463269534e+00
2.597264413229815716e+00
2.538172951134954225e+00
2.479957732294217454e+00
2.422618695597470673e+00
2.366156526332690913e+00
2.310571101654933734e+00
2.255861630163514153e+00
2.202028128685667330e+00
2.149068109147869610e+00
2.096980091044392758e+00
2.045763456402757363e+00
1.995413480469365286e+00
1.945928036221756363e+00
1.897305905245828095e+00
1.849540262391808909e+00
1.802628380253898488e+00
1.756568476438690407e+00
1.711351774388337077e+00
1.666974996905818740e+00
1.623435837766171064e+00
1.580723731833878487e+00
1.538834906241542955e+00
1.497766574900894820e+00
1.457506557309810491e+00
1.418050640785066374e+00
1.379395605957546067e+00
1.341527835213903730e+00
1.304442732095542734e+00
1.268136691611069233e+00
1.232594837897525553e+00
1.197812246050711460e+00
1.163784973126140487e+00
1.130497061867447250e+00
1.097943313060280479e+00
1.066119493002893659e+00
1.035008736421366926e+00
1.004605622282929822e+00
9.749056725791027667e-01
9.458912825756308207e-01
9.175568597407279814e-01
8.898977270791185168e-01
8.628957026406308684e-01
8.365450700923519056e-01
8.108409971518912851e-01
7.857648792948034311e-01
7.613109212402152659e-01
7.374741770943245012e-01
7.142357660018159304e-01
6.915898556899640059e-01
6.695314260681834995e-01
6.480414573390022026e-01
6.271141192602025516e-01
6.067443545476642885e-01
5.869131325755168049e-01
5.676146611290497912e-01
5.488438801785201493e-01
5.305818666434676256e-01
5.128228991981014229e-01
4.955619468271503791e-01
4.787803022215545434e-01
4.624723445863451188e-01
4.466331008991945573e-01
4.312441774143228601e-01
4.163000802395277478e-01
4.017959204803315254e-01
3.877137051297344650e-01
3.740480902804028673e-01
3.607942944118443518e-01
3.479348017246648439e-01
3.354644381044584178e-01
3.233785497406087561e-01
3.116601638279794528e-01
3.003042926341347174e-01
2.893064275026436261e-01
2.786501938917969046e-01
2.683308039161101388e-01
2.583439086913099647e-01
2.486737770100841127e-01
2.393158313126464987e-01
2.302658943879024311e-01
2.215089137135205777e-01
2.130405297291893263e-01
2.048567462274521467e-01
1.969432156194750316e-01
1.892958014291313273e-01
1.819106953841989338e-01
1.747742726895214482e-01
1.678826226848505188e-01
1.612321297500490802e-01
1.548099021092295691e-01
1.486122555388819932e-01
1.426357697611718434e-01
1.368682893567903236e-01
1.313063552843718451e-01
1.259467434592045909e-01
1.207780319746183662e-01
1.157969840590210436e-01
1.110005710140002655e-01
1.063780960775141116e-01
1.019265403748048360e-01
9.764306830318272845e-02
9.351769497509097862e-02
8.954761376391659478e-02
8.573017855752124161e-02
8.205609878583053352e-02
7.852277332991434988e-02
7.512774081870651766e-02
7.186238378281251116e-02
6.872429896676937600e-02
6.571120402014042627e-02
6.281513033007406210e-02
6.003386414400239957e-02
5.736529561300533070e-02
5.480207832298708559e-02
5.234217912481040763e-02
4.998365351791843325e-02
4.771974878555883953e-02
4.554860310358879033e-02
4.346842968428304976e-02
4.147303967536457997e-02
3.956073305976454818e-02
3.772987278065938893e-02
3.597480313806025037e-02
3.429397628519478131e-02
3.268589668770101320e-02
3.114541060443049361e-02
2.967111270868775033e-02
2.826164065886534876e-02
2.691231135064049360e-02
2.562185240713151999e-02
2.438902632149147348e-02
2.320958948993834259e-02
2.208239307787174949e-02
2.100631610979892053e-02
1.997752381093785209e-02
1.899498171626528426e-02
1.805767720671185711e-02
1.716215437319945289e-02
1.630748424324234697e-02
1.549275457259439125e-02
1.471485926899934737e-02
1.397296632037282188e-02
1.326625612394008794e-02
1.259194443729935026e-02
1.194928805950120666e-02
1.133755258818831824e-02
1.075424887554086127e-02
1.019871479313655231e-02
9.670294023543572759e-03
9.166767065959263369e-03
8.687545555676240774e-03
8.232044494357318096e-03
7.798289956499085580e-03
7.385760473920079290e-03
6.993935968761541208e-03
6.621065440731832737e-03
6.266687897948541863e-03
5.930342164926695470e-03
5.610478964680911014e-03
5.306691807658402496e-03
5.018572792864442293e-03
4.744754620398962570e-03
4.484879769050467181e-03
4.238588379385798549e-03
4.004676824962753907e-03
3.782831447837081609e-03
3.572735589326965326e-03
3.373332400947858835e-03
3.184347397152950850e-03
3.005502659073179452e-03
2.835872575570870611e-03
2.675217539812921926e-03
2.523294271011179354e-03
2.379294144660791272e-03
2.243008517983539635e-03
2.114224981170323859e-03
1.992238868344952708e-03
1.876868946420931277e-03
1.767930221967471552e-03
1.664810120876632996e-03
1.567351606182636019e-03
1.475393943883030086e-03
1.388405891886134499e-03
1.306251715599819879e-03
1.228792073868666210e-03
1.155567352503836590e-03
1.086460522463643993e-03
1.021351054823315578e-03
9.598422574481032307e-04
9.018334825475945440e-04
8.472207102965702416e-04
7.956623935802163098e-04
7.470721896274325636e-04
7.013605445432646943e-04
6.582341270121930266e-04
6.176190484280026259e-04
5.794384110844212144e-04
5.434409327669441564e-04
5.095635338488453247e-04
4.777403658320549602e-04
4.477567116169660377e-04
4.195588442529109047e-04
3.930905320997447644e-04
3.681687543809264223e-04
3.447478543361417189e-04
3.227799385439373723e-04
3.021093744712620541e-04
2.826974520303168173e-04
2.645034779677899383e-04
2.473954147293109780e-04
2.313405188276650116e-04
2.163042914598870762e-04
2.021749682825957654e-04
1.889249197504754430e-04
1.765249606784651155e-04
1.648807050210825641e-04
1.539688963236811163e-04
1.437648976456094017e-04
1.341891869057987253e-04
1.252222375590674982e-04
1.168432991004723280e-04
1.089855340865398061e-04
1.016325882663499173e-04
9.476702624884364348e-05
8.833280888926265328e-05
8.231627203293897003e-05
7.670280207289342507e-05
7.144552802244823881e-05
6.653306035526488867e-05
6.195318117580270775e-05
5.766678219840028224e-05
5.366439202174433067e-05
4.993582091286929314e-05
4.644851527022187581e-05
4.319461710371472012e-05
4.016564867116782485e-05
3.733457632949196855e-05
3.469489591155675110e-05
3.223957072796985595e-05
2.994620382273873406e-05
2.780942430294283866e-05
2.582340527708984514e-05
2.396963483583831387e-05
2.224368842354226985e-05
2.064075226052331882e-05
1.914556164504676873e-05
1.775448028315338979e-05
1.646354071973437673e-05
1.526018560557397685e-05
1.414143357404813843e-05
1.310402242871770866e-05
1.213764642727273912e-05
1.123986696773756398e-05
1.040800809811296250e-05
9.633631954714142002e-06
8.914748610402273209e-06
8.249168204295242657e-06
7.629998529788060676e-06
7.055619625474262411e-06
6.524243664174945481e-06
6.030254258350022366e-06
5.572335749716854967e-06
5.149031988338748542e-06
4.755777047644706973e-06
4.391504940666126968e-06
4.055032466478149212e-06
3.742656454719582420e-06
3.453515256065944817e-06
3.186649729059267729e-06
2.939063533311797605e-06
2.710061838458393432e-06
2.498868972079391139e-06
2.303066239208100806e-06
2.122094659614979568e-06
1.955328419215059556e-06
1.800819722368046773e-06
1.658119944195133716e-06
1.526725371390055023e-06
1.405071135524062152e-06
1.292798034192935680e-06
1.189501591717383072e-06
1.093927557963750416e-06
1.005789011035401128e-06
9.247619307798975296e-07
8.498434070930596082e-07
7.808047978609941025e-07
7.173871495341162933e-07
6.587904235568408732e-07
6.048328524205118024e-07
5.553079734880726859e-07
5.095790933777880563e-07
4.675020526353925569e-07
4.289126296689899055e-07
3.933053262540802430e-07
3.605660816630818262e-07
3.305645829427530319e-07
3.029004447998435391e-07
2.774836357316598844e-07
2.542109954028481360e-07
2.327661467275704460e-07
2.130781944168003622e-07
1.950656671126399411e-07
1.784791630425851922e-07
1.632629887846596185e-07
1.493529549284131921e-07
1.365529238927497545e-07
1.248192487982022924e-07
1.141014766230268952e-07
1.042457253021045056e-07
9.521787048440964999e-08
8.697835042152440973e-08
7.940672247381882387e-08
7.247637101708907740e-08
6.615634841949121956e-08
6.035260945292398413e-08
5.504444464123787766e-08
5.020770259125260124e-08
4.576912502866966435e-08
4.171263658631731200e-08
3.801943461869933169e-08
3.463258938621403715e-08
3.153965255837073439e-08
2.872602063684267930e-08
2.614755858903924993e-08
2.379464987623692565e-08
2.165597948226569161e-08
1.969741329919942352e-08
1.791154022268691146e-08
1.628961418388593773e-08
1.480529895417610675e-08
1.345289679514251250e-08
1.222566352735884328e-08
1.110332803942008178e-08
1.008152038143265881e-08
9.155052518489179216e-09
8.308359079300535739e-09
7.538096545635233837e-09
6.840283541271608967e-09
6.202996715251446084e-09
5.623684053167220603e-09
5.099297526086538954e-09
4.620725567637505522e-09
4.186024995154006974e-09
3.792867934707415420e-09
3.434308261571411974e-09
3.108869949422294395e-09
2.814779408015732813e-09
2.546754059885134403e-09
2.303675437351578614e-09
2.084195510442748376e-09
1.884306517539724859e-09
1.703162984113832828e-09
1.539742801214297379e-09
1.391012709451305264e-09
1.256335144122318366e-09
1.134936988287944006e-09
1.024528071350783937e-09
9.246287774471294319e-10
8.346557386989485392e-10
7.528840083782174548e-10
6.789536654436392006e-10
6.124255849298874501e-10
5.520036860895075358e-10
4.974185275766683009e-10
4.483403622795343290e-10
4.037977056499484332e-10
3.635893412666305382e-10
3.274682559766657867e-10
2.947080325539147867e-10
2.651587703087416411e-10
2.386358808852451914e-10
2.145975110448572601e-10
1.929322611821260482e-10
1.735025268157004503e-10
1.559051071841561315e-10
1.400574171099490093e-10
1.258571264082010960e-10
1.130049370850301321e-10
1.014397750168105138e-10
9.108572713198104917e-11
8.172116404386192710e-11
7.330103039017641128e-11
6.576914776446098819e-11
5.896180081480957179e-11
5.284583329093081023e-11
4.737977270655247579e-11
4.244298066060138355e-11
3.801111799908153120e-11
3.405364361305918293e-11
3.048188125964460896e-11
2.727800924376600943e-11
2.441959202413370371e-11
2.184161112588390803e-11
1.953105113557527261e-11
1.747147208998680629e-11
1.561532559447594545e-11
1.395313294181230460e-11
1.247287850092371599e-11
1.113988690921808694e-11
9.947277369155167337e-12
8.886291869879742684e-12
7.931724155793953103e-12
7.078600057302832072e-12
6.320555644478700872e-12
5.639343894554898138e-12
5.031391302260257669e-12
4.492091447489098224e-12
4.008317000583342787e-12
3.577528374072895197e-12
3.196409862953229978e-12
2.855618742724353581e-12
2.553388484478681437e-12
2.287351735757401601e-12
2.051004473607009474e-12
1.843181786855406229e-12
1.662159876060412008e-12
1.503643280656488135e-12
1.367082299838621406e-12
1.250493507090882468e-12
1.152317368382754201e-12
1.074332625613021642e-12
1.008300989418049299e-12
9.576892706966273127e-13
9.417241008101639301e-13
8.681017160521234612e-13
7.511066652055040272e-13
8.242155964165565304e-13
