-1.641376173776054473e-03
4.755435148660445629e-03
5.714665163723578814e-03
-1.647393911635087679e-02
-1.962596900943648637e-02
4.110287047508996011e-02
1.897310499905068351e-02
-9.276115523061255475e-02
-9.521834958906982838e-02
2.094412157500683824e-01
2.076165361082610017e-01
-5.064290862078535405e-01
-3.010668965950927811e-01
9.589037025638026401e-01
1.174929684562581178e+00
-7.708594251031446021e+00
-2.758541101446716937e+01
-5.122019014933862735e+01
-6.595888813815152218e+01
-7.343513619443629636e+01
-8.532619801631336998e+01
-1.063638253085446621e+02
-1.350926846162865047e+02
-1.703300325658063628e+02
-2.202442607063284754e+02
-2.830514563379977631e+02
-3.457684792387681796e+02
-4.026411031759728871e+02
-4.540334733420101543e+02
-5.029792551770990485e+02
-5.564346760108801391e+02
-6.061879593809690050e+02
-6.360822004667417104e+02
-7.094173846442348577e+02
-6.075320639451646230e+02
-1.588363743965496724e+02
9.634071919044183687e+02
3.769073754606928560e+03
8.294121866424276959e+03
1.501799339963516468e+04
2.249268615230535943e+04
2.965027847324972390e+04
3.500067505950028135e+04
3.660494252362958650e+04
3.519450165854208899e+04
3.071986672895011361e+04
2.510105763010946612e+04
1.908125039691216443e+04
1.371489471359737581e+04
1.007550399336501505e+04
7.633198281434696582e+03
6.391361437878367724e+03
5.719203834511453351e+03
5.396727566121385280e+03
5.266675000791453385e+03
5.152336146130907764e+03
5.099092488268898705e+03
5.071413859080166731e+03
5.055930233345594388e+03
5.070993470758009607e+03
5.070676291449837663e+03
5.002060212381353267e+03
4.877790854697011127e+03
4.689587964862346780e+03
4.473235119350933928e+03
4.237379897158760286e+03
3.963085243104423171e+03
3.628713673006919180e+03
3.249395175285672394e+03
2.834273159212943938e+03
2.435663378518293484e+03
2.065128704453371029e+03
1.719444527046172198e+03
1.413126459847768501e+03
1.153489697137711119e+03
9.516752738100170745e+02
7.831385558173452637e+02
6.319905415482724038e+02
4.932288282473012373e+02
3.761361912580742910e+02
2.860882245117748539e+02
2.279338236253232139e+02
1.856681539235293315e+02
1.500441765467114692e+02
1.095318520392065409e+02
6.799884768375831356e+01
3.598152433457715915e+01
1.983067546611046339e+01
1.365516523832823381e+01
1.053988391718410611e+01
8.569521284425068330e+00
6.929322735536121769e+00
6.624033030854894477e+00
6.577467816730660388e+00
5.951783205079591355e+00
5.150455436246157426e+00
3.994656897494452519e+00
2.682475173808591240e+00
1.595217773713941245e+00
6.695466635565701097e-01
1.358258681870322948e-01
-5.861078824087788408e-02
1.082119566626409644e-02
3.181916161494605794e-02
1.246190730601138934e-02
-5.289234248443343452e-03
6.341845087048587123e-04
2.819493209864826645e-03
7.218102225972555450e-04
-8.505572180733586823e-04
-5.584224617926092122e-05
4.462015248077107091e-04
-1.500219880811535914e-04
-2.545959715053298212e-05
1.213744988631901576e-04
-2.573163906208717565e-05
-2.130489514522748807e-05
2.040844829357865551e-05
1.209088354760403176e-06
-4.626979367139880852e-06
1.822546090434394100e-06
2.742674062226686503e-06
1.512345965082635833e-07
-2.744277417213568830e-07
5.934557691990118464e-07
-1.136992496729093318e-07
-2.075597601599621622e-07
3.035511310203338877e-07
7.556276561585630237e-08
-8.332173508000127073e-08
7.944817783924088400e-08
3.724853843431797991e-08
-2.331360056452686360e-08
1.841266320745793213e-09
2.178053207117965817e-09
-2.420913968281211095e-09
-1.631033824083825694e-10
-5.738265252164035810e-10
-8.311224462677611543e-10
-4.618925753048707409e-10
-1.142185965340104696e-09
-6.670685026219386764e-10
4.341500697706257595e-10
8.629959666501643007e-11
-2.842086990366302962e-10
4.873824599583843492e-11
4.299433133064880043e-11
-7.257309904411823378e-11
-1.784956753738212478e-11
2.998733643813802010e-11
2.384035506838607788e-11
-6.385145189717812949e-13
-3.021838042450581913e-12
2.962717355646257118e-12
1.914245442600965191e-12
-1.347889813830066609e-13
-1.186197348177342073e-12
-1.034265649734598119e-12
-2.774122922021525542e-13
3.577174699852824839e-13
1.978832256208887195e-13
-2.032849886008674226e-14
