-1.761084158391052715e-04
-8.164726694557800785e-03
-5.793931869653103431e-03
3.633149128060941813e-02
2.991167098429780430e-02
-9.140809098039709424e-02
-9.231542786990693666e-03
2.004241723953086862e-01
-2.163072771464732633e-02
-6.987748713525109290e-01
-3.770856126978638923e-01
1.120468330020343739e+00
1.522195556938692462e-01
-1.331536970675045950e+01
-3.669319913705141545e+01
-6.270094771510555631e+01
-6.977742747896331821e+01
-6.134308224284061595e+01
-4.212249591711669439e+01
-4.472611062154564365e+01
-7.547170313977920841e+01
-1.425757600896403972e+02
-2.156884166677385792e+02
-2.738708442427056866e+02
-3.057422155953708511e+02
-3.273131684084463586e+02
-3.556610785516531905e+02
-4.125538104111125790e+02
-4.841910547381625634e+02
-5.339570061337287825e+02
-5.916348111016483244e+02
-6.414218764322022253e+02
-6.184784276863767900e+02
-5.108016490068649205e+02
1.880320425495734753e+02
1.695105709515506305e+03
4.549860430303928297e+03
9.251934209346913121e+03
1.536320541204354231e+04
2.282659855090424389e+04
2.944744701323793197e+04
3.435499698206107132e+04
3.617701101927155833e+04
3.423449280705983983e+04
2.970111692196106742e+04
2.316717849233729430e+04
1.730613763774490872e+04
1.252020690443911190e+04
9.384109060422068069e+03
7.573575092181704349e+03
6.499255120224550410e+03
6.069500507659632603e+03
5.841549913184734578e+03
5.746144218545093281e+03
5.698809355555164984e+03
5.630957321552183203e+03
5.573785594694632891e+03
5.489514249918793212e+03
5.368768668033207177e+03
5.231895465085918659e+03
5.067855147414721614e+03
4.886164253897802155e+03
4.689334834372893965e+03
4.453678434635403391e+03
4.160946290812072220e+03
3.831262292718606659e+03
3.489967258253305317e+03
3.165799899273518804e+03
2.841978304455088619e+03
2.506362072099118905e+03
2.166177091574807491e+03
1.845991427088463979e+03
1.556222851835415213e+03
1.305114363842035118e+03
1.082416420618308848e+03
8.880741349499539865e+02
7.200270274183048969e+02
5.801810056647520923e+02
4.662012295413056790e+02
3.707059744701010686e+02
2.913285374995631400e+02
2.288586795288433109e+02
1.809886896167187729e+02
1.444475620955137742e+02
1.167347530383468666e+02
9.259910749196711777e+01
7.196095531897802289e+01
5.438623386306205276e+01
4.078878692708814668e+01
3.132681443827351231e+01
2.526682988991385770e+01
2.068187815628561310e+01
1.716085422868728472e+01
1.415061219202954312e+01
1.155149021318433000e+01
9.718384259951331927e+00
8.520582066736302806e+00
7.672882473880937582e+00
7.089232845509521930e+00
6.588708016175966797e+00
6.059581380405933082e+00
5.582074448998401550e+00
5.070458434572859829e+00
4.516851191262594156e+00
3.976377517299347630e+00
3.428082116484822972e+00
2.921288229461992625e+00
2.490621264177010907e+00
2.109925860398844222e+00
1.736446150947228428e+00
1.412006566834617560e+00
1.262329435116743337e+00
1.262409002394736079e+00
1.211089350952323729e+00
9.764354385795246394e-01
5.763096291510427793e-01
2.302880024338850862e-01
1.861949986844610092e-02
-2.214247720025136479e-02
-1.560774429940545854e-02
8.773612612220911197e-03
3.959210029766437045e-03
-2.684708990336602714e-04
-1.596745710759539657e-03
4.079291729549872634e-05
7.196424815924645215e-04
-8.354334772145533103e-05
-2.804595488439292272e-04
1.034854876824580217e-05
9.379881022813638580e-05
-5.997634001688226089e-05
-2.457011687949639048e-05
2.354784068326091026e-05
-5.294215216555237078e-06
-5.522896185525376547e-06
2.024666953626045594e-06
1.038719162244070165e-06
-4.739706541533933175e-07
-4.316530217455135380e-07
7.047301984741625472e-07
6.581879842183439731e-09
-2.831314549764914000e-07
2.970941346079872095e-07
2.536987539369453935e-08
-1.150601328322024079e-07
1.012484125004808585e-07
1.567254919546996127e-08
-3.837240346186170860e-08
2.821162981303062835e-08
6.214573743955977723e-09
-1.053242980008747035e-08
6.718888806527151289e-09
1.833016760371794302e-09
-2.494919831914116380e-09
1.484940671710406154e-09
4.681101186991049068e-10
-5.791978558431590374e-10
2.952788045004380100e-10
1.341436001630710052e-10
-1.155243190333933694e-10
3.301860859509651614e-11
2.024797142008904710e-11
