7.043912913455205221e-15
8.917958214909985239e-15
1.937425478019826711e-14
3.150985681968101639e-14
4.577423770352238474e-14
6.823870953452369933e-14
9.546328272124522019e-14
1.319991250827360273e-13
1.839395307835914336e-13
2.461209063079436722e-13
3.289456936744273929e-13
4.438915987826038548e-13
5.806587535071602287e-13
7.613385851609722919e-13
1.009636841133869377e-12
1.304845743873282228e-12
1.693276033483073383e-12
2.223613545336335999e-12
2.854800109113893327e-12
3.682299177564438118e-12
4.804634402181379896e-12
6.141494242355732292e-12
7.886558831337720124e-12
1.023638967425191447e-11
1.303602711185680537e-11
1.667289274888808511e-11
2.153385133378292128e-11
2.732417988340410244e-11
3.480849234059804320e-11
4.473795103775530701e-11
5.656018969203299637e-11
7.176403594258376168e-11
9.178822301399809533e-11
1.156125402197643318e-10
1.460967492287938362e-10
1.859591843649761431e-10
2.333426823300334090e-10
2.936662408602880317e-10
3.719966075726335319e-10
4.650023898418024253e-10
5.828150042279040737e-10
7.347509810606958638e-10
9.149244459989271210e-10
1.142023565398088126e-09
1.432945806175211609e-09
1.777449925256677738e-09
2.209533315387048047e-09
2.759422996078386859e-09
3.409559284195389817e-09
4.220925287906755488e-09
5.246862361491562550e-09
6.457688597202426187e-09
7.961299976262802247e-09
9.850580137883757167e-09
1.207608974873298237e-08
1.482620555026859884e-08
1.826051597768703965e-08
2.229794485179449754e-08
2.726306729011073545e-08
3.342637268957167019e-08
4.065701878045302472e-08
4.950684776960394045e-08
6.042806904924434060e-08
7.321295256490324605e-08
8.878727126292908857e-08
1.078967551903876895e-07
1.302171334382898797e-07
1.572807419580236754e-07
1.903006095472671028e-07
2.287790899513319442e-07
2.752176977745856990e-07
3.315627258212235597e-07
3.970623074944428179e-07
4.757427404420386327e-07
5.706854678654715884e-07
6.807701935264762790e-07
8.123892629879779131e-07
9.703597727878611663e-07
1.153036567202786247e-06
1.370439895210306658e-06
1.630006013858252493e-06
1.929360770058876307e-06
2.284017390203142054e-06
2.705305702880270834e-06
3.189865089346076104e-06
3.761407150394113414e-06
4.436962834845401248e-06
5.211872558169028605e-06
6.121909991811409413e-06
7.192334293217334611e-06
8.416820948142848509e-06
9.848595621440248897e-06
1.152461639732357572e-05
1.343638349436668931e-05
1.566192159621399008e-05
1.825467112541560865e-05
2.120326500393733950e-05
2.462092127383794642e-05
2.858421335301838771e-05
3.307870319582066187e-05
3.826749831828490207e-05
4.425869855426097416e-05
5.103493821206866982e-05
5.882632014926000321e-05
6.778235745107028508e-05
7.787959756353338202e-05
8.943623308188070270e-05
1.026592160606791619e-04
1.175165153609877627e-04
1.344608320140326858e-04
1.537813934395742654e-04
1.754588260261113347e-04
2.001521447800405672e-04
2.282420481201072381e-04
2.597571569439682381e-04
2.955673670316862913e-04
3.361218624629146059e-04
3.814560534870448864e-04
4.325528503387639765e-04
4.899658243731198730e-04
5.536036123887317978e-04
6.246272908365982889e-04
7.038884525445304480e-04
7.911580416638597842e-04
8.882235124467600983e-04
9.964097311984884426e-04
1.115594847184076064e-03
1.248592434911605185e-03
1.397072288249683525e-03
1.561210599374458210e-03
1.744624655720219400e-03
1.949075404836169345e-03
2.174850626804177012e-03
2.425935669027819413e-03
2.704311378383460456e-03
3.010087263877442298e-03
3.347888639632382035e-03
3.720407352968522260e-03
4.127630654450342197e-03
4.575662918190255037e-03
5.068183425452999630e-03
5.605327989243155500e-03
6.195145234910094841e-03
6.842201866352878338e-03
7.546873027010805000e-03
8.319134676736296072e-03
9.164403683585365182e-03
1.008322383329566044e-02
1.108765224401802099e-02
1.218419611749226375e-02
1.337356743486082904e-02
1.467040850555693769e-02
1.608262351257472300e-02
1.761117385899103882e-02
1.927385419271379283e-02
2.108021944090870958e-02
2.303155131325098498e-02
2.514933149609426682e-02
2.744504155681046567e-02
2.992032444338504557e-02
3.260093156711375839e-02
3.550061941948521455e-02
3.862140301367632256e-02
4.199403068446411896e-02
4.563498449008786262e-02
4.954669946948348641e-02
5.376596497349166170e-02
5.831253249747772593e-02
6.318953078055726535e-02
6.844115907499649654e-02
7.409088233974220339e-02
8.014307000951122195e-02
8.665053119636305368e-02
9.364058283557272211e-02
1.011192609344054305e-01
1.091485129249351593e-01
1.177596297791651953e-01
1.269601681679846661e-01
1.368217924290191234e-01
1.473806291693221526e-01
1.586454906421187472e-01
1.706998908207656152e-01
1.835863582231460067e-01
1.973155669316989380e-01
2.119859466919674640e-01
2.276473288882667756e-01
2.443133062944874145e-01
2.620985665137565146e-01
2.810601390844421066e-01
3.012144424639761620e-01
3.226923000979267098e-01
3.455590147929362699e-01
3.698328509822901289e-01
3.956636930302827593e-01
4.231288008533430345e-01
4.522489932455092676e-01
4.832012340740348133e-01
5.160785529591519483e-01
5.509073264756749744e-01
5.878990956959803116e-01
6.271639343482839912e-01
6.687356140962932294e-01
7.128639664274650789e-01
7.596789280967447544e-01
8.092209536125054559e-01
8.617902810450487339e-01
9.175486257743903362e-01
9.765446424920382062e-01
1.039159536790402516e+00
1.105605884926847082e+00
1.175945198437597927e+00
1.250670200519118591e+00
1.330060668829293524e+00
1.414194663723862710e+00
1.503695496267443366e+00
1.598921476264184793e+00
1.699983138010430217e+00
1.807674606115426297e+00
1.922436458317448693e+00
2.044443915389051014e+00
2.174722209422716990e+00
2.313788487758840606e+00
2.461891610173664535e+00
2.620344053306211674e+00
2.789759858280355775e+00
2.970474382117127998e+00
3.164207120638907966e+00
3.371713251623093655e+00
3.593518075185801131e+00
3.831880716030705791e+00
4.087653455784854728e+00
4.361702312352404576e+00
4.656736562541945013e+00
4.973506743179762601e+00
5.313256684827207366e+00
5.678650238579124654e+00
6.070045348537837171e+00
6.488677575002832043e+00
6.936368258120384489e+00
7.413048700083836096e+00
7.919436844085151250e+00
8.456565819429352260e+00
9.024299859017244074e+00
9.623147399191271489e+00
1.025389200025264635e+01
1.091603743378683156e+01
1.161001197548832664e+01
1.233461991098502963e+01
1.308814419369071125e+01
1.387007122546360094e+01
1.467543276615606729e+01
1.550154940444233276e+01
1.634703917167120935e+01
1.720473890447609477e+01
1.807168797408615291e+01
1.894663686408502556e+01
1.982151121383967407e+01
2.069286260139179134e+01
2.155960997147402480e+01
2.241350481601217126e+01
2.325108547671873183e+01
2.407059313727047112e+01
2.486644960129947179e+01
2.563704547843272863e+01
2.637950105537250067e+01
2.709350625118950617e+01
2.778069292712974558e+01
2.843964748825133881e+01
2.907458077116297090e+01
2.968776349634616096e+01
3.027987829358754723e+01
3.085264265171588249e+01
3.140611497437732424e+01
3.193976589500997321e+01
3.245134471852164637e+01
3.294143827354870524e+01
3.340825836770544299e+01
3.385081543399208215e+01
3.427152814497474509e+01
3.466874159440676806e+01
3.504316890857774069e+01
3.539662885812626314e+01
3.572737605611413869e+01
3.603513624656203973e+01
3.632093708290354073e+01
3.658163139519871265e+01
3.681614799050291253e+01
3.702715481298974964e+01
3.721926811387412215e+01
3.739140001394045498e+01
3.753888122796201543e+01
3.766696913150273929e+01
3.778019492087771170e+01
3.787557932154384588e+01
3.795223969839205580e+01
3.801371049084517040e+01
3.806320454574775880e+01
3.809941033818264344e+01
3.812504531149609477e+01
3.814316761614114171e+01
3.815496079264806184e+01
3.816174470695476373e+01
3.816328873425575807e+01
3.816117095178486807e+01
3.815500632279533733e+01
3.814353679615731352e+01
3.812634960470131773e+01
3.810284331986018458e+01
3.807390774345238782e+01
3.803756876809775633e+01
3.799478585200674985e+01
3.794880828844726750e+01
3.789843792396644062e+01
3.784678222550032700e+01
3.779712699133732201e+01
3.775080189093488059e+01
3.771167314391344405e+01
3.768056287218507805e+01
3.765999819699430162e+01
3.765320144495508714e+01
3.765932675002149921e+01
3.768044448361513332e+01
3.772021757876573389e+01
3.777832750660673611e+01
3.785644201815476606e+01
3.795744390144859182e+01
3.808124608492332897e+01
3.822910701349454143e+01
3.840139562666789885e+01
3.859756059266076278e+01
3.881794286188579690e+01
3.906274493364040268e+01
3.933196022703538830e+01
3.962593568618144246e+01
3.994623653885190606e+01
4.029270530721628774e+01
4.066650800110774355e+01
4.106600789509568727e+01
4.148832578135153426e+01
4.193314006518035342e+01
4.239205808228923900e+01
4.286062330749024341e+01
4.333578056093183051e+01
4.380694693525453687e+01
4.427120553734733477e+01
4.472544229957074435e+01
4.516243899452733501e+01
4.558044999482763160e+01
4.597817376633634012e+01
4.635080194235672479e+01
4.669598939992945930e+01
4.701283217598615494e+01
4.729609663262987596e+01
4.754366903445168901e+01
4.775380821456892733e+01
4.792275645087278946e+01
4.805060149451676921e+01
4.813576258484690840e+01
4.817883223938655846e+01
4.818179948491528819e+01
4.814433545624167010e+01
4.806962069719280350e+01
4.795950608487198963e+01
4.781454849834682364e+01
4.763736432503775120e+01
4.742880349912871907e+01
4.718945242227175640e+01
4.692099277210348873e+01
4.662398229684244910e+01
4.629874880460752706e+01
4.594694445932615423e+01
4.556940018013642657e+01
4.516635619121576894e+01
4.473972560495246853e+01
4.429051194999873786e+01
4.381906751817381718e+01
4.332755614849877901e+01
4.281695367350616266e+01
4.228777464912142392e+01
4.174231168151280258e+01
4.118141396492387685e+01
4.060567193295540278e+01
4.001722732514321734e+01
3.941676966822571160e+01
3.880487925817465822e+01
3.818343394414834080e+01
3.755299750307292328e+01
3.691413070771023541e+01
3.626853788195788297e+01
3.561669995870792604e+01
3.495916294854360729e+01
3.429751548807610106e+01
3.363217631357304072e+01
3.296366032502736942e+01
3.229342910726973770e+01
3.162185148275311874e+01
3.094939962729309357e+01
3.027739329610945518e+01
2.960615506830558274e+01
2.893611301748910236e+01
2.826844245181364457e+01
2.760341988770970900e+01
2.694143235803833392e+01
2.628352133661533685e+01
2.562992022996885311e+01
2.498098159307781430e+01
2.433762421822711630e+01
2.370003865411258204e+01
2.306854458261381424e+01
2.244393530738526010e+01
2.182635780679452964e+01
2.121609448530889708e+01
2.061380844078266605e+01
2.001960633078139651e+01
1.943373143543087878e+01
1.885672065581780643e+01
1.828864425958106565e+01
1.772970770387061279e+01
1.718032799989425286e+01
1.664054165068742464e+01
1.611051739037355901e+01
1.559055843381332096e+01
1.508067067635813352e+01
1.458098770674362932e+01
1.409170685900166120e+01
1.361280704031793221e+01
1.314438895955867181e+01
1.268655139036243895e+01
1.223924955621870936e+01
1.180255226600369411e+01
1.137646606808077543e+01
1.096092671585730116e+01
1.055597163862148413e+01
1.016152572545555444e+01
9.777510698006665280e+00
9.403935826345994897e+00
9.040658669736297171e+00
8.687590666999637889e+00
8.344717755858347630e+00
8.011841211497145565e+00
7.688863523203578687e+00
7.375750603710931941e+00
7.072254851176516866e+00
6.778271618744161842e+00
6.493749122936508300e+00
6.218399496906037882e+00
5.952114051680821305e+00
5.694826331158273192e+00
5.446218500036877685e+00
5.206180580471119868e+00
4.974634818276152615e+00
4.751242608735099182e+00
4.535894423503798123e+00
4.328503915497951660e+00
4.128718890983057221e+00
3.936431647738567463e+00
3.751549353942656762e+00
3.573712650704593763e+00
3.402817097541213975e+00
3.238765480273110953e+00
3.081197526241163054e+00
2.930013288906801350e+00
2.785113360819255757e+00
2.646142221970352093e+00
2.513005278428234845e+00
2.385603016060743542e+00
2.263589392132843159e+00
2.146875678609325266e+00
2.035363976818139076e+00
1.928721313638544599e+00
1.826865104913289573e+00
1.729700290038715060e+00
1.636909622563108790e+00
1.548416852374319808e+00
1.464130611618664091e+00
1.383751407147015833e+00
1.307209438614626018e+00
1.234417718158955513e+00
1.165096105679244154e+00
1.099181280668986238e+00
1.036591350750214247e+00
9.770667746266024078e-01
9.205505742143091918e-01
8.669665933877062081e-01
8.160764681753094330e-01
7.678292091926607332e-01
7.221546653963372142e-01
6.788354587329614720e-01
6.378261888297610538e-01
5.990626561369084557e-01
5.623478968562515279e-01
5.276417635429364594e-01
4.948858920469534906e-01
4.639030824993913282e-01
4.346581080863982094e-01
4.070983493434205402e-01
3.810655650886372037e-01
3.565290391594833630e-01
3.334417154712471243e-01
3.116631830127858938e-01
2.911667774603011738e-01
2.719106766265239616e-01
2.537709898185658286e-01
2.367246945448705508e-01
2.207348397548587471e-01
2.056927744945855341e-01
1.915787454977153081e-01
1.783603296892228018e-01
1.659428266247361672e-01
1.543093719979387879e-01
1.434317010185005570e-01
1.332277263121450783e-01
1.236831117716645639e-01
1.147733580865622077e-01
1.064276733142765219e-01
9.863392563521669598e-02
9.137099089583992917e-02
8.457812362940297923e-02
7.824510601743375759e-02
7.235381592867973222e-02
6.685239220761629575e-02
6.173227183715997851e-02
5.697798966105756258e-02
5.254549130181759148e-02
4.842763335313984147e-02
4.461128750819558231e-02
4.105921119649125206e-02
3.776547113659992072e-02
3.471897859510664208e-02
3.188840450016967171e-02
2.926884624976413066e-02
2.685099062488296301e-02
2.460862489692633437e-02
2.253771837906444822e-02
2.063049479072722250e-02
1.886511044446087526e-02
1.723825230662008254e-02
1.574343004486129793e-02
1.436246742340560600e-02
1.309265164428866958e-02
1.192856319551259536e-02
1.085521307161024622e-02
9.870447877943302334e-03
8.969853975795730530e-03
8.141359650921871013e-03
7.383307254679713494e-03
6.692235478574398364e-03
6.058464353627016075e-03
5.480643394955868677e-03
4.955932294543239323e-03
4.476193697212946070e-03
4.040249595054585564e-03
3.645495333553291657e-03
3.284980095901376962e-03
2.957794750860828509e-03
2.661678889445446769e-03
2.391234241614064587e-03
2.145884909526388478e-03
1.924085271309264192e-03
1.722026687389126070e-03
1.539276618317526966e-03
1.374906840460739590e-03
1.226011578246075095e-03
1.092151617317035570e-03
9.725644697385586864e-04
8.647329517707132412e-04
7.682897427614653052e-04
6.824582655037638758e-04
6.051677323989133146e-04
5.362023552338485762e-04
4.748997896169885290e-04
4.197499102248779148e-04
3.706353638440814551e-04
3.270919118237334373e-04
2.880425152694644298e-04
2.533937929273246347e-04
2.228245965917186196e-04
1.955197795067469208e-04
1.713975701916167673e-04
1.502152191239476762e-04
1.313522533740802333e-04
1.147506713738270269e-04
1.002263243254502162e-04
8.732650070266864109e-05
7.601416543841873661e-05
6.615549580960912760e-05
5.742648598069778425e-05
4.980217546842109246e-05
4.318652585499790876e-05
3.734778006178632407e-05
3.226894291337243915e-05
2.788118857983409044e-05
2.402055192955874490e-05
2.067606027819844143e-05
1.779907059214000652e-05
1.527544333816113339e-05
1.309827600808118284e-05
1.123372440987362855e-05
9.603295996682091392e-06
8.202687987219498407e-06
7.008628676418580344e-06
5.967760848846505374e-06
5.077471443214878650e-06
4.321950164353255446e-06
3.665398636043507226e-06
3.106282761414493723e-06
2.634001695904738770e-06
2.224854320942368168e-06
1.877970347196434950e-06
1.586335548392001077e-06
1.334462664603894233e-06
1.121878054134421607e-06
9.440020275276205586e-07
7.908475364204887276e-07
6.621706058795283906e-07
5.550207532949452182e-07
4.630428689352553696e-07
3.861209577439418344e-07
3.223794301952932952e-07
2.678280519226403862e-07
2.224187560968223671e-07
1.849752076709555334e-07
1.530255845271778576e-07
1.265555309086426836e-07
1.048372387560458765e-07
8.636011653993631916e-08
7.112484125617737470e-08
5.868721444492938389e-08
4.813650554673910172e-08
3.947882475893121323e-08
3.244673771937377770e-08
2.649858224850669209e-08
2.164139701319234544e-08
1.771636198646265082e-08
1.440569535281753905e-08
1.171553107568047796e-08
9.552839615150380101e-09
7.733720265399609185e-09
6.262885183749663178e-09
5.086586131692018866e-09
4.099847724132310038e-09
3.306025426123704800e-09
2.674491169558597788e-09
2.146139276059291185e-09
1.723234672213603327e-09
1.388563353842289145e-09
1.109300483950308914e-09
8.869130253383059347e-10
7.118586533763982779e-10
5.661569624927576209e-10
4.507264648460059297e-10
3.603501189527450578e-10
2.853134610133275559e-10
2.261749769598916954e-10
1.801215319149046473e-10
1.419763002661043330e-10
1.120701432285017221e-10
8.890696877703187110e-11
6.976571966420844051e-11
5.483783085817766393e-11
4.333851190443128365e-11
3.385699164234761003e-11
2.650164741384879351e-11
2.086641643435177747e-11
1.622983268101571266e-11
1.265201883741007054e-11
9.925741799848718744e-12
7.687074458302050749e-12
5.968724591944726440e-12
4.666375040621269225e-12
3.598941498828773714e-12
2.783883960352396301e-12
2.169405019475513223e-12
1.666614850221270487e-12
1.284664705677214576e-12
9.981834330660930642e-13
7.641211018029575865e-13
5.871889449755699011e-13
4.551267272540579079e-13
3.473606489682953134e-13
2.662740190231305377e-13
2.060208595702209162e-13
1.568963410892281848e-13
1.200856209448802269e-13
9.283752958691154975e-14
7.063182433966183190e-14
5.404796731522855964e-14
4.180763610101264515e-14
3.183074580430762857e-14
2.439593619659597848e-14
1.891644507797356705e-14
1.444580276794906032e-14
1.111579611637828161e-14
8.660148018165219660e-15
6.652492216352560937e-15
5.154130042692266296e-15
4.045456040370644710e-15
3.135962035364311555e-15
2.453679778120380042e-15
1.945343564841954007e-15
1.526284311336117811e-15
1.209091535152233401e-15
9.701840007255656536e-16
7.719750298899428407e-16
6.200107203545271657e-16
5.038726708414870524e-16
4.067961568677453149e-16
3.311729323313354542e-16
2.723839471145813265e-16
2.228571751481201743e-16
1.835988672420339518e-16
1.525385800685187020e-16
1.261798414533228244e-16
1.049331864628768436e-16
8.785160140453425985e-17
7.326761885477742019e-17
6.134185718189905081e-17
5.162778864569276602e-17
4.329703941438863145e-17
3.640854509904959678e-17
3.074326549215370232e-17
2.587058646638847620e-17
2.180977548518032470e-17
1.844842814455400287e-17
1.555258459561537498e-17
1.312699495714022606e-17
1.111134003747777018e-17
9.373598850887657848e-18
7.913765910932192572e-18
6.698204945138853410e-18
5.650231138000768037e-18
4.768629267523155418e-18
4.034076450456847215e-18
3.401113424105188281e-18
2.868486014989487419e-18
2.424837259059939527e-18
2.042849766484223908e-18
1.721559518228378114e-18
1.454167315464079951e-18
1.224122085054724097e-18
1.030791012604755714e-18
8.700470735030725755e-19
7.318273087336333758e-19
6.157662961765349188e-19
5.193429453325135834e-19
4.364462180245579103e-19
3.668828053084815435e-19
3.091196403185964133e-19
2.594662076826837996e-19
2.178166282038009583e-19
1.832537541311440372e-19
1.535644325366472284e-19
1.286770535306515224e-19
1.080534525637497561e-19
9.036923520638129869e-20
7.556664135070964386e-20
6.333116562839598247e-20
5.286566728287974300e-20
4.412551371148119694e-20
3.692325960719581403e-20
3.077598760963219618e-20
2.565483139926303434e-20
2.144538298751077274e-20
1.785594364782433461e-20
1.487129009368917810e-20
1.242147377960479840e-20
1.033252931955522478e-20
8.597486001311858294e-21
7.174455644434309319e-21
5.961105727311386106e-21
4.954124635652762442e-21
4.129011011551304799e-21
3.425998289234384175e-21
2.843157439899157854e-21
2.366305136761332685e-21
1.960548631052180224e-21
1.624627927021748818e-21
1.350309207799034596e-21
1.117200891250892995e-21
9.245190819910865237e-22
7.674602192195574335e-22
6.341335458179956662e-22
5.240939087767144094e-22
4.345436641480176661e-22
3.585866752402089337e-22
2.959815929858404668e-22
2.451107540879602287e-22
2.019979400645321464e-22
1.665104158630977471e-22
1.377194017907580486e-22
1.133423981696298714e-22
9.330417027803053653e-23
7.707373822458868746e-23
6.334540764855739134e-23
5.207631611258915326e-23
4.296377076738426982e-23
3.526353875979443730e-23
2.895156477407411239e-23
2.385587584006478126e-23
1.955398654581359257e-23
1.603258126841740086e-23
1.319436457219510653e-23
1.080051189358991254e-23
8.843687796028864010e-24
7.269083832313514902e-24
5.942250925913205602e-24
4.859154994400758239e-24
3.989045974524197441e-24
3.256538446119957733e-24
2.659423247660583565e-24
2.180516016527657960e-24
1.777718475115243862e-24
1.449827945344986830e-24
1.187279710922807957e-24
9.666598391886685307e-25
7.873170474411603563e-25
6.439494989619819526e-25
5.235879270716661827e-25
4.258811192941414319e-25
3.479021399716665939e-25
2.824961653835609440e-25
2.294745808459778543e-25
1.872280400767021230e-25
1.518253554223553817e-25
1.231656952947781518e-25
1.003677752763640508e-25
8.128036244550048756e-26
6.584977837968861975e-26
5.359539663265816084e-26
4.334475646038274085e-26
3.506939329263124548e-26
2.850824824135201008e-26
2.302487259446968682e-26
1.860423449882636674e-26
1.510510645511495920e-26
1.218338910287520428e-26
9.831178969070939695e-27
7.972380316938894721e-27
6.421699610025504296e-27
5.175000902814340508e-27
4.191446298419817029e-27
3.371657457457421084e-27
2.713480426580890281e-27
2.195086955946385234e-27
1.763390896490151987e-27
1.417275557432344813e-27
1.145120535501368879e-27
9.186816128651644117e-28
7.373823944504496032e-28
5.950615509623558980e-28
4.767519001282008374e-28
3.821572265375645378e-28
3.080236554940688633e-28
2.464513836534757574e-28
1.972889312972485014e-28
1.588247199516466772e-28
1.269058432508335869e-28
1.014552263169596441e-28
8.157617686231791916e-29
6.509425241380922500e-29
5.197041062633775210e-29
4.173676198795113166e-29
3.325931444369500114e-29
2.651837916582750529e-29
2.127078756865456633e-29
1.692750601517524392e-29
1.347865348954411438e-29
1.079835456304845711e-29
8.581864216714919136e-30
6.824248848171138675e-30
5.460607948639206391e-30
4.333906089152975959e-30
3.441693284222847157e-30
2.750640553728491944e-30
2.180150375596179489e-30
1.729012487482947389e-30
1.380179729665452303e-30
1.092450833604079347e-30
8.652308243762922828e-31
6.898354358107791796e-31
5.452866864322508400e-31
4.312934491583781121e-31
3.434494026411783912e-31
2.711159414388910409e-31
2.141513243403842769e-31
1.703286613479256451e-31
1.342742583045988282e-31
1.059195153697916982e-31
8.414347858825054014e-32
6.624266858695988423e-32
5.218407424841655894e-32
4.140570332668302577e-32
3.255287295663982574e-32
2.560977905819784817e-32
2.029579243740543484e-32
1.593479764357841835e-32
1.251926984837339944e-32
9.909635374976826479e-33
7.769791389192474340e-33
6.096176765600895675e-33
4.819648834756519767e-33
3.773793477964778855e-33
2.956936451399066137e-33
2.334961442872733809e-33
1.825800632877506139e-33
1.428672414334171135e-33
1.126810299711049645e-33
8.799035650757576555e-34
6.875897458302774529e-34
5.416619630918572661e-34
4.223989562867293098e-34
3.296336882882157614e-34
2.593651588460787075e-34
2.019835500177219380e-34
1.574123720935493163e-34
1.237088152429596275e-34
9.620880190283807039e-35
7.487757225961533790e-35
5.877546351587231799e-35
4.564780268900213230e-35
3.547893872317640215e-35
2.781620646313152777e-35
2.157401471594271037e-35
1.674537703887132353e-35
1.311310339750263260e-35
1.015657720504075763e-35
7.872706245244447102e-36
6.157697308603536036e-36
4.762870274668997230e-36
3.686870198895231528e-36
2.880292137235030801e-36
2.224822563672949987e-36
1.719874793939057656e-36
1.342025545610311375e-36
1.035209149759863181e-36
7.991751533407771346e-37
6.228624088964878057e-37
4.798086474100448201e-37
3.699087330850285498e-37
2.879599762684689476e-37
2.215223080821485807e-37
1.705525829738801502e-37
1.326129582408632843e-37
1.018789354541965798e-37
7.833404061222447865e-38
6.083866562318850812e-38
4.667810490886128715e-38
3.584955510046437699e-38
2.781458030236236565e-38
2.132069892422028474e-38
1.638267327114645811e-38
1.270433999313199799e-38
9.753909595745581325e-39
7.618741947900241349e-39
5.985128337766951058e-39
4.626427862614101741e-39
3.844099754382443327e-39
3.241976661202389881e-39
2.801823602052797269e-39
3.325418432024033969e-39
