3.983008831902761128e-06
-6.023999513522913543e-07
-5.539447505769471957e-07
1.845993832622285730e-06
4.785792079323818736e-06
8.746586347618620305e-06
8.919112148613626555e-06
9.797032417228303047e-06
1.703284584750231910e-05
4.501918125397109840e-05
8.132620419596219550e-05
1.063253899312474295e-04
1.263496096182758013e-04
2.002253492303753327e-04
3.388560741881658741e-04
6.451383327113358740e-04
8.887332400844568216e-04
8.980449563780429183e-04
8.622571901565477970e-04
7.261243359208234679e-04
5.027251553937557875e-04
2.512154149687486314e-03
4.116834779855777816e-03
2.096522641338552980e-03
3.546397793276843805e-04
2.947417481423955741e-03
6.202730641735853742e-03
-1.054025152872678332e-02
-2.430196819989320287e-02
3.823947085133507732e-03
8.363388174323137247e-02
1.870142726008344747e-01
2.954785713329444174e-01
7.628773674694094842e-02
-2.181340881347621163e+00
-6.784121587924452079e+00
-1.643237244046259349e+01
-3.143145999070695851e+01
-4.865444098284767449e+01
-7.083568305435113643e+01
-9.425123308052054938e+01
-1.127337200347200366e+02
-1.320758984677678427e+02
-1.149906195875987152e+02
-3.603170001495670505e+01
1.355894173274114678e+02
5.538262198561815239e+02
1.244638770605326499e+03
2.338015820974484996e+03
3.863643040885762275e+03
5.697755556335286201e+03
7.783771797279841849e+03
9.642260810770083481e+03
1.114568463011716085e+04
1.206217771081595856e+04
1.231244036481587682e+04
1.207886524953837397e+04
1.133231756264234718e+04
1.027295965790646005e+04
8.999131451853198087e+03
7.617220416446575655e+03
6.383362966744831283e+03
5.309366814667288963e+03
4.480327366851453007e+03
3.870780727077084521e+03
3.397208527915087870e+03
3.070811614637548701e+03
2.820294475757167675e+03
2.609752405764892046e+03
2.422518537999340424e+03
2.253136119839645289e+03
2.116653245442701973e+03
2.016283239167185457e+03
1.937844900256096935e+03
1.868644103752457340e+03
1.790705192995377274e+03
1.708537734935185199e+03
1.634220046988111108e+03
1.570196786165012782e+03
1.521874963426998420e+03
1.488920383182209434e+03
1.470349858846425604e+03
1.451963788982959613e+03
1.430850841323075201e+03
1.398071476619069017e+03
1.348254143848543890e+03
1.286303332655611939e+03
1.213640850132439482e+03
1.143787303490055365e+03
1.081129071804375144e+03
1.025470180974668438e+03
9.722014764062172389e+02
9.195067078735924042e+02
8.686818794465049223e+02
8.182133980902792700e+02
7.668384002597265408e+02
7.136207000577626332e+02
6.622857633700365341e+02
6.141790187420740494e+02
5.706297313143281826e+02
5.301268962058995839e+02
4.911020321708163010e+02
4.519766885791374307e+02
4.104751455829297129e+02
3.676434655848793227e+02
3.246371625045435394e+02
2.855900810984151121e+02
2.506733549119406916e+02
2.206709344874954581e+02
1.950502314213446766e+02
1.729746178330850341e+02
1.535771041970672002e+02
1.348250772114190283e+02
1.169182813685091560e+02
9.981548013890702009e+01
8.473084635324850922e+01
7.191269566582965922e+01
6.150050667231253243e+01
5.243921171680631232e+01
4.429304199353418880e+01
3.686811000312947328e+01
3.012729465878467749e+01
2.423989727563316166e+01
1.889798041786116300e+01
1.408702830581653132e+01
9.986291515743221936e+00
6.765948639373908335e+00
4.374442568213242843e+00
2.650889929908546438e+00
1.579517647537593161e+00
9.155124572090072022e-01
5.855219323190661296e-01
4.436401656058882592e-01
2.936680780158024695e-01
1.950420772975553774e-01
1.186990423085519525e-01
6.009502630676263196e-02
3.745095867746984358e-02
3.145656800014902388e-02
2.222863851620702699e-02
1.764594725455806423e-02
9.931497364274675596e-03
1.774144687506792016e-03
-5.780105416140080953e-04
2.586841189195748900e-04
1.893192478677150085e-04
2.668459117896905541e-04
1.363752330587992504e-04
-5.433485171509633722e-05
5.675249742015252730e-05
1.109325837071380860e-04
2.405630727060737331e-05
3.919761678508693688e-05
4.566755727692223515e-05
1.569405746373947816e-05
1.508916862472587419e-05
1.632159438650887230e-05
8.809125823562023556e-06
7.474776291117039267e-06
7.325649007510750921e-06
5.005177033336073841e-06
3.240085928689928979e-06
2.458777399958969132e-06
2.043379477108984533e-06
1.355034730420066863e-06
8.653515475946227437e-07
6.918474448937862381e-07
4.966433960673406177e-07
3.204034253013547022e-07
2.187024497955695376e-07
1.656944892232616076e-07
1.333991476314918012e-07
9.284225353805189459e-08
6.364365640819287357e-08
3.626212561857170465e-08
1.258491835621845547e-08
1.659210581318208260e-09
1.197721710288387880e-09
6.393678974223535149e-10
8.431843878546826189e-11
