2.679656817656705381e-06
3.129762965860388007e-06
2.494995179686450558e-06
3.912034281028750981e-06
5.990655645394072783e-06
9.155108327671749696e-06
2.386626761088552691e-05
5.370577400331431683e-05
8.850224407372997762e-05
1.185703468561429810e-04
2.035662141842738279e-04
3.755679729332259999e-04
6.185622918049638909e-04
9.222394436647296740e-04
1.321372662928670420e-03
1.811019224938498033e-03
1.937556752436848939e-03
1.642248126337837776e-03
2.012095899472092064e-03
5.833682360272051531e-03
1.242881481087650120e-02
2.028559619839761727e-02
2.099886633789446733e-02
1.399199105082408502e-02
7.222016148751026626e-03
6.224952089365964024e-03
-1.449052284100272540e-03
4.102517336990542385e-02
1.603613832892992197e-01
2.803891867316126718e-01
2.259294537291208771e-01
-1.406813219138827176e+00
-4.898323285287277784e+00
-1.091933002647797579e+01
-2.102420182536877391e+01
-3.523797464545627633e+01
-5.550745957765231253e+01
-7.828601109548101533e+01
-9.928967868365899108e+01
-1.224194363927523739e+02
-1.232103058588491393e+02
-8.506889303223510979e+01
1.603955877969065824e+01
3.228867907188129038e+02
8.715002941339022300e+02
1.766353351145045053e+03
3.012963416749886164e+03
4.511267603009989216e+03
6.171126982901101655e+03
7.703275263089505643e+03
9.070147406014131775e+03
1.014313881766043778e+04
1.078224519979869910e+04
1.104700342668216581e+04
1.096061360342220541e+04
1.061742607072552346e+04
1.002632232094149913e+04
9.112042893408881355e+03
7.984917631563584109e+03
6.774413087498593086e+03
5.631310292621519693e+03
4.716071403861697945e+03
3.956228997662152324e+03
3.404982937232060067e+03
3.013643410981054785e+03
2.725096380373147440e+03
2.517598204081205495e+03
2.365553719967861070e+03
2.272478065712287389e+03
2.215227261905771684e+03
2.142259398957964095e+03
2.053245630302825703e+03
1.950436964336107621e+03
1.868804897112755270e+03
1.812964421893562076e+03
1.786655084106386767e+03
1.767106015388619653e+03
1.746242489548539879e+03
1.717443062018630371e+03
1.677190757523814682e+03
1.629660005639720112e+03
1.563816141080885018e+03
1.481788405332932371e+03
1.390608300968857748e+03
1.299752448937372492e+03
1.222379157572596114e+03
1.156015718219215842e+03
1.099239585302169871e+03
1.044212445355133468e+03
9.900056268872019700e+02
9.366264357171387473e+02
8.841144419486038259e+02
8.329654221448281533e+02
7.818691980330111164e+02
7.307498231112089115e+02
6.801159082047163338e+02
6.295156945009414358e+02
5.794277928556572306e+02
5.304494212133540714e+02
4.829965517268492476e+02
4.383735861091362835e+02
3.965744163469435648e+02
3.588338361684661777e+02
3.236824598502038839e+02
2.899502414047178718e+02
2.547381207686478319e+02
2.197111597683515640e+02
1.873144789629365903e+02
1.613666403353356600e+02
1.414471195647336117e+02
1.244413773759168720e+02
1.086021845120161657e+02
9.321116131898936885e+01
7.951463941847977424e+01
6.756534312748807736e+01
5.745844821016456905e+01
4.937454789280857170e+01
4.303716186272894362e+01
3.749808709400595319e+01
3.244606081287484045e+01
2.712056120035689233e+01
2.143750196554948317e+01
1.598880573884368594e+01
1.144286017051961579e+01
8.274476719134806757e+00
5.983140898247728323e+00
4.403738119414327024e+00
3.078413713777152338e+00
2.054395316990548448e+00
1.223292298803776657e+00
5.999242567707493423e-01
2.590954230917224543e-01
1.431311439552953313e-01
8.834530960741254768e-02
8.672959303347833881e-02
8.276479252358989736e-02
5.901360915984942002e-02
4.980036405924408854e-02
3.113117862514397025e-02
8.163138310597077910e-03
1.024601904509652925e-03
1.227589822215352077e-03
-1.184530665616448668e-04
2.829771686051851093e-04
4.678920073295553370e-04
1.358271073329820162e-05
1.171700992866533665e-04
1.425687523903696060e-04
-2.203977462163368952e-05
3.647558658344743620e-05
7.781907771930906474e-05
2.034325220020536223e-05
2.393744095609668421e-05
3.045032526713648913e-05
1.193839518068862318e-05
7.532968060740200379e-06
8.192255404728279684e-06
5.155720967997327052e-06
3.921918377550059541e-06
3.371208993031902990e-06
2.416710052795866356e-06
1.825639204664975556e-06
1.305830540263033470e-06
8.201773620531022316e-07
6.110612310520749891e-07
4.428602087983702657e-07
2.548912644520961137e-07
2.122455833425404444e-07
1.675443151643901021e-07
9.629715312662073623e-08
8.966405370690456291e-08
6.649868863901739027e-08
2.448650418436407978e-08
1.476851599279722986e-08
9.406844756941718333e-09
-5.005714193804428348e-10
-1.039089826810845028e-10
1.192244286227915262e-09
-4.730314530117361927e-10
-1.316889813797100413e-11
