1.671969760183869775e-04
1.271463132144886118e-05
1.184731254587066581e-04
2.297745750621919836e-04
2.714285306744774421e-04
3.769469521009602116e-04
1.197322228122404226e-03
2.013898878877952697e-03
1.541549174698449414e-03
-2.899095700278412052e-04
-2.074209813769165803e-03
-3.765668857847580958e-03
-3.020955431046978140e-03
-2.773172300875057037e-03
-6.624333860506307313e-03
5.031505505323585412e-03
2.146769000911469619e-02
4.114461196551216088e-03
-4.923242555520732089e-02
-2.502347910724866398e-01
-6.522487521307764879e-01
-1.412126458334420853e+00
-2.629759360308241867e+00
-4.164181959663370236e+00
-5.887731118268820119e+00
-7.721664580192015848e+00
-9.596973289350186676e+00
-1.260420639740715032e+01
-1.789357511352503849e+01
-2.458650471660672920e+01
-3.587905743414476234e+01
-5.164721505189132955e+01
-6.680604551709758709e+01
-9.022428576416709234e+01
-1.051266030797735169e+02
-9.195100586273974841e+01
-4.469758068532841122e+01
1.323860420564635092e+02
4.748464622661277303e+02
1.064256205733269098e+03
2.011259801170313040e+03
3.270643438855352997e+03
4.884553279650885997e+03
6.625040340245342122e+03
8.355236812965680656e+03
9.945252580070353360e+03
1.103027812303914834e+04
1.157684664945539043e+04
1.139095337708712032e+04
1.059130200833687195e+04
9.431658493082093628e+03
8.103024019080033213e+03
6.992654997942917362e+03
6.051940685847821442e+03
5.299014980744952481e+03
4.634762902770205983e+03
4.031749206564775250e+03
3.518262565733106840e+03
3.147563564324628260e+03
2.909488434864656483e+03
2.800112619520241878e+03
2.743952308641736636e+03
2.714415987851403315e+03
2.689740614955859655e+03
2.654740454921862238e+03
2.616977629983389306e+03
2.575210268387750602e+03
2.516135258253376833e+03
2.436119543637817969e+03
2.325744613069299248e+03
2.197341725632264115e+03
2.066803203192560886e+03
1.943441578610399119e+03
1.833211503525537182e+03
1.727838986304142281e+03
1.625585460098918702e+03
1.526911850271713320e+03
1.435549565471729920e+03
1.351077128311979322e+03
1.271692367078930374e+03
1.196140612069699500e+03
1.125243513482725348e+03
1.056358559197203022e+03
9.875155117174674615e+02
9.157049842895034999e+02
8.428493688783262314e+02
7.730130309141216003e+02
7.094678358733571031e+02
6.536040774027363796e+02
6.021819121727819493e+02
5.537681131054558819e+02
5.062421366510477583e+02
4.602601862587446817e+02
4.163560405169438923e+02
3.754483950672685637e+02
3.372636100826993584e+02
3.015743528536377198e+02
2.675156566514436349e+02
2.358692410390250984e+02
2.067876915181057313e+02
1.815044466420635558e+02
1.598111765779376015e+02
1.412737226768988137e+02
1.247393202678125306e+02
1.101277960999562993e+02
9.736615989453416375e+01
8.641721475897364257e+01
7.724538485751816097e+01
6.969372091906683409e+01
6.343625544712217845e+01
5.832071172352981137e+01
5.428520061054517498e+01
5.077801921043524658e+01
4.765039456684077379e+01
4.440271617218147782e+01
4.216609267810881079e+01
4.207971648421640509e+01
4.613787966371096161e+01
5.380447829536192472e+01
6.211117832332334388e+01
6.874645296031121688e+01
7.058502703321416050e+01
6.927031159669431304e+01
6.514850194554007601e+01
6.129651671644027289e+01
5.826802014280547581e+01
5.700391278527594352e+01
5.744230575344371914e+01
5.939906247939337192e+01
6.223069902859437974e+01
6.555863908161984455e+01
6.948571988005369349e+01
7.427833249136241989e+01
7.954713363778446933e+01
8.460107386207786817e+01
8.811119348605592450e+01
8.850879359179472772e+01
8.615991225332982140e+01
8.135966793374740291e+01
7.615966967094195184e+01
7.115100154108202446e+01
6.718456276564594987e+01
6.414122895704366556e+01
6.129755957200531213e+01
5.853765563957384899e+01
5.574044351567132338e+01
5.330729476207840634e+01
5.162687664403912180e+01
5.114453447478934578e+01
5.182771531248264552e+01
5.338491264788855517e+01
5.479625923908226071e+01
5.576813066025908938e+01
5.579547562492272306e+01
5.504008381054814691e+01
5.371579434857942204e+01
5.215234949165032674e+01
5.087846082272948678e+01
4.966549668523781236e+01
4.862565092695569291e+01
4.723854129147557757e+01
4.551823020631123029e+01
4.340342182117070990e+01
4.078956411803176962e+01
3.781554861612262641e+01
3.506240196394578845e+01
3.252442780617402462e+01
2.979972453050030623e+01
2.790802947932149891e+01
2.586341701733680409e+01
2.299070381266308516e+01
1.952384665626685134e+01
1.652595296858821428e+01
1.594372307964638580e+01
1.228580680566664363e+01
3.949685531835326557e+00
4.731679504258459623e+00
7.025136696517267687e+00
-3.718702857970142439e+00
1.655952265668756240e+01
