9.182528813430999792e-15
5.576786662004879987e-15
1.286629927775883687e-14
1.970169602519339770e-14
2.475247828237470222e-14
3.400589715168898942e-14
4.470626102269787969e-14
5.733221558359150286e-14
7.437588646851853022e-14
9.455111643352155183e-14
1.199244670849749534e-13
1.530049011751655156e-13
1.922317894876805058e-13
2.418272807276392158e-13
3.060124442343410298e-13
3.820175756713093066e-13
4.778983975282057049e-13
6.015210748182626641e-13
7.477963474190856370e-13
9.319423921851933282e-13
1.168653856755664715e-12
1.448604196043841011e-12
1.800301954041328235e-12
2.251023873769812843e-12
2.783763180816696969e-12
3.451445446722496347e-12
4.304367871346401547e-12
5.311581830091649792e-12
6.570550274175253941e-12
8.173559855832070104e-12
1.006439503642366493e-11
1.242158043025869685e-11
1.541378822770930093e-11
1.893941370640430583e-11
2.332448790538741693e-11
2.887596603724226814e-11
3.541177528330719565e-11
4.352559507719858289e-11
5.377284378136900947e-11
6.583040434068367435e-11
8.077408856141831632e-11
9.960203995396127135e-11
1.217451452959896784e-10
1.491390920644300616e-10
1.835655315267736923e-10
2.240256352314179626e-10
2.739746544083884226e-10
3.365753053871959681e-10
4.100760273962546247e-10
5.006038177337554561e-10
6.137511290835032617e-10
7.464526198020199346e-10
9.095294809271510982e-10
1.112837949007083229e-09
1.351048098534310832e-09
1.643224323316101160e-09
2.006661502307796933e-09
2.432182069336145051e-09
2.953249730776520917e-09
3.600026202756245680e-09
4.356842373238811246e-09
5.282078475315887406e-09
6.427983416488495774e-09
7.767934428172785077e-09
9.403079208781488673e-09
1.142341425034058465e-08
1.378386303373750151e-08
1.665867734378375030e-08
2.020215473393377357e-08
2.433836599622553201e-08
2.936615726829807660e-08
3.554881116903295415e-08
4.275939672676400940e-08
5.150822157007104857e-08
6.224198800182287304e-08
7.475049612222157715e-08
8.990068653490319014e-08
1.084454013871899583e-07
1.300397273566817963e-07
1.561463755356860933e-07
1.880248499524025218e-07
2.251127352414005291e-07
2.698579585716774253e-07
3.243529572297690646e-07
3.876852931788617778e-07
4.639239818901056607e-07
5.565236639710228570e-07
6.640184938923559586e-07
7.931411956326691452e-07
9.495566183080838307e-07
1.130947111660076630e-06
1.348389837273484238e-06
1.611090259306818464e-06
1.915436978981078877e-06
2.279472054190461713e-06
2.718000486380481617e-06
3.225419117081548798e-06
3.830734659771659784e-06
4.557555454679893629e-06
5.397133904660453316e-06
6.395605235511350243e-06
7.590445762875333142e-06
8.967911022828779069e-06
1.060104058227992814e-05
1.254922539009806613e-05
1.479099224026852992e-05
1.744204260763592535e-05
2.059624018535440094e-05
2.422070315476838450e-05
2.849877129317897017e-05
3.357777210858552320e-05
3.940851443535678010e-05
4.628013818677452051e-05
5.442160649019813672e-05
6.376032583708798266e-05
7.474829111374290379e-05
8.773818446565656863e-05
1.026233646971381807e-04
1.201044561315338437e-04
1.407213425710367334e-04
1.643184104531688163e-04
1.919742058022801405e-04
2.245102856417819325e-04
2.617022993627576692e-04
3.051976855242473927e-04
3.562370820698352192e-04
4.145000462485128241e-04
4.824788995647835547e-04
5.620322128533647779e-04
6.527030988351923378e-04
7.582281578091804421e-04
8.813747024095190934e-04
1.021493254672388483e-03
1.184154103173638015e-03
1.373458088729009093e-03
1.588501301152576159e-03
1.837559891871938175e-03
2.126666781675654906e-03
2.454617450393238413e-03
2.833618704185912694e-03
3.272425854922358848e-03
3.769492210206515977e-03
4.342526512454804484e-03
5.004014382617075381e-03
5.751945461907719166e-03
6.611524506829244072e-03
7.600347491100042929e-03
8.715713671732940038e-03
9.993328064478281328e-03
1.145797346284727763e-02
1.310627556873106628e-02
1.498953311156397614e-02
1.714262136752458740e-02
1.956246934781822114e-02
2.232333037215507993e-02
2.547322901105861237e-02
2.901163498172393967e-02
3.304288452638256407e-02
3.762987944650469235e-02
4.277717944368106956e-02
4.862184626573239077e-02
5.524095106424568857e-02
6.264529054448957079e-02
7.100131676111244572e-02
8.039784741033756399e-02
9.085079165075618524e-02
1.025513584038588721e-01
1.155987682808629485e-01
1.300116186490748449e-01
1.460074797123624146e-01
1.636988055566560296e-01
1.831054824895167743e-01
2.044815002170178864e-01
2.279595816245980622e-01
2.535626209701684064e-01
2.815928514879973976e-01
3.122094538582588230e-01
3.454430683753656472e-01
3.816484525910392445e-01
4.210100644528772529e-01
4.635703639988915659e-01
5.097299633620335779e-01
5.596904254205413709e-01
6.135028657250864992e-01
6.716020099684405498e-01
7.342025155658267188e-01
8.013519591640233530e-01
8.735187745182478869e-01
9.509419416726612173e-01
1.033659412661263044e+00
1.122201838727287404e+00
1.216850215151006998e+00
1.317655812488623290e+00
1.425255774283166188e+00
1.539966700269678190e+00
1.661899773450350892e+00
1.791797351108259440e+00
1.929959001520678008e+00
2.076582191599164684e+00
2.232416475566912251e+00
2.397668506435004954e+00
2.572590603232673967e+00
2.757791902000535700e+00
2.953349637855804843e+00
3.159493950399708595e+00
3.376605797831012001e+00
3.604675705047339918e+00
3.843839935854365564e+00
4.094269727453527352e+00
4.355960943785378348e+00
4.628942465796995975e+00
4.913275719926226692e+00
5.209029974412817232e+00
5.516186016664537561e+00
5.834828185631781849e+00
6.165091524050101413e+00
6.506985276934312168e+00
6.860731152518868114e+00
7.226482684045981486e+00
7.604329090921567058e+00
7.994740589751907933e+00
8.397867405327355428e+00
8.813961285501665799e+00
9.243787856516227919e+00
9.687415521749041858e+00
1.014534404834299330e+01
1.061828836362025541e+01
1.110597937487055376e+01
1.160904485992293722e+01
1.212730296768114790e+01
1.265988022942654112e+01
1.320714558553884288e+01
1.376728822716841094e+01
1.433888233793827283e+01
1.492163026808047199e+01
1.551220026550822517e+01
1.610906364017635184e+01
1.671118318187664542e+01
1.731471751662818548e+01
1.791856727919795844e+01
1.852142694046417759e+01
1.912009377669123822e+01
1.971398062915586991e+01
2.030211598519555594e+01
2.088218989674617276e+01
2.145373403429065817e+01
2.201613976112126636e+01
2.256766811178913557e+01
2.310784778015773000e+01
2.363614368277844591e+01
2.415165839617328913e+01
2.465423895670078736e+01
2.514352159136675979e+01
2.561974005958860090e+01
2.608307690422189395e+01
2.653357777588893640e+01
2.697190772981015883e+01
2.739821046370747126e+01
2.781277637284332371e+01
2.821594041537299091e+01
2.860768915815820179e+01
2.898822773433704114e+01
2.935770866641743027e+01
2.971619644052724141e+01
3.006380152556823759e+01
3.040081611582299459e+01
3.072744769756227967e+01
3.104385031633257697e+01
3.135013582414315181e+01
3.164639291038947988e+01
3.193267403335356036e+01
3.220877049170569961e+01
3.247458897935819522e+01
3.272995425437903805e+01
3.297484733264759171e+01
3.320915457461671849e+01
3.343266843068553840e+01
3.364536607410939695e+01
3.384710323138851606e+01
3.403781226614676569e+01
3.421689968456031750e+01
3.438423449397392062e+01
3.453987452258476765e+01
3.468346608641402895e+01
3.481506560638162284e+01
3.493416037693856424e+01
3.504141113702148402e+01
3.513771105187883848e+01
3.522332910174647935e+01
3.529855969012071881e+01
3.536336903335457293e+01
3.541864917005065649e+01
3.546532867011264045e+01
3.550274933479555273e+01
3.553013934536065932e+01
3.554772915944873546e+01
3.555653910289704100e+01
3.555567107101798996e+01
3.554470124907224715e+01
3.552471000058518058e+01
3.549658144125586290e+01
3.546109998608428526e+01
3.541776153466424404e+01
3.536781368390114721e+01
3.531227705827308938e+01
3.525029123934151443e+01
3.518190256064887933e+01
3.510744721053493578e+01
3.502714245781439217e+01
3.494060022770173646e+01
3.484771765639279550e+01
3.474888755179747335e+01
3.464403473402985867e+01
3.453311353040620446e+01
3.441608973571546670e+01
3.429299771120689400e+01
3.416389298498248905e+01
3.402868645198324771e+01
3.388732522473258513e+01
3.373977229622105511e+01
3.358606254238422650e+01
3.342618073346984886e+01
3.326032888238458440e+01
3.308872358789345469e+01
3.291151452527837762e+01
3.272969003458310056e+01
3.254372065709174677e+01
3.235391713482459863e+01
3.216169007707079430e+01
3.196749814903460774e+01
3.177143444087049673e+01
3.157410545671166702e+01
3.137582804361057853e+01
3.117617604101507922e+01
3.097465511642252878e+01
3.077166226584188991e+01
3.056666017524286261e+01
3.035937583903600512e+01
3.015038029447839563e+01
2.993956885004622848e+01
2.972784308549790566e+01
2.951582480237783201e+01
2.930396884714920347e+01
2.909387640121641283e+01
2.888595210587867967e+01
2.868080280261752080e+01
2.847959662949643089e+01
2.828246747156107332e+01
2.808969799232576747e+01
2.790213812840467966e+01
2.772009958707882404e+01
2.754397598008718617e+01
2.737521375668271162e+01
2.721407461932815863e+01
2.706136660368189695e+01
2.691821162118151989e+01
2.678408325780819155e+01
2.665953873920734907e+01
2.654397546777778771e+01
2.643627962132708120e+01
2.633628914087618966e+01
2.624183500679416525e+01
2.615192508125928939e+01
2.606582764293537124e+01
2.598119223004116662e+01
2.589767389241894335e+01
2.581451367465272995e+01
2.573058024659446019e+01
2.564615371708201508e+01
2.556085033621485536e+01
2.547487107611976143e+01
2.538868703332223831e+01
2.530228528875940697e+01
2.521654069588503333e+01
2.513185019562494560e+01
2.504845719111687430e+01
2.496732093734659585e+01
2.488865675779867814e+01
2.481281000814491122e+01
2.474039331552894438e+01
2.467138719675143577e+01
2.460606003813287046e+01
2.454447667902738317e+01
2.448642004870693611e+01
2.443196685999821582e+01
2.438069863565832662e+01
2.433232036994235514e+01
2.428675197327153512e+01
2.424339132032922350e+01
2.420197348980126506e+01
2.416240902076566499e+01
2.412414049171457719e+01
2.408691058155530840e+01
2.405066753366137533e+01
2.401480989165770552e+01
2.397902993559359786e+01
2.394322861173042227e+01
2.390665569625803144e+01
2.386900352864195796e+01
2.383009524627319919e+01
2.378917839721448502e+01
2.374603233686418591e+01
2.370047310256590478e+01
2.365194535050739333e+01
2.360032650142309407e+01
2.354549097915274558e+01
2.348711036842948729e+01
2.342511223110377472e+01
2.335943644498606631e+01
2.328987585851725584e+01
2.321635897465570508e+01
2.313885868028965476e+01
2.305716638840468136e+01
2.297118658025746285e+01
2.288087971215152905e+01
2.278597424730571674e+01
2.268636130748346247e+01
2.258196427304494946e+01
2.247248293397469610e+01
2.235783130526845852e+01
2.223791444819746843e+01
2.211248731045808569e+01
2.198150991035274160e+01
2.184490126930211673e+01
2.170250955069990795e+01
2.155433251981708054e+01
2.140030718569662227e+01
2.124035316118610695e+01
2.107449231283105462e+01
2.090266633634594839e+01
2.072485862208276686e+01
2.054112010954607115e+01
2.035140214304107076e+01
2.015578438805214390e+01
1.995435803792615559e+01
1.974710407629882525e+01
1.953421658800349192e+01
1.931582418101055154e+01
1.909194300265617983e+01
1.886285553699521955e+01
1.862871478284649385e+01
1.838955798178508871e+01
1.814571799651743689e+01
1.789736306982570113e+01
1.764453627683976222e+01
1.738760476863058457e+01
1.712675123974977964e+01
1.686202088126196941e+01
1.659382259532480930e+01
1.632235597383035142e+01
1.604767392712638241e+01
1.577023626701619641e+01
1.549025694760999627e+01
1.520780162679821856e+01
1.492337379112645479e+01
1.463719286740505865e+01
1.434933803355808024e+01
1.406033953193807484e+01
1.377041242524852294e+01
1.347964987612931687e+01
1.318859252274591753e+01
1.289744223094162834e+01
1.260630490059369180e+01
1.231571147592854132e+01
1.202584319820653924e+01
1.173681177599449477e+01
1.144911661048036855e+01
1.116291560323726273e+01
1.087831817796127964e+01
1.059577934001070965e+01
1.031543515584972859e+01
1.003738870750321865e+01
9.762045044907704749e+00
9.489519523974344395e+00
9.219906371335399697e+00
8.953554907648166861e+00
8.690559896521218519e+00
8.431003744361593277e+00
8.175176960308562002e+00
7.923154851941951904e+00
7.675007310179126740e+00
7.430969313928272868e+00
7.191097836422515321e+00
6.955452332069459231e+00
6.724216717746594796e+00
6.497429194266071129e+00
6.275140473121057383e+00
6.057484403859445088e+00
5.844479820531272019e+00
5.636168538760458979e+00
5.432634023196937889e+00
5.233876645264830429e+00
5.039928620204583432e+00
4.850824218485859873e+00
4.666547165617377146e+00
4.487119572517755728e+00
4.312528546393987305e+00
4.142742938086886539e+00
3.977774035024258747e+00
3.817564483536872721e+00
3.662070534137058964e+00
3.511292316096467303e+00
3.365133824768337334e+00
3.223542053963202925e+00
3.086507340278357603e+00
2.953904382770355941e+00
2.825674329179120647e+00
2.701800442202050512e+00
2.582137419790088817e+00
2.466622821797803233e+00
2.355235171678591310e+00
2.247815318575590027e+00
2.144298471094822744e+00
2.044659522919509254e+00
1.948729116376055392e+00
1.856441178910754886e+00
1.767767462111712096e+00
1.682531796661819179e+00
1.600668128890058606e+00
1.522145740386135149e+00
1.446785725583991544e+00
1.374523375755805965e+00
1.305326501435053466e+00
1.239017532480245043e+00
1.175534159614774143e+00
1.114843746866694074e+00
1.056773302941608872e+00
1.001263617122381655e+00
9.482824069551138990e-01
8.976635114744673238e-01
8.493512311558931716e-01
8.033141524778922848e-01
7.593944450257141821e-01
7.175401702983806862e-01
6.777211077304667874e-01
6.397888209519024816e-01
6.036953186554808726e-01
5.694118563088095275e-01
5.368001786365745875e-01
5.058163402124945529e-01
4.764333346562311666e-01
4.485235146633828052e-01
4.220469324748782891e-01
3.969784627825594936e-01
3.732011042128350886e-01
3.506787692735261475e-01
3.293882375510446825e-01
3.092230103245312001e-01
2.901507246967559017e-01
2.721500769488725546e-01
2.551249043575737341e-01
2.390464235859310616e-01
2.238952860392011135e-01
2.095854033157320828e-01
1.960913642394248868e-01
1.833957852979390957e-01
1.714221853343516067e-01
1.601482571783947040e-01
1.495585181339731118e-01
1.395854373861089570e-01
1.302095256119190081e-01
1.214170722820252096e-01
1.131487547398644655e-01
1.053876320914574616e-01
9.812161374087693955e-02
9.129884912880294190e-02
8.490469824564592094e-02
7.892854250697425855e-02
7.332529713989398290e-02
6.808238539951944057e-02
6.319051823808630175e-02
5.861070467097963255e-02
5.433220582920930686e-02
5.034693863554108584e-02
4.662141273739503489e-02
4.314652477465135555e-02
3.991532251212995958e-02
3.689930050717021848e-02
3.409079361409248637e-02
3.148392150826298530e-02
2.905460195131332954e-02
2.679639346154497406e-02
2.470435402657969806e-02
2.275815209771260214e-02
2.095237319296603881e-02
1.928280604961013847e-02
1.773225097021041696e-02
1.629619324463137814e-02
1.497100017603451676e-02
1.374221361591589433e-02
1.260613263036740490e-02
1.155967413035760040e-02
1.059086816184545525e-02
9.696711808594708770e-03
8.874671920501800426e-03
8.114949600847479183e-03
7.415095462890301629e-03
6.773057987008528590e-03
6.180818607300954566e-03
5.636368005075169559e-03
5.138026634727925999e-03
4.679222167962840059e-03
4.258321042235529985e-03
3.873934887552662326e-03
3.520707475626330945e-03
3.197332402308134067e-03
2.902670714745491948e-03
2.632402025351008451e-03
2.385492177996476407e-03
2.161020282787742049e-03
1.955530680999177651e-03
1.768207404191186102e-03
1.598312978686833134e-03
1.443099017993802833e-03
1.301924013578633320e-03
1.174200261108415081e-03
1.057753797715166961e-03
9.520836750787518496e-04
8.567237477203343146e-04
7.699656003837171935e-04
6.914212637276177667e-04
6.207233484537366761e-04
5.565391156033409111e-04
4.985705725932898860e-04
4.465303718527000487e-04
3.993867945969727475e-04
3.569127631875951257e-04
3.188853499047156420e-04
2.845119360584349067e-04
2.536207888096234965e-04
2.260402991810101230e-04
2.011660502362769352e-04
1.788691523929734418e-04
1.590184566682009768e-04
1.411564884121877027e-04
1.251873022399122893e-04
1.110113902348716094e-04
9.828519227016384557e-05
8.693791643731782210e-05
7.689464573140650954e-05
6.789949899380407590e-05
5.990072227183805418e-05
5.284238922285217701e-05
4.653555896305254139e-05
4.094274189552017163e-05
3.602256031664356897e-05
3.163671410828929964e-05
2.775829032387608236e-05
2.435694726294405064e-05
2.133232396906505372e-05
1.866527244733578794e-05
1.633373266313835394e-05
1.426549597033672485e-05
1.244706389373509501e-05
1.086252874941950638e-05
9.460387454054441879e-06
8.231217118545654083e-06
7.163643272218347055e-06
6.221266112739975546e-06
5.397575982351527262e-06
4.684515949672473795e-06
4.056608644166092001e-06
3.509403831757307428e-06
3.037253650552632162e-06
2.622501052998958777e-06
2.262133357845188635e-06
1.952233165816187870e-06
1.680679520201569798e-06
1.445451220301867767e-06
1.243857363978258136e-06
1.067652081317596790e-06
9.154916444990429426e-07
7.855434436862183167e-07
6.722476334811689152e-07
5.747200239809978564e-07
4.917229594024530394e-07
4.195428439932159576e-07
3.576045620655038679e-07
3.050800382314187268e-07
2.595138016107395505e-07
2.205361383677049247e-07
1.875988224296607190e-07
1.590950194840865546e-07
1.347895904887613830e-07
1.143235301275983279e-07
9.665588853396187330e-08
8.163854921016577434e-08
6.903885166532331259e-08
5.818892754614918807e-08
4.899636739305559918e-08
4.131184936787663406e-08
3.471095247114582134e-08
2.913662448576947511e-08
2.449393962363456984e-08
2.051581107098590635e-08
1.716741224755318389e-08
1.438898518737532556e-08
1.201412833267001490e-08
1.002182491510086941e-08
8.374831387165149375e-09
6.970515616629643460e-09
5.796336736210943920e-09
4.829316268496606017e-09
4.006788561743463643e-09
3.321354153195811047e-09
2.758979248101647469e-09
2.281787792455090375e-09
1.885463504466063209e-09
1.561523822243297131e-09
1.287309140003975087e-09
1.060330131882219248e-09
8.755131467949026839e-10
7.194393444875448883e-10
5.906888207653421104e-10
4.862580484297243030e-10
3.982796383796335125e-10
3.259525223248874815e-10
2.675162409311774022e-10
2.184036604487820426e-10
1.781680671110180483e-10
1.457876204847194290e-10
1.186375627095935458e-10
9.647191971465100745e-11
7.870351319750175539e-11
6.383944808290487546e-11
5.174604798460286864e-11
4.208948036503278534e-11
3.402954320611406576e-11
2.749448245361773701e-11
2.229657488107260204e-11
1.796784357738365700e-11
1.447019626559033318e-11
1.169919135926849326e-11
9.396767895674662636e-12
7.542918065847399228e-12
6.080110768246546162e-12
4.867422526424489144e-12
3.894470481522555345e-12
3.129864100507855068e-12
2.497406458094424280e-12
1.991786789337512767e-12
1.596044021762252346e-12
1.269402477569797362e-12
1.009188300667483351e-12
8.063324594238107893e-13
6.392449202575945473e-13
5.065994183218678443e-13
4.035997204191537994e-13
3.189336741571889718e-13
2.519518213337201928e-13
2.001450694215752027e-13
1.576459771515580279e-13
1.241402079686901001e-13
9.832859251782803572e-14
7.719731285294982662e-14
6.059619347734962854e-14
4.785899383851621770e-14
3.745250538200445226e-14
2.930614156218836078e-14
2.308137152180910133e-14
1.800575264774068963e-14
1.404677742964843025e-14
1.103398420720585656e-14
8.582044422192092315e-15
6.676351438229504492e-15
5.231864742705720047e-15
4.058311469935041250e-15
3.149313712933366668e-15
2.462865959460064608e-15
1.905993561317396316e-15
1.475996107585793587e-15
1.152351523673193742e-15
8.901087055000447465e-16
6.881553167685095750e-16
5.365829421206192355e-16
4.138790800458344951e-16
3.195926161980033721e-16
2.489952272605720621e-16
1.918844260330036337e-16
1.480768434519298521e-16
1.153390333805949942e-16
8.886883514707318371e-17
6.859070993172744540e-17
5.345789837297236116e-17
4.122438737501671147e-17
3.185892103470866550e-17
2.487369741120234759e-17
1.922433910051489208e-17
1.489816579230960475e-17
1.166894917357426708e-17
9.053820544060804666e-18
7.047801402551421125e-18
5.546498021058978446e-18
4.327766726173287449e-18
3.389651387311607134e-18
2.684216942384717291e-18
2.109556102430993770e-18
1.664820093005230137e-18
1.328070776384075160e-18
1.052520309272995165e-18
8.377227300402110867e-19
6.736357843252467733e-19
5.386624748197568148e-19
4.325269111345307364e-19
3.506099554939156098e-19
2.828399904528458220e-19
2.290340300962805665e-19
1.870462624052310090e-19
1.521075686211204143e-19
1.240953788653449113e-19
1.019976337121379679e-19
8.350971584040393800e-20
6.855050601997489507e-20
5.663287543216491851e-20
4.661531259946191339e-20
3.844508366372789462e-20
3.188186032239724365e-20
2.634447636341829104e-20
2.179926774674668564e-20
1.812435666534029083e-20
1.501541918680576325e-20
1.245132028234211172e-20
1.036847333601135199e-20
8.603246881238223518e-21
7.142572177579672270e-21
5.952368627520799683e-21
4.942619990960508709e-21
4.105357514700091554e-21
3.421882881132723067e-21
2.841772600208951421e-21
2.360227635537476297e-21
1.966797542527630777e-21
1.632861196928882639e-21
1.355558418287924098e-21
1.128969099661634973e-21
9.367015034777170577e-22
7.770655575143163529e-22
6.466766683526798526e-22
5.360955207934832063e-22
4.443308292193757959e-22
3.694365619680291405e-22
3.059621379570598695e-22
2.533300627316106803e-22
2.104182026566016993e-22
1.740772223400100560e-22
1.439727856498750335e-22
1.194573936047755689e-22
9.871296978741936125e-23
8.154703295212717774e-23
6.758629004689494222e-23
5.578316458659231880e-23
4.602739252842943924e-23
3.810417284623630955e-23
3.141142054252753324e-23
2.588625975447801111e-23
2.140540198031283229e-23
1.762383365680514197e-23
1.450586047934676444e-23
1.198092895507172181e-23
9.851985197720705251e-24
8.098854141282855108e-24
6.681292765139000788e-24
5.487146205610873484e-24
4.505059458983310831e-24
3.712157382444443901e-24
3.044835456755796267e-24
2.496729334560538682e-24
2.054882187812539573e-24
1.683355703166556345e-24
1.378597610678859156e-24
1.133295935605297043e-24
9.272213616640475836e-25
7.583994095818209231e-25
6.227198228940645080e-25
5.088397981408240661e-25
4.156661006714388851e-25
3.408976987939181264e-25
2.781990838968943240e-25
2.269670403749467768e-25
1.859185464465829740e-25
1.515281435648892413e-25
1.234641122974315537e-25
1.010136811889633420e-25
8.222222624825265680e-26
6.690804129447893533e-26
5.467649772388683175e-26
4.444790954031998867e-26
3.612321255064643941e-26
2.948468257336412302e-26
2.393824856791795336e-26
1.943017103745909422e-26
1.584079352942529649e-26
1.284455759979235670e-26
1.041243935607361881e-26
8.478953342070978768e-27
6.866399868770843455e-27
5.559158866178796007e-27
4.521540338443492316e-27
3.656922690326454812e-27
2.956926402661577391e-27
2.402176107579444564e-27
1.940332086474843678e-27
1.566915190172031961e-27
1.271446085316176674e-27
1.025679428356927087e-27
8.272308501206625987e-28
6.704537194570954149e-28
5.401639716898716210e-28
4.350978001625789904e-28
3.522243284941176888e-28
2.834126183470450101e-28
2.279955440446858420e-28
1.843526177784346404e-28
1.481465811146067288e-28
1.190266407733395381e-28
9.612974553152432653e-29
7.715112665208135422e-29
6.190703925981011706e-29
4.993958983677172490e-29
4.002871929821343588e-29
3.207856641439786968e-29
2.584711957589634311e-29
2.069099526863287822e-29
1.656038572249110077e-29
1.332786982075673422e-29
1.065546907028690737e-29
8.517408939029535315e-30
6.846859788700981608e-30
5.466957690212344866e-30
4.364417695323968478e-30
3.504324256716925673e-30
2.794478454448474472e-30
2.228059705332712309e-30
1.786896179210980280e-30
1.423108045809280113e-30
1.133207445942780517e-30
9.077729175080182853e-31
7.220349335093436460e-31
5.742172047803346985e-31
4.594534290276939974e-31
3.649790490510932432e-31
2.898936555623129688e-31
2.316925541042632508e-31
1.838242970391337055e-31
1.458360476070587954e-31
1.164410649256084055e-31
9.229399912656950541e-32
7.317359711841931189e-32
5.840993931444182750e-32
4.631740934117327580e-32
3.681186338725859873e-32
2.947649142385883141e-32
2.353832067639722048e-32
1.909677828101366153e-32
1.549990462157882368e-32
1.277792381859521634e-32
1.178397425772717115e-32
9.430873374425604204e-33
6.745770524010715732e-33
8.629833328368677679e-33
