9.550854071116845619e-12
1.225431654219035869e-11
1.569083242523219651e-11
2.001100112021021642e-11
2.554018887179256174e-11
3.253126145174036144e-11
4.127700037246407399e-11
5.240506493463649588e-11
6.640039649856589265e-11
8.382241926162597844e-11
1.058611411011462910e-10
1.334305512861133855e-10
1.675811027722215767e-10
2.105300178805858735e-10
2.639700879962509781e-10
3.298395498924429785e-10
4.121977647515681982e-10
5.141252965659191685e-10
6.391360105651842202e-10
7.945319870049248121e-10
9.858209371238990728e-10
1.219261215853609571e-09
1.507756774912961138e-09
1.860980833577277694e-09
2.289882426839925861e-09
2.816860499522203402e-09
3.458601699378196911e-09
4.233919547403094650e-09
5.180999372575577883e-09
6.328109381131376394e-09
7.706994501794703030e-09
9.381577883531888178e-09
1.139887968099010547e-08
1.381149102874492804e-08
1.672447084136915789e-08
2.021459831741403988e-08
2.436739976350406757e-08
2.935236043534049373e-08
3.529253100248120087e-08
4.232441399628093174e-08
5.071633087560661272e-08
6.066179047933812536e-08
7.237455369215338745e-08
8.627138495891217777e-08
1.026508059186654296e-07
1.218411693743317220e-07
1.444773816217805322e-07
1.710110638834160948e-07
2.019367994617450243e-02
2.382029322148936437e-02
2.804792571470434218e-02
3.294960131943907439e-02
3.866415230532850578e-02
4.528892059291192429e-02
5.292954721828994208e-02
6.178513946011374158e-02
7.199425801555081605e-02
8.370657005809550855e-02
9.720166818707411116e-02
1.126726233693072787e-01
1.303269707880618800e-01
1.505488887659238717e-01
1.736015484675255682e-01
1.997664143375118273e-01
2.295596420008650940e-01
2.633318631972424995e-01
3.014561159551530367e-01
3.446098383476793869e-01
3.932491970025203121e-01
4.478568358167957508e-01
5.093003258742093697e-01
5.781584509264712235e-01
6.550400138438372544e-01
7.410276016092169904e-01
8.368362767678324543e-01
9.432134789911369444e-01
1.061473030381419491e+00
1.192473375700121130e+00
1.337105707473200233e+00
1.496916902815383699e+00
1.672905626062970441e+00
1.866100772763167326e+00
2.078263303599134915e+00
2.310514693156521915e+00
2.564000339120357186e+00
2.840649135108474610e+00
3.141669927216505620e+00
3.468284606986409280e+00
3.822511222625690763e+00
4.205589569438248354e+00
4.618756551557453349e+00
5.064004607804433178e+00
5.542525691219527317e+00
6.055487843324923958e+00
6.604707119533386184e+00
7.191227410120448305e+00
7.816043193152330204e+00
8.480611811259356259e+00
9.185711353853177386e+00
9.932041866064713176e+00
1.072049783884882679e+01
1.155146357007638080e+01
1.242521568023408918e+01
1.334187512571010359e+01
1.430130475765048637e+01
1.530323195058625174e+01
1.634680711448890733e+01
1.743125768592238956e+01
1.855565299118731915e+01
1.971801322294625791e+01
2.091684510229602267e+01
2.215048326316658134e+01
2.341572007195989258e+01
2.471029984322412787e+01
2.603179269422819431e+01
2.737575026647124332e+01
2.873916925836232394e+01
3.011888436435458871e+01
3.150929541233497133e+01
3.290673141609213559e+01
3.430738707381429720e+01
3.570470935371344012e+01
3.709450719474579472e+01
3.847249798174784274e+01
3.983148160644650204e+01
4.116695731405741299e+01
4.247438840790565706e+01
4.374632436480371211e+01
4.497821511661685889e+01
4.616553914606766540e+01
4.730105476664311226e+01
4.838045301680971733e+01
4.939952145616908297e+01
5.035171070006138194e+01
5.123324800862852157e+01
5.204052233210492062e+01
5.276813974980867528e+01
5.341313558510512394e+01
5.397276279741333838e+01
5.444318031285757087e+01
5.482245285788393829e+01
5.510890375990690160e+01
5.530053565095770551e+01
5.539659049207335784e+01
5.539659049207335784e+01
5.530053565095770551e+01
5.510890375990690160e+01
5.482245285788393829e+01
5.444318031285757087e+01
5.397276279741333838e+01
5.341313558510512394e+01
5.276813974980867528e+01
5.204052233210490641e+01
5.123324800862852157e+01
5.035171070006138194e+01
4.939952145616908297e+01
4.838045301680971733e+01
4.730105476664311226e+01
4.616553914606766540e+01
4.497821511661685889e+01
4.374632436480371211e+01
4.247438840790565706e+01
4.116695731405741299e+01
3.983148160644649494e+01
3.847249798174784274e+01
3.709450719474578761e+01
3.570470935371343302e+01
3.430738707381427588e+01
3.290673141609212848e+01
3.150929541233496067e+01
3.011888436435458516e+01
2.873916925836231329e+01
2.737575026647069620e+01
2.603179269422818010e+01
2.471029984322412787e+01
2.341572007195989258e+01
2.215048326316658134e+01
2.091684510229602267e+01
1.971801322294625791e+01
1.855565299118731915e+01
1.743125768592238956e+01
1.634680711448890733e+01
1.530323195058625174e+01
1.430130475765048104e+01
1.334187512571010359e+01
1.242521568023406431e+01
1.155146357007638080e+01
1.072049783884882146e+01
9.932041866064711400e+00
9.185711353853177386e+00
8.480611811259354482e+00
7.816043193152329316e+00
7.191227410120445640e+00
6.604707119533365756e+00
6.055487843324923070e+00
5.542525691219476691e+00
5.064004607804432290e+00
4.618756551557452461e+00
4.205589569438247466e+00
3.822511222625690763e+00
3.468284606986408836e+00
3.141669927216482527e+00
2.840649135108469281e+00
2.564000339120312777e+00
2.310514693156519694e+00
2.078263303599134026e+00
1.866100772763166882e+00
1.672905626062927587e+00
1.496916902815382588e+00
1.337105707473199345e+00
1.192473375700121130e+00
1.061473030381419491e+00
9.432134789911369444e-01
8.368362767678325653e-01
7.410276016092169904e-01
6.550400138438372544e-01
5.781584509264712235e-01
5.093003258742072603e-01
4.478568358167956953e-01
3.932491970025203121e-01
3.446098383476793869e-01
3.014561159551530367e-01
2.633318631972424995e-01
2.295596420008650940e-01
1.997664143375118273e-01
1.736015484675255405e-01
1.505488887659238162e-01
1.303269707880614081e-01
1.126726233693072510e-01
9.720166818707405565e-02
8.370657005809548079e-02
7.199425801555080218e-02
6.178513946011373464e-02
5.292954721828971310e-02
4.528892059291153571e-02
3.866415230532846414e-02
3.294960131943903275e-02
2.804792571470432483e-02
2.382029322148863579e-02
2.019367994617448855e-02
1.710110638834160419e-07
1.444773816217800558e-07
1.218411693743315367e-07
1.026508059186652576e-07
8.627138495891211160e-08
7.237455369215330804e-08
6.066179047933795331e-08
5.071633087560650023e-08
4.232441399628089203e-08
3.529253100248120087e-08
2.935236043534049373e-08
2.436739976350406757e-08
2.021459831741403988e-08
1.672447084136915789e-08
1.381149102874492804e-08
1.139887968099010547e-08
9.381577883531888178e-09
7.706994501794703030e-09
6.328109381131376394e-09
5.180999372575577883e-09
4.233919547403094650e-09
3.458601699378196911e-09
2.816860499522197198e-09
2.289882426839882434e-09
1.860980833577277280e-09
1.507756774912960104e-09
1.219261215853606263e-09
9.858209371238986592e-10
7.945319870049245019e-10
6.391360105651837032e-10
5.141252965659173074e-10
4.121977647515680948e-10
3.298395498924428234e-10
2.639700879962500993e-10
2.105300178805847103e-10
1.675811027722215250e-10
1.334305512861132304e-10
1.058611411011460972e-10
8.382241926162578457e-11
6.640039649856581510e-11
5.240506493463639248e-11
4.127700037246369918e-11
3.253126145174031621e-11
2.554018887179195751e-11
2.001100112021016149e-11
1.569083242523218681e-11
1.225431654219035222e-11
9.550854071116443338e-12
7.450851758389284860e-12
5.788529261231680647e-12
4.487745969718911258e-12
3.483218586022107103e-12
2.691916102250449743e-12
2.075998047166320474e-12
1.603136167810849488e-12
1.232448998700424226e-12
9.454491813536981840e-13
7.263985711605046697e-13
5.555082856866042586e-13
4.238985868818508501e-13
3.240368823299304527e-13
2.465053075011816546e-13
1.871105307784977371e-13
1.423078351981415320e-13
1.076901933419627361e-13
8.131055574271317706e-14
6.152874985523424376e-14
4.631697500587322131e-14
3.478628233706827071e-14
2.619040958449854439e-14
1.961184116122940598e-14
1.465147833187476255e-14
1.097542680250962285e-14
8.175431716084388011e-15
6.075292183804306724e-15
4.528094494449935734e-15
3.355190415986802593e-15
2.480076833620602198e-15
1.839181073255898987e-15
1.355619471903937512e-15
9.967248705067297955e-16
7.354420342472397399e-16
5.392281707437934020e-16
3.943643032834026553e-16
2.895258643818775834e-16
2.111647857259040019e-16
1.536144215830299946e-16
1.122125035255466352e-16
8.141127717760185885e-17
5.890856201142928286e-17
4.281639619140857689e-17
3.090023545192434380e-17
2.224010527369334191e-17
1.608399574743162474e-17
1.154657439360282990e-17
8.266224337329762674e-18
5.948298800208883099e-18
4.247747335363079768e-18
3.024749497031866047e-18
2.165741392815414728e-18
1.538432135028033674e-18
1.089641060929742560e-18
7.763104255499963049e-19
5.485448707505282718e-19
3.864464060737766344e-19
2.739550101046554591e-19
1.925573598636288486e-19
1.349294633588782656e-19
9.517833193879904140e-20
6.654604290950984571e-20
4.638055737487126001e-20
3.255456905568868493e-20
2.264115080516974919e-20
1.569555672818157008e-20
1.096227866019144705e-20
7.583835563276174520e-21
5.229124930707501267e-21
3.634165956576130084e-21
2.500883533054354846e-21
1.715113168877573896e-21
1.186106568232159546e-21
8.119180095819933373e-22
5.538191318411589147e-22
3.811164622947286043e-22
2.595045825603987028e-22
1.760574771746585114e-22
1.205609756874052542e-22
8.165673985089567489e-23
5.510008611715702998e-23
3.754662047141161889e-23
2.529607794152847711e-23
1.697701373814087402e-23
1.151197956001481203e-23
7.714867888137824989e-24
5.149694626989426901e-24
3.474915356051551291e-24
2.316423407972213541e-24
1.537845621575045866e-24
1.032650878806288074e-24
6.847334514914989815e-25
4.521213596117062301e-25
3.021188902010402362e-25
1.992687947349753559e-25
1.308604054429662630e-25
8.701964757517825083e-26
5.709146555612411007e-26
3.728828257028441092e-26
2.467583409567122751e-26
1.610338729128542990e-26
1.046037642065441127e-26
6.888766270950452801e-27
4.471749149174827607e-27
2.888903175688622256e-27
1.893329269479124232e-27
1.222508188647297994e-27
7.854695042162332186e-28
5.123018719924911978e-28
3.290336152659580353e-28
2.102501263149498551e-28
1.364711451752761626e-28
8.718522858517002415e-29
5.540560774397349367e-29
3.579075269531773220e-29
2.274362575642508775e-29
1.437413188733121424e-29
9.240935408877423035e-30
5.841046170649993764e-30
3.671300178255869523e-30
2.348962848280316902e-30
1.476847752863989558e-30
9.231418822502214749e-31
5.878296327186275544e-31
3.676164718292352434e-31
2.285215835913913007e-31
1.448244607444715680e-31
9.008829082201241330e-32
5.569242447524192696e-32
3.512751968274135927e-32
2.173481164852269228e-32
1.336211090781746042e-32
8.388188389323199905e-33
5.162470265642634052e-33
3.156196141974190951e-33
1.971986751384314617e-33
1.207183787554349904e-33
7.339437519456690459e-34
4.564097783358761797e-34
2.779094878965088114e-34
1.680240179278665424e-34
1.039970502401572773e-34
6.298650377012478902e-35
3.786950790494147122e-35
2.332932848434243562e-35
1.405418867341736821e-35
8.402675218333233051e-36
5.152269765800343650e-36
3.087295538986941630e-36
1.835502681000646957e-36
1.120237460768579552e-36
6.676744847921889538e-37
3.947316117312424253e-37
2.397931279668646985e-37
1.421561009894375079e-37
8.357148879067044005e-38
5.053340015383608610e-38
2.979753752038795249e-38
1.741901618246503736e-38
1.048420387771754473e-38
6.149069420029373332e-39
3.574359769006876001e-39
2.141448062671056767e-39
1.249259226133609077e-39
7.220744266168584080e-40
4.306205854978156627e-40
2.498675645089317176e-40
1.436066748609838444e-40
8.525054888300760743e-41
4.920184070664704794e-41
2.811746417255639357e-41
1.661555062560693804e-41
9.538211895310139806e-42
5.419839607099484469e-42
3.188213904149282840e-42
1.820399596553528616e-42
1.028502555198500992e-42
6.022756791263943216e-43
3.420429501862370757e-43
1.921466722425052153e-43
1.120104039329477438e-43
6.327158375387330060e-44
3.534018388774045606e-44
2.050862599969520001e-44
1.152261141049396158e-44
6.399014280970224841e-45
3.696833858682829828e-45
2.065890388839535732e-45
1.140684606055323922e-45
6.560523093476415831e-46
3.646513142261853940e-46
2.001825406081477673e-46
