3.894768479747025457e-09
1.723760170711884108e-08
-9.676557848217205342e-12
-4.667214542404244720e-08
-3.562132196587218415e-08
5.559997441261835571e-08
1.795594157532572381e-07
9.271077756528320064e-08
-2.276699137909253014e-07
-5.436070596155462088e-07
-2.002323149305166635e-07
7.880923678333884855e-07
1.385056989111702919e-06
6.835300688107288392e-08
-2.632635367858412488e-06
-1.810430348561822380e-06
4.683992057692648329e-06
1.233116913496025482e-05
4.642763671551639180e-07
-2.572012822920346435e-05
-4.311418742003556031e-05
4.539933417950176920e-06
8.614861081623284165e-05
1.383421234771114951e-04
-4.284170773308327787e-05
-3.257441207493229655e-04
-4.663417632509867720e-04
9.224729919847633752e-05
1.106071560141001428e-03
1.936495125224165772e-03
5.174734665005009454e-04
-2.143336352219165318e-03
-3.207063246872775709e-03
3.234709682385746975e-03
1.493273039272394881e-02
2.410118837097603717e-02
5.117707057230553615e-03
-3.719189947223467546e-02
-6.724878494094944925e-02
-3.801316084003730084e-02
9.722373486566245060e-02
3.060186327414405882e-01
3.458995265089455096e-01
1.261888247526140802e-02
-3.997574226316535362e-01
-7.059771536392454028e-01
4.101661543302531077e-01
3.332961727381603900e+00
6.864248556045774663e+00
7.227425135134878609e+00
4.588194234736661770e+00
-1.061452453584862354e+01
-2.211055006087328678e+01
-8.487946556400386200e+00
5.500668557588612373e+01
2.959346628481159769e+02
7.467864328066227699e+02
1.495135348768303174e+03
2.632183352625700081e+03
4.100526287284907085e+03
5.912233930424271421e+03
7.835934336910143429e+03
9.751263641272535097e+03
1.151665283011677275e+04
1.284860599736238692e+04
1.376106954531469091e+04
1.412564576695445430e+04
1.390409280172417857e+04
1.321535764418695544e+04
1.207057670863397652e+04
1.069195367975678164e+04
9.170257306697438253e+03
7.592609276083530858e+03
6.168865852725326477e+03
4.897408218205227058e+03
3.863606100262452401e+03
3.054720355321633178e+03
2.394697422609218393e+03
1.896533431969856565e+03
1.521272022074515689e+03
1.240071830306414768e+03
1.047395452508409335e+03
9.083932681184211333e+02
8.156596305524886930e+02
7.576491934623785482e+02
7.135025780662591615e+02
6.865355656632083310e+02
6.705289359857296176e+02
6.615812767865694468e+02
6.609155700026494742e+02
6.658902431449861297e+02
6.731921079424469099e+02
6.822029724851096262e+02
6.896884652231796053e+02
6.953182988544590444e+02
7.000221518517124650e+02
6.995694365285863796e+02
6.913714995038269535e+02
6.770581372067239272e+02
6.538485466793589467e+02
6.225667697929510496e+02
5.861399032113705516e+02
5.438133062733397765e+02
4.963325326445536234e+02
4.451387315130202182e+02
3.902415691251429166e+02
3.353097838746705293e+02
2.817362474716105112e+02
2.308024251507316364e+02
1.847310246473038546e+02
1.433222841355481592e+02
1.082680046750448071e+02
8.026090960868005197e+01
5.812017839757597670e+01
4.202989004888966917e+01
2.968436775167146990e+01
2.020265753264345676e+01
1.286730097187511745e+01
6.898450478939913921e+00
2.624421471216262791e+00
-4.432081649697993536e-02
-1.497405886785553530e+00
-1.864714044428314343e+00
-1.549147271669735426e+00
-1.182306637520988524e+00
-6.841760221673822695e-01
-3.412161065401442261e-01
-1.886347272033221945e-01
-2.785089580335804380e-02
2.573533322436948392e-02
1.401846827025705726e-02
3.544621460897755955e-02
3.176501663595128477e-02
6.716571092266504506e-03
7.373616342450800727e-03
6.656967716290740876e-03
-2.564027520582968199e-03
-5.450596031740089767e-04
1.317279431380675514e-03
-1.286845975085439044e-03
-2.847819273285559678e-04
4.888002818318619479e-04
-3.620541958234201963e-04
-6.784263451618700728e-05
1.951770565636250590e-04
-6.526847697742499041e-05
-5.455756881440146377e-06
6.091256300563329323e-05
-1.303471983027635132e-05
-3.047193430523650498e-06
1.467459870737067320e-05
-2.697792778241606498e-06
-1.472194535626581865e-06
2.788099200958099396e-06
-4.436269799510270030e-07
-3.522398794107242321e-07
5.087124627699876686e-07
2.622987979613626370e-09
-8.146136256499905389e-08
4.379825563819574796e-08
1.800381910478658370e-08
-9.703116416718574165e-09
-5.687174149543600612e-09
2.626693858028250799e-09
-2.368440292392770873e-09
-3.238527412349830928e-09
5.969514958459918704e-10
-1.295740182990844737e-10
-1.128169965092782360e-09
-5.538832990077029408e-10
-1.946559534192474588e-10
2.806431265013596571e-11
-4.981338667307948509e-11
-6.429783459482869694e-11
-5.205356630420990119e-11
-7.081149733069863122e-11
-2.185102857253694455e-11
2.255952225715098091e-11
7.023635608387829953e-12
1.771972466328895644e-12
-5.292213558800753547e-12
-9.484680991778677845e-12
1.436878249071988607e-12
5.601381238118974260e-12
-7.853847946712381490e-13
-1.222947465534073752e-13
1.772188775564412983e-13
-1.736844521511002548e-12
-1.575128325309518289e-13
9.139950807053025067e-13
-1.013368020216410250e-13
-7.563519540490448758e-14
8.183624496623047612e-14
-1.498452129118084405e-13
-8.678295876875115687e-14
5.807757959541604664e-14
4.641012121258268944e-14
7.616256260988103813e-15
-1.030141619623469901e-14
-2.868826155087074880e-15
-7.203966124813844701e-15
-3.116140964565780991e-15
6.741934286897781118e-15
9.489530586426040909e-16
-3.310401627207587420e-15
5.832812609561064712e-16
9.504853911478668002e-16
2.440883408929646517e-16
5.814803147948207067e-16
8.733778614816126504e-18
-3.683937013100690766e-16
-1.161073247251433487e-16
3.674987298422275081e-18
2.010118332667895773e-17
4.187744159532256143e-17
1.473073879664055716e-17
-2.054853974173567894e-17
-1.780475441273593942e-17
-9.775632605658272553e-19
8.623120290232651606e-18
2.759309861074888267e-18
2.051040306637210183e-18
1.605780457634895159e-18
1.872632156591772547e-19
-1.454634081828862664e-18
-1.721197672090298449e-18
-1.109212350401352878e-18
-1.412552295763766066e-19
5.654544411223384336e-19
5.971744139284934784e-19
2.880616252720620031e-19
-1.102619977780561082e-19
-2.174688471568668353e-19
-1.309161625103472020e-19
2.261841607507505904e-20
5.519716849264484105e-20
4.254013388191199936e-20
4.794422565133295757e-21
-7.582495834248717176e-21
-1.306465908663103331e-20
-7.349403044544106893e-21
-2.235945807745530250e-21
3.770392711010126531e-21
4.697498568517012622e-21
2.232179941281770125e-21
-1.173081562670036461e-21
-2.395387376181357380e-21
-1.285625401100194791e-21
2.647267302074923384e-22
1.016089541386304793e-21
6.032852610803860422e-22
-5.770842178388245576e-23
-3.846726561110773843e-22
-1.814655239789623514e-22
2.576924704765254635e-23
1.116028651110282596e-22
5.073368280800971658e-23
5.902070630695230155e-24
-2.334497599228015148e-23
-1.816328176433924055e-23
-9.238454596052543668e-24
2.599555476570349957e-24
3.348213913218789226e-24
4.665185384334503952e-24
2.009206235770030900e-24
-1.054338784056389687e-25
-2.214737582463438170e-24
-1.517198506686530117e-24
-1.941354835979067237e-25
7.924970424956956670e-25
7.011021620229384247e-25
2.687829047948348770e-25
-2.445189653929236329e-25
-3.285321945321077663e-25
-1.200231277720234163e-25
8.693614169895592990e-26
1.213976742089907197e-25
4.492207477923636745e-26
-2.440622619927387574e-26
-4.231022743961276581e-26
-2.078724967474414907e-26
6.233552601552110911e-27
1.549654208095657666e-26
6.608076672939779382e-27
-1.861664162013452996e-27
-4.620884885668964879e-27
-1.679501348927660248e-27
1.576733464612817497e-27
