-2.055018690663101106e-08
8.946545488909704665e-09
2.963328105189431555e-08
2.930358035998440744e-08
8.583421756423569749e-09
-2.102885529491990445e-08
-1.459379693907147386e-07
-2.672298622382070726e-07
-2.603177881256137824e-07
8.024055820247868950e-07
2.062589927231421202e-06
2.176137597811489878e-06
-3.279291215734307783e-06
-9.914168268869214589e-06
-1.147752547183826147e-05
1.185913907083424460e-05
4.276372763003509242e-05
5.441267624966910320e-05
-2.587335471967135161e-05
-1.506556523033542082e-04
-2.252049655177168648e-04
2.967661919000565322e-05
5.189292621842892580e-04
9.092654362951638723e-04
4.004597468867169521e-04
-1.319680557419167189e-03
-3.478772468386980444e-03
-3.682001015812920702e-03
2.651210120428140748e-03
1.440222972532579152e-02
2.683549761185789057e-02
1.077995977741565137e-02
-3.848021398245699692e-02
-1.311217848036000666e-01
-1.209705557596886943e-01
5.366277242738029529e-02
4.931145783618238743e-01
7.512702327748629338e-01
5.710197696685186397e-01
-6.919340345065239095e-01
-2.485768211297085362e+00
-3.931328776808153957e+00
-3.173689754708898025e+00
2.834925877358753343e+00
1.322529730189312325e+01
2.862031220235730089e+01
3.196683365532731358e+01
1.668656781199427996e+01
-3.277106950161017096e+01
-1.131080134324828066e+02
-2.063125052464502289e+02
-3.021116264279496590e+02
-2.312009035534452437e+02
5.822786997851657276e+01
6.572101709251730881e+02
1.692255329462266218e+03
3.116858602916908239e+03
4.938999728881297415e+03
6.899296332005772456e+03
8.889210684817389847e+03
1.075916598018781224e+04
1.212233587915765929e+04
1.298878403947881270e+04
1.325910970013906626e+04
1.295671087421915399e+04
1.218337239727619635e+04
1.094848670208084695e+04
9.509226937632218323e+03
7.959950188371907643e+03
6.454505161233196304e+03
5.265751844783449087e+03
4.341812864303939023e+03
3.700884708612302802e+03
3.207412909947864591e+03
2.807088155613504568e+03
2.516872621032147435e+03
2.312731453162148682e+03
2.171937640408971220e+03
2.083739399779876294e+03
2.022100122418533374e+03
1.978618933251083035e+03
1.938855918236774187e+03
1.890336759594567638e+03
1.841067607724622349e+03
1.779791302164481067e+03
1.699487360044580555e+03
1.606326779895886148e+03
1.497581219719013234e+03
1.391683149169113221e+03
1.297517113062230692e+03
1.218816474847396194e+03
1.150355152440392203e+03
1.086753731774673497e+03
1.026828251795922370e+03
9.724061510419109027e+02
9.246106770576287772e+02
8.780477531072649526e+02
8.212356231052302746e+02
7.549718558520548868e+02
6.827096252028436538e+02
6.133214189474655313e+02
5.470868387924056151e+02
4.820410159089767603e+02
4.172855742924814990e+02
3.541924602951351631e+02
2.948726571790381854e+02
2.421685933007496203e+02
1.952289576963510171e+02
1.542314309084340778e+02
1.183920052109300229e+02
8.722091710604773596e+01
6.031171414344239423e+01
3.820139915130877739e+01
2.136710538189547748e+01
1.014292689334810404e+01
2.967737000116748902e+00
-9.507157461398252352e-01
-2.398547888099437309e+00
-3.060710354763916730e+00
-2.804368958006528967e+00
-2.075154815589554058e+00
-1.516553109795675480e+00
-9.474945957766098825e-01
-4.691030638525791052e-01
-1.814274866937832242e-01
-1.979119669196112430e-02
4.185083979772213220e-02
7.013780674105009327e-02
6.210692858386679394e-02
3.863834111274218330e-02
2.650036978882379379e-02
1.499171345563238278e-02
6.165423647306786034e-03
1.783257119649817512e-03
3.431032804706790010e-04
1.565924892639371387e-04
-3.785471233941643723e-04
-2.005616027285735462e-04
1.387154453469662029e-04
1.247637027464237815e-04
1.171632548809971026e-04
1.245995312034054044e-04
1.134632965278126881e-04
7.248866630489254144e-05
3.943623700374995192e-05
3.164924525945886835e-05
1.942613006242772307e-05
1.003645717151736024e-05
7.101561926538976451e-06
4.996656817164812605e-06
2.846816615847485501e-06
1.171319482955622422e-06
7.663248233114218485e-07
6.749212515080214530e-07
2.436140279950308242e-07
1.494025533456179216e-07
1.626562749639963773e-07
6.670394513225375101e-08
1.018485614798435558e-08
3.776456702319996967e-09
5.251040749460108237e-09
-4.178910687785689167e-09
-6.025954114476946080e-09
2.898796885713809139e-10
-1.589593171921137463e-09
-3.179249785269652950e-09
-5.225475898705152529e-10
-5.864461101684115089e-10
-1.290782935510854864e-09
-6.368919216565676589e-10
-1.646210387650280069e-10
-1.555803516538079988e-10
-2.437453663533350959e-10
-1.231144028053954121e-10
-2.380900608353727163e-11
-5.497484986852623985e-11
-3.920318039797874378e-11
-2.607575400236994690e-11
-3.346622159099974993e-11
-1.629790530344599615e-11
-2.720566752898429487e-13
-1.787270341388929782e-12
-9.910780888873957106e-13
1.154862265080304781e-12
1.348571415789096889e-12
-4.965835333341688044e-13
-2.141931315940178224e-12
-1.729610195200086841e-12
-7.811264031565264344e-13
1.136863474202317081e-13
2.888750202993979721e-13
1.206185422446642303e-13
-5.985955047558368104e-14
-2.557500936650038025e-14
-1.988775542392783428e-14
-2.081412558871014503e-14
-1.263612188976326715e-14
-9.228847922198594441e-15
-6.595254115733903412e-15
-3.268581912396144100e-15
-1.368690406392344908e-15
1.235906977802662808e-15
2.606178801963300749e-15
5.121301731014125360e-16
-1.814466866563541494e-15
-8.267323733940757139e-16
1.002294380254093047e-15
1.462159332158413762e-15
2.045082310509909208e-16
-9.151544757078396379e-16
-9.408726631918161796e-16
-1.775726415158825723e-16
3.398335892739339380e-16
3.097714936132456175e-16
3.566704338540626172e-17
-8.269344393158110250e-17
-3.540554493765893544e-17
1.721697798411565560e-17
1.859082611004264898e-17
-1.381426167113120156e-17
-2.439002785073102368e-17
-8.336218433104969451e-18
1.225265799546496037e-17
1.110485966830922483e-17
1.827038289388729600e-18
-4.357334901159405341e-18
-1.825979882617234500e-18
6.534926258060033841e-19
9.809533963545184922e-19
-1.820553376080988753e-19
-5.700924872301772171e-19
-9.189235712081701552e-20
3.417484453956464712e-19
2.826418570750965383e-19
-9.008120946180898097e-20
-2.267747421010257080e-19
-1.251660991164715802e-19
2.923972394336263777e-20
4.219945611449953329e-20
1.872873116740189152e-20
-1.248701844481183495e-21
3.574266307230424109e-21
4.310224326177237571e-21
-4.375539423327024612e-22
-3.991234934416061067e-21
-3.490246964334757904e-21
-1.393678482494285113e-22
1.355245737787180828e-21
6.247441953300844296e-22
-5.559229706587871603e-22
-4.903218833299775227e-22
-9.993757375312046698e-23
2.886255252488132643e-22
3.168065658820623341e-22
1.063802910002402718e-22
-1.226565402488817369e-22
-1.361665250396850528e-22
-3.180208058397079786e-23
5.818935810201802217e-23
4.584667832777125602e-23
8.784867551807815616e-24
-1.944804767945061500e-23
-1.713772456687634607e-23
-3.976857812332767714e-24
5.739365999514362420e-24
4.636985486260277476e-24
1.098974996098463432e-24
-1.522974949651055500e-24
-1.343715267508150279e-24
-5.740484674518473988e-25
1.048026546117277797e-25
2.733369891438035815e-25
2.641238059821969472e-25
1.562183878632344266e-25
2.799682985934499256e-26
-1.047438369409397613e-25
-1.064621274700746955e-25
-1.259712110432026560e-26
3.904434892210655843e-26
3.710121902109784532e-26
1.326019191743981413e-26
-5.420331855731725332e-27
-7.567166548293566235e-27
-1.766639292103282131e-27
-3.983032132411253918e-28
-1.681742690578613032e-27
-1.129508342527128529e-27
1.780781272021869780e-27
