6.947975624661508753e+00 6.947011849900870395e+00 6.946172478846098564e+00 6.945707460811036960e+00 6.945682750079956946e+00 6.945848412232309421e+00 6.946129985619646341e+00 6.946228186678041538e+00 6.946091127794727704e+00 6.945796500855089484e+00 6.945391069286801944e+00 6.944806064480828489e+00 6.944401108465158678e+00 6.944452020905897527e+00 6.944729513540936594e+00 6.944753966761963326e+00 6.944464138400664233e+00 6.944326694492505503e+00 6.944518815263344358e+00 6.945256182288521707e+00 6.946434707945270404e+00 6.947824867090522716e+00 6.948591667387723270e+00 6.948699297628842864e+00
6.949202882421734451e+00 6.948211890275802993e+00 6.947198672673562392e+00 6.946389599332143838e+00 6.945879833584350571e+00 6.945456371707220633e+00 6.945014438626635922e+00 6.944553319050559281e+00 6.944184948717722961e+00 6.943986988721898790e+00 6.943936128549391462e+00 6.943950491635273892e+00 6.944195826693374762e+00 6.944643399934531836e+00 6.945115985314514795e+00 6.945375453067866189e+00 6.945463432400039494e+00 6.945646438381086973e+00 6.946038651891805138e+00 6.946821473373704592e+00 6.947931119309934900e+00 6.949126891630274194e+00 6.949739533068125752e+00 6.949846720044410731e+00
6.948718188793506556e+00 6.948154339756833053e+00 6.947421636101671183e+00 6.946572640574562918e+00 6.945728951326252343e+00 6.944867496935843931e+00 6.943750358327276828e+00 6.942739723885633651e+00 6.942149847872173929e+00 6.942026871367377616e+00 6.942293261112173042e+00 6.942869670611433008e+00 6.943652131264487437e+00 6.944237577316203058e+00 6.944646467451272009e+00 6.944924787285399859e+00 6.945222090974486839e+00 6.945557063508173812e+00 6.945921448538117993e+00 6.946461577381789709e+00 6.947214196502563333e+00 6.948111906236776214e+00 6.948707830938805508e+00 6.948952016773787044e+00
6.946140576564705960e+00 6.946268332851063931e+00 6.946145521485784791e+00 6.945598712749410097e+00 6.944722836214523021e+00 6.943733552582224355e+00 6.942380503376380574e+00 6.941171070156205936e+00 6.940539958161115131e+00 6.940612883334412508e+00 6.941272922555015157e+00 6.942330773078564832e+00 6.943312161615097899e+00 6.943687359923021774e+00 6.943738471151634783e+00 6.943674989952902443e+00 6.943710052690717838e+00 6.943756670000960973e+00 6.943761114649811717e+00 6.943821834633675749e+00 6.943996048086175321e+00 6.944577794716487951e+00 6.945300933504480412e+00 6.945817803467103424e+00
6.943150550341733229e+00 6.943544370337352944e+00 6.943790079447634156e+00 6.943638538561658358e+00 6.943126808980356834e+00 6.942525238724151393e+00 6.941755614574018018e+00 6.941169134861929990e+00 6.940935664364335622e+00 6.941435368853006160e+00 6.942473949824213619e+00 6.943585326786976708e+00 6.944276089115592576e+00 6.944210191839390589e+00 6.943796052004610253e+00 6.943134086213532896e+00 6.942497761035967940e+00 6.941921689058753842e+00 6.941481175460782360e+00 6.941229836884546422e+00 6.941082558150535320e+00 6.941468804861947284e+00 6.942173013733420994e+00 6.942703676761486697e+00
6.941067730413923442e+00 6.941455887923191348e+00 6.941798391313418470e+00 6.941992125352321352e+00 6.942006031035731439e+00 6.941953662466744390e+00 6.941963664836996450e+00 6.942186609911294326e+00 6.942537252189492136e+00 6.943383125597593519e+00 6.944429794573827586e+00 6.945224244230218780e+00 6.945444312405853360e+00 6.945002598023893192e+00 6.944188485604092520e+00 6.943060355536613493e+00 6.941975230653301132e+00 6.940999057598256528e+00 6.940370500853549451e+00 6.940094824112757799e+00 6.939913773587782053e+00 6.940124648260892926e+00 6.940528523130120142e+00 6.940791575137899905e+00
6.940702527973180658e+00 6.940698705960389070e+00 6.940773933588279654e+00 6.941151315962112989e+00 6.941744379325585079e+00 6.942327340162277594e+00 6.943137790031546963e+00 6.944150584094956891e+00 6.945099592927681087e+00 6.945940311478054241e+00 6.946391132184389861e+00 6.946395722995620581e+00 6.946012864999647540e+00 6.945391726929399212e+00 6.944518025368586756e+00 6.943481474239927564e+00 6.942517273791703580e+00 6.941659981403066837e+00 6.941249260852115022e+00 6.941256668743481129e+00 6.941304982896309816e+00 6.941304368297314120e+00 6.941144216566802250e+00 6.940900295298153999e+00
6.942237172240042220e+00 6.941808870783393814e+00 6.941583839447285520e+00 6.941920599686681292e+00 6.942707113817024656e+00 6.943574524562880157e+00 6.944658702769399561e+00 6.945760855415922919e+00 6.946671045336621830e+00 6.946897146745107499e+00 6.946374183347117537e+00 6.945589271022501343e+00 6.944786289025278947e+00 6.944342875887602240e+00 6.944125690355682501e+00 6.944122076291572299e+00 6.944097173094545106e+00 6.943992022448554735e+00 6.944074884528109060e+00 6.944315068498208454e+00 6.944413985685451429e+00 6.944088387308473109e+00 6.943440872516612572e+00 6.942834906060830313e+00
6.943974738584549833e+00 6.943426331285404984e+00 6.943205414586656410e+00 6.943502370424296188e+00 6.944186554135478140e+00 6.945042633604469273e+00 6.946022195580860092e+00 6.946740860068166157e+00 6.947139384334511725e+00 6.946640434781474305e+00 6.945444781284997759e+00 6.944171459830383419e+00 6.943183640380715005e+00 6.943098590632463818e+00 6.943718559586288031e+00 6.944923774025966168e+00 6.945917799917332047e+00 6.946644422851180778e+00 6.947108716070462542e+00 6.947284937847168607e+00 6.947137719796697475e+00 6.946416029039967910e+00 6.945480737498761492e+00 6.944712312167842683e+00
6.945216875790381827e+00 6.945033024572274449e+00 6.945210262800412870e+00 6.945535682911696540e+00 6.945853471730051965e+00 6.946336173624336752e+00 6.946736026473725012e+00 6.946695175081330831e+00 6.946302124674470058e+00 6.945291156270330113e+00 6.943957325409424897e+00 6.942689074727450560e+00 6.941971341086624392e+00 6.942452700377243602e+00 6.943890740912126880e+00 6.945970361750725353e+00 6.947680203566207524e+00 6.948989813645222391e+00 6.949479553222631445e+00 6.949174965030300299e+00 6.948473470940911056e+00 6.947423125458830562e+00 6.946456151739414331e+00 6.945732438516362350e+00
6.945239244983580029e+00 6.945565539079436412e+00 6.946120476932416743e+00 6.946543018948297288e+00 6.946607053808098620e+00 6.946614230775662868e+00 6.946355919340587270e+00 6.945796439098542052e+00 6.945111215745098932e+00 6.944318569463621138e+00 6.943558344484433320e+00 6.942857351955638912e+00 6.942724484011368880e+00 6.943557758477250097e+00 6.944977598074851599e+00 6.946725750196457660e+00 6.948067178904563157e+00 6.949071894261112270e+00 6.949119808927046726e+00 6.948355772808326059e+00 6.947421460174759034e+00 6.946481428006128667e+00 6.945802210419579126e+00 6.945334045750652940e+00
6.945295644067979168e+00 6.945783511931135301e+00 6.946367577862291753e+00 6.946784893545721928e+00 6.946721133813094973e+00 6.946378745220063600e+00 6.945649187829883608e+00 6.944877202575051811e+00 6.944205930111894354e+00 6.943901239073787757e+00 6.943899359854842857e+00 6.943950365357746790e+00 6.944259646935534214e+00 6.944928957241345735e+00 6.945814716566329317e+00 6.946710459126615334e+00 6.947242214660493964e+00 6.947500775227729797e+00 6.947140076538169673e+00 6.946441526971424807e+00 6.945799330272050653e+00 6.945333006951375232e+00 6.945105448995691155e+00 6.945056736378885098e+00
6.945669522210172531e+00 6.945826981279444645e+00 6.946005233323729655e+00 6.946162380341482923e+00 6.945989066124468536e+00 6.945448025627471544e+00 6.944646132304025166e+00 6.944081139672324099e+00 6.943795176469460984e+00 6.944062200750743763e+00 6.944685705068252446e+00 6.945343554683168996e+00 6.945783008136199754e+00 6.945897324341165913e+00 6.945902413717839785e+00 6.945685581195928826e+00 6.945200797721606811e+00 6.944565600954485163e+00 6.944070737345278133e+00 6.944020853006910521e+00 6.944209233732360431e+00 6.944559993201433912e+00 6.944926329886429883e+00 6.945370331733396796e+00
6.946231955273383107e+00 6.945796633925582775e+00 6.945413727376193336e+00 6.945091015530971745e+00 6.944680843662935921e+00 6.944151214098837066e+00 6.943618349303258164e+00 6.943411388458436306e+00 6.943478017674790337e+00 6.943900762501279189e+00 6.944469892206171835e+00 6.945063990181771452e+00 6.945347057501682464e+00 6.945133780477296348e+00 6.944709658529813368e+00 6.943992939721963076e+00 6.943172496687267881e+00 6.942401036354145738e+00 6.942273614819391092e+00 6.942969938193238377e+00 6.943919401757593590e+00 6.944948986386799028e+00 6.945698372908447382e+00 6.946267713511510067e+00
6.946167626590196598e+00 6.945309737869778566e+00 6.944535885771164097e+00 6.943859555295939678e+00 6.943319003254278421e+00 6.942907262100468380e+00 6.942624105115883459e+00 6.942580460978651224e+00 6.942804967534921268e+00 6.943167524738835361e+00 6.943459074361678418e+00 6.943766215228531102e+00 6.943926640537914530e+00 6.943689586209893960e+00 6.943140068863979941e+00 6.942300679425511767e+00 6.941596885198547007e+00 6.941141469667528874e+00 6.941461168696316797e+00 6.942579604988053710e+00 6.943966056596988068e+00 6.945373861853513908e+00 6.946215461540318437e+00 6.946619304227978020e+00
6.945162030374954831e+00 6.944168202981610527e+00 6.943268580762471665e+00 6.942515073520345581e+00 6.942037537002167191e+00 6.941846624136937649e+00 6.941720251080985449e+00 6.941627790636389683e+00 6.941752532111983065e+00 6.941891441647771721e+00 6.941906547842536135e+00 6.941963391512148362e+00 6.942116681820489354e+00 6.942099310134854484e+00 6.941755051312807900e+00 6.941250001944936798e+00 6.941035994186286473e+00 6.941157029803203926e+00 6.941733603792441087e+00 6.942704208251457842e+00 6.943901623737550821e+00 6.945134320453743904e+00 6.945791959354744805e+00 6.945878628293161050e+00
6.943485498969535819e+00 6.942733881077882252e+00 6.942011209785724724e+00 6.941457712589356177e+00 6.941203050759030546e+00 6.941167226902842380e+00 6.941094191443274219e+00 6.940919026038176121e+00 6.940865830094304911e+00 6.940904446056663346e+00 6.941030832675898488e+00 6.941282267459733646e+00 6.941609538509412758e+00 6.941779019327489308e+00 6.941755174718052146e+00 6.941699144934695198e+00 6.941833648408517909e+00 6.942099122682959589e+00 6.942418885195170475e+00 6.942778680456592078e+00 6.943247934460751836e+00 6.943821736689390178e+00 6.944121722310061529e+00 6.944062423086661440e+00
6.942043086532973639e+00 6.941617731557582438e+00 6.941156064606977871e+00 6.940799536903120348e+00 6.940676115347347519e+00 6.940703746086909653e+00 6.940662189517279757e+00 6.940468424006215109e+00 6.940301395497417758e+00 6.940306489476526508e+00 6.940630783272487392e+00 6.941163435922803160e+00 6.941685848172077122e+00 6.941997523971362050e+00 6.942249436052024159e+00 6.942543248926694943e+00 6.942826944714435733e+00 6.943037538727846680e+00 6.943052592909691789e+00 6.942934706143162771e+00 6.942808925835034728e+00 6.942753193128335276e+00 6.942663211647330357e+00 6.942425630440771656e+00
6.941302361849754021e+00 6.941139055791644807e+00 6.940922926813230198e+00 6.940701510835948440e+00 6.940574186701073067e+00 6.940547619178556005e+00 6.940508057342059445e+00 6.940388293625379568e+00 6.940249834879120172e+00 6.940297488906947088e+00 6.940707086665586445e+00 6.941348577754401283e+00 6.941959210983969619e+00 6.942405522398210849e+00 6.942895316351637369e+00 6.943399666002634696e+00 6.943728932993933789e+00 6.943863609886710364e+00 6.943652906464683028e+00 6.943186293810128973e+00 6.942639480633740590e+00 6.942181559657897516e+00 6.941851956595019857e+00 6.941535369025340074e+00
6.941701923877184655e+00 6.941560548167826639e+00 6.941462615279918147e+00 6.941305872609209615e+00 6.941120299116682268e+00 6.941028874043102981e+00 6.940964677259593429e+00 6.940900497132260760e+00 6.940857139677513388e+00 6.940887413491131142e+00 6.941054802140928182e+00 6.941327886348143572e+00 6.941655304995278719e+00 6.942052626862820652e+00 6.942582207231938973e+00 6.943140432788205807e+00 6.943520801231945150e+00 6.943791121729532279e+00 6.943660387280163881e+00 6.943183466136059856e+00 6.942647796442624752e+00 6.942269599243109823e+00 6.942076949200676417e+00 6.941887957704270029e+00
6.942406590135152378e+00 6.942306905358426761e+00 6.942346929144905587e+00 6.942315956231591478e+00 6.942160491744449935e+00 6.942092567482845311e+00 6.942005289143155622e+00 6.941903863423703136e+00 6.941862778078999874e+00 6.941820168248651335e+00 6.941703197406122072e+00 6.941565724348262023e+00 6.941441542848967750e+00 6.941526910034593101e+00 6.941833311684188601e+00 6.942260273121274139e+00 6.942594879338937375e+00 6.942903979762824029e+00 6.942986031598012531e+00 6.942840732406355464e+00 6.942658136637869681e+00 6.942563612806402773e+00 6.942552685206195839e+00 6.942536059204845067e+00
6.943308012685847963e+00 6.943353878475622132e+00 6.943576097000029534e+00 6.943765133212794538e+00 6.943799645605985837e+00 6.943862403445423936e+00 6.943742985708516002e+00 6.943530963009403756e+00 6.943422998590820683e+00 6.943270536906433144e+00 6.942904534553920648e+00 6.942422153683855512e+00 6.941804346958497796e+00 6.941326818530120235e+00 6.941110915225482181e+00 6.941155508158537657e+00 6.941308663564259795e+00 6.941539848653306422e+00 6.941891189389807870e+00 6.942294987902508652e+00 6.942679246869020382e+00 6.942974595563740969e+00 6.943150412330713728e+00 6.943298695969764012e+00
6.944171617506631478e+00 6.944488767523462336e+00 6.944883013114963255e+00 6.945287075891285689e+00 6.945533910298193447e+00 6.945647824361241618e+00 6.945419816725816098e+00 6.945091461974059577e+00 6.944921850728723811e+00 6.944759605265118374e+00 6.944393547528692423e+00 6.943918124818398319e+00 6.943152012188633648e+00 6.942305892637454789e+00 6.941612772073231241e+00 6.941227787716567121e+00 6.941157010827954998e+00 6.941280755784936751e+00 6.941738415592006106e+00 6.942378906621949675e+00 6.943003388316446589e+00 6.943462681069057396e+00 6.943720035384682632e+00 6.943951345935109210e+00
6.945203433836532270e+00 6.945727253235113530e+00 6.946228911048406118e+00 6.946730806792611901e+00 6.947011690894845160e+00 6.946998488863116883e+00 6.946546699762341959e+00 6.946081165325272089e+00 6.945829059620511003e+00 6.945726720789328290e+00 6.945526672841021210e+00 6.945224273462528686e+00 6.944550418850658602e+00 6.943613843764897986e+00 6.942721641529298715e+00 6.942073226729835511e+00 6.941863540787641007e+00 6.941964868853305326e+00 6.942456588296286313e+00 6.943095418273074415e+00 6.943721769125159149e+00 6.944212673309615447e+00 6.944524418301273982e+00 6.944811608890455901e+00
6.946385107983464202e+00 6.946927412170722071e+00 6.947382381820883523e+00 6.947736049654360535e+00 6.947768876026755969e+00 6.947431159356354691e+00 6.946703382377839020e+00 6.946058443094780266e+00 6.945649196960059335e+00 6.945604974556924383e+00 6.945712034303294757e+00 6.945759457381173618e+00 6.945475926613900342e+00 6.944867301026152795e+00 6.944207314671807296e+00 6.943659746411077194e+00 6.943492311826570784e+00 6.943672593310625807e+00 6.944067153182612806e+00 6.944420917381208369e+00 6.944764241443510677e+00 6.945121216221354032e+00 6.945490743082032736e+00 6.945887217799601387e+00
6.946710467099475927e+00 6.947117428651628401e+00 6.947420004022864859e+00 6.947473634048781932e+00 6.947166983124690276e+00 6.946626940841591491e+00 6.945826827050800567e+00 6.945107153656936205e+00 6.944556268653312436e+00 6.944443972455965230e+00 6.944684724619361482e+00 6.944983360169024955e+00 6.945146446811070184e+00 6.945069034707588962e+00 6.944906047317563669e+00 6.944725006347463037e+00 6.944705861721959472e+00 6.944870713279365226e+00 6.945034108466891176e+00 6.945060310234865142e+00 6.945091532893656883e+00 6.945244644418234969e+00 6.945613078203966673e+00 6.946150221594272089e+00
6.946007124704443925e+00 6.946357681651243787e+00 6.946586800773304482e+00 6.946483305810358111e+00 6.946073289224464986e+00 6.945567032963357867e+00 6.944914000258452624e+00 6.944291484519811597e+00 6.943770852413316597e+00 6.943567247188760838e+00 6.943739608053503432e+00 6.944087372359277310e+00 6.944532238104994093e+00 6.944848783553137395e+00 6.945045539194787843e+00 6.945090080109880937e+00 6.945051849355825091e+00 6.945033894899032667e+00 6.944942667409701897e+00 6.944793349362340606e+00 6.944664513232912562e+00 6.944617594276053296e+00 6.944852677746327529e+00 6.945398232568861907e+00
6.944156231491922959e+00 6.944479397369419438e+00 6.944719764335779644e+00 6.944745659609050215e+00 6.944625446089498055e+00 6.944526179170297020e+00 6.944291103959931100e+00 6.943955086599475024e+00 6.943638820233887010e+00 6.943401809878838371e+00 6.943371991414480249e+00 6.943556526904464121e+00 6.943971849516665351e+00 6.944403843710060364e+00 6.944732299153362653e+00 6.944767672527807356e+00 6.944504893375154531e+00 6.944170960591940833e+00 6.943896386947376875e+00 6.943730946652121538e+00 6.943568712634250240e+00 6.943369770360812154e+00 6.943355637337899289e+00 6.943687232883779537e+00
6.942668481410930070e+00 6.942721407653709598e+00 6.942903809589322961e+00 6.943208280380152253e+00 6.943586923831547075e+00 6.944028923242096418e+00 6.944298619716430032e+00 6.944321809284361713e+00 6.944259887711854873e+00 6.944118302867696713e+00 6.944000023125865617e+00 6.943941742237631054e+00 6.944026850045059263e+00 6.944231685661113040e+00 6.944467656550183499e+00 6.944430400432528572e+00 6.944081049052066135e+00 6.943746669836902363e+00 6.943616258329695867e+00 6.943618040041831918e+00 6.943531911882665497e+00 6.943266347643278991e+00 6.942948744304716868e+00 6.942752945712058477e+00
6.942154863793443376e+00 6.941773767785639038e+00 6.941734422074635980e+00 6.942146856893010032e+00 6.942812370495277996e+00 6.943583649415511871e+00 6.944239528271478612e+00 6.944586005182982191e+00 6.944742508818745108e+00 6.944705822908994186e+00 6.944547305487500211e+00 6.944294431818865299e+00 6.944023940618126112e+00 6.943945224139998373e+00 6.944032316957996720e+00 6.944072612169820857e+00 6.943999366177227905e+00 6.944027218145795821e+00 6.944303501162938375e+00 6.944598784821248039e+00 6.944715042459574939e+00 6.944420976951388269e+00 6.943730803397009765e+00 6.942938510765645610e+00
6.942844907553336498e+00 6.941933396265386413e+00 6.941493569116390816e+00 6.941719372197782789e+00 6.942344236860616746e+00 6.943094555661804002e+00 6.943802497086474013e+00 6.944296888361833453e+00 6.944604443116434211e+00 6.944691891351659763e+00 6.944548687018472499e+00 6.944212536452484485e+00 6.943757249470835724e+00 6.943505513231443160e+00 6.943505781049719161e+00 6.943836197035410329e+00 6.944390669508590186e+00 6.945079522853382592e+00 6.945871934591383301e+00 6.946507947679116057e+00 6.946920249432373851e+00 6.946646188717090276e+00 6.945593621658858297e+00 6.944259555725618149e+00
6.944093697958840572e+00 6.943017227425868576e+00 6.942305308573556211e+00 6.942166071477399392e+00 6.942377682178975107e+00 6.942674162745886335e+00 6.942963221200591839e+00 6.943277345751721619e+00 6.943664766019359114e+00 6.943920432086609473e+00 6.943890874779060418e+00 6.943727712716950329e+00 6.943468824341540113e+00 6.943378469094775518e+00 6.943490079102447865e+00 6.944094480484748644e+00 6.945026476314031250e+00 6.945970756395533741e+00 6.946827001276504099e+00 6.947476399299315375e+00 6.947983761949655168e+00 6.947836118112128645e+00 6.946852526236053649e+00 6.945553270302451843e+00
6.945290996487204715e+00 6.944353281340405637e+00 6.943672985415962451e+00 6.943256094969427750e+00 6.942939336568755060e+00 6.942666863760392104e+00 6.942440023359199408e+00 6.942537610525743474e+00 6.942968625646065206e+00 6.943435863469279212e+00 6.943620982647056294e+00 6.943731838548514723e+00 6.943759034679634290e+00 6.943875606836575010e+00 6.944144105444732595e+00 6.944806873319024909e+00 6.945639885666174074e+00 6.946363085646141577e+00 6.946912150439262135e+00 6.947325780816209218e+00 6.947679051782680304e+00 6.947744867691110215e+00 6.947257025367707506e+00 6.946419353804257568e+00
6.946194874106081940e+00 6.945744783474537165e+00 6.945407288460961226e+00 6.944966275340669348e+00 6.944296924376040181e+00 6.943583856384151431e+00 6.942944413755643751e+00 6.942807306059650685e+00 6.943152563874819272e+00 6.943758165137880134e+00 6.944263871081266082e+00 6.944748080063715356e+00 6.945079701030358876e+00 6.945361101361831047e+00 6.945749425886423190e+00 6.946162146355068678e+00 6.946316150740917905e+00 6.946236933340335540e+00 6.946072270304273211e+00 6.946057444731104979e+00 6.946122797200973586e+00 6.946444368584865359e+00 6.946689403328210943e+00 6.946621287949604096e+00
6.946632096664259848e+00 6.946782752296738472e+00 6.946878034464179841e+00 6.946785292774514176e+00 6.946374028480374996e+00 6.945747291400253154e+00 6.945067898965126219e+00 6.944789373792523257e+00 6.944836047407582313e+00 6.945240980753212945e+00 6.945780298184282664e+00 6.946345449423805718e+00 6.946731727118815591e+00 6.946974195435256405e+00 6.947284308848606038e+00 6.947356841827177831e+00 6.946870965430680833e+00 6.946061032970082927e+00 6.945230249719180016e+00 6.944863045116377087e+00 6.944820512581220129e+00 6.945299219935010093e+00 6.945906119445242055e+00 6.946371615424159707e+00
6.946896910694347227e+00 6.947598291903031686e+00 6.948076330563677239e+00 6.948392951511235260e+00 6.948409608018500272e+00 6.948039035981058653e+00 6.947405927405538861e+00 6.946975595253296554e+00 6.946713295165225510e+00 6.946705001011322267e+00 6.946892392061946531e+00 6.947152947690418578e+00 6.947359763514401543e+00 6.947480038180341211e+00 6.947628678846975880e+00 6.947561632696569234e+00 6.946919399622558444e+00 6.945862276206786312e+00 6.944643212478139205e+00 6.944026735784666116e+00 6.943979425183445464e+00 6.944556385157903300e+00 6.945297907658385839e+00 6.946069773218189525e+00
6.946719473080055884e+00 6.947798575247921882e+00 6.948596673927960765e+00 6.949300167069370815e+00 6.949786415460319056e+00 6.949837712001380119e+00 6.949400212691599243e+00 6.948817854388275705e+00 6.948231563104641850e+00 6.947652900829091038e+00 6.947142062749799507e+00 6.946704980117222483e+00 6.946433503597854831e+00 6.946329083273218075e+00 6.946274156875000827e+00 6.946298009670886842e+00 6.946023717061583724e+00 6.945319167802128213e+00 6.944246551253484334e+00 6.943581396375645198e+00 6.943558250575949664e+00 6.944105521498529221e+00 6.944805167109780797e+00 6.945633862254403823e+00
6.945618539583239937e+00 6.946498026324462671e+00 6.947274231874764006e+00 6.947997192510529274e+00 6.948583712074680285e+00 6.948969989610849218e+00 6.948886542070037642e+00 6.948387756320206776e+00 6.947717915531010924e+00 6.946883404080263169e+00 6.946000327740037505e+00 6.945082268640198286e+00 6.944394099792798869e+00 6.944107286362277698e+00 6.944010039578254911e+00 6.944217079500919709e+00 6.944368629219290767e+00 6.944261146742940483e+00 6.943791340171149074e+00 6.943388237433175902e+00 6.943292122826617785e+00 6.943643855239001184e+00 6.944209035517917350e+00 6.944824347736953563e+00
6.944075237289291991e+00 6.944348229277188089e+00 6.944695662371063172e+00 6.945130644328102676e+00 6.945609626612227139e+00 6.946123076690281728e+00 6.946458428952233533e+00 6.946343911073551425e+00 6.945891216096439891e+00 6.945191173362584180e+00 6.944404213048865238e+00 6.943473531769209117e+00 6.942645273063330791e+00 6.942308202472938561e+00 6.942300771249134250e+00 6.942665422988288704e+00 6.943051595867890669e+00 6.943349961008196125e+00 6.943449430831440061e+00 6.943362613404187478e+00 6.943247763161623176e+00 6.943342658188488947e+00 6.943623861434168099e+00 6.943876279026722997e+00
6.942150152585665701e+00 6.941488209983852187e+00 6.940990718490334999e+00 6.940832303931938618e+00 6.941060594243319670e+00 6.941530662192687551e+00 6.942276020261795466e+00 6.942872225842251055e+00 6.943084966072751385e+00 6.943007899422172002e+00 6.942814717699835825e+00 6.942458543477097344e+00 6.942002750907556141e+00 6.941801572406948395e+00 6.941925958066492264e+00 6.942333840276055490e+00 6.942777933645296606e+00 6.943250178086281643e+00 6.943709340945996011e+00 6.943924466817581020e+00 6.943857148686556791e+00 6.943581623383598078e+00 6.943224174853745545e+00 6.942795761678584476e+00
6.941093223196016737e+00 6.939870142191819191e+00 6.938718922233207742e+00 6.938027550516573605e+00 6.937997926933378245e+00 6.938322411922491995e+00 6.939185661914102354e+00 6.940214898780315167e+00 6.941075699435902635e+00 6.941679585620063264e+00 6.942173387994007960e+00 6.942683220350189366e+00 6.943038368147724348e+00 6.943237930613752162e+00 6.943426007604140082e+00 6.943701062432749538e+00 6.944050541571145985e+00 6.944413660050591020e+00 6.944866958643356902e+00 6.945127462899207238e+00 6.945047306140132548e+00 6.944370944802000345e+00 6.943324747512264139e+00 6.942276084461329155e+00
6.941055734364980800e+00 6.939724214386026269e+00 6.938371965389944052e+00 6.937309213066075841e+00 6.936914293961661926e+00 6.936985814363881175e+00 6.937650700836618611e+00 6.938618440453886649e+00 6.939632772999865473e+00 6.940603796638825429e+00 6.941648366796473901e+00 6.942887989418999872e+00 6.944075157930813980e+00 6.944776562861784797e+00 6.945129432681314441e+00 6.945240374308320419e+00 6.945369105978472568e+00 6.945496965258973532e+00 6.945797275134515836e+00 6.945960390202596813e+00 6.945724627243440530e+00 6.944803317705900980e+00 6.943521625402157227e+00 6.942305966221324454e+00
6.941954488857578376e+00 6.941219711285339322e+00 6.940378675863221325e+00 6.939371597435753714e+00 6.938602120348668301e+00 6.938280558117587482e+00 6.938365613045300861e+00 6.938665550137804949e+00 6.939124132152092450e+00 6.939896369041719915e+00 6.941116946422591916e+00 6.942655758878951033e+00 6.944296625400582457e+00 6.945420962618801930e+00 6.946007614848494605e+00 6.946090678221525927e+00 6.946015202530834820e+00 6.945914759531151894e+00 6.945949783889334483e+00 6.945869060301378184e+00 6.945407778589147263e+00 6.944501062509443656e+00 6.943502233657230960e+00 6.942656955485490222e+00
6.942653260490673439e+00 6.942852105709437893e+00 6.942915975345684387e+00 6.942523290842990136e+00 6.941860604376261179e+00 6.941297267213133004e+00 6.940821033556747288e+00 6.940390854972276813e+00 6.939979941577453459e+00 6.940030780661309961e+00 6.940752586062014728e+00 6.941753003734915772e+00 6.942927453853752873e+00 6.943830356652305191e+00 6.944434944748596017e+00 6.944652233152615928e+00 6.944636059000981909e+00 6.944540317936922946e+00 6.944399163629246807e+00 6.944120682125344501e+00 6.943645159760818864e+00 6.943040427444650220e+00 6.942626593248936828e+00 6.942480987191544273e+00
6.943065959052186820e+00 6.943904318142440246e+00 6.944578983917541137e+00 6.944853752682726977e+00 6.944651715349767329e+00 6.944200461768011756e+00 6.943497578025279893e+00 6.942672202186852992e+00 6.941726711805938699e+00 6.941079971981831243e+00 6.941025388616717251e+00 6.941209794720501591e+00 6.941580409681758823e+00 6.941926954656336690e+00 6.942214555214921923e+00 6.942446624360000484e+00 6.942534020469293132e+00 6.942487250062731263e+00 6.942247126311785976e+00 6.941904819499447044e+00 6.941548989090134292e+00 6.941334974612609621e+00 6.941545839213267399e+00 6.942139609410097556e+00
6.943187482088525542e+00 6.944198606359466730e+00 6.945062655457635792e+00 6.945823509159414932e+00 6.946274628179781807e+00 6.946285182667124580e+00 6.945901108827735371e+00 6.945274801603980919e+00 6.944406123207415682e+00 6.943331014174290772e+00 6.942358443278124902e+00 6.941542753778244368e+00 6.940941088551663363e+00 6.940555259836238555e+00 6.940319815636125433e+00 6.940353872818455727e+00 6.940440353372604676e+00 6.940393993681478690e+00 6.940169558684602613e+00 6.939963477534671021e+00 6.939914539154650619e+00 6.940191555883484575e+00 6.940906721269347379e+00 6.941974121318872371e+00
6.943944939959740381e+00 6.944478958534972435e+00 6.944979668561931163e+00 6.945607284372381507e+00 6.946227950212604085e+00 6.946644738606494229e+00 6.946833140288795505e+00 6.946755224003830165e+00 6.946395089835426973e+00 6.945464044686388227e+00 6.944195798736702230e+00 6.942930943924383591e+00 6.941915111274351347e+00 6.941309582536501210e+00 6.940912296272874649e+00 6.940738455155621267e+00 6.940596632567807234e+00 6.940438270718354730e+00 6.940305420326581043e+00 6.940409286360728736e+00 6.940783891280004170e+00 6.941532444596255402e+00 6.942408592096717790e+00 6.943255928155130263e+00
6.945545158416408960e+00 6.945343873110624067e+00 6.945223045881069979e+00 6.945410233780099141e+00 6.945885597851519933e+00 6.946393771563307951e+00 6.946901039488643015e+00 6.947123192624641952e+00 6.947023281166575082e+00 6.946397047794705237e+00 6.945383954858992404e+00 6.944220762801726288e+00 6.943247264075063541e+00 6.942792870938106375e+00 6.942604578234286450e+00 6.942404052301480277e+00 6.942049072135777266e+00 6.941793853692082905e+00 6.941777447943580981e+00 6.942214003572745540e+00 6.943034894202250840e+00 6.944222452159292125e+00 6.945121410036283471e+00 6.945610510365521684e+00
