6.932333979212420338e+00 6.931483671881927044e+00 6.930819480680497691e+00 6.930737147009096155e+00 6.930805196505359866e+00 6.930393687815543657e+00 6.929461978163480751e+00 6.927874666703126572e+00 6.925696952919403238e+00 6.922966492827138829e+00 6.920301911738679479e+00 6.917941670193463288e+00 6.916314278903525015e+00 6.916048885014950187e+00 6.916928197622199015e+00 6.919174106420157955e+00 6.922403439546673809e+00 6.926277474542335888e+00 6.930124592443028142e+00 6.932749509074927374e+00 6.934487354698513073e+00 6.934853887677626894e+00 6.934285005691359416e+00 6.933421710493643531e+00
6.927976910640846420e+00 6.924645733529936287e+00 6.922083651385705139e+00 6.921502866325698555e+00 6.922657869736523750e+00 6.924204311249773980e+00 6.925719972138858260e+00 6.926473901650799903e+00 6.926694486997893918e+00 6.925855333639560740e+00 6.924089652017781482e+00 6.921978446339339008e+00 6.920383578461075658e+00 6.920230694247833547e+00 6.920948547852957766e+00 6.923549961214390258e+00 6.927820005877816101e+00 6.932753793989584246e+00 6.937188778155920943e+00 6.939765275623440033e+00 6.941315898474508472e+00 6.940136203802829584e+00 6.936553858270765538e+00 6.932334228768183060e+00
6.927763446180482454e+00 6.923592638084803852e+00 6.920773903793415727e+00 6.920249958897881193e+00 6.922010107521580302e+00 6.925032690536206736e+00 6.928725189981972399e+00 6.931690428513363145e+00 6.934179381038410916e+00 6.935604685310409856e+00 6.935520607375736724e+00 6.934441141784496665e+00 6.933003971864375892e+00 6.932435427206362633e+00 6.932463651689253048e+00 6.933876680632433676e+00 6.936731139670414770e+00 6.940268383735936020e+00 6.943560671211952418e+00 6.945161698135987827e+00 6.945598046835432804e+00 6.943505298788814173e+00 6.939008931184020845e+00 6.933532408849642614e+00
6.934610367267697306e+00 6.931365963543640873e+00 6.929687223983747479e+00 6.929575253370523491e+00 6.931174333509022567e+00 6.934496501347310549e+00 6.939132132571336875e+00 6.943681404392641809e+00 6.947946674379601895e+00 6.951513620217324885e+00 6.953613739799254567e+00 6.954360257886683883e+00 6.953568447653919904e+00 6.952245401538386105e+00 6.951073248680624594e+00 6.950005934321574763e+00 6.949253483432697109e+00 6.948976141557615449e+00 6.949251198542816255e+00 6.949101866940360139e+00 6.947967596604907037e+00 6.945971981931490014e+00 6.943063618515062707e+00 6.939121372683620059e+00
6.947391160796605902e+00 6.945827220633273846e+00 6.944724597067930105e+00 6.944168546459754232e+00 6.944515950016435291e+00 6.945755414916742865e+00 6.948355982628256378e+00 6.951947266730750030e+00 6.955933907728865329e+00 6.959791433128838634e+00 6.962821124222578817e+00 6.965363842912065451e+00 6.966253606226227468e+00 6.965483927118676810e+00 6.964277999698979649e+00 6.962298828413696405e+00 6.959632157390002405e+00 6.956617675241687060e+00 6.954317232046786756e+00 6.952927231893614390e+00 6.951398373890296689e+00 6.950514438019314234e+00 6.950003436150518077e+00 6.949018321698550160e+00
6.959494569361322824e+00 6.959381449203259073e+00 6.958625298077008914e+00 6.957218718327440321e+00 6.955753290803230016e+00 6.954348898266488277e+00 6.953691988965759130e+00 6.954720720179569327e+00 6.956824167018970329e+00 6.959727602776840882e+00 6.962913728487369447e+00 6.966479510883885062e+00 6.969411500766284462e+00 6.970465720405594645e+00 6.970496550162837757e+00 6.969293379708433989e+00 6.966720952060406091e+00 6.962977793149349282e+00 6.959261476503539434e+00 6.957171370610710781e+00 6.955788487750587556e+00 6.955971832562264368e+00 6.957207643990129142e+00 6.958529112666668404e+00
6.968101924096022692e+00 6.968738084397435806e+00 6.967958061719784268e+00 6.965543099457969234e+00 6.962089500276739784e+00 6.958038413674660916e+00 6.953869611880693746e+00 6.951142025626064758e+00 6.949921520077571024e+00 6.950773121248314368e+00 6.953468692125102990e+00 6.957294927536023188e+00 6.962230529773341559e+00 6.966547991661394157e+00 6.969616154893284232e+00 6.971114401556690154e+00 6.970694020190750351e+00 6.968578264356668051e+00 6.965301561524319673e+00 6.962912900605461530e+00 6.961712962271848326e+00 6.962222191819482653e+00 6.963899669204523413e+00 6.966035968281530266e+00
6.967105691525246947e+00 6.966967257863304397e+00 6.966221452944043158e+00 6.963976849262073721e+00 6.960446173286865879e+00 6.956602831511555785e+00 6.952193322579864443e+00 6.948280522944336290e+00 6.945358133333970230e+00 6.944914222466199050e+00 6.947084305597176268e+00 6.950337554423444253e+00 6.955608166390451430e+00 6.961618399506635413e+00 6.967029795787502700e+00 6.970723217408537842e+00 6.972134437090621972e+00 6.972216857111617649e+00 6.970523439269213029e+00 6.968317787576822298e+00 6.966439123129042343e+00 6.965682479267339744e+00 6.965963987729601570e+00 6.966520810990864732e+00
6.961187150609812413e+00 6.960143129431846098e+00 6.959300548718307944e+00 6.958033601412715541e+00 6.956105918753432427e+00 6.954150391914796003e+00 6.951521660125744795e+00 6.948548192189221595e+00 6.946048463596891764e+00 6.945115865145245593e+00 6.946268371197775515e+00 6.948456544106749178e+00 6.952496059087795111e+00 6.957727104224315617e+00 6.963009774346364367e+00 6.967262507595338050e+00 6.969697784008738850e+00 6.971170835568106128e+00 6.971071737150421832e+00 6.969588936661940792e+00 6.967571388077438144e+00 6.965532371889580965e+00 6.963976731666912556e+00 6.962512899350283391e+00
6.950924356710131313e+00 6.949328663142623874e+00 6.948609656689142433e+00 6.949069779687017778e+00 6.950197974150430724e+00 6.951512806216374685e+00 6.952394211404392621e+00 6.952563684847493874e+00 6.952577790252187917e+00 6.951983100914591596e+00 6.951370269031745153e+00 6.951426160606607674e+00 6.952039622146786613e+00 6.953237020951654301e+00 6.955023819575636423e+00 6.957289332438471696e+00 6.959411823049491019e+00 6.961180753847806990e+00 6.962460732293144439e+00 6.962652568782663032e+00 6.961736251710959777e+00 6.959460023914608939e+00 6.956540251176364542e+00 6.953554344848008384e+00
6.942382430403887916e+00 6.942273620918265387e+00 6.942602244127199285e+00 6.944541478766905307e+00 6.947605299780421184e+00 6.950455735695523884e+00 6.953228775737626322e+00 6.955386826482933493e+00 6.956698328679959964e+00 6.955865747243406005e+00 6.953164550716303793e+00 6.949975162538397200e+00 6.945880508777785067e+00 6.941883891288452624e+00 6.938668499801353029e+00 6.937079949958922853e+00 6.937331427542935636e+00 6.938641044894076515e+00 6.940948726180168116e+00 6.943201048362432459e+00 6.945220489075914827e+00 6.945613728537613163e+00 6.944493254165816865e+00 6.943279484454459194e+00
6.935403248901316431e+00 6.937617056709250996e+00 6.939829042792267977e+00 6.942933497624579786e+00 6.946489984408339424e+00 6.949433063392738141e+00 6.952390540764751492e+00 6.954625991765471582e+00 6.955323713708031264e+00 6.953567748849471819e+00 6.949219422773123434e+00 6.943225989937459097e+00 6.935179381961570577e+00 6.927195736855827235e+00 6.920185143935440486e+00 6.915085899530120983e+00 6.913158084417514004e+00 6.913700108651866572e+00 6.916644280833024183e+00 6.920523323889447909e+00 6.925044757569521536e+00 6.928788974373740750e+00 6.931080754212549877e+00 6.933252076962349797e+00
6.929213331731483017e+00 6.934466396705595059e+00 6.939257820894590090e+00 6.943121349089459216e+00 6.945740026592020833e+00 6.947427317593383833e+00 6.948606558978270620e+00 6.948732019047686670e+00 6.947093276454647359e+00 6.943800877751216127e+00 6.938477311557919691e+00 6.930872052452479615e+00 6.921117301113334896e+00 6.911481542483598695e+00 6.902781726689729780e+00 6.895656854855716666e+00 6.891722353391320333e+00 6.890997310030431144e+00 6.893452442506089461e+00 6.897798554747525124e+00 6.903514047224760475e+00 6.910152303227842907e+00 6.916685900710962898e+00 6.923177267643819910e+00
6.925658298804124868e+00 6.931456603601542810e+00 6.936875162143445017e+00 6.940292043048010839e+00 6.941557516454063048e+00 6.942197615723075366e+00 6.941612651350989260e+00 6.939871599692244430e+00 6.937546313700681644e+00 6.934492927890724800e+00 6.930339246187458002e+00 6.925145663330977364e+00 6.918890876718318594e+00 6.912478567209859648e+00 6.906236913926607990e+00 6.900946669765426478e+00 6.897406655667607467e+00 6.895053286326481512e+00 6.895050954202903704e+00 6.897255079621917417e+00 6.900476089045349148e+00 6.905588856491204020e+00 6.912093570262483944e+00 6.919001663946457548e+00
6.926536286329201708e+00 6.930341745896828165e+00 6.933849353738529508e+00 6.935620139725860334e+00 6.935700156081649581e+00 6.935460810664551445e+00 6.933962769099635715e+00 6.932009490887865333e+00 6.930651946672910846e+00 6.929651054798276810e+00 6.928712337917131592e+00 6.927975511641704998e+00 6.927597565784733291e+00 6.926760852230041898e+00 6.925329508289905789e+00 6.923742331830584185e+00 6.921675137624521135e+00 6.918771774828342380e+00 6.916043544239895091e+00 6.914773207781004238e+00 6.914167259095158613e+00 6.915289522970716973e+00 6.918338704828395969e+00 6.922236877061720861e+00
6.934587226842251262e+00 6.933100878732429528e+00 6.931612020665146368e+00 6.930119331858134224e+00 6.928787601598112467e+00 6.927612410160779888e+00 6.926497881512466925e+00 6.926403950993691438e+00 6.927816326769971056e+00 6.930820116303033629e+00 6.935197543093439165e+00 6.940801108213562998e+00 6.947819763958258399e+00 6.954552829556542193e+00 6.960229016500049326e+00 6.964031832006626566e+00 6.964820081106787519e+00 6.963094478114408403e+00 6.958582260773783723e+00 6.953086970313788306e+00 6.947616451077343491e+00 6.942678162471701775e+00 6.939018104559490752e+00 6.936355619927639715e+00
6.947169897340870648e+00 6.940466331349996132e+00 6.934281317500589736e+00 6.929546290524944752e+00 6.926599746414113135e+00 6.924625784702017839e+00 6.924495304377516369e+00 6.926516138025656133e+00 6.929846865478518581e+00 6.935367029593058952e+00 6.942932044337857711e+00 6.951582819036059568e+00 6.961693865949445836e+00 6.972015807720999270e+00 6.981949073123464800e+00 6.989375961114959068e+00 6.992809079444173292e+00 6.994070867169279282e+00 6.991269079069105885e+00 6.985280568358167130e+00 6.978192196354207510e+00 6.970288325735444879e+00 6.962481565511003723e+00 6.954655311394386530e+00
6.957882752122436898e+00 6.948485196555215460e+00 6.940127255228392578e+00 6.933697898809403348e+00 6.929775570989537670e+00 6.927641869144459896e+00 6.928217484408018656e+00 6.930911571973699559e+00 6.934719140853765396e+00 6.940254611900632753e+00 6.947419492648927886e+00 6.955529754974305590e+00 6.964605190129089962e+00 6.974203991485128817e+00 6.984082318757765862e+00 6.992614070600220444e+00 6.998133634880508325e+00 7.001824390045123359e+00 7.002344910575605041e+00 6.999267808604788144e+00 6.993966212824377138e+00 6.986542545658066317e+00 6.977922718135443958e+00 6.968266329548113092e+00
6.962459705172661550e+00 6.954652625541082323e+00 6.948103876895375564e+00 6.942991973506437375e+00 6.939861569009562636e+00 6.938797727951249605e+00 6.939511246216692797e+00 6.941018167116958182e+00 6.943190079638760892e+00 6.945406881366750440e+00 6.947682812701875044e+00 6.950565445050911784e+00 6.953811162401612123e+00 6.957649275227241858e+00 6.962312219963097348e+00 6.968289626668942915e+00 6.974297003756587898e+00 6.979269283259681877e+00 6.983604230951657499e+00 6.986112404297922573e+00 6.985977974990763784e+00 6.983010986958579913e+00 6.977797004851502116e+00 6.970869297177495483e+00
6.955187264320553453e+00 6.953458792519163545e+00 6.952499010717271943e+00 6.952443911329167392e+00 6.953039721981757459e+00 6.953955410992435304e+00 6.954625564439783858e+00 6.954413899743196126e+00 6.953724228272671226e+00 6.951551215024842634e+00 6.948290389050137961e+00 6.945088053590501964e+00 6.941931511874121163e+00 6.939371863957354059e+00 6.937473022266552825e+00 6.938201283190852386e+00 6.941298700858773429e+00 6.944636930264971753e+00 6.948986215222143770e+00 6.953461175844121378e+00 6.957117285853195554e+00 6.958649019335868324e+00 6.958133910906840747e+00 6.957081112458262773e+00
6.944537141745180442e+00 6.949387821922267783e+00 6.954517551112487261e+00 6.959908308498831353e+00 6.964188447342205102e+00 6.967041779463197138e+00 6.967716760537850718e+00 6.966156957705199382e+00 6.962976149703140827e+00 6.957634558243892542e+00 6.951039758181424943e+00 6.943955238135186114e+00 6.936468430696290710e+00 6.929388560207172532e+00 6.922805470259753235e+00 6.918335521658526055e+00 6.916904370126660595e+00 6.916989939655893593e+00 6.919025554634414377e+00 6.922618794519609153e+00 6.927216935832417377e+00 6.931586571808340480e+00 6.935328806255704137e+00 6.939709386230903831e+00
6.933942755962448246e+00 6.944475211942603643e+00 6.954736609588834106e+00 6.964040218673850369e+00 6.970628336553034821e+00 6.974459501806219208e+00 6.974963679483376922e+00 6.972598854506206756e+00 6.968003430980405533e+00 6.961909115023701133e+00 6.955306442129479017e+00 6.947894629041999615e+00 6.939548877426040541e+00 6.930951041005436686e+00 6.922545099279138192e+00 6.914101974547436136e+00 6.907193343323294599e+00 6.902604891566917367e+00 6.900252860854842574e+00 6.900292707083567123e+00 6.902820301040471840e+00 6.907973869793028854e+00 6.915037337367347270e+00 6.923670065608027002e+00
6.935807803530503968e+00 6.945943694222878051e+00 6.954908426964460766e+00 6.961451518130317595e+00 6.965081972851284497e+00 6.966983169433469847e+00 6.965963227493893406e+00 6.962974496873084007e+00 6.959423361325448809e+00 6.955795212192186661e+00 6.952269371458949188e+00 6.948372145555813617e+00 6.943447406535358191e+00 6.937473727328453244e+00 6.931127359673624255e+00 6.923152711067267262e+00 6.915060776388110675e+00 6.908560888021193058e+00 6.904251623844603003e+00 6.902706351286727049e+00 6.903443837150319062e+00 6.908521937758845155e+00 6.916722781452251390e+00 6.925572793247041226e+00
6.943467412831781260e+00 6.949130694369721084e+00 6.952722718339998664e+00 6.953280720214181088e+00 6.952040232283901666e+00 6.950098180702055650e+00 6.946947482880012181e+00 6.944033488793715847e+00 6.942225283402412295e+00 6.941809861108196422e+00 6.941892793715823018e+00 6.942042096176908039e+00 6.941596283047474003e+00 6.939668107152453302e+00 6.936802659667265836e+00 6.931785594540708750e+00 6.925947366896958890e+00 6.920973052409934212e+00 6.917475173349758144e+00 6.916445455586310409e+00 6.917493506937622882e+00 6.922508413400665361e+00 6.929646688071141369e+00 6.936514038278019711e+00
6.953552723768540389e+00 6.950684495409562125e+00 6.945368184041466719e+00 6.937992255997217583e+00 6.930766950610199650e+00 6.924036447996566146e+00 6.918973344894786770e+00 6.916946071326240286e+00 6.917351620225306696e+00 6.920062652516707935e+00 6.923595459977210709e+00 6.927541365116689498e+00 6.931476886722989228e+00 6.934225854833012015e+00 6.935792397421502109e+00 6.936228692072809565e+00 6.936355721875621327e+00 6.936596986131627673e+00 6.937327932815390064e+00 6.939399256874223987e+00 6.942863881031452244e+00 6.947300200387476643e+00 6.950918228837925206e+00 6.953363252951271001e+00
6.950458844049961726e+00 6.941883863177785940e+00 6.932429045180891869e+00 6.922796709209124266e+00 6.914622695913791084e+00 6.907607103323281983e+00 6.904014436343827832e+00 6.904123338082092332e+00 6.905768380505038273e+00 6.909339335840818386e+00 6.913697465035506085e+00 6.918156978269672130e+00 6.922635717421117718e+00 6.926764841151049623e+00 6.930598682977353597e+00 6.934849971257874834e+00 6.939522996307893266e+00 6.944039151026820456e+00 6.948457506942176565e+00 6.952700925415488342e+00 6.956743159561871614e+00 6.958656688869049312e+00 6.957812907830490445e+00 6.955872257052853946e+00
6.939406468991653476e+00 6.930043918563612237e+00 6.921369776895249792e+00 6.914023998712826469e+00 6.908793427582290647e+00 6.905384895088023889e+00 6.905236686965274373e+00 6.907308796641014936e+00 6.910020365218511706e+00 6.913379714463083303e+00 6.916802204531816045e+00 6.920014365000523249e+00 6.923062686465947912e+00 6.926663272649200565e+00 6.930855720546729160e+00 6.936568331861577619e+00 6.942873670822410581e+00 6.948751034667856707e+00 6.954111502391980615e+00 6.957753189115083003e+00 6.959599207085925165e+00 6.957833833722522954e+00 6.953244315834803402e+00 6.947634062806042010e+00
6.923187411606618547e+00 6.918718251715524126e+00 6.916250215152992098e+00 6.916070546174794664e+00 6.918001452250367223e+00 6.921860307170579318e+00 6.926517187651424656e+00 6.930295010360722152e+00 6.933702325785365161e+00 6.935850929780479568e+00 6.936727898110461865e+00 6.937114922087967095e+00 6.937348221870571763e+00 6.938692259361837422e+00 6.941256453637008050e+00 6.945297651685041096e+00 6.949452929678566981e+00 6.952975126317348931e+00 6.955166510727912588e+00 6.954486488416869783e+00 6.951027654312624371e+00 6.944876991394576926e+00 6.937761232264742617e+00 6.930127944863002654e+00
6.921861070806147431e+00 6.923372361388762108e+00 6.926868200149227661e+00 6.932936761217567856e+00 6.940417930248613310e+00 6.948435377854182526e+00 6.954942266038985466e+00 6.958766242446872141e+00 6.961680268325788568e+00 6.962402414329059042e+00 6.961482200999705050e+00 6.960293512859089482e+00 6.959331239816389569e+00 6.959381929010205248e+00 6.960106111873106904e+00 6.961357164151083410e+00 6.961895222632136893e+00 6.961517440532261958e+00 6.958893627988353536e+00 6.953384012499691735e+00 6.946180309385808549e+00 6.938034080816339433e+00 6.930931082773772900e+00 6.924678599150703384e+00
6.933346600234080448e+00 6.938427070017922027e+00 6.945475512828902964e+00 6.954685618445895834e+00 6.963763330008380770e+00 6.971985649875265700e+00 6.977659570459499250e+00 6.980422996461244978e+00 6.981737028689710023e+00 6.981083583500847567e+00 6.979629982303955593e+00 6.978129375837012205e+00 6.977065120534110321e+00 6.976492696236915592e+00 6.976047102493986962e+00 6.975214574094954934e+00 6.972986149545532975e+00 6.969559125189004334e+00 6.963860217036262235e+00 6.956437168327220810e+00 6.948404756160942775e+00 6.940632917369057964e+00 6.935311595344927582e+00 6.932208830431684454e+00
6.957681610086945412e+00 6.962947565663136551e+00 6.969768686947606540e+00 6.977240391034997380e+00 6.982994285987816241e+00 6.986936250751268673e+00 6.988930600026519002e+00 6.989288975143380434e+00 6.988148991740068539e+00 6.986661166151937330e+00 6.986023972330059451e+00 6.985562638766869448e+00 6.985410332952609380e+00 6.985116189552656785e+00 6.984421823312052524e+00 6.982747215235802329e+00 6.979523606848128559e+00 6.975080000260128976e+00 6.969584801273948749e+00 6.964169164590328975e+00 6.959137060751494630e+00 6.954830561909449038e+00 6.952975916546479951e+00 6.954029004237677114e+00
6.973736282102324324e+00 6.976346850115754172e+00 6.979360360141991571e+00 6.981528541556466294e+00 6.981918984535624872e+00 6.981444938057432381e+00 6.980155892407925222e+00 6.978612935854139110e+00 6.976763237639626247e+00 6.975907637254712412e+00 6.976398396281680903e+00 6.977029510936398893e+00 6.977623933955408475e+00 6.977671246343821743e+00 6.977265112815064008e+00 6.975901675720411532e+00 6.973689779391683885e+00 6.971087590183815408e+00 6.968877886075373063e+00 6.967767649465300472e+00 6.967106784992475710e+00 6.967187447819955359e+00 6.968442232261805813e+00 6.970861861700111461e+00
6.977292913761790061e+00 6.976760425934693366e+00 6.975478656424932034e+00 6.972618179195408494e+00 6.969065242088484879e+00 6.965595256256214896e+00 6.962513396022313117e+00 6.960515047660138066e+00 6.959401574496678400e+00 6.959785955297217441e+00 6.960964949362868914e+00 6.962248794425327958e+00 6.963233546098575921e+00 6.963427926812019386e+00 6.963115638531771623e+00 6.962220224294400239e+00 6.961569494508448308e+00 6.961358177164536087e+00 6.962452832392775903e+00 6.964837681494611132e+00 6.967737742026163694e+00 6.971166991041452654e+00 6.974046284071052426e+00 6.976347534039406995e+00
6.964445361543476487e+00 6.960936471868398812e+00 6.955866729437184759e+00 6.949764587666211746e+00 6.944474359474379632e+00 6.940081824771479724e+00 6.937154393246396822e+00 6.936294751968115513e+00 6.937132326942181848e+00 6.938841667664424229e+00 6.940252639439026261e+00 6.941721751667138562e+00 6.942624807113394247e+00 6.942649762152035997e+00 6.942302513177951440e+00 6.942088069034762832e+00 6.943003212794857326e+00 6.944977144571233829e+00 6.948400716096364782e+00 6.952781461233628946e+00 6.957592417288469555e+00 6.962327695811359796e+00 6.965157890766317195e+00 6.965971762807956047e+00
6.946049602867698347e+00 6.942225538034231924e+00 6.937076295479599253e+00 6.931662610277036229e+00 6.927476512918405938e+00 6.923816094480028660e+00 6.921826723244705271e+00 6.921934900952797953e+00 6.923142925913131407e+00 6.924529573135143501e+00 6.925331999443591791e+00 6.926222366371850292e+00 6.926576924927668522e+00 6.926343900877366622e+00 6.926087339894706929e+00 6.926390997339649580e+00 6.927796060920451637e+00 6.929934978855570193e+00 6.933127831970975485e+00 6.937062528380937287e+00 6.941494261641445895e+00 6.945510705950785457e+00 6.947488625347368441e+00 6.947900880013199831e+00
6.931691775632328856e+00 6.929443585230619540e+00 6.926105892142713216e+00 6.922693562153811264e+00 6.920116771448116211e+00 6.917693645094002086e+00 6.916256133112484328e+00 6.916047378527007794e+00 6.916341102193676704e+00 6.916424837323956964e+00 6.916082540260849676e+00 6.915857983983850765e+00 6.915496569595226184e+00 6.915202657298620714e+00 6.915233875150022413e+00 6.915925643019825486e+00 6.917259578632082295e+00 6.919002434936704304e+00 6.921162985886567753e+00 6.923847785152197787e+00 6.927096447201356533e+00 6.930207011132708317e+00 6.931924433545203712e+00 6.932526849409512693e+00
6.924343002403167802e+00 6.925372687164795593e+00 6.925658375973356762e+00 6.925365582495155437e+00 6.924769233091780052e+00 6.923875537478179076e+00 6.922404395696579726e+00 6.920515022732445232e+00 6.918537924086625601e+00 6.916445813125420727e+00 6.914452781738699372e+00 6.912616726313023818e+00 6.911390875379566090e+00 6.911099880543809526e+00 6.911387773755347297e+00 6.912133071630641723e+00 6.912901020759909088e+00 6.913690647655225341e+00 6.914360355202974873e+00 6.915356237800803996e+00 6.916967390962284412e+00 6.919209624649945489e+00 6.921307965784919247e+00 6.922918190416478268e+00
6.927144774073469513e+00 6.930151284748820473e+00 6.932955730424341212e+00 6.934937084514561256e+00 6.935716564740428858e+00 6.935897292097957134e+00 6.934434046240877336e+00 6.931491655182750122e+00 6.928178124308312036e+00 6.924903783044614514e+00 6.922128320212757480e+00 6.919511202132761163e+00 6.917799694617060347e+00 6.917331496866429674e+00 6.917483586271043094e+00 6.917946699322358839e+00 6.918104918544244697e+00 6.918146411409855645e+00 6.918050792619741429e+00 6.918204532922050731e+00 6.918677103296757558e+00 6.920110138495087604e+00 6.922309062156022819e+00 6.924477130220423327e+00
6.934035594291859006e+00 6.937262170469707279e+00 6.940828612600971503e+00 6.944022443102026543e+00 6.945794847740338618e+00 6.946667092852196745e+00 6.945792465925356041e+00 6.943361906799518479e+00 6.940276793722739868e+00 6.937140561856827148e+00 6.934632309182098275e+00 6.932283770050053029e+00 6.930569129602012879e+00 6.929864053885644637e+00 6.929820664432473798e+00 6.930056746779631460e+00 6.929817944740890745e+00 6.929324012223552209e+00 6.928777616440243925e+00 6.928360534841158547e+00 6.927965842823212483e+00 6.928268447320295564e+00 6.929668919625995294e+00 6.931495797242034129e+00
6.944036575109234555e+00 6.945317077634171277e+00 6.947348318089005659e+00 6.950039651944671881e+00 6.952242884566921965e+00 6.953577978577758500e+00 6.954180904815887132e+00 6.954117936927856292e+00 6.953308784542819865e+00 6.952110184016003558e+00 6.951096797790808246e+00 6.950145304696977888e+00 6.949132940965181859e+00 6.948430184602134574e+00 6.948306178395559307e+00 6.948565585843231140e+00 6.948557120573074286e+00 6.948242959422196385e+00 6.947673908219760719e+00 6.946850610121676262e+00 6.945774265554031324e+00 6.944522969523097444e+00 6.943729647029713625e+00 6.943559042181267849e+00
6.949554121724994538e+00 6.948128552505128397e+00 6.947547239200257074e+00 6.948333601142095972e+00 6.949972420493353731e+00 6.951748364559232840e+00 6.954013153267382563e+00 6.956367360330405702e+00 6.958297056458419227e+00 6.959595955222484420e+00 6.960370207126844733e+00 6.960907986487123722e+00 6.960942509519091992e+00 6.960849794206315444e+00 6.961047640431779371e+00 6.961781587570267327e+00 6.962634270468026187e+00 6.963181583270427133e+00 6.963073202948863560e+00 6.962091559829667098e+00 6.960520397371220191e+00 6.957909969376046888e+00 6.954832343429754538e+00 6.951953635803905129e+00
6.951393153737742914e+00 6.947888108101762938e+00 6.945320836365872275e+00 6.944228523189782010e+00 6.944869564386858762e+00 6.946652993624592654e+00 6.949870354071562950e+00 6.953540142228315624e+00 6.957107093012051990e+00 6.960171193400690015e+00 6.962327201288671219e+00 6.963948370957126599e+00 6.964891709766757977e+00 6.965559854759296066e+00 6.966230372671843085e+00 6.967348575238187181e+00 6.968715320024628568e+00 6.969777020501072506e+00 6.970132624732245930e+00 6.969291945924357634e+00 6.967525274907529820e+00 6.964319825874031089e+00 6.960169377004043589e+00 6.955794047130006597e+00
6.948623220469938744e+00 6.944713893358225754e+00 6.941613769820866864e+00 6.939480007362281988e+00 6.939002080513028581e+00 6.940256300183843763e+00 6.943133716901926711e+00 6.946565231365542381e+00 6.950160574730904983e+00 6.953595912097429554e+00 6.956307810639050793e+00 6.958378158724711326e+00 6.959903401831080139e+00 6.961117207287992770e+00 6.962068384609351845e+00 6.963034602483238800e+00 6.963967772305091231e+00 6.964581497206168592e+00 6.964850582140285518e+00 6.964323035916533122e+00 6.962795876455500910e+00 6.960160453242059120e+00 6.956772256197985449e+00 6.952927329027115633e+00
6.944801746985492130e+00 6.943585440496203631e+00 6.942284209224301783e+00 6.941163287960146810e+00 6.940799363547351497e+00 6.941061264591617430e+00 6.942229241500903036e+00 6.943998083310892078e+00 6.945989093377404444e+00 6.948106621745488098e+00 6.950031717770110085e+00 6.951737200629285240e+00 6.953138607341553978e+00 6.953922169102645157e+00 6.954062603887567029e+00 6.953524050558600678e+00 6.952558911886693060e+00 6.951312434354221637e+00 6.950066204840894990e+00 6.949107344797224250e+00 6.948302106840385406e+00 6.947423072707988645e+00 6.946471408658310587e+00 6.945703883669058776e+00
6.942041805005164434e+00 6.944229684528877122e+00 6.945438510913012564e+00 6.945840328221764892e+00 6.945816342552189937e+00 6.945311861276676879e+00 6.944561467216460393e+00 6.944282733577532341e+00 6.944284507549904006e+00 6.944675934207961809e+00 6.945445964510231995e+00 6.946418318937571001e+00 6.947385648415401960e+00 6.947337679543929667e+00 6.946266084855678535e+00 6.943952182021936537e+00 6.941010656087395425e+00 6.937825897352503546e+00 6.934834621584077041e+00 6.933300212364994053e+00 6.933072660556867106e+00 6.934143378880355257e+00 6.936067908718717590e+00 6.938817446804729450e+00
6.940852830261044382e+00 6.946400419847244656e+00 6.950357282036800477e+00 6.952354174493763139e+00 6.952509194224527178e+00 6.951252367408620181e+00 6.948814980691397913e+00 6.946398281610922432e+00 6.944196356690982341e+00 6.942621828201795964e+00 6.941933985266902418e+00 6.941772782526072660e+00 6.941780266656112808e+00 6.940760371194607536e+00 6.938570392308877288e+00 6.934922149537205982e+00 6.930564892533531918e+00 6.926086010861841835e+00 6.922111543413009827e+00 6.920210664228044983e+00 6.920420959580555476e+00 6.923206822941839533e+00 6.927958286895742113e+00 6.934008528393934334e+00
6.939796556809107564e+00 6.945192770269658311e+00 6.949569473062439329e+00 6.951604345476485314e+00 6.951157821746104304e+00 6.949523783607519434e+00 6.946632808825691896e+00 6.943364284290101551e+00 6.940001222974974127e+00 6.937216578839856318e+00 6.935492587544311860e+00 6.934261265526525442e+00 6.933326108815784039e+00 6.932063716335717274e+00 6.930465942829574288e+00 6.927923258375689564e+00 6.924802647656715493e+00 6.921838006695804957e+00 6.919668411935885111e+00 6.919004733257340334e+00 6.919439643044384525e+00 6.922358519205310756e+00 6.927495707354547783e+00 6.933427402670850448e+00
6.937327218820717789e+00 6.940501110224602144e+00 6.943226707689585275e+00 6.944514366298192520e+00 6.943952733505004637e+00 6.942427918442084511e+00 6.939934835997942919e+00 6.936843800208352562e+00 6.933348916699155318e+00 6.930034743105990991e+00 6.927596831530005161e+00 6.925617618315478730e+00 6.924092790714292178e+00 6.923147954113684222e+00 6.922702438885147913e+00 6.922313475512510195e+00 6.921866466412203600e+00 6.921853021496033875e+00 6.922536050764096061e+00 6.923488465836679318e+00 6.924526883302974944e+00 6.926635162770904408e+00 6.930015072077936544e+00 6.933685218174811205e+00
