0.000000000000000000e+00
3.000666028938940499e+01
6.001521867658644283e+01
9.000742659725150929e+01
1.200006084764436167e+02
1.500142272039235252e+02
1.800111629237868840e+02
2.100077725455721520e+02
2.400060638074021711e+02
2.700045122958557613e+02
3.000039617761919430e+02
3.300028032287347628e+02
3.600031757518466975e+02
3.900040419820398370e+02
4.200056787937268723e+02
4.500072337079409408e+02
4.800099592473644634e+02
5.100126208543720168e+02
5.400157083160312368e+02
5.700184651952952208e+02
6.000018764737509400e+02
6.300048001286703538e+02
6.600083409628655318e+02
6.900116107430773127e+02
7.200144902554740156e+02
7.500169147411723998e+02
7.800187766625415406e+02
8.100014493984048158e+02
8.400032904943834637e+02
8.700038595938774506e+02
9.000036007125690958e+02
9.300022328507803877e+02
9.600176368040069974e+02
9.900117081888944313e+02
1.020001498863130678e+03
1.050005307322512408e+03
1.080005385760370018e+03
1.110000551924751562e+03
1.140006056292794256e+03
1.170000784863898161e+03
1.200005277280458358e+03
1.230011957340959725e+03
1.260011553565955865e+03
1.290004201531333365e+03
1.320001163444167560e+03
1.350013663998132643e+03
1.380015995778816205e+03
1.410002585684412679e+03
1.440002378023777283e+03
1.470016733384524741e+03
1.500012126957915370e+03
1.530014793314599956e+03
1.560011340508361172e+03
1.590000038562590817e+03
1.620004598717085628e+03
1.650012787603846164e+03
1.680003721775937720e+03
1.710004495072197642e+03
1.740015031152370511e+03
1.770015692912328177e+03
1.800012998081424257e+03
1.830009336423335753e+03
1.860009519738247945e+03
1.890001708392914225e+03
1.920002698703670831e+03
1.950004896690611304e+03
1.980015042299573452e+03
2.010010839918535112e+03
2.040000555274560156e+03
2.070003675906298213e+03
2.100005188904388888e+03
2.130004843897206683e+03
2.160015340195245699e+03
2.190013071226752345e+03
2.220007278403776127e+03
2.250003445252256370e+03
2.280001458604412619e+03
2.310007624411120105e+03
2.340003805333541095e+03
2.370002833863145952e+03
2.400004197272156034e+03
2.430008240766803283e+03
2.460011481798331261e+03
2.490002149070831365e+03
2.520008422945401890e+03
2.550003812366782313e+03
2.580008690494033544e+03
2.610003933089437851e+03
2.640005144444680354e+03
2.670001230989837495e+03
2.700016686733997631e+03
2.730009806473848130e+03
2.760012816213681162e+03
2.790006129533538115e+03
2.820001998215303047e+03
2.850015587808042710e+03
2.880011708521313722e+03
2.910011801830848981e+03
2.940000597197929892e+03
2.970000674863040331e+03
3.000000000000000000e+03
3.000017524499746742e+03
3.050009129480788943e+03
3.100015824675392196e+03
3.150008042421237860e+03
3.200009451229968818e+03
3.250015846850433263e+03
3.300000542765123555e+03
3.350000502193376633e+03
3.400003116120569757e+03
3.450009959386832179e+03
3.500002986843244344e+03
3.550016247115123861e+03
3.600007109252273040e+03
3.650014639643659393e+03
3.700001150718932422e+03
3.750001929334274791e+03
3.800006249376303913e+03
3.850003365816669884e+03
3.900013735438884851e+03
3.950003852638740227e+03
4.000007402915804960e+03
4.050001147487866092e+03
4.100008398771818975e+03
4.150000060394156208e+03
4.200009806466431655e+03
4.250014809997998782e+03
4.300010564846204943e+03
4.350008522885704224e+03
4.400009402424440850e+03
4.450017060355451576e+03
4.500014957956440412e+03
4.550006005274026393e+03
