0.000000000000000000e+00
1.000820883051272148e+01
2.002444505614571924e+01
3.001522784380642861e+01
4.002909354510271811e+01
5.001561956099812534e+01
6.000569013444542321e+01
7.002568137987363173e+01
8.001260339160909041e+01
9.000265158106066110e+01
1.000241429886843605e+02
1.100156342324782202e+02
1.200071999699601974e+02
1.300293916386710009e+02
1.400208648443978632e+02
1.500127915300634811e+02
1.600064624641368027e+02
1.700284090971186117e+02
1.800196422111330889e+02
1.900104772757512706e+02
2.000038442391287106e+02
2.100251507021820316e+02
2.200175728443906564e+02
2.300098479656993504e+02
2.400054199777353574e+02
2.500281107639831646e+02
2.600205662808006082e+02
2.700135340584508867e+02
2.800097785282476366e+02
2.900035069441759106e+02
3.000280214234248888e+02
3.100205079135336632e+02
3.200143418948094336e+02
3.300071844222644017e+02
3.400300518959342071e+02
3.500240469505949363e+02
3.600177679036704035e+02
3.700118732741133272e+02
3.800060751849875942e+02
3.900300313905502207e+02
4.000216320932695453e+02
4.100145822763581123e+02
4.200061812572935196e+02
4.300297780328655222e+02
4.400227150640496916e+02
4.500150643479286146e+02
4.600078179699287375e+02
4.700292430555693954e+02
4.800216217928393121e+02
4.900119000492638293e+02
5.000043363491942046e+02
5.100239843513378446e+02
5.200112206883532053e+02
5.300298552613461425e+02
5.400176999477138224e+02
5.500032882410404227e+02
5.600204205768918655e+02
5.700086094562295784e+02
5.800266980754137194e+02
5.900125121772599641e+02
6.000260787558854645e+02
6.100106134701539986e+02
6.200210428948128083e+02
6.300002867638106636e+02
6.400105014207681506e+02
6.500200775367632104e+02
6.600217588225543750e+02
6.700258320403000880e+02
6.800280226698808974e+02
6.900227159800534764e+02
7.000139557696281827e+02
7.100146418820048666e+02
7.200090614653717012e+02
7.300272529683652465e+02
7.400102038559518860e+02
7.500273098610825855e+02
7.600072197415400979e+02
7.700068658851930650e+02
7.800062652959105662e+02
7.900073414382918600e+02
8.000274065747812529e+02
8.100010484160150099e+02
8.200137557542188915e+02
8.300139534698489570e+02
8.400083088993576439e+02
8.500004220819430429e+02
8.600037548245607013e+02
8.700021443968747690e+02
8.800264179207234747e+02
8.900100482119983099e+02
9.000195578349147354e+02
9.100070170020584328e+02
9.200150112258081663e+02
9.300167801878078535e+02
9.400100566102773882e+02
9.500239502677824248e+02
9.600269232873611145e+02
9.700261643418460835e+02
9.800121468730148990e+02
9.900020022656673291e+02
1.000010009335013365e+03
1.010019447624119948e+03
1.020027033255288870e+03
1.030006762555485011e+03
1.040015869225826236e+03
1.050006713278698271e+03
1.060020113428136710e+03
1.070011916988190478e+03
1.080028551312487707e+03
1.090026144905205001e+03
1.100009814694278703e+03
1.110016060708922623e+03
1.120013696460658593e+03
1.130018169481823179e+03
1.140001426455406090e+03
1.150007743436749479e+03
1.160005176111126502e+03
1.170022660286894506e+03
1.180008164603015075e+03
1.190000454314957778e+03
1.200020468126899686e+03
1.210021164082933183e+03
1.220013641300871768e+03
1.230011141175482635e+03
1.240025626103432387e+03
1.250013979151584635e+03
1.260022282652407739e+03
1.270010743845198476e+03
1.280022476273189113e+03
1.290011483764659943e+03
1.300019565627289012e+03
1.310011443096013181e+03
1.320013525199519336e+03
1.330005257282769890e+03
1.340015929539564013e+03
1.350000628574885695e+03
1.360017251407472941e+03
1.370015753464139834e+03
1.380015579160722154e+03
1.390007403046048694e+03
1.400016806444445137e+03
1.410018893986725288e+03
1.420013682751537772e+03
1.430007423621344287e+03
1.440012023141127656e+03
1.450018172230156779e+03
1.460012025723054649e+03
1.470007937380815520e+03
1.480017177720286554e+03
1.490001402748133387e+03
1.500003880655127659e+03
1.510009016113933740e+03
1.520004081843379254e+03
1.530006160211996757e+03
1.540015438407681359e+03
1.550005295668851431e+03
1.560017762472107506e+03
1.570009720329929678e+03
1.580015056232407460e+03
1.590013210056557455e+03
1.600010935272722008e+03
1.610014291894496182e+03
1.620017550318399572e+03
1.630017298019555255e+03
1.640007501083197667e+03
1.650013158261027911e+03
1.660005289376916380e+03
1.670010750155254982e+03
1.680010854326410708e+03
1.690001031798837403e+03
1.700008514907212202e+03
1.710019416472712692e+03
1.720002435875868741e+03
1.730004955147375085e+03
1.740006081749392706e+03
1.750011095709871370e+03
1.760000914534482035e+03
1.770009955578603012e+03
1.780008880602820227e+03
1.790007887545988297e+03
1.800006535220780961e+03
1.810012738079721657e+03
1.820010365716488423e+03
1.830007920191276071e+03
1.840005298735152564e+03
1.850013278453206567e+03
1.850032066241599068e+03
1.860017709382125531e+03
1.870007378919578514e+03
1.880006440977161446e+03
1.890005276515801370e+03
1.900009477462109999e+03
1.910002694576925933e+03
1.920015677534692713e+03
1.930018637271385387e+03
1.940017562459629289e+03
1.950018978986686307e+03
1.960017115606962307e+03
1.970016207538355047e+03
1.980010336921908902e+03
1.990008166706294105e+03
2.000000374262826654e+03
2.010007157194262618e+03
2.020005560115645494e+03
2.030010509462460277e+03
2.040011990681524594e+03
2.050015067425245434e+03
2.060010401035321138e+03
2.070018489551473522e+03
2.080007356809529938e+03
2.090019387100992390e+03
2.100009359979696455e+03
2.110021511781278605e+03
2.120010785377596676e+03
2.130010604877130390e+03
2.140006258426640670e+03
2.150006670206957551e+03
2.160010974419520608e+03
2.170013386812006502e+03
2.180004609171370248e+03
2.190019273565670119e+03
2.200011361284209215e+03
2.210014707900571921e+03
2.220012249377376975e+03
2.230006845001526472e+03
2.240018086342305651e+03
2.250003577967652745e+03
2.260014408630871912e+03
2.270000062602842718e+03
2.280016057136348081e+03
2.290003423812211622e+03
2.300017759865539574e+03
2.310010146633477234e+03
2.320013159643381186e+03
2.330004168819244114e+03
2.340006307282413218e+03
2.350021018799941430e+03
2.360002719749636526e+03
2.370012014468606594e+03
2.380006349564771426e+03
2.390016271487778340e+03
2.400008547017032470e+03
2.410012253288742158e+03
2.420014586442427117e+03
2.430016007274917683e+03
2.440012557641175135e+03
2.450005536546885651e+03
2.460014477071355941e+03
2.470006601547459013e+03
2.480006962685164126e+03
2.490003287492818799e+03
2.500009451244398406e+03
2.510010607342443564e+03
2.520016326840519923e+03
2.530004924253123136e+03
2.540017125507607489e+03
2.550007870850889958e+03
2.560003290469750937e+03
2.570017558233842465e+03
2.580018175648552642e+03
2.590021584255060134e+03
2.600018259596373355e+03
2.610011870172941144e+03
2.620006643516163876e+03
2.630006801874022131e+03
2.640017834421053522e+03
2.650013967737691019e+03
2.660019909608741273e+03
2.670009264131829241e+03
2.680005243157114364e+03
2.690003117764544641e+03
2.700010968956063607e+03
2.710002882348564981e+03
2.720003185442401900e+03
2.730006732287258274e+03
2.740011131665425182e+03
2.750009390212041581e+03
2.760016414022521531e+03
2.770016569667632211e+03
2.780010200956281096e+03
2.790017669421327810e+03
2.800006559679985003e+03
2.810006419544225992e+03
2.820003044412493182e+03
2.830014674092273253e+03
2.840016938959550771e+03
2.850000767120496675e+03
2.860014406494818104e+03
2.870000934032704208e+03
2.880006544297566961e+03
2.890014349742906688e+03
2.900011328933710502e+03
2.910011402833034936e+03
2.920008979093347989e+03
2.930012292865857489e+03
2.940012228134727138e+03
2.950003455941013726e+03
2.960016245300845640e+03
2.970013883441531107e+03
2.980018858899084535e+03
2.990011205187850919e+03
3.000001546410333503e+03
3.010019287977584554e+03
3.020009883938793791e+03
3.030006968825653530e+03
3.040013424864352601e+03
3.050002484635076598e+03
3.060014149824624383e+03
3.070011444171560470e+03
3.080004217336995680e+03
3.090019705224727204e+03
3.100004585723303535e+03
3.110017625708331707e+03
3.120009296729090693e+03
3.130010699558206397e+03
3.140002539988074659e+03
3.150014253277523039e+03
3.160013700812228763e+03
3.170019268293633104e+03
3.180009943387532530e+03
3.190011148601307923e+03
3.200005091545992855e+03
3.210003488189370273e+03
3.220002328666821541e+03
3.230008102068371954e+03
3.240019060293732309e+03
3.250000195312828509e+03
3.260023403692576721e+03
3.270019909992926387e+03
3.280011158970963152e+03
3.290011726904922398e+03
3.300011761192548875e+03
3.310002900908023548e+03
3.320014752508980109e+03
3.330011333015691434e+03
3.340006734995677107e+03
3.350005470077798236e+03
3.360016357480352781e+03
3.370009892794859752e+03
3.380004290944913919e+03
3.390017854073681519e+03
3.400005103738238631e+03
3.410017221584586878e+03
3.420013943475792075e+03
3.430013924231574492e+03
3.440010661171710581e+03
3.450003722098309026e+03
3.460008756306183386e+03
3.470012536081180770e+03
3.480008468893390273e+03
3.490002688542777378e+03
3.500005437745395739e+03
3.510012743957112889e+03
3.520001303739578816e+03
3.530008564605650463e+03
3.540015643029827515e+03
3.550001486665122684e+03
3.560018418136041873e+03
3.570001372139611703e+03
3.580016569628769048e+03
3.590006741777906882e+03
3.600014007909016982e+03
3.610008494022718423e+03
3.620021686508844141e+03
3.630002087906576890e+03
3.640018344506219819e+03
3.650009945328469712e+03
3.660011203024141196e+03
3.670017138502730177e+03
3.680017697581565699e+03
3.690019175047256795e+03
3.700009587234480023e+03
3.710005820266010232e+03
3.720014653594340416e+03
3.730000060027316977e+03
3.740000490184261707e+03
3.750012940461813741e+03
3.760019732603227112e+03
3.770012718666133424e+03
3.780005383147930388e+03
3.790001137965977250e+03
3.800012803319182240e+03
3.810012371670313314e+03
3.820014318630758225e+03
3.830011849580587295e+03
3.840003314783505630e+03
3.850003686057094001e+03
3.860022478962095647e+03
3.870007749633562526e+03
3.880001997915258471e+03
3.890014054179187951e+03
3.900006732949608704e+03
3.910004328013083523e+03
3.920017253453604553e+03
3.930002399061918368e+03
3.940013723593725445e+03
3.950014551686129380e+03
3.960002747078770881e+03
3.970015321049273098e+03
3.980010044952887711e+03
3.990014571315592093e+03
4.000016628571578622e+03
4.010009391688746746e+03
4.020014017954333667e+03
4.030010605212944938e+03
4.040016557102898787e+03
4.050016745753242049e+03
4.060020832570037783e+03
4.070010936596401280e+03
4.080002413201628769e+03
4.090003087259240147e+03
4.100010415488171020e+03
4.110015089107895619e+03
4.120015893589574262e+03
4.130013114658583618e+03
4.140017639565654463e+03
4.150009713150537209e+03
4.160003125452093627e+03
4.170009575282497281e+03
4.180008095536143628e+03
4.190009405161908944e+03
4.200020798185099920e+03
4.210003521726544022e+03
4.220003477527867290e+03
4.230011751377910514e+03
4.240000080429955233e+03
4.250016453406034998e+03
4.260019578010209443e+03
4.270000746158437323e+03
4.280006516016899695e+03
4.290018853310285522e+03
4.300019439577225057e+03
4.310005687280548955e+03
4.320008640780542009e+03
4.330007219191406875e+03
4.340015106419930817e+03
4.350013401498653366e+03
4.360009894812156745e+03
4.370004239205210069e+03
4.380009762424347173e+03
4.390013531024648728e+03
4.400016525828297745e+03
4.410022228780961996e+03
4.420017908734071170e+03
4.430017822980213168e+03
4.440009898037285893e+03
4.450008862219822731e+03
4.460021114943444445e+03
4.470009433120002541e+03
4.480017344266796499e+03
4.490019730257585252e+03
4.500021812675534420e+03
4.510002249211556773e+03
4.520008509087616403e+03
4.530013183168289288e+03
4.540009910534106893e+03
4.550022103053522187e+03
4.560018221811972580e+03
4.570017090874591304e+03
4.580002318119577467e+03
4.590020542168483189e+03
4.600015826582286536e+03
4.610020038170779117e+03
4.620013303625960361e+03
4.630018500694707654e+03
4.640009060970807695e+03
4.650015073090054102e+03
4.660002597881319161e+03
4.670011904073065125e+03
4.680004156154981501e+03
4.690000501516510667e+03
4.700015610813020430e+03
4.710018655023977772e+03
4.720019134953709909e+03
4.730010743657371677e+03
4.740007474242809622e+03
4.750010202178817963e+03
4.760003496562253531e+03
4.770016760102268563e+03
4.780013073129708573e+03
