6.796620980706893356e+00 6.816345725494246999e+00 6.847753538071327917e+00 6.932758162172902416e+00 7.066414853026109277e+00 7.209204822976909455e+00 7.348543640946091138e+00 7.432195415867258070e+00 7.448473680138290476e+00 7.380845693928253404e+00 7.276554024318437008e+00 7.165567902657739907e+00 7.063009100467234624e+00 6.980655182771082323e+00 6.910093544411346045e+00 6.850018631423254512e+00 6.791384368028977825e+00 6.728104544611967164e+00 6.677420652407147550e+00 6.673484553701018562e+00 6.709709583136021394e+00 6.750972784771632540e+00 6.766117941995353213e+00 6.782430593244664685e+00
6.628382149115237709e+00 6.595816670391727143e+00 6.578961488223391996e+00 6.610978006565329856e+00 6.687241840479725141e+00 6.782788603159796814e+00 6.910039962108086797e+00 7.051632999195726725e+00 7.181344333127650081e+00 7.252224077722327245e+00 7.248068428958475806e+00 7.202948897063865097e+00 7.146737402829713481e+00 7.115838532150942974e+00 7.099673123922644713e+00 7.106292982105667733e+00 7.109894852175949076e+00 7.091403362234545149e+00 7.038856503557969546e+00 6.970704269202338210e+00 6.901185315846641188e+00 6.819921410253708238e+00 6.737948875395955106e+00 6.676276534890581260e+00
6.578056150019500947e+00 6.508284981941781844e+00 6.458251339184689854e+00 6.440742151151647832e+00 6.465318891039246729e+00 6.519328209360605975e+00 6.618247345794046943e+00 6.766563063951055668e+00 6.958488886446762223e+00 7.151733763310774705e+00 7.260418416252236717e+00 7.293869754983052900e+00 7.277825394226297817e+00 7.289662527560211380e+00 7.319174306458664070e+00 7.379287787138275156e+00 7.420539663995819879e+00 7.422250380852728036e+00 7.361629791528163658e+00 7.236527477797209507e+00 7.068530597924992165e+00 6.886515352290403236e+00 6.751210046371358686e+00 6.655337635131472140e+00
6.682674443939501607e+00 6.596750236922264143e+00 6.525911400749252245e+00 6.463615532947645015e+00 6.434909122521969671e+00 6.450157640465731923e+00 6.516661480268043150e+00 6.650000557601369877e+00 6.852136111029437870e+00 7.118540471247988499e+00 7.332728022078032204e+00 7.461155763215030490e+00 7.498319710713899688e+00 7.524231006361306484e+00 7.560579059981265004e+00 7.615212185787691546e+00 7.646730821729544658e+00 7.641450466517431650e+00 7.570317240001226189e+00 7.419187643087097328e+00 7.210179890236152467e+00 7.003377670476706562e+00 6.866962192957509536e+00 6.767868450657681834e+00
6.942800883310652260e+00 6.853346985310477812e+00 6.770724163676846707e+00 6.686208148310371691e+00 6.628780281674021779e+00 6.607016203841423518e+00 6.646251441152902117e+00 6.761046105313517351e+00 6.931525499697847259e+00 7.178833082081966133e+00 7.414388635910514225e+00 7.608825301929933893e+00 7.702775747413658003e+00 7.724254189191812614e+00 7.715049318166165015e+00 7.700544813808577693e+00 7.691275573371115115e+00 7.677234490877563822e+00 7.624333022538531957e+00 7.513266268846161111e+00 7.379254365367569513e+00 7.247566082000584053e+00 7.144592588975452685e+00 7.040378251577681823e+00
7.298401434534335763e+00 7.214853475123567783e+00 7.129882297601662700e+00 7.040543917513237382e+00 6.972677266540741492e+00 6.932183264806313083e+00 6.934693493080485105e+00 6.996337654570831788e+00 7.100554800413869216e+00 7.267647135555283633e+00 7.456749027234602423e+00 7.649372952988713337e+00 7.785692708623535907e+00 7.814143693202949770e+00 7.770791294202205712e+00 7.686894431277883299e+00 7.640491676872520621e+00 7.621344229508948409e+00 7.609111966123695225e+00 7.588988344918618623e+00 7.580852580077918290e+00 7.562213304318825102e+00 7.501745170967282661e+00 7.401473613651098127e+00
7.829140114923825777e+00 7.742695483681234059e+00 7.651300538963484499e+00 7.556267113431051285e+00 7.471650797554898027e+00 7.400042030186599007e+00 7.335550120340366576e+00 7.293807556735713682e+00 7.279002626477960369e+00 7.305422087422851263e+00 7.377091003973375472e+00 7.492623775289077415e+00 7.632359201291130546e+00 7.705802544333831605e+00 7.698265850848956759e+00 7.622219866668788590e+00 7.571247039037595883e+00 7.557373977226579775e+00 7.611474665035934173e+00 7.722958706738770829e+00 7.863895339700396114e+00 7.968359279983380894e+00 7.976295211077477632e+00 7.920075433992809444e+00
8.219459039757705199e+00 8.115130515453667925e+00 8.002581634921767773e+00 7.879624599049264155e+00 7.753708982018783225e+00 7.635483915256437548e+00 7.505258606237934060e+00 7.375611436289372769e+00 7.255155976454726208e+00 7.165745780443558921e+00 7.138283070070007952e+00 7.167585219013813180e+00 7.281397523442071140e+00 7.409552025134926723e+00 7.512988601258411059e+00 7.552870805553618894e+00 7.568221259810091972e+00 7.594533772173904573e+00 7.702130320564893218e+00 7.886817542643576040e+00 8.073639354856014805e+00 8.222773016048840589e+00 8.284536315052809741e+00 8.288932245219772454e+00
8.236280630726904306e+00 8.113968534142257383e+00 7.980166038577038101e+00 7.838539815305784586e+00 7.695637861456011919e+00 7.555109459634658187e+00 7.410879562280792143e+00 7.258368162696265280e+00 7.097302549992666520e+00 6.946616053185641348e+00 6.863412164392865833e+00 6.849874139469614320e+00 6.933937949443381044e+00 7.083107754572186998e+00 7.263821745089832582e+00 7.429166265682647818e+00 7.549079935447528200e+00 7.653817955606904810e+00 7.793365515642113550e+00 7.961795930296775126e+00 8.105042933960158180e+00 8.224616202209045213e+00 8.291907624993040571e+00 8.308620018281784425e+00
7.749850949693654734e+00 7.641014298629996482e+00 7.526461644900567904e+00 7.426075249091043773e+00 7.341505012384250684e+00 7.255071831203870225e+00 7.162568790919404016e+00 7.047721511844713405e+00 6.909158889430359274e+00 6.757233031232168230e+00 6.655253270587100367e+00 6.617103264376751781e+00 6.663785400716874641e+00 6.794463448958770968e+00 6.993135726743892278e+00 7.238213093789484631e+00 7.459039247682071050e+00 7.650243502776894466e+00 7.786387794046248700e+00 7.856084885006905161e+00 7.878809683179113676e+00 7.885160004100415954e+00 7.876761364833758883e+00 7.837668747103510469e+00
7.107181972472717213e+00 7.057351179799230323e+00 7.019858847238562127e+00 7.022711575059692457e+00 7.050417466102809172e+00 7.068257875631455356e+00 7.056916013467390947e+00 6.996183966532694143e+00 6.906223448197624570e+00 6.787663935230654921e+00 6.690123521831342401e+00 6.624839020924260247e+00 6.626418491700619029e+00 6.713500245842968006e+00 6.861943961644448642e+00 7.079882327082525961e+00 7.297812270464912210e+00 7.489326910655925040e+00 7.584272558473827530e+00 7.561828290389435381e+00 7.484061064983427158e+00 7.373326475029752913e+00 7.273447619891807214e+00 7.182119884749592842e+00
6.676008408387259507e+00 6.690569693844273580e+00 6.735523902192680268e+00 6.822547575560221844e+00 6.920657566572763209e+00 7.000899539029946439e+00 7.044121703738078111e+00 7.037800524476631736e+00 6.996737745754102455e+00 6.924508084249236362e+00 6.848436724444481705e+00 6.773047435189457843e+00 6.733325810860168126e+00 6.766460746152532124e+00 6.854325375219945116e+00 7.003050373754915015e+00 7.151421885661219946e+00 7.276584689982537490e+00 7.318474765717715158e+00 7.244259050096381714e+00 7.106369712620257850e+00 6.926608592257919028e+00 6.791276092675111897e+00 6.703739811547364980e+00
6.537800116801178341e+00 6.621101177361887302e+00 6.734106870168825587e+00 6.851393074371586067e+00 6.947340367916230441e+00 7.030903062808663506e+00 7.104264157664424317e+00 7.158912070927105908e+00 7.187696003275778622e+00 7.184609309328981119e+00 7.154764791481300179e+00 7.103753078333697069e+00 7.041957202528680959e+00 7.007348828633235271e+00 7.008973102504106656e+00 7.049879702291940831e+00 7.086913606893890716e+00 7.103083309459580441e+00 7.078276701593186004e+00 6.981628522739433684e+00 6.829989949692389040e+00 6.652852745440350546e+00 6.543968022648797955e+00 6.501241083639386353e+00
6.718810326255776566e+00 6.823386756984200829e+00 6.926090891299129915e+00 6.989192663867513922e+00 7.014480239157990127e+00 7.047861703756377771e+00 7.103023992463277203e+00 7.185029924719925631e+00 7.280584367140928492e+00 7.364164685641243047e+00 7.412620083016927985e+00 7.441026642216578502e+00 7.423128581852231456e+00 7.368784476309055975e+00 7.296329819044701459e+00 7.239233283249092210e+00 7.191000604925005923e+00 7.129536677840325964e+00 7.051254024096178519e+00 6.945509980322541743e+00 6.826845735649025748e+00 6.714267178848583484e+00 6.663734835776376819e+00 6.653617947267196797e+00
7.037545454062197336e+00 7.104001105571419394e+00 7.137007532007420885e+00 7.107113990424107186e+00 7.057502509522748824e+00 7.036463405889425538e+00 7.049915118676576498e+00 7.117453360485891167e+00 7.237952603537921803e+00 7.396682689115891662e+00 7.537674960993342665e+00 7.659736751818643441e+00 7.730960390832592566e+00 7.712304622773738849e+00 7.621195103506208213e+00 7.492122702290629377e+00 7.374579697440241333e+00 7.251438397104930544e+00 7.134280568595646521e+00 7.044046104926942498e+00 6.982961633651775024e+00 6.956005996438133110e+00 6.958926144095450184e+00 6.976519417096684883e+00
7.400108288082900998e+00 7.366553353586009045e+00 7.287003701118257126e+00 7.174361662775615045e+00 7.087533261353577529e+00 7.036989112825596138e+00 7.018840697671013373e+00 7.050402316624309940e+00 7.142612328401607868e+00 7.305862697839606845e+00 7.483376988412977937e+00 7.647757364978078343e+00 7.792160765462322836e+00 7.862015651714174602e+00 7.844542225594583584e+00 7.733690662067419730e+00 7.596136208206966778e+00 7.457867980528518181e+00 7.347367773939912361e+00 7.299629965082760741e+00 7.300703589753059219e+00 7.332464693639004771e+00 7.359367825282146391e+00 7.386058101000062770e+00
7.518385138244684462e+00 7.426174980322633346e+00 7.332877870008671195e+00 7.256858830735897214e+00 7.217043937284869592e+00 7.184940116297052093e+00 7.187111120688205013e+00 7.215624931869506042e+00 7.238434802976883020e+00 7.294479209351409921e+00 7.380043654454047086e+00 7.470900016092327789e+00 7.574949572051133728e+00 7.664033227455261610e+00 7.729636097504830161e+00 7.712907360972592663e+00 7.638455236752399458e+00 7.560456486392115316e+00 7.511041958894558945e+00 7.510152745827922693e+00 7.522234376937980471e+00 7.538040332733836557e+00 7.541527160642766070e+00 7.552978617663740124e+00
7.470514265059210679e+00 7.412872820547852015e+00 7.399052189223542797e+00 7.430511692299062609e+00 7.459998946139774212e+00 7.468624092012853488e+00 7.508306634733752816e+00 7.538112824251402166e+00 7.495862740797206492e+00 7.415456414048311018e+00 7.371512056547282477e+00 7.351285446125816136e+00 7.346467958679989252e+00 7.365162941618594417e+00 7.424224666219527258e+00 7.478290737439240665e+00 7.494609631986555165e+00 7.504549048071693207e+00 7.523563906683979674e+00 7.543416084055397874e+00 7.540398516252762029e+00 7.520619213371505296e+00 7.506745997958722327e+00 7.509014896695252794e+00
7.395733721011714223e+00 7.475669847587784744e+00 7.612944840093303078e+00 7.778227609697624167e+00 7.905470335465697218e+00 8.000979588870075432e+00 8.066524146054353750e+00 8.057209535992152283e+00 7.953019992168791852e+00 7.764349371533588062e+00 7.581676012409173104e+00 7.427904222563096681e+00 7.280886913623106693e+00 7.167694768167704567e+00 7.117708876515631999e+00 7.150043758981261988e+00 7.218204816287267178e+00 7.290068717746486904e+00 7.346467779053868163e+00 7.364915219959428327e+00 7.352783802907158162e+00 7.333923435495766974e+00 7.340487623169973830e+00 7.361413385360560113e+00
7.533778422638483185e+00 7.741166202099105220e+00 7.921616655349475344e+00 8.067524461739877140e+00 8.177235231993982723e+00 8.282303189914873798e+00 8.305756245451862085e+00 8.243678745101618688e+00 8.169528937848079764e+00 8.040567968744408489e+00 7.860840809787328354e+00 7.662411018280209873e+00 7.456562705200218133e+00 7.276328238625645817e+00 7.109792705746025732e+00 7.037252000367898219e+00 7.053626934001616000e+00 7.099050874678344059e+00 7.138255404458016429e+00 7.157645302779354957e+00 7.189641549126998044e+00 7.240870245563120200e+00 7.311660585027644821e+00 7.387155241950061679e+00
7.726464213976428574e+00 7.955223470922573981e+00 8.072769209518760647e+00 8.066924000336923584e+00 8.035677669603767725e+00 8.026879186567876800e+00 7.970995175673917466e+00 7.913073768872100011e+00 7.925882682024852244e+00 7.963990553522043214e+00 7.917199386420207929e+00 7.804101384939954755e+00 7.640128438321553084e+00 7.457532080683264120e+00 7.239127336631557164e+00 7.067708692884099086e+00 7.005285868455030318e+00 6.997258213958763129e+00 7.010774262861192874e+00 7.044889944487128908e+00 7.134797180123505278e+00 7.263116674660638594e+00 7.388661217784612489e+00 7.509252821307994985e+00
7.824672561259338188e+00 7.896994554170648328e+00 7.836540730619533157e+00 7.642066128319583207e+00 7.431610999826976816e+00 7.246548856320008447e+00 7.116015381256509009e+00 7.108760836811423900e+00 7.220127819085854881e+00 7.433257953964252707e+00 7.596256733329518340e+00 7.674133754590903855e+00 7.655603448379798337e+00 7.560200508394983920e+00 7.401646986481130064e+00 7.201166269967804290e+00 7.057840387130054793e+00 6.978303595053335862e+00 6.968858978316390562e+00 7.034437155331768388e+00 7.171831708704159425e+00 7.351962813185285661e+00 7.512989228116222051e+00 7.663079703427701617e+00
7.545662888879136609e+00 7.424504025806984764e+00 7.257258100255331357e+00 7.042046296041160502e+00 6.818609265086974958e+00 6.587011221095375291e+00 6.450524573061297673e+00 6.477211262702070371e+00 6.604851365325637325e+00 6.845764229539941681e+00 7.083752342866963758e+00 7.265627397432212753e+00 7.355864414314590150e+00 7.359135810492643870e+00 7.317260133345791395e+00 7.181794946625131182e+00 7.030137064369998079e+00 6.921674117172347707e+00 6.906899873908685095e+00 6.989197196982479987e+00 7.111160878701680232e+00 7.272619384181432167e+00 7.416408608551197545e+00 7.534027039549082261e+00
7.042967642970130449e+00 6.859153581347068318e+00 6.715941211227430152e+00 6.610222675194767028e+00 6.478627685080316390e+00 6.305317683905401260e+00 6.182021557225048980e+00 6.200764105448487662e+00 6.302791952918001428e+00 6.500600386789491480e+00 6.698718371071212374e+00 6.869731995933268109e+00 6.979611414114862633e+00 7.035451973711739804e+00 7.064148968587844024e+00 6.998550563412348602e+00 6.885551974525772501e+00 6.795154164993133961e+00 6.786575187452632996e+00 6.847787322577454816e+00 6.916515798636077683e+00 7.014954409523377343e+00 7.099619085773431593e+00 7.142878114899171571e+00
6.482836658045619593e+00 6.367114799014374604e+00 6.345340115539685577e+00 6.421715518590461969e+00 6.482544950395290329e+00 6.491039132551282620e+00 6.454799724631531177e+00 6.435998688152183789e+00 6.450876798466257611e+00 6.489678726735023773e+00 6.533211398259294533e+00 6.592675201271863905e+00 6.651034899108735132e+00 6.705578389604402112e+00 6.757169711839351223e+00 6.764602769302807239e+00 6.738239735190424184e+00 6.707716976696936229e+00 6.705771693036020054e+00 6.716574645402054067e+00 6.707501318147792269e+00 6.704059637817319839e+00 6.684374107706654300e+00 6.621707282934510275e+00
6.269795944301253421e+00 6.213415494462844357e+00 6.262660772600699310e+00 6.447484154270678225e+00 6.684660739886157721e+00 6.944250420197112028e+00 7.118771108022636795e+00 7.123918333532064828e+00 6.983638481600046966e+00 6.760075645740682759e+00 6.601317159707488891e+00 6.549027680013835173e+00 6.573283964993091644e+00 6.626532151255467795e+00 6.707739073134035834e+00 6.803009963578251273e+00 6.875450960232291742e+00 6.898078724397477934e+00 6.892874152022359091e+00 6.854048720583053367e+00 6.787527652711101922e+00 6.694428773037149227e+00 6.575392499663864854e+00 6.425454096778553392e+00
6.262585793431578729e+00 6.215497776328642310e+00 6.285714039621673521e+00 6.524102685156401904e+00 6.903369798924201106e+00 7.379798351731782446e+00 7.810470503338841297e+00 7.865205937852343787e+00 7.595408070689537716e+00 7.074912458061049847e+00 6.717034300241844669e+00 6.556163023613419405e+00 6.574049608821245450e+00 6.663527869669295001e+00 6.811875770010436426e+00 7.023147145300410621e+00 7.185133418099531433e+00 7.251652950302055700e+00 7.223167030197255478e+00 7.138757608641298269e+00 7.018833193840341877e+00 6.854109060352207017e+00 6.659634436799892754e+00 6.446336848884998361e+00
6.607769322390556255e+00 6.508483222531123324e+00 6.496271527412390334e+00 6.633995910309616661e+00 6.940417546997632137e+00 7.363354196037344757e+00 7.797041087499984258e+00 7.895067591211776481e+00 7.672959665141230623e+00 7.160545863099927466e+00 6.765988446383026655e+00 6.566919923025949402e+00 6.640163597974686915e+00 6.873167335715907988e+00 7.162687960338959492e+00 7.481340258368209817e+00 7.698542193062680283e+00 7.816085277970772793e+00 7.795561517594256529e+00 7.695039399298241989e+00 7.556211469528882674e+00 7.351002501615444551e+00 7.096805734544939348e+00 6.830079912178321777e+00
7.069184007441195128e+00 6.906221821233075708e+00 6.750474097366506498e+00 6.679241872771092936e+00 6.705822193219757033e+00 6.773318607624858601e+00 6.873904447830451403e+00 6.938410126189624272e+00 6.932810126402664253e+00 6.819278392823648005e+00 6.680537867636323845e+00 6.589999025315176340e+00 6.730148317077142117e+00 7.060715034310675264e+00 7.384216236520448007e+00 7.638561394677163996e+00 7.782023787283522509e+00 7.904132400103544676e+00 7.937233902415351317e+00 7.885201078989057422e+00 7.786231874376179363e+00 7.628552589039832910e+00 7.435952545910098799e+00 7.251401308217761965e+00
7.368741176883997213e+00 7.169321569538335659e+00 6.897256482135063926e+00 6.627645279718408666e+00 6.379478975703520405e+00 6.096629847249803724e+00 5.875197707695592797e+00 5.874843216645507127e+00 6.054411799085504420e+00 6.357149236425001071e+00 6.572144773808090257e+00 6.688054783563713634e+00 6.850788970551347390e+00 7.083625533689389187e+00 7.245814179898078855e+00 7.277444413457713424e+00 7.259369082518650984e+00 7.298245041793300025e+00 7.372523610362627267e+00 7.407486638582096994e+00 7.386882715901745833e+00 7.356246911910607977e+00 7.371360929104050719e+00 7.415101612468404824e+00
7.211824411554835557e+00 7.125306702712505214e+00 6.914819361664907404e+00 6.559749452651303159e+00 6.099875191829355892e+00 5.558194434085323543e+00 5.122896850747761022e+00 5.070132760993445231e+00 5.363375210722781894e+00 5.978502596626983134e+00 6.544299603312530245e+00 6.907758639705316561e+00 7.009211897291775628e+00 6.924491716562283017e+00 6.761785821728427237e+00 6.540767541751665526e+00 6.391893080215686140e+00 6.338713185129399186e+00 6.408645577405583715e+00 6.496387363271519000e+00 6.534949879147007756e+00 6.618029684584914030e+00 6.816146780614285916e+00 7.067636325931324848e+00
6.664301356313126590e+00 6.835437592729018519e+00 6.894131875137999188e+00 6.637389438092335503e+00 6.163712391914767608e+00 5.667366435553200965e+00 5.317292741389903377e+00 5.350374960499793886e+00 5.608148453920651200e+00 6.201557589587931574e+00 6.789023552263379280e+00 7.186599806448024097e+00 7.138286659673821255e+00 6.753585858825789323e+00 6.350374203783880844e+00 6.030318326521558525e+00 5.884717275370667799e+00 5.823252128926834637e+00 5.853403290815168525e+00 5.900233849893003146e+00 5.939866783280842277e+00 6.016571651550315813e+00 6.180853960869168162e+00 6.395295392806564116e+00
6.172729135715836257e+00 6.545916549011298713e+00 6.818189686498214108e+00 6.679687135964876177e+00 6.309344072448975993e+00 5.975469685487165172e+00 5.846458485672471284e+00 5.960453529867047351e+00 6.177824583199909014e+00 6.610368230263664380e+00 7.067348674107322815e+00 7.346887671262135378e+00 7.140019172484755927e+00 6.586239037585210454e+00 6.073422908402273279e+00 5.725968973780446447e+00 5.588943710753571104e+00 5.524495690691123784e+00 5.514620211395093285e+00 5.529296380990212256e+00 5.578756569195791215e+00 5.641334794925761287e+00 5.725277373462558828e+00 5.856165747948779199e+00
5.806720903593678429e+00 6.256950797000418341e+00 6.629687001205506469e+00 6.658490495619552085e+00 6.529254284090820981e+00 6.504934034699867418e+00 6.644904008901251657e+00 6.824839403166003571e+00 6.947738004288851243e+00 7.098545377135265788e+00 7.244423624972990972e+00 7.282060153241789457e+00 6.971467837438117598e+00 6.440238849803272103e+00 5.957566341948531630e+00 5.646899250354110222e+00 5.516762057939938124e+00 5.446709236999828896e+00 5.396454054391430333e+00 5.379383792729403702e+00 5.439049479618923932e+00 5.487629965323431946e+00 5.491054223572150228e+00 5.525988148832126079e+00
5.697471603838804910e+00 6.035225836477970063e+00 6.342490079803275727e+00 6.530605373320786278e+00 6.688763761665434515e+00 6.881827753415665327e+00 7.077028212909378446e+00 7.167016794393544110e+00 7.211926319381047890e+00 7.189320945853078015e+00 7.109860643639471789e+00 6.965228657827356784e+00 6.676883199522184675e+00 6.318039339082472949e+00 5.972576063965159499e+00 5.725869685705480272e+00 5.586172778922898097e+00 5.488106580204918039e+00 5.411787066762700604e+00 5.383507096023381067e+00 5.419558547935135806e+00 5.466805795515475630e+00 5.476803941953312105e+00 5.503411121655212845e+00
5.711102966832935834e+00 5.858007460588241955e+00 6.021425664917479992e+00 6.300572462678439400e+00 6.646518566086652591e+00 6.957359914168255166e+00 7.089770942702628531e+00 7.050985494206862825e+00 6.979078725859677590e+00 6.866114746937231672e+00 6.700185868405211131e+00 6.512155342245096179e+00 6.336540433984780840e+00 6.195937719729474047e+00 6.033539696338864111e+00 5.864799711494820045e+00 5.717739515945825524e+00 5.593856365051982138e+00 5.501605498468008726e+00 5.465073166871705190e+00 5.480467732025998018e+00 5.531627244540014310e+00 5.577356138557665766e+00 5.624793432092180190e+00
5.864098663037616177e+00 5.779015215349495804e+00 5.749226796783235116e+00 5.955253946056625836e+00 6.285918962516390707e+00 6.517161689828484761e+00 6.539560622861131378e+00 6.418807880448095027e+00 6.305051442417096474e+00 6.196502446104111606e+00 6.074703422452660817e+00 5.941500173236490490e+00 5.927989045123135625e+00 6.024251856997806520e+00 6.097206974008249070e+00 6.060800724111652826e+00 5.936576868073886182e+00 5.802489618234151436e+00 5.703976112298770218e+00 5.666370148149429298e+00 5.663287426361043764e+00 5.723224607504468153e+00 5.814426283465797596e+00 5.893852535379056512e+00
6.097517142472832496e+00 5.895594354624674516e+00 5.718649578356108876e+00 5.708037821556994018e+00 5.816639469130666207e+00 5.914908332779954314e+00 5.937579621207714986e+00 5.887764465426482907e+00 5.800970421514400677e+00 5.698601560562615909e+00 5.613672629645998668e+00 5.557968048733072486e+00 5.655004915098095886e+00 5.888626005603124547e+00 6.135699783327066115e+00 6.259959597809798382e+00 6.226439467124860627e+00 6.134612797206669299e+00 6.047622575291284441e+00 6.012434631984596045e+00 5.994598942586767620e+00 6.041804555751476791e+00 6.128276614671718470e+00 6.188712225618559160e+00
6.312484122643556184e+00 6.071995246562509330e+00 5.826167364518799019e+00 5.624097289462747007e+00 5.547850120674506336e+00 5.550359673185178977e+00 5.630500556724898686e+00 5.643427506911856462e+00 5.575400376455065476e+00 5.448140329053122066e+00 5.401842932137140174e+00 5.425398460793257271e+00 5.592875630896378070e+00 5.868947840738231392e+00 6.195233119882131767e+00 6.460720508392528316e+00 6.555792089713770032e+00 6.544113986370477143e+00 6.479265613319983075e+00 6.445102882591806193e+00 6.411121417320390314e+00 6.425549659473112740e+00 6.457517051984488887e+00 6.449186972597132694e+00
6.454467202212848420e+00 6.253475021270519463e+00 6.032003553225247394e+00 5.758421021429239062e+00 5.572097389090145292e+00 5.544224445551437341e+00 5.673108985977199481e+00 5.735407315144112950e+00 5.662593406935551243e+00 5.515295253420121391e+00 5.494610770507589059e+00 5.587459198177658237e+00 5.767702751948271533e+00 5.992314781541406177e+00 6.284224610713078363e+00 6.619615560969783097e+00 6.872426583423680846e+00 7.013508965281952001e+00 7.031386801734922365e+00 7.000487004395700374e+00 6.944599646522990000e+00 6.878288004648673848e+00 6.780624067539257283e+00 6.636198792079960995e+00
6.556879546460033126e+00 6.411671216966262854e+00 6.277846163560854009e+00 6.120484881144361289e+00 6.013101241018820708e+00 5.992192748329976837e+00 6.074766921927547969e+00 6.096362391584403184e+00 6.024032219979054581e+00 5.886838622080436068e+00 5.852331726503834375e+00 5.906440738664972656e+00 6.027213207417556617e+00 6.178321982834862780e+00 6.386008787873583614e+00 6.698998213015814329e+00 7.031675045586628592e+00 7.309449436190171845e+00 7.452177026255008663e+00 7.451897943498127397e+00 7.382303419342787443e+00 7.220694552189533155e+00 7.002453800124102123e+00 6.761629082763727538e+00
6.687032430318088139e+00 6.599681538403574521e+00 6.555576485768724204e+00 6.549319498510515203e+00 6.552863999252592997e+00 6.570908106067677501e+00 6.582585430077525501e+00 6.544279164201542542e+00 6.453233853176629786e+00 6.325242565715450738e+00 6.243696532617380335e+00 6.225849404412193699e+00 6.268326916866870491e+00 6.358269663756847656e+00 6.494070670311121063e+00 6.727851309723932083e+00 7.023569388668921221e+00 7.321211224275006479e+00 7.545074822637313439e+00 7.603938116062641583e+00 7.549158087224542513e+00 7.352404801217050867e+00 7.108582742168912283e+00 6.866354090880756544e+00
6.915846085804264298e+00 6.902541876086808692e+00 6.941390386630374998e+00 7.056068356925002227e+00 7.162486653727063057e+00 7.213594777390628821e+00 7.165087071233327443e+00 7.050795743679342031e+00 6.926207026339388229e+00 6.776228474333322538e+00 6.633504444386877807e+00 6.530049653179665015e+00 6.497446661073405849e+00 6.530326022980545098e+00 6.595407760543909426e+00 6.707445459865594373e+00 6.858357313303706349e+00 7.040709205272071003e+00 7.236638218324986660e+00 7.345781672693559194e+00 7.345463306121388314e+00 7.230963680236097701e+00 7.101614633619922401e+00 6.990808078886773025e+00
7.211873322032987588e+00 7.303343679963423263e+00 7.416295598759513830e+00 7.571820773593330500e+00 7.687533771268723726e+00 7.719109322273570939e+00 7.631151457889595591e+00 7.474910171816838478e+00 7.303432832457771973e+00 7.118735422422159509e+00 6.949256134667593621e+00 6.813186857386248185e+00 6.731239713315219753e+00 6.690429324561306679e+00 6.666633213292761262e+00 6.652083915207886555e+00 6.657300862604152769e+00 6.699332877110125040e+00 6.789236515140734340e+00 6.888794140540995592e+00 6.959195174764493785e+00 7.009175296922306231e+00 7.065991257539588233e+00 7.137332219421473667e+00
7.455897637656561550e+00 7.657673301203435479e+00 7.850259366220590174e+00 8.033402090633719794e+00 8.129146979369886949e+00 8.111927147903456259e+00 7.976456478081672685e+00 7.791372357691849437e+00 7.586113520515370467e+00 7.378423291369350601e+00 7.203912457602050345e+00 7.056952406041959058e+00 6.933667854777749717e+00 6.813981954067195979e+00 6.696122232671156915e+00 6.574362658610160892e+00 6.480321878240205891e+00 6.428471193559418317e+00 6.433617902226518304e+00 6.503449262625218275e+00 6.624429261611145314e+00 6.807236085122036151e+00 7.018022856248573582e+00 7.239317138021282183e+00
7.547013235716467427e+00 7.828675264589301186e+00 8.091326004240686487e+00 8.297867041181257619e+00 8.380352602038188436e+00 8.349529459981008372e+00 8.199755821073239304e+00 7.991561967706641845e+00 7.743322452987510651e+00 7.514385354343595225e+00 7.345902191928740166e+00 7.197473742858340628e+00 7.041971966111459480e+00 6.865351859675173252e+00 6.689186659647198496e+00 6.511680737787051143e+00 6.367300862595839384e+00 6.265997067574314627e+00 6.222956621214160045e+00 6.267599613557623073e+00 6.406862843826110598e+00 6.654698961222833553e+00 6.949513376734056891e+00 7.248278020624616680e+00
7.396963610471086525e+00 7.650316357578911486e+00 7.895646841707166352e+00 8.094851348957170956e+00 8.205088320307654115e+00 8.251000114823108689e+00 8.184136300438231260e+00 8.010708813559121566e+00 7.772655005508993575e+00 7.540129058142023943e+00 7.371399903484328497e+00 7.217552988418624693e+00 7.056005376240434224e+00 6.882867396005375227e+00 6.716084775137029617e+00 6.546573451055119897e+00 6.396242258560594252e+00 6.273345488220430255e+00 6.219699120968654071e+00 6.267985820432002697e+00 6.396253676174585401e+00 6.617423759007913908e+00 6.876302080721479193e+00 7.134301840469439604e+00
7.123344078094866028e+00 7.268693080196102940e+00 7.417008845559649899e+00 7.568321810643677594e+00 7.707981723308072297e+00 7.832299985216526927e+00 7.890286727787808374e+00 7.832435107873537916e+00 7.685376506969757493e+00 7.497254678670913108e+00 7.341295230757288515e+00 7.195045548683180137e+00 7.051617810655191221e+00 6.911631366626885153e+00 6.783900734923694387e+00 6.655150413087574712e+00 6.530635885561480336e+00 6.417914122174412483e+00 6.361478295260755367e+00 6.398732464482348448e+00 6.501328708337390516e+00 6.657913474070169535e+00 6.818419560545887492e+00 6.973218294711058363e+00
