6.760508653963455572e+02 6.762994087360410731e+02 6.761158875640935548e+02 6.764727134913781583e+02 6.762447720977087329e+02 6.762787643926308192e+02 6.761911085276959739e+02 6.765462559829309157e+02 6.763294105123100053e+02 6.760109150425147391e+02 6.760087227879365628e+02 6.761538891914184433e+02 6.762612672673711813e+02 6.763797514635609787e+02 6.764153303879165833e+02 6.764322788361993162e+02 6.762697370974590285e+02 6.764057205185052908e+02 6.763603371674781783e+02 6.763662621063543838e+02 6.758884573725576956e+02 6.760116142438971565e+02 6.759911523766802475e+02 6.763298377495452769e+02
6.759271673926259609e+02 6.761444572204043197e+02 6.757413165491743712e+02 6.761175435479101452e+02 6.760475166181693112e+02 6.764328061477924621e+02 6.762417031229897475e+02 6.764087235064856714e+02 6.763965322332436472e+02 6.763648656117012479e+02 6.763661346706619497e+02 6.764401561405883285e+02 6.763408840815020540e+02 6.764037709636114641e+02 6.762618826900228441e+02 6.762480992063816529e+02 6.763060717646335434e+02 6.764562704734637464e+02 6.761676346047473771e+02 6.761760609129562454e+02 6.758738737919210280e+02 6.758644939706509831e+02 6.760175737024360387e+02 6.761128208298556501e+02
6.763713853393755926e+02 6.764942276009420539e+02 6.758082733761358440e+02 6.759309813088954115e+02 6.756520775882554517e+02 6.760218730977522910e+02 6.760716564393096633e+02 6.760582464058953747e+02 6.762584059848610423e+02 6.764723780797784229e+02 6.764959084931921325e+02 6.765175850704778213e+02 6.763871238415352991e+02 6.765155943633869811e+02 6.763174198456762269e+02 6.760478167288263194e+02 6.763859745365091385e+02 6.766100594855618056e+02 6.763599135604088133e+02 6.762449094308016129e+02 6.759924081153787938e+02 6.760130182128775687e+02 6.763886071651630800e+02 6.762893836686350824e+02
6.758202320521851334e+02 6.757305897178279110e+02 6.759354347245074450e+02 6.762971517967189357e+02 6.759684367420932176e+02 6.759694246213922497e+02 6.760845746201182465e+02 6.762138515920479449e+02 6.761772226555250427e+02 6.762649416397571258e+02 6.760762185152273105e+02 6.762095233865545651e+02 6.761335013061165000e+02 6.759397171409594876e+02 6.760747658454458815e+02 6.760587833699127032e+02 6.762607605454091981e+02 6.762853828586789859e+02 6.760673386456886647e+02 6.761885560512179154e+02 6.762473856401757075e+02 6.764169902923467816e+02 6.759826124587985987e+02 6.758730068713662149e+02
6.762402563585649204e+02 6.760468831818324134e+02 6.757527452432176460e+02 6.761982787291797194e+02 6.758943218517770219e+02 6.758779152263812193e+02 6.758668657603165002e+02 6.760585464962164224e+02 6.760568610933246418e+02 6.761658661631032601e+02 6.761265616713685631e+02 6.762763865927265670e+02 6.761621560271636326e+02 6.758457798252848079e+02 6.759062749608757485e+02 6.764529848610930003e+02 6.762248805719660822e+02 6.760418394212596240e+02 6.763891954393916421e+02 6.763364149392820082e+02 6.762885161701630068e+02 6.761336182680506681e+02 6.760861333390465688e+02 6.762516991597829019e+02
6.759835011389488955e+02 6.762363184921474613e+02 6.759931189805446365e+02 6.760089668555231128e+02 6.757774247711935232e+02 6.757912802569529731e+02 6.759064694823586024e+02 6.759581238452254865e+02 6.757889518389617933e+02 6.759046195160495927e+02 6.758972642077084174e+02 6.759461397296951191e+02 6.761108463980355054e+02 6.759699669851087265e+02 6.762539973774784130e+02 6.761749917146786402e+02 6.760010006726910206e+02 6.760944907697713688e+02 6.761066348053163892e+02 6.760766273898777854e+02 6.761187712529922464e+02 6.759600900039387170e+02 6.758106702745687926e+02 6.757625797985637064e+02
6.759849966892629709e+02 6.761437383105022718e+02 6.758761282986637298e+02 6.759324091612174925e+02 6.760148758418713442e+02 6.759341811580993635e+02 6.760082560785648411e+02 6.760018901710137698e+02 6.761868104434485076e+02 6.761471049241345099e+02 6.762466677665773886e+02 6.759325816005873548e+02 6.761216545301413134e+02 6.762893483077119754e+02 6.761074137438782827e+02 6.759948447620906791e+02 6.763718843812913519e+02 6.759536712825614586e+02 6.760194514604515916e+02 6.759224794235919944e+02 6.757450084344500283e+02 6.757709044954818864e+02 6.759067144105708849e+02 6.759783297320542488e+02
6.757091172099366077e+02 6.756866816758794130e+02 6.756457677547433605e+02 6.760762922102143193e+02 6.760919164411077418e+02 6.761415450609250684e+02 6.758789588705365077e+02 6.758038793131946704e+02 6.759153880633422204e+02 6.761191561169383704e+02 6.760875497582654816e+02 6.759374530213079879e+02 6.759917470656459955e+02 6.762146021710785817e+02 6.761865107897825737e+02 6.761401597100331173e+02 6.760826827838440067e+02 6.759373487309283064e+02 6.759730092934988761e+02 6.757452344139620664e+02 6.755015906738893818e+02 6.760700823114599416e+02 6.761128205860264870e+02 6.761754728240978238e+02
6.757363049955080214e+02 6.755907207563882366e+02 6.758345313761882380e+02 6.762513167209859830e+02 6.760315574860360357e+02 6.760429683933591605e+02 6.759874323035418229e+02 6.760470660999302481e+02 6.762885903313120934e+02 6.761877051520111763e+02 6.761048736924748255e+02 6.761987104848019499e+02 6.760824775867686185e+02 6.761897157447107247e+02 6.761446892706002245e+02 6.762691553109200413e+02 6.759375720745770195e+02 6.762255273027114981e+02 6.760608950394798740e+02 6.759442638969647987e+02 6.758763939856609113e+02 6.761867740979832888e+02 6.762165299893337078e+02 6.763503084012993440e+02
6.759397492618487604e+02 6.760193258718053357e+02 6.759730118287337746e+02 6.759169890647414149e+02 6.760889217755355958e+02 6.762262899928842899e+02 6.762368807094984504e+02 6.760703675547424609e+02 6.759573633751577972e+02 6.757544223958994962e+02 6.759367200504636912e+02 6.761017370497663705e+02 6.759646927593755663e+02 6.758915457913609544e+02 6.759164436493801986e+02 6.760887899277651059e+02 6.760119934003911339e+02 6.759677578501310791e+02 6.757248786607646025e+02 6.760714510768758601e+02 6.764268047902185117e+02 6.763343512803224939e+02 6.762021499475104065e+02 6.760274972300037462e+02
6.761138041872226268e+02 6.762949550258327918e+02 6.762068393716284618e+02 6.759668595044107633e+02 6.760431681898072611e+02 6.762832248841275486e+02 6.757929925709399868e+02 6.760066685575759493e+02 6.761754943554617512e+02 6.761247073878422498e+02 6.761669253784109515e+02 6.760681599699453272e+02 6.759413090770149211e+02 6.760506664471713520e+02 6.760003606343325373e+02 6.760611036462264565e+02 6.759904517523665390e+02 6.760991113957998095e+02 6.757908533826217763e+02 6.761156493432347361e+02 6.764063795089912219e+02 6.762993060341681257e+02 6.760612073620760611e+02 6.759506654697448766e+02
6.760357644001976496e+02 6.762098940401241407e+02 6.759713813474497783e+02 6.759727965199969049e+02 6.758996524392520087e+02 6.761885688698002923e+02 6.762465398696439252e+02 6.763878401064483796e+02 6.763859309905811870e+02 6.762643147303922433e+02 6.763873284985917280e+02 6.762456561239839630e+02 6.761215316207810702e+02 6.763372847274360993e+02 6.761356666420670081e+02 6.762553363798890587e+02 6.760722411550719926e+02 6.762152080277272717e+02 6.759733374525642375e+02 6.759851794549020951e+02 6.759201085702962928e+02 6.761591201124448389e+02 6.759555431003205967e+02 6.760495310324126876e+02
6.761102133118571373e+02 6.757164107694028417e+02 6.760624599932920091e+02 6.762910624467123171e+02 6.762043541666860165e+02 6.760832622782670569e+02 6.761269813603685179e+02 6.763484915744190857e+02 6.765738273596133467e+02 6.764293936642825429e+02 6.763289143876456819e+02 6.762704933284351227e+02 6.760146516858284258e+02 6.759457805438023570e+02 6.758926812910048056e+02 6.762999774801569401e+02 6.758921333799904687e+02 6.759211280063914273e+02 6.756979418885300674e+02 6.758870361741074930e+02 6.757826088066533430e+02 6.760359611736727175e+02 6.762355064269186187e+02 6.762418570675804403e+02
6.761885017344430935e+02 6.759899948139052412e+02 6.760814848380023250e+02 6.760551079664792269e+02 6.760961624775691234e+02 6.763220449064182276e+02 6.763152272055194771e+02 6.765152214306348242e+02 6.766076488276194141e+02 6.764234128507943069e+02 6.762506986314679125e+02 6.761801986209370625e+02 6.765379683153057613e+02 6.766129337657019960e+02 6.763118230447927317e+02 6.765547519476957632e+02 6.763068421783871145e+02 6.763063366339598588e+02 6.763024712422412676e+02 6.760884789112867566e+02 6.758399460237623089e+02 6.761696078145023421e+02 6.762058344881379526e+02 6.761160688520315034e+02
6.762284967017219515e+02 6.763238156665380529e+02 6.762592767542801084e+02 6.760146012184522988e+02 6.760065715918233309e+02 6.764025814091054372e+02 6.762078893714766537e+02 6.763504679932150339e+02 6.762740873875476382e+02 6.762443770583552123e+02 6.761594532409294516e+02 6.762368996236676821e+02 6.762321126682360273e+02 6.766360389379086655e+02 6.762720409757430389e+02 6.764904460612494859e+02 6.764313021449215739e+02 6.764301279517885632e+02 6.761034747686497894e+02 6.758341224244892373e+02 6.757892106202199329e+02 6.763336629456383662e+02 6.762774487026946417e+02 6.761624444528508775e+02
6.765102369309672667e+02 6.761898690922869264e+02 6.762584959527425781e+02 6.763626719776101481e+02 6.764024416554934760e+02 6.764051369418133390e+02 6.760252796051119049e+02 6.758230164277047152e+02 6.756057103624170850e+02 6.757140939732863671e+02 6.758376859138892314e+02 6.764127736358129823e+02 6.762303249290358735e+02 6.764489227181511524e+02 6.765572263113975851e+02 6.765716335767596092e+02 6.764359925210339952e+02 6.764328388551363105e+02 6.763467653947262761e+02 6.765296837645553296e+02 6.763577436212979137e+02 6.764514963785089776e+02 6.762674995845605963e+02 6.762802415354279901e+02
6.765064869965384560e+02 6.761154447925683826e+02 6.761055156592149160e+02 6.761540998475356901e+02 6.760999576757598106e+02 6.760418879546455173e+02 6.759884203662721802e+02 6.758166701812124302e+02 6.756050258273271538e+02 6.758766276165318914e+02 6.759194753016253117e+02 6.761970629855013613e+02 6.760132843529604543e+02 6.762116276501078573e+02 6.763929664282443355e+02 6.762699369726360601e+02 6.761846372009065362e+02 6.760659177069234147e+02 6.762094818292459877e+02 6.764240992151729870e+02 6.764780585069245262e+02 6.754960711569074192e+02 6.759828089671643738e+02 6.762837880435611169e+02
6.759514997020125975e+02 6.757708380758410840e+02 6.759634078917663373e+02 6.761932517375611269e+02 6.760319947582386249e+02 6.758999570718025325e+02 6.759607039547835257e+02 6.759380107742705377e+02 6.758505721439875060e+02 6.758558458413160679e+02 6.759425538622289196e+02 6.760472460993861432e+02 6.762007684612403864e+02 6.761724194014277600e+02 6.762203554994624710e+02 6.761990344390463861e+02 6.763055524825294924e+02 6.762127436916773604e+02 6.761560533572763916e+02 6.760680174639177267e+02 6.760135238952948384e+02 6.758313542509603167e+02 6.761350117263129960e+02 6.758704129891292496e+02
6.760386216831815318e+02 6.759093409651856064e+02 6.758733209168501617e+02 6.759777927941889857e+02 6.760693041914890955e+02 6.760090454948314118e+02 6.759375782174507776e+02 6.761259510005364746e+02 6.763628894852639633e+02 6.762847750785625749e+02 6.764031713602810214e+02 6.761256396472938377e+02 6.761126875755156789e+02 6.757812158283280723e+02 6.758974155789480847e+02 6.758397446948226843e+02 6.760852377518566527e+02 6.762342634424378502e+02 6.761217086907372504e+02 6.759554545414935092e+02 6.761027293558490783e+02 6.762425674763034067e+02 6.763101779448927573e+02 6.758976720192215453e+02
6.759975540712931661e+02 6.761312206082543526e+02 6.763120101277795584e+02 6.758969767750361370e+02 6.761604663825663692e+02 6.765313708980211231e+02 6.763340386465681604e+02 6.761452069936802900e+02 6.762868988556089107e+02 6.766157862647088450e+02 6.766393969091968756e+02 6.763162388217988337e+02 6.761388354133769099e+02 6.757935577174949913e+02 6.758496281906318472e+02 6.761774611664408212e+02 6.763006536848077985e+02 6.763198913709115914e+02 6.760609145818802972e+02 6.758112953998964940e+02 6.760037285411962102e+02 6.763266574797622752e+02 6.761513606563489702e+02 6.757877770612661834e+02
6.762329559567705246e+02 6.762014458545119169e+02 6.761709210477208671e+02 6.759707779821775375e+02 6.760738924827149958e+02 6.765436068930594047e+02 6.764764920289808288e+02 6.761641803080242425e+02 6.764643499150580510e+02 6.764323808787755752e+02 6.764774031667054714e+02 6.762248159855688527e+02 6.762968412105358311e+02 6.759007915077939970e+02 6.758597666452816384e+02 6.758580094893221712e+02 6.760690928805016711e+02 6.761687339736079139e+02 6.761951484828592811e+02 6.760497958065080866e+02 6.764750188131246205e+02 6.764944558722735337e+02 6.762522640274963805e+02 6.761136150336402579e+02
6.764639503082781857e+02 6.760005991634498059e+02 6.764422544165247473e+02 6.766099684157022693e+02 6.768536384508819310e+02 6.766105275562899806e+02 6.765358290753201800e+02 6.765656288338092281e+02 6.762246110777499553e+02 6.761112098994406097e+02 6.761192596769857346e+02 6.761377528936070576e+02 6.762147213580194602e+02 6.761341641970566343e+02 6.759780775511811726e+02 6.757350246646490177e+02 6.755384744567465987e+02 6.755170565997766516e+02 6.757751141177044474e+02 6.760880411868488409e+02 6.757660226352757036e+02 6.759795675098267793e+02 6.764399245087399777e+02 6.765479541718982546e+02
6.764600469567036498e+02 6.760968994068649636e+02 6.761412365733245906e+02 6.763654219280286952e+02 6.764803641240960133e+02 6.762519448955554253e+02 6.762361584268068100e+02 6.762782645083249236e+02 6.763033722578807101e+02 6.758663644040924510e+02 6.760555168560418906e+02 6.762441984941522151e+02 6.761013442767654169e+02 6.762002365658723875e+02 6.761533191056765872e+02 6.756729803018447456e+02 6.756560169587424980e+02 6.755972593826601269e+02 6.761303179221516757e+02 6.762435352540683198e+02 6.760498337000793754e+02 6.759872235033384413e+02 6.761290469196476351e+02 6.763059883855396492e+02
6.763821212619444623e+02 6.763788626535989579e+02 6.762855670799465315e+02 6.763227568471288578e+02 6.763058864557666539e+02 6.760890741449605912e+02 6.762940081591033277e+02 6.761045129454884091e+02 6.762518385824967027e+02 6.758658761575422886e+02 6.760430787088710076e+02 6.762088961934452982e+02 6.761144854865661955e+02 6.761114393162439455e+02 6.758923031322284487e+02 6.758370157651295358e+02 6.758816149999457821e+02 6.756674934178690819e+02 6.758295540875926690e+02 6.759101063231975104e+02 6.760117664077084783e+02 6.761020082493590735e+02 6.759017409542286714e+02 6.761240370940186040e+02
6.759463079515323898e+02 6.761800034371017318e+02 6.761546212550625796e+02 6.762198208878379546e+02 6.760077121723707023e+02 6.760265560443391450e+02 6.761666547268361001e+02 6.758891473383508810e+02 6.761617639347657587e+02 6.761125409883715065e+02 6.763503386440104350e+02 6.764448010481208939e+02 6.764300768847302834e+02 6.760987404274883374e+02 6.763174123333494663e+02 6.763873342980807593e+02 6.765204790071096568e+02 6.765127670716454986e+02 6.763212121805339621e+02 6.761373765458129128e+02 6.760214493747272400e+02 6.761984368097120068e+02 6.761670684755008551e+02 6.759568584802162832e+02
6.758793624987791873e+02 6.760844359685282825e+02 6.759898541161320509e+02 6.762553003310315489e+02 6.762263821612635866e+02 6.763843783194176922e+02 6.760557403194254675e+02 6.758944128644116063e+02 6.758289007150278849e+02 6.763367597240027180e+02 6.761662673881104411e+02 6.760068143832702390e+02 6.763813232329032417e+02 6.765276152713026931e+02 6.766951197231344395e+02 6.760925476913105285e+02 6.763535918436592738e+02 6.765991557938646110e+02 6.765275512547336803e+02 6.763281901864449992e+02 6.760676132747366864e+02 6.764444068842614115e+02 6.762903070783976318e+02 6.762719004607879469e+02
6.759474511103343275e+02 6.761814984944661546e+02 6.760753129019162770e+02 6.761914755492189215e+02 6.761915916506075064e+02 6.763345838204047595e+02 6.760583407921524213e+02 6.762520785046185665e+02 6.760873228434445537e+02 6.762565359085607497e+02 6.761359986989480149e+02 6.761808754029683541e+02 6.763780254660587161e+02 6.767180475026900695e+02 6.765504860030827103e+02 6.760842856598500248e+02 6.762813919711971948e+02 6.765883945227510594e+02 6.764853168018421457e+02 6.764168364309459776e+02 6.761580159095747149e+02 6.762938651315328116e+02 6.760405723668828841e+02 6.762375076398147939e+02
6.761212970882226045e+02 6.759754774642242410e+02 6.760205956255939554e+02 6.763581672073137270e+02 6.761764209310707656e+02 6.764802514554786512e+02 6.762685352458431680e+02 6.762822843957291070e+02 6.760893972044798375e+02 6.760159310203130190e+02 6.759125644105500896e+02 6.762810081108124223e+02 6.761968267676735422e+02 6.758767612819974602e+02 6.763096905678205530e+02 6.761935516573005316e+02 6.764771238207090391e+02 6.761081437514111485e+02 6.760919671540946183e+02 6.763551704266409388e+02 6.764533760693174145e+02 6.764820079138438587e+02 6.762176891203565674e+02 6.762497074095977041e+02
6.759724103535518225e+02 6.761534838799218505e+02 6.758525579975389519e+02 6.763628844615803928e+02 6.759511615124507671e+02 6.758422013590463848e+02 6.763345385965467358e+02 6.764180142150983102e+02 6.763263365777449962e+02 6.761014368947335242e+02 6.762698541391495155e+02 6.764355642494089125e+02 6.760167580654770063e+02 6.758818922149966966e+02 6.762967907322713472e+02 6.758916345615509726e+02 6.758937805691347194e+02 6.756308791765231945e+02 6.761924185547757133e+02 6.762581206186350755e+02 6.761089646763653036e+02 6.760186968096980991e+02 6.759074456952406535e+02 6.761321356137750627e+02
6.755842928690976805e+02 6.761267363559393289e+02 6.755142432399073869e+02 6.758423896886051807e+02 6.758093642234023264e+02 6.758962875490003626e+02 6.763063649828450252e+02 6.763369059397857654e+02 6.762237767260519377e+02 6.762649097214790572e+02 6.764599737388259655e+02 6.761778131778349916e+02 6.762196860357239530e+02 6.759234509292786015e+02 6.759737497868436549e+02 6.758362374350675736e+02 6.756849203717825958e+02 6.756560607408129044e+02 6.757831689942745470e+02 6.760165931470241958e+02 6.759852989173849664e+02 6.762017294245691801e+02 6.758440645533923998e+02 6.758619446654713556e+02
6.755923791141923402e+02 6.757733463135340344e+02 6.758723315799427382e+02 6.759584564255360419e+02 6.758258597996674553e+02 6.756333675893447435e+02 6.758699626056297802e+02 6.758927261519831973e+02 6.763053961099799380e+02 6.765029495134823492e+02 6.761705578879444829e+02 6.760271515018112041e+02 6.762826058502303113e+02 6.763581648040324126e+02 6.759827630923201696e+02 6.760735054602166656e+02 6.760867184798267999e+02 6.759047991870912711e+02 6.758943789838823477e+02 6.755228903284346416e+02 6.754904151229660556e+02 6.758125030226863146e+02 6.756567233112476742e+02 6.759993923346924021e+02
6.755458772971795725e+02 6.755669408309303208e+02 6.757527287430410752e+02 6.759115133779952203e+02 6.761272419630777222e+02 6.760425889587750135e+02 6.759951297595674760e+02 6.758421666792510223e+02 6.758613210914961655e+02 6.765861740190947557e+02 6.760690329997559047e+02 6.759154337897574578e+02 6.761193327991339856e+02 6.762809028498694488e+02 6.763939784300159772e+02 6.761391878098288544e+02 6.761680806426278423e+02 6.760150081804846423e+02 6.761278299648752181e+02 6.757364614588061613e+02 6.756250444348352175e+02 6.758944992537694816e+02 6.758076570983708962e+02 6.760607663954234567e+02
6.759022160025335779e+02 6.756248832762080383e+02 6.757589812395352737e+02 6.760694757551493694e+02 6.762875914374906188e+02 6.759648395255163678e+02 6.757178692338906103e+02 6.757920763149347749e+02 6.758206119694589233e+02 6.760035807946429713e+02 6.757771794534370429e+02 6.760888764915067668e+02 6.759956651856904273e+02 6.759940278007985626e+02 6.763463621402434001e+02 6.765967961941139492e+02 6.764979604567658953e+02 6.762303264418791287e+02 6.761055058324881202e+02 6.758771124818455291e+02 6.758696086454200440e+02 6.759412457086855284e+02 6.759552243334095465e+02 6.761506571281516926e+02
6.762246085574284962e+02 6.763423153381951352e+02 6.761893001488986101e+02 6.764272366623462176e+02 6.762438502226162882e+02 6.764711895402174378e+02 6.764013352511843777e+02 6.762789397329207759e+02 6.760645130495174726e+02 6.759938454594545192e+02 6.759525896586152385e+02 6.759780329188843098e+02 6.756835599051377130e+02 6.759290164931614981e+02 6.761114422255443515e+02 6.762991949998728387e+02 6.765418724572253950e+02 6.763215109386586619e+02 6.763587492580786602e+02 6.763262990255900604e+02 6.761993431983348728e+02 6.763814323712150554e+02 6.763842670820505418e+02 6.763005490118083571e+02
6.761255463941110975e+02 6.763899395969532407e+02 6.761312301895534347e+02 6.761889672053742970e+02 6.760439754050772763e+02 6.762491830557929688e+02 6.764026373138111694e+02 6.762466829448939052e+02 6.759519415705003667e+02 6.758419948086901741e+02 6.759278003730806859e+02 6.760138441437126176e+02 6.759143566329555597e+02 6.761262418796478642e+02 6.762280472128967403e+02 6.759905426176255787e+02 6.762985832987784534e+02 6.763019674401874681e+02 6.763706307719095321e+02 6.762858377376049930e+02 6.761522160876679663e+02 6.765745854633045155e+02 6.764326724854015538e+02 6.762420068622267308e+02
6.759457663978663504e+02 6.763169547947234150e+02 6.759126599411596317e+02 6.761653440359406204e+02 6.761715800928087674e+02 6.764674892943706936e+02 6.763799158758591830e+02 6.763996090184022023e+02 6.762337593151327155e+02 6.764956819593115824e+02 6.763725888349956676e+02 6.761832730620544680e+02 6.759862556415317840e+02 6.760900304425713330e+02 6.760366762723647298e+02 6.757193106277841252e+02 6.759947774527656748e+02 6.761239701741793624e+02 6.763299296685520403e+02 6.764260031701350044e+02 6.765189250352200361e+02 6.763602977705763806e+02 6.763313734391575736e+02 6.762914965982732838e+02
6.758299997253546962e+02 6.758854785130682785e+02 6.760565531377008028e+02 6.762204013171074166e+02 6.763121867338049924e+02 6.762094726301185119e+02 6.758974263552692037e+02 6.757542559357748360e+02 6.760738140298340113e+02 6.763221744860088620e+02 6.764202028850447732e+02 6.763725323338204589e+02 6.762526128839137982e+02 6.756077934444695074e+02 6.760472098972735466e+02 6.760437141678693251e+02 6.765264159793291583e+02 6.762874909971839088e+02 6.761584709059391116e+02 6.759871350012563198e+02 6.761159367887223652e+02 6.759488100043201939e+02 6.761333635725422937e+02 6.762012681273054113e+02
6.758375782066575539e+02 6.756629757539601542e+02 6.757657957635791490e+02 6.763252628324854641e+02 6.763327246060589459e+02 6.761291785937846726e+02 6.760066944871622354e+02 6.763730066386781345e+02 6.765709504956297451e+02 6.763420664963969102e+02 6.765280734534995872e+02 6.766666330699381433e+02 6.762184828876627307e+02 6.759060456178783625e+02 6.761778599618480712e+02 6.760276215227220291e+02 6.763365497420713837e+02 6.764367630301588861e+02 6.760961878299200407e+02 6.760525474236986838e+02 6.761408307609597159e+02 6.761086819174920493e+02 6.759290009761861029e+02 6.759502527598365305e+02
6.759979376400282263e+02 6.758591898836932614e+02 6.761596912150725984e+02 6.764664425041589766e+02 6.763888528020715967e+02 6.760837470486727625e+02 6.761237673269105244e+02 6.766351562015690888e+02 6.763470799735451919e+02 6.764370018967208580e+02 6.763218130247977342e+02 6.762574284218064804e+02 6.763951521491562744e+02 6.764275530770959222e+02 6.765442213402949392e+02 6.762653329951289152e+02 6.761553725794046841e+02 6.763496090947618313e+02 6.764090207265358003e+02 6.763841166354868619e+02 6.763229223392544327e+02 6.762242478226182811e+02 6.758773543686139647e+02 6.760489753779812645e+02
6.762643446201659572e+02 6.764878503098422016e+02 6.763077027059495094e+02 6.761275727911345257e+02 6.762621058087814845e+02 6.763768515368280987e+02 6.763283710524874550e+02 6.760384449570526613e+02 6.759837566918367884e+02 6.762957129787428130e+02 6.760265716475665840e+02 6.760097312682605661e+02 6.761037987146008845e+02 6.762220364892311864e+02 6.764490256397940584e+02 6.761877611980753500e+02 6.762716172182423406e+02 6.762923752839134295e+02 6.762498906066730342e+02 6.763636134390437746e+02 6.760362276750655610e+02 6.759908950735068629e+02 6.760074177942008191e+02 6.762048672554687982e+02
6.761057711786587561e+02 6.767413033404607177e+02 6.769466328109922415e+02 6.758487591689278133e+02 6.760351937452780930e+02 6.763549581331435547e+02 6.762234024201801503e+02 6.762133317627027509e+02 6.761655524067932674e+02 6.761435325211980398e+02 6.759778915610560261e+02 6.759500311607243930e+02 6.763504426353225654e+02 6.765161562711678016e+02 6.765729492725635055e+02 6.762715613869919480e+02 6.763815797070622011e+02 6.761796587206525828e+02 6.763094618491923029e+02 6.763002419533968350e+02 6.759334501975648664e+02 6.761688929932013252e+02 6.764626860993092805e+02 6.765981622887358071e+02
6.765011595938431128e+02 6.766865315896615130e+02 6.764151514965077467e+02 6.759239972915283943e+02 6.759449722620967123e+02 6.762523941452953977e+02 6.761082884114903209e+02 6.760785074086039685e+02 6.757380711786346410e+02 6.759757903288726766e+02 6.760005775939464456e+02 6.760486250267703099e+02 6.760419351592003068e+02 6.762876823606083008e+02 6.762068369171857967e+02 6.763424993210613820e+02 6.764878050083729022e+02 6.760723300372206950e+02 6.758244980876971795e+02 6.760004907235911560e+02 6.759024482357613124e+02 6.759218513622637374e+02 6.764093668667596830e+02 6.763993217973192031e+02
6.767830819016463693e+02 6.762332823170711436e+02 6.761312115190672785e+02 6.760358082542975353e+02 6.759281101716177318e+02 6.758391746448878621e+02 6.756936953098576168e+02 6.760764558024394546e+02 6.761545310940151694e+02 6.763963944213351169e+02 6.763639829589089913e+02 6.765933652364025193e+02 6.765639910724357833e+02 6.765521464602686592e+02 6.765115419320073897e+02 6.764720016473610258e+02 6.761149634305062364e+02 6.762197303902008798e+02 6.757245980810400852e+02 6.754477821499250467e+02 6.757996568319565540e+02 6.759680061995759388e+02 6.759077841127078727e+02 6.765252573217844656e+02
6.761200589382397084e+02 6.757792968632713837e+02 6.758866226131190160e+02 6.762193227931952606e+02 6.761060414633661821e+02 6.759620345433335160e+02 6.760351685117632314e+02 6.765683062532874601e+02 6.766056673280760378e+02 6.761097964208757958e+02 6.761687050646481794e+02 6.765254736965089251e+02 6.765081264805501178e+02 6.763826846934314290e+02 6.764949824374957643e+02 6.759985934979413287e+02 6.757361429837573041e+02 6.757219420739165798e+02 6.759333941664821168e+02 6.757848829404673552e+02 6.757037734334925290e+02 6.762252182399183766e+02 6.761494095923812893e+02 6.763638866385861093e+02
6.758435506784833251e+02 6.757714625364097856e+02 6.761478212573970268e+02 6.760895039275332010e+02 6.759929800221227651e+02 6.758162423803553338e+02 6.760164510170357062e+02 6.766279597202759533e+02 6.765526002910512489e+02 6.764486290549375553e+02 6.762082328962150086e+02 6.763017629737494190e+02 6.765823683235652197e+02 6.762458538218961621e+02 6.764135782986875256e+02 6.760667551960858646e+02 6.760469853485143403e+02 6.760619095330802111e+02 6.761100150753202342e+02 6.762684731583046869e+02 6.759330440662224646e+02 6.762686395640491810e+02 6.761894478434373923e+02 6.760131322143643047e+02
6.760675630327887120e+02 6.761820182985469501e+02 6.760460890929194875e+02 6.759602325201279882e+02 6.764984077818821788e+02 6.767170985365672777e+02 6.767625150419938791e+02 6.761334305554410093e+02 6.762917132210592399e+02 6.762824928438471943e+02 6.764501990542086105e+02 6.759075086007238724e+02 6.761046781018053480e+02 6.762005628653556641e+02 6.760069776916452611e+02 6.757875394581188857e+02 6.758070295135138394e+02 6.755869786175795753e+02 6.756659989189106454e+02 6.761308497436644984e+02 6.762070292170222956e+02 6.765442898238038651e+02 6.761523054351079054e+02 6.758330598575042814e+02
6.758317311613875518e+02 6.761340533856764523e+02 6.763286186525953099e+02 6.763557370010058776e+02 6.764368607638507456e+02 6.764628033074635596e+02 6.765697326127836959e+02 6.760937934413261701e+02 6.760851975233736084e+02 6.762149996643091754e+02 6.762803544932098703e+02 6.759861437177476091e+02 6.757489263680678278e+02 6.758777107905038974e+02 6.759378831693780967e+02 6.764083807146740810e+02 6.763696403819860734e+02 6.762716273056954606e+02 6.759142978829876256e+02 6.762342500528056917e+02 6.765748169260031091e+02 6.762614882877411446e+02 6.760888995752702613e+02 6.761044899457372139e+02
6.759896770152674890e+02 6.759270224589437248e+02 6.758992384592651206e+02 6.762803630935673027e+02 6.764580541118474457e+02 6.768448671987332546e+02 6.767563160577352619e+02 6.764183926574760335e+02 6.762277886120554058e+02 6.758938627265881678e+02 6.759696002036840810e+02 6.760366031359004637e+02 6.761031274496513106e+02 6.760674864076014501e+02 6.761840912156889090e+02 6.762849993772972539e+02 6.762115991229547944e+02 6.762591943327358877e+02 6.760833437697037880e+02 6.758121407135179197e+02 6.759708384154866962e+02 6.762372961830541271e+02 6.760658580636876422e+02 6.761980392991049484e+02
