5.643590523457055497e+02 5.434620501334377423e+02 5.299888814803786090e+02 5.226341651916769706e+02 5.966607127109306248e+02 6.896579579694212043e+02 7.281290431983381950e+02 6.497163273488902178e+02 5.711705754794951417e+02 5.000715108942918619e+02 4.909573013678677853e+02 4.989980817426301769e+02 5.353138479638577110e+02 5.660147670792633789e+02 5.911498311930988621e+02 6.141204256442086944e+02 6.347585141797320603e+02 6.444404224388659941e+02 6.478662942490950627e+02 6.535933312241601243e+02 6.617456787432976171e+02 6.646066668922981080e+02 6.433623381737075988e+02 6.019226465117062617e+02
6.139322652651939052e+02 5.887806125436327420e+02 5.759084132510785139e+02 5.609431620313075655e+02 5.719856005029612334e+02 5.891457892656923150e+02 6.262511075205089810e+02 5.784936450548276525e+02 5.248288626948477713e+02 4.847867414940605499e+02 5.055042478361110057e+02 5.370169672588818912e+02 5.758411180295385066e+02 6.017163913749183166e+02 6.253862591591489490e+02 6.368562879002398631e+02 6.467463903147092878e+02 6.471251987415936355e+02 6.459042879769192496e+02 6.521142136764204906e+02 6.564759276127020939e+02 6.660542388000644678e+02 6.617507549387710242e+02 6.416347938282603991e+02
6.543634726702388207e+02 6.241244845651772266e+02 6.110205697589213969e+02 5.974677889261974997e+02 5.610884033986750410e+02 5.179738207140711665e+02 5.238629925882838734e+02 5.213526381661340565e+02 5.071606799753344035e+02 5.098591269113130124e+02 5.375373633663829196e+02 5.696510360817069341e+02 6.012653375515039897e+02 6.250939901616391126e+02 6.500776866510464060e+02 6.553971721137344275e+02 6.598766271593740385e+02 6.562896745062332684e+02 6.600798701036405873e+02 6.662764453110422664e+02 6.663512864479320115e+02 6.715337154726076960e+02 6.767372072900956255e+02 6.705111075525601336e+02
6.643955202822178308e+02 6.644798775393581991e+02 6.520140377828787450e+02 6.092574084777955932e+02 5.538760442138869848e+02 5.006473554293854136e+02 4.766727762270153903e+02 4.900312663333274372e+02 5.268018999857044946e+02 5.683335515294764946e+02 5.890243441960507198e+02 5.972800713605488454e+02 6.106042697262350885e+02 6.284909987929223689e+02 6.513170679904401368e+02 6.604661719196908507e+02 6.652271274975618098e+02 6.633378004066368021e+02 6.571004059255541279e+02 6.587310515842883660e+02 6.605177050385206030e+02 6.735370015963582091e+02 6.675514036361382750e+02 6.585748600644438966e+02
6.668219118244845731e+02 6.702807123212980969e+02 6.609947713988099167e+02 6.114158043378004095e+02 5.675512618777956959e+02 5.276185773567000297e+02 5.031358352860874561e+02 5.182681144841269543e+02 5.530123490707422889e+02 5.949349950484850069e+02 6.107539481967149868e+02 6.141162938726115499e+02 6.169045190196279691e+02 6.316711734309964186e+02 6.527881790556045871e+02 6.691576343561866906e+02 6.775618472928277924e+02 6.773944157321665216e+02 6.617530702235759463e+02 6.632438085591763866e+02 6.648938608107324626e+02 6.857679248321555860e+02 6.743249042415599206e+02 6.594154695553752390e+02
6.622426240008427385e+02 6.635963019934100657e+02 6.520106941609936939e+02 6.171788535393137636e+02 5.833880293323944670e+02 5.553082455238867396e+02 5.413823665746008373e+02 5.545234889177374953e+02 5.834763784919608725e+02 6.096082747248033229e+02 6.251186498002052758e+02 6.281508754330169495e+02 6.295789482830264205e+02 6.383469821428409432e+02 6.548763782983046440e+02 6.705718631208845864e+02 6.823038812079029185e+02 6.835428929691125859e+02 6.696115068999478126e+02 6.710286460523594769e+02 6.726084052411852099e+02 6.887229312843044227e+02 6.772179193264483956e+02 6.617710247888888944e+02
6.541482268604573846e+02 6.308343001761195410e+02 6.250461886005150518e+02 6.235662312947061992e+02 6.134853956070063532e+02 5.952340409707799154e+02 5.877777011310721491e+02 5.996149755265431622e+02 6.092123164006086427e+02 6.224266712335839884e+02 6.328353065847621792e+02 6.369975492342747430e+02 6.390809974073149533e+02 6.461839904629400735e+02 6.617386603115586468e+02 6.673246632543513215e+02 6.704906695232548373e+02 6.771268101648415723e+02 6.934784441521388771e+02 7.079559446550061921e+02 6.937766893641027082e+02 6.806755724736277671e+02 6.683435099642834984e+02 6.618054485185093654e+02
6.431696192175844544e+02 6.248286704123338495e+02 6.201070795439514995e+02 6.283536266789849378e+02 6.297822596310633116e+02 6.263939201258717731e+02 6.167853064401984966e+02 6.205675681346903048e+02 6.237760732423009813e+02 6.378313875100503765e+02 6.458756476615127440e+02 6.471550301601826050e+02 6.473415555214419328e+02 6.531064247045944740e+02 6.650071959124344403e+02 6.671734083014861199e+02 6.771784506927423308e+02 6.902270778734907708e+02 7.174492769427595249e+02 7.245498198421721554e+02 7.078341748836894567e+02 6.849666473783502170e+02 6.674235838317000571e+02 6.546192486106391470e+02
6.283118013621181035e+02 6.190772461095757535e+02 6.195555916220365589e+02 6.261935058863509767e+02 6.395743249730633124e+02 6.514917180937618468e+02 6.461818260607635693e+02 6.418772796183011451e+02 6.386651535234822177e+02 6.519884367582839104e+02 6.591984287626480636e+02 6.591250581630922625e+02 6.552572834648306070e+02 6.554461286293902731e+02 6.594551010503315638e+02 6.671372599485267756e+02 6.889657538925096105e+02 7.134112830427935705e+02 7.286453111063693768e+02 7.297048591877858144e+02 7.117887873471818239e+02 6.937110338471246678e+02 6.650255856993443331e+02 6.400235931391722488e+02
6.217679198774329734e+02 6.152992373494997764e+02 6.182614857986646939e+02 6.333255906456906814e+02 6.462525342132584001e+02 6.587954692027921055e+02 6.590901514576747786e+02 6.639609840925630806e+02 6.598826923534975322e+02 6.562980053853671052e+02 6.570950239813022336e+02 6.659091699797386354e+02 6.660335563154137617e+02 6.566445348241699094e+02 6.521338949495715269e+02 6.683866347030033239e+02 7.063385172189002787e+02 7.322883611192831950e+02 7.445527396415849353e+02 7.345274704600433324e+02 7.140307287516077395e+02 6.776882077470974082e+02 6.489867522396014010e+02 6.299272631246757328e+02
6.354537527430185264e+02 6.283443572469230958e+02 6.280458268093969991e+02 6.476704686412736010e+02 6.592760704895964636e+02 6.688410574400678570e+02 6.662293862448299251e+02 6.764371020437502011e+02 6.795197881754816081e+02 6.700395443683690928e+02 6.662937312251141293e+02 6.738183598731191069e+02 6.786782769566990510e+02 6.716189998655510180e+02 6.665970891619286931e+02 6.790378768039813622e+02 7.095922400060914015e+02 7.317571525527537233e+02 7.500418608477336875e+02 7.345782530867930973e+02 7.095873153403554170e+02 6.656334294694935352e+02 6.483552609739480204e+02 6.376161964838031508e+02
6.449743523470216360e+02 6.387631983216501794e+02 6.367428434363187080e+02 6.526580979587306501e+02 6.653265790396023931e+02 6.742978389028052106e+02 6.713622317983512175e+02 6.847013314235038024e+02 6.927394960882321584e+02 6.861855308494784822e+02 6.749261451209308689e+02 6.781905155724024326e+02 6.861539050131439126e+02 6.863603795582790781e+02 6.857632052618204170e+02 6.846960433277123457e+02 7.065018097658402212e+02 7.235307135085871550e+02 7.512446712338542056e+02 7.278818240120064047e+02 6.959357893460583000e+02 6.613631841976849728e+02 6.521881650908841266e+02 6.464493876023145731e+02
6.506950838972495603e+02 6.529383578184388170e+02 6.531742231046422376e+02 6.470699536451853646e+02 6.416367091443401023e+02 6.583312367089898771e+02 6.817984006246384752e+02 6.883280043074048535e+02 6.904523648313377180e+02 6.976887151207615716e+02 7.040836118018592060e+02 6.981636286123759874e+02 6.863073574219865804e+02 6.953824683882063482e+02 7.032188645201298414e+02 7.052961738609253644e+02 7.088445487803146534e+02 7.083243363702623583e+02 7.010612191203108523e+02 6.744762109427911128e+02 6.697789815481013420e+02 6.761752081038212054e+02 6.776119263985751786e+02 6.598191440192887285e+02
6.675181980585282417e+02 6.665675610463246130e+02 6.662639376396257376e+02 6.558829435820682647e+02 6.476123774564139239e+02 6.564985685774137210e+02 6.902766171681046217e+02 6.967791529392363827e+02 6.973536828736915822e+02 7.094594873794924297e+02 7.207091925576168023e+02 7.198347705460583938e+02 6.931748834037817915e+02 6.985784074258530154e+02 7.068920847633153244e+02 7.201992805973272880e+02 7.109510512633379449e+02 6.908138236986342235e+02 6.674822371124384972e+02 6.595596848649506683e+02 6.710232643600566007e+02 6.931054129188437400e+02 6.975312461580790568e+02 6.841884295977561123e+02
6.869588511738170382e+02 6.761008298543013098e+02 6.685442443807801283e+02 6.653655827650741230e+02 6.571738991768804681e+02 6.611679580165003927e+02 6.846426540301303021e+02 6.993025604044898955e+02 7.065116982643297661e+02 7.155546069762415300e+02 7.292406267577770222e+02 7.309932720305270095e+02 7.054012068718045612e+02 7.038957294211419367e+02 7.094492734355567336e+02 7.301307325997163389e+02 7.072514560895957629e+02 6.666627704474866505e+02 6.407222753616644013e+02 6.507067511405952018e+02 6.775757116218834426e+02 6.946438772252421359e+02 7.063871469340670046e+02 7.018226177178158878e+02
7.148487604110401890e+02 6.994854411410242392e+02 6.739961466010601043e+02 6.661623974005759692e+02 6.709339124419915379e+02 6.663373242306699922e+02 6.688314131177752415e+02 6.816026945307002052e+02 7.068690552335065149e+02 7.142544492761810488e+02 7.045065408422689188e+02 7.127954701923262064e+02 7.169443465119870780e+02 7.160338990357329294e+02 7.037139879542356766e+02 6.963487783642019622e+02 6.748611078122434037e+02 6.489223747678834116e+02 6.420321134148745159e+02 6.564680083399458681e+02 6.786732398386150180e+02 6.911163117417370358e+02 7.006106378342931293e+02 7.127959238023458965e+02
7.306483170482784999e+02 7.239268868336071137e+02 7.066026311129120359e+02 6.901210597908988120e+02 6.868087208921765523e+02 6.791992726722976386e+02 6.777275447526178596e+02 6.791942048667514200e+02 6.873164255277458778e+02 6.888635971594147804e+02 6.816560586729774514e+02 6.863615174452526162e+02 7.054510762492776621e+02 7.140339421889775622e+02 7.109002767549192185e+02 6.933438076332274704e+02 6.760257512999478422e+02 6.631636356280378095e+02 6.613994976335994807e+02 6.665106891243433438e+02 6.761304613434780322e+02 6.873757096003797642e+02 7.015419699665976623e+02 7.175413816039210815e+02
7.301891652489982789e+02 7.377925202002606966e+02 7.343161994094238025e+02 7.095213239699633050e+02 6.956325701939872488e+02 6.825177010284348853e+02 6.903174763963556870e+02 6.776699634048550251e+02 6.658384922171952667e+02 6.652797305108281307e+02 6.677895985906242231e+02 6.760886234038766816e+02 6.859056994663275191e+02 7.053967567354748098e+02 7.128642148623482626e+02 6.967448527020657139e+02 6.778637706420103086e+02 6.723456323970953008e+02 6.745988779444454622e+02 6.716598839435238233e+02 6.699687148257864919e+02 6.848275524952570095e+02 7.027440155832990740e+02 7.216358213380551661e+02
7.243026747307667392e+02 7.371356753850321866e+02 7.559626142826884916e+02 7.578996633798814173e+02 7.433300635362382991e+02 7.095531426560327191e+02 6.841748530601283846e+02 6.626793502757907390e+02 6.428899093159416225e+02 6.378523318600789480e+02 6.395157085222592741e+02 6.527277151318385222e+02 6.720577702180926281e+02 6.900347096037983192e+02 7.071512615874005405e+02 7.037988090894704101e+02 6.915247694842493047e+02 6.821988307052113214e+02 6.800980869427650077e+02 6.807572735928074508e+02 6.745096843723318898e+02 6.772949805845404398e+02 6.889335713986251903e+02 7.079423738305478082e+02
7.061439299762785140e+02 7.182038719406721157e+02 7.356913676707098375e+02 7.615485275481390772e+02 7.621654688635011325e+02 7.386430087427889930e+02 6.954517119125367799e+02 6.796635598528619084e+02 6.684818054467433512e+02 6.614975661275299217e+02 6.569516433401430504e+02 6.672490138581725887e+02 6.965210155306705246e+02 7.029840592934734786e+02 7.053458961604144406e+02 7.026210563850977451e+02 6.988536851407744734e+02 6.938174522850426911e+02 6.874111878186049580e+02 6.898969395246492695e+02 6.874827335452700936e+02 6.821906946732851793e+02 6.817892202758482654e+02 6.888571282621023784e+02
6.903220096855794736e+02 7.018673065764298826e+02 7.182737727551779017e+02 7.429093518602601307e+02 7.617493479318461596e+02 7.515178621678463742e+02 7.109583110376178183e+02 6.943071805471344078e+02 6.851627835392752104e+02 6.720139224050030862e+02 6.652702614290180918e+02 6.766645571164672219e+02 7.136296198283429248e+02 7.092037554180802772e+02 6.974358646181973427e+02 6.904618540884704316e+02 6.987013326359519851e+02 7.014549871344333951e+02 6.940840648811642950e+02 6.972358409254329672e+02 6.974944774693724412e+02 6.906172930432061321e+02 6.784977307785617313e+02 6.739467216634616307e+02
6.608466103577161448e+02 6.659267626859187885e+02 6.799172762043068587e+02 6.808593715023905588e+02 6.883779014527336813e+02 7.257978026489940930e+02 7.412999667810743176e+02 7.325731837619659927e+02 7.052245859139410413e+02 7.040642618185582933e+02 7.276945527615833953e+02 7.256326314773693866e+02 7.170359219683302854e+02 6.970542157777779266e+02 6.888235773998014793e+02 6.784504135778522596e+02 6.758710175609505768e+02 6.882240162638611309e+02 6.971719792445828716e+02 6.981259847750994822e+02 6.924663163620805335e+02 6.895959329788622654e+02 6.835896646797496032e+02 6.674191195239430954e+02
6.621406593390663602e+02 6.619650398070335768e+02 6.697355858822224945e+02 6.626877924341929429e+02 6.693105287045270870e+02 6.987522481227067601e+02 7.388517394758445107e+02 7.485486897822013361e+02 7.425736839478544198e+02 7.572624172366552102e+02 7.723962091737828359e+02 7.594239451379572756e+02 7.171800431583626505e+02 6.948936442065025858e+02 6.850747043857982135e+02 6.778611029544736084e+02 6.750958180183820332e+02 6.836631750013426654e+02 6.986805585423705907e+02 6.979572058250133750e+02 6.914724146826064270e+02 6.905577848599806430e+02 6.876190066045561480e+02 6.758876953112552428e+02
6.664042187576208107e+02 6.562973424227118358e+02 6.531724361120610638e+02 6.587347067101547964e+02 6.660854208337106002e+02 6.891727300070406272e+02 7.163781714495718234e+02 7.560300871078179625e+02 7.829599053135729037e+02 8.057758839329632110e+02 8.018401352098252346e+02 7.673844867680204516e+02 7.255741783143977273e+02 6.977748192666379055e+02 6.831593106686142391e+02 6.776327315587791418e+02 6.770029205635869403e+02 6.841059986866869167e+02 6.944498576864621100e+02 6.966574628612928564e+02 6.939558651295592426e+02 6.920853259322368558e+02 6.896627128244192591e+02 6.798193104975424603e+02
6.772305546084533034e+02 6.658352903179979876e+02 6.541680427088011811e+02 6.606720045835895689e+02 6.749072537819005220e+02 6.783343144618344240e+02 6.881821988002401440e+02 7.354249429250788808e+02 7.872776273020946292e+02 7.991806654842583839e+02 7.692205500672216658e+02 7.525563360335686411e+02 7.341663042316552037e+02 7.090644607424018204e+02 6.786580084927607004e+02 6.750060479081731728e+02 6.834045273904398528e+02 6.858666299295069848e+02 6.893065706823181245e+02 6.922754635550542162e+02 6.988661131889465423e+02 6.944305441961664656e+02 6.852569707796490093e+02 6.825910873089420647e+02
6.935629862277605753e+02 6.896134052479518459e+02 6.858340288413318149e+02 6.867898109754353300e+02 6.921092057334144556e+02 6.949699567426691829e+02 7.061196128073049749e+02 7.294124019715098939e+02 7.463112627598198969e+02 7.403974013372528589e+02 7.285556202734178441e+02 7.290531057012611882e+02 7.263401164875140239e+02 7.157762267267661400e+02 6.977132939250034269e+02 6.932670198582352441e+02 6.966626470206458634e+02 6.979607847513553907e+02 7.005579328912072015e+02 7.010169865194305885e+02 7.048970233599831090e+02 7.012711675484464422e+02 6.959480936853110506e+02 6.947567958127405063e+02
6.971315453549732410e+02 7.033700178023427725e+02 7.102208827148305090e+02 7.037801366507570719e+02 7.006681558975571988e+02 7.034470761652861484e+02 7.291875062279400481e+02 7.270563631316398414e+02 7.075274230313724502e+02 6.926213108809620280e+02 6.962510108704008189e+02 7.112633424598130887e+02 7.064458042703200817e+02 7.149549374468944052e+02 7.137705933018261248e+02 7.098612332011626904e+02 7.066412616861632614e+02 7.051626882509616507e+02 7.116546589928648245e+02 7.061188640750399372e+02 7.038032788207168551e+02 7.032515347325279436e+02 7.016020498283202187e+02 7.017084269594315629e+02
7.026244076458043537e+02 7.125950922917775188e+02 7.208947675198745628e+02 7.297147459899421165e+02 7.347455791424542895e+02 7.295241794244926723e+02 7.159146112615304673e+02 6.906319282285012378e+02 6.769481114241372097e+02 6.807576699110256868e+02 6.733327659260565952e+02 6.741063045988602198e+02 6.743095859931129326e+02 7.017492205011149053e+02 7.256129620229687589e+02 7.361046445166493868e+02 7.330938418271064165e+02 7.221798576520490087e+02 7.177858148684400703e+02 7.093065229896085384e+02 6.996588757422139224e+02 6.921931551975372940e+02 6.925257736366902463e+02 6.985841757918660733e+02
7.178729746281936741e+02 7.226519764842190625e+02 7.217535931623832539e+02 7.423980711549639864e+02 7.499725581397451606e+02 7.406921188892986265e+02 6.959533537942040766e+02 6.724443493266014684e+02 6.681453444514685316e+02 6.857634044650043279e+02 6.725937204437568653e+02 6.650133532261866094e+02 6.661890162867352956e+02 6.947163554292443450e+02 7.210917153643176789e+02 7.415623392744298599e+02 7.438317683818278283e+02 7.370522740261241097e+02 7.276757785511796328e+02 7.222880406236664612e+02 7.159047809524541890e+02 7.021680867723874826e+02 7.011336800960499431e+02 7.081566638635040363e+02
7.292000384931378676e+02 7.337415725862034606e+02 7.285993457414227805e+02 7.463556919279982367e+02 7.506182837539752200e+02 7.314232559799709179e+02 6.851165362842518789e+02 6.591061623166978052e+02 6.599169213054185548e+02 6.716888569506760405e+02 6.632600870720259536e+02 6.578115081429574502e+02 6.640898534145934491e+02 6.892212166899680597e+02 7.136245145366194720e+02 7.324741980288611103e+02 7.427014405656163945e+02 7.427340176616828558e+02 7.357507354353053870e+02 7.320950356452129881e+02 7.276166477362851310e+02 7.116587698520976346e+02 7.082011584383823219e+02 7.151325441962269451e+02
7.374416081720304419e+02 7.387321600242977411e+02 7.369751246270278671e+02 7.181996200256683096e+02 6.829984714685707559e+02 6.701823722496063738e+02 6.874162908887941512e+02 6.868596306903419872e+02 6.639837201742110437e+02 6.387322425188555144e+02 6.468424514957923748e+02 6.644349676890783485e+02 6.779106430383998259e+02 6.843171121346799737e+02 6.946711902129095506e+02 7.107994989717859653e+02 7.236638523295980576e+02 7.398744819631722294e+02 7.416905093752753828e+02 7.415832794984650036e+02 7.460366297208387323e+02 7.513692546535605743e+02 7.555950672444523661e+02 7.457742636072405276e+02
7.375594878775431198e+02 7.368241570588334071e+02 7.410602098367858162e+02 7.147716716978810609e+02 6.814982690457295575e+02 6.663689138992043581e+02 7.172848926001574910e+02 7.219725142705980261e+02 6.991490763650341478e+02 6.535322751852409056e+02 6.664305478061279473e+02 6.889875707049536686e+02 7.027814682319335589e+02 6.943764182430088567e+02 6.928895575133435614e+02 7.054981546085884929e+02 7.154886838778797937e+02 7.265775771577270916e+02 7.267167014160276040e+02 7.313096370397877308e+02 7.409845370492437269e+02 7.645525210771767206e+02 7.715656179774118755e+02 7.624061759331992789e+02
7.500467054772775555e+02 7.316802702937100094e+02 7.263041895530038801e+02 7.116754095558547988e+02 6.872724849358214669e+02 6.767726059889073440e+02 7.145314498655055786e+02 7.266134904253761988e+02 7.059926621509167717e+02 6.686117463754289929e+02 6.784736267067708013e+02 6.981707003776415377e+02 7.055949464778333322e+02 6.921577243085189366e+02 6.886092716757741528e+02 7.044805457239403950e+02 7.118006718781990685e+02 7.179712497778074294e+02 7.160278201151975281e+02 7.271899241394855835e+02 7.439553768359810419e+02 7.676929702651475509e+02 7.824912271406058153e+02 7.789910223552716388e+02
7.496772134240223977e+02 7.327715387425799918e+02 7.023565914370221890e+02 6.974762692069919012e+02 7.161049448658296797e+02 7.175303537577602810e+02 6.901499713433702254e+02 6.685549777592839291e+02 6.918824002967854767e+02 7.097948493282201525e+02 6.985578421946872822e+02 6.762986037904337309e+02 6.734566730127298797e+02 6.817263367169060757e+02 6.800676360820184527e+02 6.778652376887770288e+02 6.856011792763384847e+02 6.974694007913715268e+02 7.116162636900797906e+02 7.229362864883371458e+02 7.303779248229974428e+02 7.299350220031313938e+02 7.316996603953836029e+02 7.423992487622529097e+02
7.631831294250965811e+02 7.514911860406061805e+02 7.141151674358220589e+02 6.954026649615802853e+02 7.182049673329261168e+02 7.349540192942578187e+02 6.869325083965954946e+02 6.626002350217783032e+02 6.807422895812064780e+02 7.209046477044104222e+02 7.016230940838291872e+02 6.758365262581488651e+02 6.807596041633336199e+02 7.016785276059662237e+02 7.080156812815658895e+02 6.884812403573453139e+02 6.921504717563251461e+02 7.002854008050412631e+02 7.250549109284964970e+02 7.364710297468390081e+02 7.431560410691531615e+02 7.310904317601941784e+02 7.272981564432211599e+02 7.307945222755945451e+02
7.544899832645817241e+02 7.644434342563741893e+02 7.365380074316940409e+02 6.944272278438178319e+02 7.035586244136820824e+02 7.177867869304251371e+02 7.057363583986890490e+02 6.786400871918253870e+02 6.915700557318643860e+02 7.035379116731694467e+02 6.914953092566031501e+02 6.774649097005597014e+02 6.946434245406514947e+02 7.147787288717778438e+02 7.156788580079023632e+02 6.985269652300813732e+02 7.003649786542990796e+02 7.070021074505175420e+02 7.247414629415812897e+02 7.376468153317617862e+02 7.449683371934830802e+02 7.410966743698112396e+02 7.304971907437046639e+02 7.255400394416734571e+02
6.986084789569162012e+02 7.060459318373281121e+02 7.424891358196301780e+02 7.529246340143042744e+02 7.156240365796993501e+02 6.808425821953881041e+02 6.904048483600226973e+02 7.045380196649025493e+02 6.858364414921607022e+02 6.723468336952328173e+02 7.028879779967503509e+02 7.340471849759807128e+02 7.334441141350763473e+02 7.144590506961127403e+02 7.153307464721996212e+02 7.258228427024769189e+02 7.232408963732048051e+02 7.157167434915733111e+02 7.106472869314662830e+02 7.043835315622235385e+02 7.028423010251287906e+02 7.051820269038946662e+02 7.086651792743638225e+02 7.096478772370290926e+02
6.656037895976401160e+02 6.689398350168362413e+02 6.938098601975200381e+02 7.623919406589020582e+02 7.454946684174713027e+02 7.116983494660264569e+02 7.176992826351061012e+02 7.351473484693904084e+02 7.252934677225371161e+02 7.125948596406352635e+02 7.420129468785880817e+02 7.540205430254138719e+02 7.211546098907807618e+02 7.023713871021204795e+02 7.015163692525347869e+02 7.177439869488558770e+02 7.071166214038894395e+02 6.974067031081164032e+02 6.919393742015348607e+02 6.844562217216663385e+02 6.847848499808865199e+02 6.857153912563544509e+02 6.873965914971693110e+02 6.920116948098179819e+02
6.710883982247569293e+02 6.610527821337610703e+02 6.650793744638500584e+02 7.299625910982730375e+02 7.583467931025646749e+02 7.504137586365335437e+02 7.150567337914577593e+02 7.286905132385744537e+02 7.205551490010375346e+02 7.566001627240814287e+02 7.650290138561689446e+02 7.380188201282893488e+02 6.927084892206407858e+02 6.921526000679638173e+02 7.075963615783866771e+02 7.083772146823571347e+02 6.917342658025876290e+02 6.818684179735646467e+02 6.891202871557404706e+02 6.840968624979738024e+02 6.899744744862366588e+02 6.743172659374617979e+02 6.671185832843239041e+02 6.682881611826576318e+02
6.524042824522706496e+02 6.818382398083814451e+02 6.811803477857433791e+02 6.588835371565166952e+02 6.682227921620653888e+02 7.302129111042954719e+02 7.764804428440592119e+02 7.740630143271495172e+02 7.812522725110870851e+02 7.267413468567182235e+02 6.671617378801323639e+02 6.409523355614219327e+02 6.735893919954855846e+02 6.803802266233473119e+02 6.571719377372597819e+02 6.617770909148391638e+02 6.916938523200650479e+02 7.020757188303791736e+02 7.059681397986140610e+02 7.081781297679813179e+02 7.064677478855119261e+02 7.107866721708969635e+02 7.008759050802248112e+02 6.617176668247486759e+02
7.200408478053042245e+02 7.117787073736012644e+02 6.928207385089617674e+02 6.515225590937197921e+02 6.338675525060153859e+02 6.529935893383825487e+02 7.412491145978091254e+02 7.532190802668202423e+02 7.694138411522086471e+02 6.671846267541955058e+02 6.371751170470911347e+02 6.504700303794483034e+02 7.429336616286336721e+02 7.670543129176425055e+02 7.579945794729028421e+02 7.640249892566113203e+02 7.787940405087500721e+02 7.817963481963278127e+02 7.652034554490269329e+02 7.723062443646138036e+02 7.728920592231044111e+02 8.094117829233189241e+02 8.047193625488616817e+02 7.755395132554401698e+02
7.775382255878907927e+02 7.194037686061064960e+02 6.699695041371975321e+02 6.845458455193676173e+02 6.407973553404358427e+02 6.179600880649658166e+02 6.484123789295281313e+02 6.735465096071377502e+02 6.975235440166546823e+02 6.375402941541452719e+02 6.293392637685706177e+02 6.743768728040432734e+02 7.394211052382311209e+02 7.978414996469839480e+02 8.199002481021891526e+02 8.280783313507458843e+02 8.110226597137209410e+02 7.899683958424852790e+02 7.819179340596749626e+02 7.836779759241144347e+02 7.763244415261979157e+02 8.011844314593256513e+02 8.373611154769608902e+02 8.538104128214720276e+02
8.069554495853037679e+02 8.156728571142278952e+02 7.289363481800403406e+02 6.874682998890914405e+02 6.893004705407666961e+02 6.666382483466967415e+02 5.949847449416459995e+02 5.578710785096201334e+02 5.838036667828831696e+02 7.115185009222383314e+02 8.278265976830750787e+02 8.345369061329720353e+02 7.813499140891061643e+02 7.634349790545188625e+02 7.375158926300742905e+02 6.741393846739767923e+02 6.127869204300602632e+02 5.930805888499220373e+02 6.022593202337745879e+02 5.949626679686099351e+02 5.891629898699213754e+02 5.738034029927094934e+02 6.000064033943962158e+02 6.871503519652335399e+02
6.898696878532933852e+02 7.691635485602324707e+02 7.881341087540155286e+02 7.219277072698390612e+02 7.166112968347094920e+02 7.118743677474807328e+02 6.474308076475441567e+02 6.076081953787148677e+02 6.298274727034655598e+02 7.926491877750594313e+02 8.734141235532288192e+02 8.700299387979671337e+02 7.447063906658006545e+02 6.596696655983834034e+02 5.775096532958710895e+02 5.143652642008536304e+02 4.934160345847355984e+02 4.896011211403802008e+02 4.953077138274938420e+02 4.916220866778713798e+02 4.943441374805562987e+02 4.851096712137935469e+02 4.975342776059034691e+02 5.296006854983425001e+02
5.382805279301886685e+02 6.750254154646171401e+02 7.865776184358455794e+02 7.786354353283081764e+02 7.219783879232002164e+02 6.909746960596387453e+02 6.680583637145432476e+02 6.487452666766557741e+02 6.904696941206397014e+02 7.891547545229602747e+02 8.279883519605840547e+02 8.081214966422859334e+02 6.708096768183141876e+02 5.709146855400701952e+02 4.847772711814928357e+02 4.799865116189520791e+02 4.797289563397172287e+02 4.720939007402297420e+02 4.580437258568767334e+02 4.537709303179942140e+02 4.608165165172500224e+02 4.783655480875412422e+02 4.905532297113914524e+02 4.810835661667493923e+02
5.108579160763159166e+02 5.397160326785996176e+02 6.377270440074366888e+02 7.670254899266810753e+02 7.733858383496085480e+02 7.497147418838665089e+02 7.754051534361473159e+02 8.638246490524395540e+02 8.496441602825116206e+02 7.587539310425697749e+02 6.571119002367852318e+02 6.346073838332306423e+02 5.782429809675297747e+02 5.463019460095218847e+02 5.143013834596814604e+02 5.165782466683468783e+02 5.077003660830616809e+02 4.918290679791834918e+02 4.822822459692596908e+02 4.812919583880914729e+02 4.890107294582237500e+02 4.959402056958733738e+02 5.105715941928633583e+02 5.076144938402262596e+02
5.166242715860456656e+02 5.099385086939250300e+02 5.384209405778785822e+02 6.505924025459700033e+02 7.101789794911703666e+02 7.455827344287472442e+02 7.791214120960289620e+02 8.199375956692513228e+02 7.888799962826470846e+02 6.675581638667740663e+02 5.781863264544995218e+02 5.414540889578576071e+02 5.301012638798694070e+02 5.347268645511147724e+02 5.335421837730020798e+02 5.291348621684240925e+02 5.334735305186314918e+02 5.336281106771403984e+02 5.423247167385825378e+02 5.413414813000002823e+02 5.458919745428397619e+02 5.355431033012698663e+02 5.328528512274999684e+02 5.150703489400501667e+02
5.323788146688393681e+02 5.180622726180032487e+02 5.049292253927621346e+02 5.353867896268602635e+02 6.557733227745175100e+02 7.578256567955979790e+02 7.627232406946434367e+02 7.322142547853773067e+02 6.605576873426776956e+02 5.882656545354280979e+02 5.267721560114010799e+02 4.914203429164093109e+02 5.067795633098652388e+02 5.371135282331562166e+02 5.558864578495634987e+02 5.633424039222717283e+02 5.784495648419043619e+02 5.921819668967324333e+02 6.046234224452770150e+02 6.076569014416583059e+02 6.130487791495825149e+02 6.013976842338453253e+02 5.754185284091792028e+02 5.368433610067804693e+02
