7.213341492861877668e+02 7.742863465376408385e+02 7.682216273393884194e+02 7.230775182261560303e+02 6.843920134047779129e+02 6.588945515212992632e+02 6.344638647648627057e+02 6.174126502324702415e+02 6.313625703546517798e+02 6.408435444558371046e+02 6.433645515645507658e+02 6.845148947098240342e+02 7.336989379687149722e+02 7.192170888734626715e+02 6.331016091586744778e+02 5.952194007460142302e+02 6.549180521383970017e+02 7.082824341234197618e+02 7.327010185712015300e+02 7.431332317193331392e+02 7.656378585801608097e+02 7.566291531330195994e+02 7.099711041934499463e+02 6.818275471273176436e+02
7.767574199260295700e+02 8.028409863611087758e+02 7.809302013863493812e+02 6.970010564415177896e+02 6.769969960745369235e+02 6.603394525754044935e+02 6.256967289393751344e+02 6.041477882151135645e+02 6.081391848814853347e+02 6.258817755455504539e+02 6.411081182307656263e+02 6.767615630316638544e+02 7.788149856186438456e+02 8.051036883904789647e+02 7.781648305570785169e+02 7.242498582454456937e+02 7.400691037625404078e+02 7.542874619864460328e+02 7.285140019128321001e+02 7.301509903822401384e+02 7.460318096553910436e+02 7.285147009921163317e+02 6.975051665826587168e+02 6.865136085953262182e+02
7.745278545915327868e+02 7.701063729970649092e+02 7.287131050326263448e+02 6.765603617646952443e+02 6.713924389714611607e+02 6.597295069760249362e+02 6.232667982383625258e+02 5.965373683355074945e+02 5.898874785593449133e+02 6.137209876521168326e+02 6.351390454698175745e+02 6.587819714823253889e+02 7.234101057613282819e+02 7.806987357957415270e+02 8.031658752392188489e+02 7.925572483865162212e+02 7.638642613392570411e+02 7.383037691129798077e+02 7.147582509320878899e+02 7.018416991254536015e+02 7.053403952136084172e+02 6.952990737024855434e+02 7.023855618115273955e+02 7.309935108913822432e+02
7.097357951121822452e+02 6.540904218715355682e+02 6.424593798205008852e+02 6.486007040812419291e+02 6.424698156582012416e+02 6.284639680088572504e+02 6.040536759784431524e+02 5.945035137074044087e+02 5.769646186986399243e+02 5.828781065148283460e+02 6.029127196772955131e+02 6.132549428954257564e+02 6.215713595854898585e+02 6.521436090521503957e+02 7.216247438132096477e+02 7.880771029322806953e+02 7.701096604602015532e+02 7.564807616904995484e+02 7.594010734849373421e+02 7.512780852795816600e+02 7.259425596745373923e+02 7.343114091587154917e+02 7.730862412369529011e+02 7.721099511024840467e+02
6.287423619857108861e+02 6.075760717061549485e+02 6.081458725998131740e+02 6.187219185218380062e+02 6.140329185167191781e+02 6.050705530735638149e+02 5.872648984922909676e+02 5.862990100699797722e+02 5.799898757206300388e+02 5.761354014187362509e+02 5.771946747351140630e+02 5.729066296877109608e+02 5.781889609706191777e+02 5.781604074077204132e+02 5.948165387697642927e+02 6.347593311228134780e+02 6.387786904674384232e+02 6.430307859870312086e+02 6.531084509457892864e+02 6.678505757505673728e+02 6.815359848198355621e+02 6.970611686401343832e+02 6.995828766739481352e+02 6.786804218200461492e+02
6.061493373447099202e+02 6.056421911450672724e+02 6.045928961022408430e+02 5.996205716377577346e+02 6.007572906789794160e+02 6.012222380704316720e+02 5.916580443900481896e+02 6.003843797609295052e+02 6.064129560154597129e+02 6.004375584808185522e+02 5.853090465808800218e+02 5.691782878977161317e+02 5.770656005458712343e+02 5.693304858313150589e+02 5.560558556722453432e+02 5.603586236590542740e+02 5.790452409932307773e+02 5.938587869749661650e+02 5.980586034579440593e+02 6.154723389139022629e+02 6.479851802985288032e+02 6.562130177647198934e+02 6.365059938621614037e+02 6.097017663968775878e+02
6.114156630379121680e+02 6.241115863467915688e+02 6.189147481093581291e+02 6.080592749682549538e+02 6.118629060009151317e+02 6.180858805521403383e+02 6.211679975845144099e+02 6.355498493912766662e+02 6.481797739782954295e+02 6.501743083671905197e+02 6.438905436888712757e+02 6.253108982313959814e+02 6.156293680908222541e+02 6.031781617947088989e+02 5.817581626912610773e+02 5.691946424756536089e+02 5.789144677042614830e+02 5.958265909751081608e+02 6.059214191100402331e+02 6.094712841158468564e+02 6.135932720144380710e+02 6.058973078643549570e+02 5.904406840395207610e+02 5.885280930482570056e+02
6.245962116302596314e+02 6.309559206208765545e+02 6.281567832970056315e+02 6.229830688682473010e+02 6.285618982677203803e+02 6.351778735946655843e+02 6.395893214273950207e+02 6.502002604634237741e+02 6.606386664749852571e+02 6.694431417843712779e+02 6.688868458899333973e+02 6.609090793527072947e+02 6.488404827533607886e+02 6.410306527269915478e+02 6.289461687630860069e+02 6.094109694914130841e+02 6.002463777675096708e+02 5.962585864922214114e+02 6.072028384472953348e+02 6.013944284872405888e+02 5.936421756692230929e+02 5.814237057179890371e+02 5.903273938615336647e+02 6.028468430182043676e+02
6.295180811570170363e+02 6.313070143193215245e+02 6.326710163989628199e+02 6.348472283641619924e+02 6.367336055240326687e+02 6.382749310202823381e+02 6.405916968159108364e+02 6.481199510405599540e+02 6.570550664360174551e+02 6.641188771689256782e+02 6.690582355747693555e+02 6.714505334741920706e+02 6.668982378780460749e+02 6.611293813213009116e+02 6.557800096968167054e+02 6.424016431232930699e+02 6.249974293793491142e+02 6.107545184903970039e+02 6.107870005849038080e+02 6.055245924050286703e+02 5.958023756164431006e+02 5.922875487177693685e+02 6.111414944392746520e+02 6.236829293534610770e+02
6.499442691805373897e+02 6.474511945751763733e+02 6.490465814382557710e+02 6.475982682512186557e+02 6.449932549219192879e+02 6.415378540028341376e+02 6.408012990027370961e+02 6.433204274697635583e+02 6.480654997005797213e+02 6.453284547750969296e+02 6.445107899590842635e+02 6.538028537457676066e+02 6.675533821923012283e+02 6.728957376441047700e+02 6.737871388233194239e+02 6.693554099107200273e+02 6.624925223343473135e+02 6.451697831153418292e+02 6.274210180152200564e+02 6.190164644624230732e+02 6.235300653458640454e+02 6.345548828862540631e+02 6.504067125617174270e+02 6.540472617830228046e+02
6.633177995088427679e+02 6.596051922619791412e+02 6.599704047232523862e+02 6.532656909443486484e+02 6.515128465649013378e+02 6.490651830715233928e+02 6.506578315772667338e+02 6.536533280618039043e+02 6.567409704204694663e+02 6.537406266820918290e+02 6.546662216780234758e+02 6.600979045589132284e+02 6.720281039142665804e+02 6.774053653546690157e+02 6.822499844029518954e+02 6.772022308026799919e+02 6.724513777102497443e+02 6.597070339552728910e+02 6.390446851646299820e+02 6.333204653598947971e+02 6.351781108862716110e+02 6.449212903523447267e+02 6.561294954626185927e+02 6.610366484633102573e+02
6.709913030918756931e+02 6.621497853047752642e+02 6.573754454655079371e+02 6.497073540184711646e+02 6.519211802253418000e+02 6.535957557941374034e+02 6.573492578366916632e+02 6.572129047969864359e+02 6.550348997417485180e+02 6.527270896639574858e+02 6.561842052592487562e+02 6.585437680217603429e+02 6.650086291668272906e+02 6.746474311388918750e+02 6.876719025993056675e+02 6.802080488919406207e+02 6.737529208405516101e+02 6.617706631067021590e+02 6.532826871408964280e+02 6.530515754541229398e+02 6.550660399933354938e+02 6.548362641268305424e+02 6.588708631551406825e+02 6.625146384184436101e+02
6.538612020383363870e+02 6.443295479114768796e+02 6.467485641795517495e+02 6.501159742079991020e+02 6.537364841712870884e+02 6.532253484077285748e+02 6.564684994359415668e+02 6.595341985522496770e+02 6.573000859154376485e+02 6.501826338902206999e+02 6.502900906122641800e+02 6.503285362370578468e+02 6.600608240753274458e+02 6.642429826249875759e+02 6.708798147978330917e+02 6.607814312044298504e+02 6.600485574828844619e+02 6.586326081532832859e+02 6.550494703920060147e+02 6.586615826147600501e+02 6.593450143209697671e+02 6.644727658337734510e+02 6.649210916109972231e+02 6.581956699237996418e+02
6.508381559136794294e+02 6.473121443272374336e+02 6.541209495175697839e+02 6.637679732489357320e+02 6.658264796337546159e+02 6.655018738127009783e+02 6.674104173150508359e+02 6.697303349940416410e+02 6.685091314690112085e+02 6.582064915252943820e+02 6.573890282489516039e+02 6.580280042780788108e+02 6.727979808005873110e+02 6.703115551545563449e+02 6.680298856766943345e+02 6.581813992274193197e+02 6.654865418082653150e+02 6.699358858195676021e+02 6.623321746878314116e+02 6.629705871843477780e+02 6.626786579987052619e+02 6.773756284286130267e+02 6.755213111098814807e+02 6.645279107419378306e+02
6.501133863720568797e+02 6.500455690183603110e+02 6.586967148232779437e+02 6.664900781241833556e+02 6.682288942813786434e+02 6.693331317536750475e+02 6.701490854455806812e+02 6.700849866340104199e+02 6.682384571675181633e+02 6.616456670131327655e+02 6.621255028970266494e+02 6.655872284891103163e+02 6.733472959151256418e+02 6.655124509800403985e+02 6.556324447581074537e+02 6.555486705140298227e+02 6.705852671570847860e+02 6.805933422691077794e+02 6.703741451049228317e+02 6.699686050198424709e+02 6.706310620869891181e+02 6.882178356731826625e+02 6.822454069844170590e+02 6.651685596616482599e+02
6.672116425970597220e+02 6.662613144028470060e+02 6.588586944051806995e+02 6.528279178935501932e+02 6.589979298738616080e+02 6.671361782525904118e+02 6.613043848478780546e+02 6.516037744885410348e+02 6.495724339934828322e+02 6.623626100976657654e+02 6.732054764050429867e+02 6.738290177862674000e+02 6.597040069696519140e+02 6.491094841831639997e+02 6.503925789824631920e+02 6.565823528709416905e+02 6.636532715509816853e+02 6.717858797325267233e+02 6.818938081989132343e+02 6.956201281604763835e+02 6.909973800609674299e+02 6.731447216925408839e+02 6.548102350412191299e+02 6.505615672772779590e+02
6.829232317028672696e+02 6.765296994814721074e+02 6.647043490223780964e+02 6.525610780974433283e+02 6.566298515349352556e+02 6.629736610360947680e+02 6.563299574868489117e+02 6.514602673540556452e+02 6.516748166929952504e+02 6.693881646796943414e+02 6.772376120200768810e+02 6.776968757253135891e+02 6.590560918336649365e+02 6.534495749565671758e+02 6.563010981640209138e+02 6.634410806232316418e+02 6.731062768745557605e+02 6.831191124124361522e+02 7.004574191600923996e+02 7.103656899186624969e+02 7.054881127729586296e+02 6.744993842388000758e+02 6.597370124747523050e+02 6.568050076323015674e+02
6.784969618640189992e+02 6.721225236316947758e+02 6.613367407274262177e+02 6.534753259412376565e+02 6.504140112585683937e+02 6.499345323048167984e+02 6.472262009701986472e+02 6.507998827974739697e+02 6.568727737039355361e+02 6.658868631083151968e+02 6.691863668469923141e+02 6.679248282415303493e+02 6.609793481738211085e+02 6.570636539346556901e+02 6.581864222788062762e+02 6.605370291981211039e+02 6.774731008841183666e+02 6.940427616417230183e+02 7.081090504510177652e+02 7.100004205438725648e+02 7.006691628892513108e+02 6.823399156297252830e+02 6.704104565521161021e+02 6.680559124303206318e+02
6.656533854669482935e+02 6.532645977772796186e+02 6.487843117175539192e+02 6.452030747771510732e+02 6.368868989354632504e+02 6.333808736411292557e+02 6.347811200953128719e+02 6.448745452666424853e+02 6.527743194519644021e+02 6.562871462749210423e+02 6.527121395125207073e+02 6.549548335305955788e+02 6.534874599760520368e+02 6.568411410149392395e+02 6.598063602245777020e+02 6.644451499123215399e+02 6.840011170515535923e+02 7.008188359121205622e+02 7.147900384824419007e+02 7.083956262731639981e+02 7.028946061908169440e+02 6.960830037081223054e+02 6.920577223260365827e+02 6.771972213132952447e+02
6.721146437394412487e+02 6.578382495541751496e+02 6.478172680570479542e+02 6.415645903554408278e+02 6.375424854618105428e+02 6.378101296441452632e+02 6.394091815885504957e+02 6.475414166535457525e+02 6.546518079287357068e+02 6.615644275353905641e+02 6.585844565534250705e+02 6.608930011911749034e+02 6.574591622784179208e+02 6.659479617341795574e+02 6.740240222281889828e+02 6.808402121239643066e+02 6.917419767972730824e+02 6.981846737238379319e+02 7.131803916327310162e+02 7.106832357476814650e+02 7.092487872935415680e+02 6.968864779218033618e+02 6.909633509150997952e+02 6.797099336484192236e+02
6.763726607742561328e+02 6.589406807916376465e+02 6.421110245553529694e+02 6.320318896226216339e+02 6.327076578787225571e+02 6.371527737393996631e+02 6.402705690103806546e+02 6.459158492870038799e+02 6.517110929700241968e+02 6.608234666648295388e+02 6.587340469489308816e+02 6.614039576919878982e+02 6.589126679341072759e+02 6.721217219781908625e+02 6.848937599280178574e+02 6.938345437925714805e+02 6.962404869972128836e+02 6.924665429870312892e+02 7.056131833596833758e+02 7.094199273541892126e+02 7.144586940835833957e+02 6.941580043156172906e+02 6.856587222203104375e+02 6.773340792357055307e+02
6.543941090541362655e+02 6.401660711307088150e+02 6.364383989020047920e+02 6.367792764755761254e+02 6.340472708319697404e+02 6.340119404065179651e+02 6.429215726947327312e+02 6.525680803620273309e+02 6.563322456261266780e+02 6.518631969239155524e+02 6.452456828857247046e+02 6.539600118089613261e+02 6.712042106421729386e+02 6.924770542406934055e+02 6.987350345586473850e+02 6.960552533852925308e+02 6.958375533188016107e+02 6.899722161017413100e+02 6.847108845027081543e+02 6.729672333624664589e+02 6.763189710009793316e+02 6.941522816252764869e+02 6.975596893454671772e+02 6.841668308706529160e+02
6.521636400691301105e+02 6.405518098908470392e+02 6.368207747481707202e+02 6.438071742745008805e+02 6.423633562761575604e+02 6.418441298998910725e+02 6.518660311110317025e+02 6.600690053372939019e+02 6.632365653225604092e+02 6.545891853831218441e+02 6.499827810710685299e+02 6.580884683661720373e+02 6.791744308028362411e+02 7.002745283740017612e+02 7.092596694409151041e+02 7.029712651568195270e+02 6.974591173116416485e+02 6.873914525417301320e+02 6.776099175978519042e+02 6.658220046562859125e+02 6.646743671831286520e+02 6.971313979417901692e+02 7.033545826902222871e+02 6.949394288454446951e+02
6.596269339405255323e+02 6.462312038330148880e+02 6.380966981019934110e+02 6.419764298796771982e+02 6.472699757451638334e+02 6.517160296366500916e+02 6.607528383431431394e+02 6.644196985427091704e+02 6.638980726634796383e+02 6.588408899249387787e+02 6.563780727089739457e+02 6.640075957458954008e+02 6.781412529005034457e+02 7.002536420819507157e+02 7.131509815354611419e+02 7.126356291889735530e+02 6.966517930768706037e+02 6.772045602658693042e+02 6.656104691809563292e+02 6.601804314211907467e+02 6.609355558194878313e+02 6.823709579590648673e+02 6.910715193833239027e+02 6.872956698161688109e+02
6.649775904855447379e+02 6.604511273736782186e+02 6.441031719743406256e+02 6.343040147586667672e+02 6.435864014180136792e+02 6.561561315203279037e+02 6.728398637522266199e+02 6.685263083244659583e+02 6.630378827625710301e+02 6.595046028292064193e+02 6.651173950447592915e+02 6.691450777002792165e+02 6.697097910858179830e+02 6.775464053515396472e+02 6.917458276205971970e+02 7.053578363297777969e+02 6.897611999965091627e+02 6.643558012384676204e+02 6.516906880679092637e+02 6.596648827096871628e+02 6.640039185619324371e+02 6.648294773490563330e+02 6.554705988224342263e+02 6.641304444083889393e+02
6.651633171004165206e+02 6.675572705186536950e+02 6.606124679779260305e+02 6.501299099665028507e+02 6.571853396411473796e+02 6.659844864536235036e+02 6.846798702758848094e+02 6.782256045097751667e+02 6.710320708907795506e+02 6.658864666814016573e+02 6.706670736097138388e+02 6.735195546071779518e+02 6.715437450643352122e+02 6.750494267093857843e+02 6.817788820257326279e+02 6.987863463372370916e+02 6.915567482251065030e+02 6.787151197117651691e+02 6.625397361250712720e+02 6.628281044888238966e+02 6.585873220487279696e+02 6.629157641382163320e+02 6.557665785611420688e+02 6.630653518974650069e+02
6.549972802675952153e+02 6.656594739396830391e+02 6.694656479813118040e+02 6.722292584995301468e+02 6.737647211505264977e+02 6.755002746342182718e+02 6.860546796327516859e+02 6.818690935634477910e+02 6.773798419225061025e+02 6.722718890595222092e+02 6.746391963172682154e+02 6.747353612733508044e+02 6.754362298047543618e+02 6.745984054437852819e+02 6.738453204220737689e+02 6.830230284552700368e+02 6.852647090013755360e+02 6.860910911698321115e+02 6.733053856183895505e+02 6.617755294142858702e+02 6.448225303920173701e+02 6.509381452320204744e+02 6.508587448427456366e+02 6.616565381676878133e+02
6.622779878049808531e+02 6.736036301221630538e+02 6.806136109711774225e+02 6.909030083948409811e+02 6.974706533374413766e+02 6.905051217655570781e+02 6.830633574317371313e+02 6.767359589635891552e+02 6.803988448189636529e+02 6.813184420626687370e+02 6.769134010500845307e+02 6.732708095120904090e+02 6.773883170649797876e+02 6.759931138704049545e+02 6.673580606737757535e+02 6.676503300010712110e+02 6.720322507368400693e+02 6.845103745014553169e+02 6.826284392041238789e+02 6.728902308781310921e+02 6.494138883164387153e+02 6.298702056750943257e+02 6.260901842304988349e+02 6.445709442105767266e+02
6.778386688036623582e+02 6.951539135510402048e+02 7.033931108569037178e+02 7.057803796453406449e+02 7.070752662307896799e+02 6.996150727438173362e+02 6.921480572230527741e+02 6.851392982658126130e+02 6.853287312185525479e+02 6.848713291880310408e+02 6.854101692967218469e+02 6.861676721358478517e+02 6.937093171685240804e+02 6.865495346623383739e+02 6.719941831379998121e+02 6.678456982487457481e+02 6.704342434430454887e+02 6.826195722807457287e+02 6.866255618217069241e+02 6.819115564535289877e+02 6.641411852336966604e+02 6.332097267462705759e+02 6.286354059012454627e+02 6.425646141701990928e+02
6.786168784272954326e+02 7.091165363230772982e+02 7.257797608039988972e+02 7.146805380038284738e+02 7.103374538056208394e+02 7.020173859770552554e+02 7.029404002227217916e+02 6.937794701612497192e+02 6.890246395962157067e+02 6.860704664359391245e+02 6.925534970302792317e+02 6.987114036108986284e+02 7.030745508445875203e+02 6.896650930567120668e+02 6.687043472345850432e+02 6.623996801509533725e+02 6.632823845792314614e+02 6.752624532654637051e+02 6.797136079249498835e+02 6.802074490619424978e+02 6.683266927313252381e+02 6.447103637431434890e+02 6.353717987108428815e+02 6.407795104818263781e+02
6.690213410564472269e+02 6.936427360515514238e+02 7.283710246707876195e+02 7.432992377522284642e+02 7.305099769559592460e+02 7.127391630378797345e+02 6.988721380595948176e+02 6.920383750011415032e+02 6.877926888586461018e+02 6.924734336248616273e+02 7.002343374694132763e+02 7.044025677514074459e+02 7.038362889961762221e+02 6.860452772809576345e+02 6.641043661349117428e+02 6.512763624480785438e+02 6.461108152103423663e+02 6.569980706311835092e+02 6.632729065400820900e+02 6.651838587493085697e+02 6.703898725463205892e+02 6.747869692991681632e+02 6.796759922435168164e+02 6.676330541186473511e+02
6.826811777009500020e+02 6.933532982917261052e+02 7.170508489281039601e+02 7.494639552106943938e+02 7.423617576678312844e+02 7.256569576833587689e+02 7.007939727842478987e+02 6.961228865138189121e+02 6.934099623984633354e+02 7.030112206381317037e+02 7.071677924208313470e+02 7.082716672513951153e+02 7.043253998528703050e+02 6.841477390871399393e+02 6.636728002577967800e+02 6.515406555998708882e+02 6.445212511950458065e+02 6.480960191146747320e+02 6.541561695717950897e+02 6.658109335579453045e+02 6.813038663750337491e+02 6.954564023797088339e+02 7.031850357624941807e+02 6.962731169453925304e+02
7.060789987087283635e+02 7.016176967650173992e+02 7.131003612883783944e+02 7.416926645649551801e+02 7.440697252449912185e+02 7.322231341636189654e+02 7.082134997754752703e+02 7.035818166877838848e+02 7.002783809942808375e+02 7.059737373987740057e+02 7.093429412449315805e+02 7.101994247493747707e+02 7.034802692017527761e+02 6.791534170721557757e+02 6.583819082461603784e+02 6.520763717575073315e+02 6.418651730095574521e+02 6.367895162519379255e+02 6.440342982983510183e+02 6.673712971642772800e+02 6.950895721042946889e+02 7.042239538651250541e+02 7.138517238764870854e+02 7.111303505572933545e+02
7.295147261263881546e+02 7.277659367416612213e+02 7.162479961094538794e+02 7.138511661244729112e+02 7.202983628637856555e+02 7.331053931908246568e+02 7.269647429786211887e+02 7.208059156674308952e+02 7.072642016699437590e+02 7.107746010690783578e+02 7.121350904926387102e+02 7.046987023232026104e+02 6.860065558117706814e+02 6.686574413847539518e+02 6.577550881541104673e+02 6.447228869706607384e+02 6.300067316725609317e+02 6.272164490709498068e+02 6.457948420811518417e+02 6.666373145944950238e+02 6.846051560068535764e+02 6.900520640752442887e+02 7.020099903963297265e+02 7.146608026205427677e+02
7.308782074634070796e+02 7.275600888798608139e+02 7.141518803605920311e+02 7.020748868178011435e+02 7.115755376885822443e+02 7.274607813232288436e+02 7.257512594663522805e+02 7.225443415950078361e+02 7.139027103012000453e+02 7.219701597875005064e+02 7.162279847402834321e+02 6.997358750701997678e+02 6.811097041042604587e+02 6.742986445378870712e+02 6.697063225955500911e+02 6.457142757330840368e+02 6.353454034835915536e+02 6.385775944780522195e+02 6.668926139742748092e+02 6.787917893500623450e+02 6.851448431227877336e+02 6.841041737202623381e+02 6.964110686814173050e+02 7.114896082576894969e+02
7.247515267174442215e+02 7.195849526636641258e+02 7.040073499859189496e+02 7.030403031841328811e+02 7.113412521931035144e+02 7.260515531420786601e+02 7.166856584055202575e+02 7.218829573242147717e+02 7.235937160842785261e+02 7.377991313080939335e+02 7.219108228703425993e+02 6.933195227798546512e+02 6.778387966065844239e+02 6.771462103012396483e+02 6.744443380475945560e+02 6.472691030922844675e+02 6.423127718667352610e+02 6.526326944326034436e+02 6.797061843686717566e+02 6.857752865635636681e+02 6.836267766533164831e+02 6.802637616565542658e+02 6.945352770150375363e+02 7.136571957006281082e+02
7.034498746998384604e+02 7.022617500116555220e+02 7.036918683268480663e+02 7.036157090385514721e+02 7.029068697689950795e+02 7.067220707068782986e+02 7.097084735375425453e+02 7.233917523099091795e+02 7.300005573846237894e+02 7.297816550639793149e+02 7.136198805146863151e+02 7.007589969060099975e+02 6.749257811463703547e+02 6.548677741131646144e+02 6.508698959295215900e+02 6.662893168812728391e+02 6.871008502112572387e+02 6.847405252596274750e+02 6.739171855678614520e+02 6.755279539838434175e+02 6.831260910557712123e+02 6.949771363607178500e+02 6.987918661337270123e+02 7.041351912283321326e+02
6.851427226629600682e+02 6.939198093796450166e+02 7.032997328358410414e+02 7.010028430587840376e+02 6.974869136734185986e+02 7.006348012135572390e+02 7.161040490088707884e+02 7.297363121453644226e+02 7.348387891840220618e+02 7.262317918880568186e+02 7.192148817294970513e+02 7.181471082992085258e+02 6.862770444619060299e+02 6.677227850467108965e+02 6.617961574993436216e+02 7.049093138178449180e+02 7.281157318086004580e+02 7.256387616925162547e+02 6.881497721859817602e+02 6.826448898925285675e+02 6.867398149490602464e+02 7.053170934656955069e+02 6.989999475338586308e+02 6.921151338813472194e+02
6.713691188523877145e+02 6.867511447762286707e+02 7.007206011757169790e+02 6.993481772593861479e+02 6.959808449646832287e+02 7.014171063135485156e+02 7.182695394177886783e+02 7.309627735500456538e+02 7.336709091842828911e+02 7.275499585249229995e+02 7.206134370924365840e+02 7.222742981758760834e+02 6.957243315969086552e+02 6.860917466578414405e+02 6.856542966048674543e+02 7.242780773400345424e+02 7.460677230800461075e+02 7.396624508879923496e+02 7.075682259225067128e+02 6.914063972493244137e+02 6.884568146201661420e+02 6.978514007954762519e+02 6.884996571258145650e+02 6.764839826932076221e+02
6.723585870948473939e+02 6.735990182987555954e+02 6.796221737375580005e+02 6.944232163986290516e+02 7.069698582792282195e+02 7.117543447204072891e+02 7.122998213744656368e+02 7.229354810540279459e+02 7.367522517076778286e+02 7.401563317807365365e+02 7.251076394754700232e+02 7.106270422522085255e+02 7.188486819007755457e+02 7.509155335391459403e+02 7.562409723711349443e+02 7.368223566818249992e+02 7.112288468379274491e+02 7.132046775317663787e+02 7.368572771848578213e+02 7.253336799825119670e+02 6.942572578081835672e+02 6.584548983123770540e+02 6.522580393090293001e+02 6.623852992439473155e+02
6.783311042704724514e+02 6.738532339635423796e+02 6.741038536346388810e+02 6.965431887440896617e+02 7.172253982825841376e+02 7.277795381604260001e+02 7.193239427350912365e+02 7.303054893820273037e+02 7.513943148356113397e+02 7.605339341526732824e+02 7.418992410815852736e+02 7.201261414072097296e+02 7.426421595000470006e+02 7.715228788393918649e+02 7.781012852638981485e+02 7.218258857740839858e+02 6.892793628653120095e+02 6.812804084786724843e+02 7.342827788526412860e+02 7.278740834510285822e+02 6.998307760976705367e+02 6.483787261408988343e+02 6.485051121761453032e+02 6.622927140920870670e+02
6.745513240733127986e+02 6.710255850522677292e+02 6.721741017523817163e+02 6.931296666064038163e+02 7.184973424970361293e+02 7.313710345057828590e+02 7.254262466670086269e+02 7.282605810999325513e+02 7.481283621720643850e+02 7.654295096111360408e+02 7.618690740995139095e+02 7.514637302993114645e+02 7.536118174003572676e+02 7.645669768439436211e+02 7.576589232642338629e+02 7.173480940899307825e+02 6.868015474161431939e+02 6.777807972488839141e+02 7.068538669810678812e+02 7.085364502266514819e+02 6.865026345407272856e+02 6.531484870149623703e+02 6.520892012051389202e+02 6.620282282184396081e+02
6.722441925225969044e+02 6.881796468233226278e+02 6.961499497901895666e+02 6.998711846340489728e+02 7.070210498665527439e+02 7.216568834049264751e+02 7.401909040314618551e+02 7.402349725801868772e+02 7.436864583284540231e+02 7.455519894185844123e+02 7.597643018723452997e+02 7.808089433317841213e+02 7.720173758289039370e+02 7.343593208295512795e+02 6.968127628214181186e+02 6.883296339896631935e+02 7.003466108851251875e+02 6.879244578731739921e+02 6.612616808232407948e+02 6.484501585679350910e+02 6.670219385661932847e+02 6.782786428244929766e+02 6.775424947861441751e+02 6.658329560489713685e+02
6.864682154497857027e+02 7.064000501517143675e+02 7.123954277807152948e+02 7.047686816211250971e+02 7.010106008638554158e+02 7.023338153400978854e+02 7.259779217457816003e+02 7.217502806360155319e+02 7.271242013647563454e+02 7.131969424420839232e+02 7.240102782531422463e+02 7.416428926253624923e+02 7.498795584203288627e+02 7.299692009252383968e+02 6.921853462595586279e+02 6.918439412489150300e+02 7.057251379772253586e+02 7.041083405982481054e+02 6.680533908834795511e+02 6.605795413761143209e+02 6.830349196207781688e+02 7.056423541015057026e+02 6.969458325505947869e+02 6.820368784681936631e+02
7.043204267840700368e+02 7.185792458841215193e+02 7.129303021721768800e+02 7.047825911098033203e+02 6.992228846072908937e+02 6.963398002659325812e+02 7.040311427620773657e+02 7.007251065996040325e+02 7.132147769146017708e+02 7.044660700031867009e+02 6.975788324396061171e+02 6.974978229926709901e+02 7.237582975716708233e+02 7.344596039695065883e+02 7.093024190349447053e+02 6.837215658722731177e+02 6.903451728530905029e+02 6.904119215267460277e+02 6.861853822113183696e+02 6.817854494957697398e+02 7.058606700307158235e+02 7.088718136043593177e+02 7.007667569448555014e+02 6.912102259211955015e+02
7.078858329289803351e+02 6.948802182030830181e+02 6.929742824760988924e+02 7.103877398784866273e+02 7.118273453485273876e+02 6.952124623081205073e+02 6.780686373528059221e+02 6.598084728166858213e+02 6.767601049245129161e+02 7.138021709803879276e+02 7.254905133689571812e+02 6.976642138022341442e+02 6.524613669256297044e+02 6.719267706169744088e+02 7.236283070501515340e+02 7.480016847400756888e+02 7.084736841740050295e+02 6.796922119607016839e+02 6.876591314657937346e+02 7.009812179134877397e+02 6.963134441612695582e+02 6.963530619556903503e+02 7.130329479551807026e+02 7.269683508466031299e+02
7.304975925870880928e+02 7.014844046412547414e+02 6.919737053081460090e+02 7.258398336376798170e+02 7.187146409997815226e+02 6.934311209806347733e+02 6.664676994117859294e+02 6.421011206808831275e+02 6.426306054385963762e+02 6.886412209917269820e+02 7.144529916953160864e+02 7.065939221552345089e+02 6.355678307925020363e+02 6.561605195749865516e+02 7.107972286307231116e+02 7.826278755314205000e+02 7.596091619064798124e+02 7.410961980686695370e+02 7.515399806303241803e+02 7.479436798902379451e+02 7.305055110018953428e+02 7.309019819438208287e+02 7.612415317805692894e+02 7.810619867721571836e+02
7.314445562124934668e+02 7.027302414745554415e+02 7.019212249631538043e+02 7.231871427281801061e+02 7.064319897033323059e+02 6.714146704264351229e+02 6.477915984646983816e+02 6.324770100254280578e+02 6.317427519194422985e+02 6.600100305543338663e+02 6.930480644011241793e+02 6.982590597158654191e+02 6.648819365456357673e+02 6.497718965274241327e+02 6.705137643138839394e+02 7.244286336039118623e+02 7.361531371297930946e+02 7.461426118771676101e+02 7.404493536455880758e+02 7.299227438411047615e+02 7.097022579400206723e+02 7.300268185771456046e+02 7.616245530227398604e+02 7.749285808860803400e+02
