6.973879297925761556e+00 6.933135814126889507e+00 6.880621661411185030e+00 6.837648660830943470e+00 6.835487160424721154e+00 6.863794881414314375e+00 6.904519647696315765e+00 6.938289166892547044e+00 6.976917354922242076e+00 7.030653904436276136e+00 7.098755556772463393e+00 7.170866124952482323e+00 7.243195424325116427e+00 7.291577976108561288e+00 7.312275485791453811e+00 7.296436647967808220e+00 7.264539449690549766e+00 7.231424725566315992e+00 7.211578336305446868e+00 7.188494871580144441e+00 7.145658507260219672e+00 7.082310436125095698e+00 7.030477387567058756e+00 6.998373618008359998e+00
7.000129576433599787e+00 6.949712310856496877e+00 6.892400628681222940e+00 6.849023210945971663e+00 6.845235911596395439e+00 6.862801095323142420e+00 6.896984284541044730e+00 6.935928533599855506e+00 6.981865205145143527e+00 7.038280847339572155e+00 7.094395922867438919e+00 7.149194326610437855e+00 7.188368474732698132e+00 7.197365495779943778e+00 7.184060454188627709e+00 7.151174328193282470e+00 7.124185599475098662e+00 7.105172631245660675e+00 7.112862177994169421e+00 7.126034143136510401e+00 7.123285530190742953e+00 7.092809796643559928e+00 7.056183384750685406e+00 7.030664399681451293e+00
7.026036426610486885e+00 6.982913721447072675e+00 6.937772852004144397e+00 6.904407061198943651e+00 6.894417977797539621e+00 6.896664639152960241e+00 6.918112490805661707e+00 6.957164053057319997e+00 7.005341791448467248e+00 7.055342328392510076e+00 7.091941099927947079e+00 7.121897612049818527e+00 7.130583033556147754e+00 7.110899052815714327e+00 7.074295988898704479e+00 7.029171791608714415e+00 7.003330374257526358e+00 6.994658003730807927e+00 7.019610660241447420e+00 7.054933571685970684e+00 7.078168226548892328e+00 7.077798724100240690e+00 7.063834134288653033e+00 7.052355119125005345e+00
7.058371442479794311e+00 7.040441558553730772e+00 7.028764939214826590e+00 7.014387988518235417e+00 6.993958981028354671e+00 6.976125409745156603e+00 6.983723735637468621e+00 7.019969523735708705e+00 7.061790740471645123e+00 7.091066501739179628e+00 7.097346760069336291e+00 7.095074165994906146e+00 7.076741508444555961e+00 7.040239151431799236e+00 6.993652701489830648e+00 6.944133617838534001e+00 6.917391103924508400e+00 6.913742351375354644e+00 6.944542097474073472e+00 6.990471161569025149e+00 7.031391244627862136e+00 7.060122012885730491e+00 7.070832309055707476e+00 7.072718521073189102e+00
7.085285759156709773e+00 7.086923572566533380e+00 7.097600793708165767e+00 7.096457920376108675e+00 7.076013259378827414e+00 7.063101997494340090e+00 7.072004743124009174e+00 7.097786192703823716e+00 7.119665070527279482e+00 7.123292776876425592e+00 7.106777142644694401e+00 7.078125328413037209e+00 7.041817126294556139e+00 7.000495844979595539e+00 6.955155779710306518e+00 6.909805964770091791e+00 6.882871160226015306e+00 6.875893316109526587e+00 6.899231030385648111e+00 6.948625615745254613e+00 7.013629849320231813e+00 7.075947237422768765e+00 7.103337325932328028e+00 7.100638811731967870e+00
7.089782388422201542e+00 7.089788255268937078e+00 7.101619672992123711e+00 7.109185165619310354e+00 7.111866161112618379e+00 7.127018518624831600e+00 7.146120339954249445e+00 7.150230439157865270e+00 7.140959966211058330e+00 7.125886766843297693e+00 7.103749988487800593e+00 7.065893702537033860e+00 7.020032281353922876e+00 6.979696325888975927e+00 6.941406895444583114e+00 6.900715900608847875e+00 6.869364930020593896e+00 6.854834118922632058e+00 6.865097261627830072e+00 6.916028482683508116e+00 7.003187981206041357e+00 7.099783782563181767e+00 7.136364761502786536e+00 7.121592619175050487e+00
7.104902274008721541e+00 7.074921119870832165e+00 7.058220932517042634e+00 7.066944582284802046e+00 7.098708378041191480e+00 7.141494081937529437e+00 7.171160350888860613e+00 7.167822755804030166e+00 7.149069721444829106e+00 7.130010023601276892e+00 7.108169677508096029e+00 7.069898682397178113e+00 7.021454617959875577e+00 6.980339603024832584e+00 6.944720795381875256e+00 6.905346317742709239e+00 6.867603012098162374e+00 6.841954158999563163e+00 6.839649274434151494e+00 6.885912704265873430e+00 6.980662987409445464e+00 7.096695441061124932e+00 7.153422589018166633e+00 7.149656824347289330e+00
7.145812485268290715e+00 7.104925158447445988e+00 7.071893865015200120e+00 7.077371851737409791e+00 7.113145199645026118e+00 7.144470482075162110e+00 7.165799000213112002e+00 7.171960937859048535e+00 7.167491830681997023e+00 7.148207206218954113e+00 7.113950873425387122e+00 7.073876608829485768e+00 7.025127797333833968e+00 6.980010111182177290e+00 6.941490150779117130e+00 6.907675826614497971e+00 6.875972182888529183e+00 6.848820574134484751e+00 6.842373595319538815e+00 6.877285340205776976e+00 6.940640153022727965e+00 7.034404739667314388e+00 7.110518837085401778e+00 7.157758756075232931e+00
7.141278556888829065e+00 7.139906786521360793e+00 7.140966116146982401e+00 7.164656602901579241e+00 7.195220110643098188e+00 7.205865579289705281e+00 7.198728737678979250e+00 7.182874453413478300e+00 7.161173518776366542e+00 7.122924628607932185e+00 7.078009703639173367e+00 7.037889564083484650e+00 6.999662238301715966e+00 6.965862848506302996e+00 6.939762702916008941e+00 6.925233274408624240e+00 6.912551975692557527e+00 6.896880294374395426e+00 6.888770016869495194e+00 6.896356703505233554e+00 6.912342672690544809e+00 6.955937415970133486e+00 7.028121121838794672e+00 7.103049383478865053e+00
7.083655655947056928e+00 7.144121134776466597e+00 7.203143298451258225e+00 7.251162345932624653e+00 7.268331199048333247e+00 7.257210319413991861e+00 7.218178366163868098e+00 7.169446540869803819e+00 7.117823351648651098e+00 7.067427516713824964e+00 7.030780851137879317e+00 7.006335157997942709e+00 6.993535208397560154e+00 6.988978362923660370e+00 6.992937454150935039e+00 7.009253037749417992e+00 7.025335155298159329e+00 7.034451616461287138e+00 7.030102771948235407e+00 7.006543818491540954e+00 6.971030210245783287e+00 6.945699822973798732e+00 6.965985649706988525e+00 7.016550613919616097e+00
7.003986157452754213e+00 7.063586973420540538e+00 7.122856001021651728e+00 7.159572399511271890e+00 7.161341308585924104e+00 7.147992148366119736e+00 7.113949642635586379e+00 7.072254361960080615e+00 7.032354517830869511e+00 7.006427608756371939e+00 6.998360244163213117e+00 6.996887332620906896e+00 7.006863901430949504e+00 7.028152441980620502e+00 7.054575364969014828e+00 7.086631638152842250e+00 7.115906311537163909e+00 7.139761290990680465e+00 7.143716037604693092e+00 7.115535399591183641e+00 7.073226035370147713e+00 7.019100044780222092e+00 6.985577131186822442e+00 6.972318029295401232e+00
6.917570894962650208e+00 6.936812866019722357e+00 6.956834575498058726e+00 6.963718384189024668e+00 6.954627572764384702e+00 6.943590355500885991e+00 6.928960934065318433e+00 6.918157572862507543e+00 6.913836448679372637e+00 6.920636062998648086e+00 6.932524978381437109e+00 6.945401827429920516e+00 6.967699150679278475e+00 6.999851926022248705e+00 7.033757529541493803e+00 7.067411621372340136e+00 7.096733435289384495e+00 7.122181517730436617e+00 7.134726697263290340e+00 7.123108371732997490e+00 7.095187248576722894e+00 7.039786422974713354e+00 6.979571851792018222e+00 6.929605766533841305e+00
6.847290681894213193e+00 6.809630620142940849e+00 6.773434240785319638e+00 6.740858835773752666e+00 6.721244311766305657e+00 6.715114843817019619e+00 6.726541974301794014e+00 6.753196813268655951e+00 6.790353301350176451e+00 6.827517162630531544e+00 6.850760329567576079e+00 6.867523018985796313e+00 6.884933167701547063e+00 6.908370617373148725e+00 6.931418262287742493e+00 6.952811322807365357e+00 6.972005482855379022e+00 6.989799120614490491e+00 7.011484640122329637e+00 7.025998632138829691e+00 7.024398957158989099e+00 6.994214597070760320e+00 6.945125211268805110e+00 6.893794012508670299e+00
6.846563552409520526e+00 6.803044801622736948e+00 6.755927038923503325e+00 6.713361110571216095e+00 6.687731553911390847e+00 6.674695536323996592e+00 6.685035690798944330e+00 6.714306492929565273e+00 6.752433051022571853e+00 6.788259144701546788e+00 6.808106774228465774e+00 6.820248818714329531e+00 6.824858571436827503e+00 6.830317044456444719e+00 6.838936136103631824e+00 6.850007906233336108e+00 6.863348122853728306e+00 6.877641320300839745e+00 6.900885710792871386e+00 6.923383708515294721e+00 6.933536711034397726e+00 6.925485007451008812e+00 6.904569624320322951e+00 6.881058874174049933e+00
6.880553301541716849e+00 6.847541890638906281e+00 6.805868773517537385e+00 6.762325368784667390e+00 6.733332590978922561e+00 6.716041835259879633e+00 6.720436886757036099e+00 6.742350625395189034e+00 6.771474226843450239e+00 6.795733427911271995e+00 6.802762801675208415e+00 6.800861482875852460e+00 6.789058141139853397e+00 6.779793706509642526e+00 6.777240313891581103e+00 6.783231876329273824e+00 6.795481316147373718e+00 6.811037239907814289e+00 6.835966537268622467e+00 6.861577331603122332e+00 6.878611802527320407e+00 6.887747778761678319e+00 6.892220982447154753e+00 6.893745265059631144e+00
6.887681566232302544e+00 6.880051392086278916e+00 6.861330933407680632e+00 6.833757665087025757e+00 6.810780912463577863e+00 6.795259418152319597e+00 6.792711435729548164e+00 6.800149559441055480e+00 6.810262435346770893e+00 6.810788715751029621e+00 6.795718872262975552e+00 6.772950964285769260e+00 6.745798767039504540e+00 6.727565030225294507e+00 6.720228334048235830e+00 6.725502882449196029e+00 6.739118370437532590e+00 6.757599043558927931e+00 6.780508014334410305e+00 6.800818547785758561e+00 6.815616008643686996e+00 6.833264212971787543e+00 6.855681435250647660e+00 6.876647440082220619e+00
6.847289364538079681e+00 6.856866146393522321e+00 6.859690227880660629e+00 6.853623746768262137e+00 6.846803873039248423e+00 6.844824026803427941e+00 6.847408093243116944e+00 6.847146693172511789e+00 6.838547513959599478e+00 6.816962956228659998e+00 6.786003999437212109e+00 6.751381666312111562e+00 6.720287237948723735e+00 6.701936305868198218e+00 6.692900563151962245e+00 6.694328537694922865e+00 6.702425962993070030e+00 6.714601028130176452e+00 6.724209141341724205e+00 6.730185188457554979e+00 6.738800682400784225e+00 6.761167047791794005e+00 6.794153611644607516e+00 6.824424488147818657e+00
6.828984166484636020e+00 6.843644608122017914e+00 6.855889933555363136e+00 6.866054671647128238e+00 6.877900633447589840e+00 6.891971391922254497e+00 6.905642571823557674e+00 6.902415393415404665e+00 6.879837904528434578e+00 6.840800178726702541e+00 6.801436973923102869e+00 6.762445080941352771e+00 6.731243993262141068e+00 6.712239940392863424e+00 6.700969225615017066e+00 6.697713576583768535e+00 6.700013538967800386e+00 6.705603595896689306e+00 6.703623864237159502e+00 6.700868617682592898e+00 6.708905337376245726e+00 6.737848304894712648e+00 6.773993231679612315e+00 6.806158001212596176e+00
6.840130046726142332e+00 6.851429199360383748e+00 6.864454604153308104e+00 6.887153669189370220e+00 6.917883982136071808e+00 6.948778902663820922e+00 6.970101656270986545e+00 6.963643635160564394e+00 6.933020908084952971e+00 6.887859782071710235e+00 6.851025231607980714e+00 6.819135735026184975e+00 6.793968172185015142e+00 6.773053867243870485e+00 6.755719127574130844e+00 6.744615840373720417e+00 6.738532287099621598e+00 6.733141815151914678e+00 6.720763526011973354e+00 6.715244481130836718e+00 6.728367581915851048e+00 6.762533963848678553e+00 6.796909813761359054e+00 6.824504636089935516e+00
6.860348257923921445e+00 6.870485477099292915e+00 6.885897477957442447e+00 6.917766588367115332e+00 6.956377315868058631e+00 6.989598217059966423e+00 6.999251446309057378e+00 6.979567828258245399e+00 6.947186058005413223e+00 6.909899401199670166e+00 6.888698687354412264e+00 6.879102652476354329e+00 6.874284745141249431e+00 6.861174369306444198e+00 6.844748795611597991e+00 6.828359797756438532e+00 6.811401963443079133e+00 6.788802296049533780e+00 6.765987720965525476e+00 6.760500773230153193e+00 6.770636912325262990e+00 6.799303602312230410e+00 6.827606944414826629e+00 6.849320405387368638e+00
6.884650324268572597e+00 6.889437166100012888e+00 6.903047319138329030e+00 6.932697090257226691e+00 6.961499829015195040e+00 6.979358307574049292e+00 6.968016676195981418e+00 6.936578011154066026e+00 6.903907747673286188e+00 6.881076401810197751e+00 6.883980982517496017e+00 6.905149867277258657e+00 6.933090923374263248e+00 6.944159147871189930e+00 6.945017411376633198e+00 6.934746690825572379e+00 6.912191642485660203e+00 6.877659846658985110e+00 6.846779859433929083e+00 6.838165610220412027e+00 6.842155389001709054e+00 6.858868188969315938e+00 6.874473738055955074e+00 6.883680552466587166e+00
6.897290570576961599e+00 6.895744472201784880e+00 6.903876973808291240e+00 6.918867324937754582e+00 6.922608420798318285e+00 6.911771760217201965e+00 6.876696988701359814e+00 6.836867216575112316e+00 6.805996480590734699e+00 6.799676969405410887e+00 6.824976990074813621e+00 6.871134111318514925e+00 6.931248402719133672e+00 6.978579433095082329e+00 7.011292333007617117e+00 7.020678719511300514e+00 7.007312682576321450e+00 6.980216924201167572e+00 6.950595887118681482e+00 6.933457915444313002e+00 6.923997912522540155e+00 6.920833270613733212e+00 6.916580521813392224e+00 6.907629409909994855e+00
6.890572290425938107e+00 6.892762444998520088e+00 6.897639831488897144e+00 6.898325660597976139e+00 6.881550066302412283e+00 6.848592749844558902e+00 6.800304385104024796e+00 6.760322355633250346e+00 6.734277827632477731e+00 6.736212834064507327e+00 6.765654898926237060e+00 6.811716268422199683e+00 6.875652798968271640e+00 6.936099682730552551e+00 6.983076021366199093e+00 7.006824856134745261e+00 7.010645993976779344e+00 7.007582929470443922e+00 6.994245218234109274e+00 6.974277396782080807e+00 6.954054757346160187e+00 6.932816393670075072e+00 6.913904021920038723e+00 6.898038850042039094e+00
6.877494830156642536e+00 6.888985546341901411e+00 6.896172126381064693e+00 6.889663357531686572e+00 6.859494085975768485e+00 6.811539126536943378e+00 6.754646949557664648e+00 6.718364634055636664e+00 6.700998285351746908e+00 6.709139622447451323e+00 6.735855372221707604e+00 6.774952630690124877e+00 6.828489648559409098e+00 6.877935204785953438e+00 6.915057801222650902e+00 6.934555429308971064e+00 6.946044265534378148e+00 6.957494418503217481e+00 6.960900092362045655e+00 6.949303975519551813e+00 6.929520253956673592e+00 6.900964703677395562e+00 6.880143619016945600e+00 6.870115297203635230e+00
6.864068910428491321e+00 6.889878429382059188e+00 6.905047666052119837e+00 6.898165140621968838e+00 6.865223643248671515e+00 6.815228467316869931e+00 6.762927695223984514e+00 6.736098038665153886e+00 6.730360724347451473e+00 6.742506659315315787e+00 6.761879217360719174e+00 6.787830527739127540e+00 6.814635748636633572e+00 6.830128825195138198e+00 6.836310514685543183e+00 6.835931933736569377e+00 6.839302626463452661e+00 6.847451533886769859e+00 6.859482537187653328e+00 6.863594314404499741e+00 6.855897671441734786e+00 6.837210790907941593e+00 6.828728885567016960e+00 6.836677009485305767e+00
6.853553949513953469e+00 6.881157573532369121e+00 6.896355995522139182e+00 6.887031163707089121e+00 6.860127754205690209e+00 6.830024780809258900e+00 6.805006188830929226e+00 6.798078825821075810e+00 6.804144522890362090e+00 6.822055506401101255e+00 6.837460710890376880e+00 6.847036459995162083e+00 6.844588428298599148e+00 6.831774329578025551e+00 6.817386397202201742e+00 6.803101720633058846e+00 6.793758415719691079e+00 6.786993476398206937e+00 6.789810469997798137e+00 6.796801535588478771e+00 6.800777893281780173e+00 6.799798500992475070e+00 6.805870883754200129e+00 6.822178468042973343e+00
6.835564200771730548e+00 6.852114441722273241e+00 6.854494560899030198e+00 6.837831792288729282e+00 6.824138525612946538e+00 6.821099809705613026e+00 6.830986262767919648e+00 6.846389744143686507e+00 6.866687003436598324e+00 6.890446228054061706e+00 6.899161726381661808e+00 6.889639561607276086e+00 6.859616190997669172e+00 6.829314112941884396e+00 6.805175754643701502e+00 6.787522341726658581e+00 6.771418416229851189e+00 6.755693007220370028e+00 6.747624758407879675e+00 6.751566024007524369e+00 6.761286293992023744e+00 6.775323461044759910e+00 6.791050673820610228e+00 6.810818260391346080e+00
6.815013976781872707e+00 6.805042698786803790e+00 6.783245052103384687e+00 6.761484167060577199e+00 6.765296239948376922e+00 6.791048699362534080e+00 6.835199619724583009e+00 6.875635154205690824e+00 6.910886688548144363e+00 6.936814403692554976e+00 6.937516883050439453e+00 6.912620256534916408e+00 6.867180516517155553e+00 6.830967022516748699e+00 6.807343556978691979e+00 6.794859027466712220e+00 6.780906346640231064e+00 6.764198775037417732e+00 6.748069905118254219e+00 6.744834730968348069e+00 6.754950121435138399e+00 6.775945089990166537e+00 6.794410068584333828e+00 6.810064981414296170e+00
6.809320249185732976e+00 6.776094875768018611e+00 6.744872380591008465e+00 6.731258189597369324e+00 6.749561632889840013e+00 6.786283281799706302e+00 6.843026676265552055e+00 6.894592377916104020e+00 6.934502295402114491e+00 6.953294804350922398e+00 6.944963891703459069e+00 6.918792134153942897e+00 6.877940835270692332e+00 6.846658521906038075e+00 6.825097754371800107e+00 6.817389098178068707e+00 6.811972040411660601e+00 6.805309359382458290e+00 6.794306724201472747e+00 6.789418440118279108e+00 6.794730348789419061e+00 6.812654174250358352e+00 6.826170252530510574e+00 6.829600173992373513e+00
6.799337831234502971e+00 6.759943214869875483e+00 6.736380723675016391e+00 6.737979042397055807e+00 6.762607808214885274e+00 6.802132598741150282e+00 6.859316723085176370e+00 6.907845230210516441e+00 6.938246169145432241e+00 6.942362104256758926e+00 6.926918005667206835e+00 6.901391323146955692e+00 6.870731096120655579e+00 6.848380821325633860e+00 6.832883609729094587e+00 6.830541507895475206e+00 6.835784133871580792e+00 6.841290404098423039e+00 6.838710533639020817e+00 6.832805732713467251e+00 6.833950752679887053e+00 6.847112829873006845e+00 6.852168496775899342e+00 6.839861915806424442e+00
6.785339271603224809e+00 6.759195975885412544e+00 6.760371130306903176e+00 6.785284665510815216e+00 6.816989215718929351e+00 6.855088691426312053e+00 6.898481321891084761e+00 6.927684296820316057e+00 6.937621404155801308e+00 6.923670351857342808e+00 6.900381315398288251e+00 6.875533608960254561e+00 6.856778760493614122e+00 6.847247015466290776e+00 6.841296279616653209e+00 6.845449107796038213e+00 6.858157753096990383e+00 6.872595115571924040e+00 6.878598768779288442e+00 6.874747799122781444e+00 6.872653705118219492e+00 6.874154775561236441e+00 6.863320638697591569e+00 6.832338609999426993e+00
6.778150760711147527e+00 6.775030159529556784e+00 6.799454511568374215e+00 6.850824504435784945e+00 6.899527982360883271e+00 6.937870285261721115e+00 6.961343633483516591e+00 6.964654247250214425e+00 6.952508385646625655e+00 6.922000812316206009e+00 6.891496753584456236e+00 6.866614756532731789e+00 6.856713455586419315e+00 6.859430522686006171e+00 6.867089042945264232e+00 6.878259333944054532e+00 6.889594462653413132e+00 6.901008510165523191e+00 6.910323965852469108e+00 6.910620342651834669e+00 6.903395172927712764e+00 6.882816246824982720e+00 6.850177999238800552e+00 6.812358807085330703e+00
6.781516471968285664e+00 6.798170153039635011e+00 6.842595290412500475e+00 6.917146474231567588e+00 6.977977669880417899e+00 7.011691589981471573e+00 7.010342539096778403e+00 6.986398539754544501e+00 6.950807457265484324e+00 6.905660728553501215e+00 6.871695939538805753e+00 6.850533943863138298e+00 6.850260062966354369e+00 6.864833027200994309e+00 6.885707888577284663e+00 6.903985477890911326e+00 6.912880340246443822e+00 6.920204323033502192e+00 6.931249237606355251e+00 6.932649818843188427e+00 6.917250431381101627e+00 6.875588755240655381e+00 6.831297115169078893e+00 6.796791477797444081e+00
6.802621191982951565e+00 6.838402589817695443e+00 6.897085601527121135e+00 6.977012282463499915e+00 7.034093661760739913e+00 7.056161538516808385e+00 7.034508291554673498e+00 6.989362744176710329e+00 6.935355369607568043e+00 6.883151338058008939e+00 6.852482474042894012e+00 6.839388953133441085e+00 6.848415921931285233e+00 6.871534887491681509e+00 6.901824165167504965e+00 6.925370537557713924e+00 6.933756361243692545e+00 6.938635778565473089e+00 6.946874613327870485e+00 6.944077832016001040e+00 6.918897109075452967e+00 6.866704179117204099e+00 6.821004440042023553e+00 6.796947230182460942e+00
6.856351578225888588e+00 6.903330183348013627e+00 6.957995864620213133e+00 7.009493282833404670e+00 7.032061934023781546e+00 7.032272050981930533e+00 7.002204114997746309e+00 6.958627122055581538e+00 6.911607718971288783e+00 6.872411931874170321e+00 6.855311608557582481e+00 6.854343863731343411e+00 6.870027409672517571e+00 6.893136310268240585e+00 6.920480971918861357e+00 6.945988395434699925e+00 6.961150214094772082e+00 6.969287792994333763e+00 6.971530133998711243e+00 6.961197866061715978e+00 6.935520409414531073e+00 6.891520482938040537e+00 6.855532913923550353e+00 6.837673353624197148e+00
6.935091042613914958e+00 6.976858866472393395e+00 7.011099228756341617e+00 7.016874280766010052e+00 6.992664434455487132e+00 6.958751022221688842e+00 6.924134345155493975e+00 6.899342119513888427e+00 6.876526900779204254e+00 6.860288278099212711e+00 6.858817880830752500e+00 6.872037297437325165e+00 6.893322785660489060e+00 6.911873728857671040e+00 6.931725882049224019e+00 6.959169842069573342e+00 6.984865042497978571e+00 7.000018169769562704e+00 6.999819198960985034e+00 6.987583834319535114e+00 6.967042033886384544e+00 6.937722355177377231e+00 6.915977090717724707e+00 6.908845314472730870e+00
7.038318521164525166e+00 7.049614314836039952e+00 7.042095148728076737e+00 6.993660511045785455e+00 6.922472085836341549e+00 6.854282100604048189e+00 6.819694417512758733e+00 6.823403841252655866e+00 6.835210533856016291e+00 6.849861313229859583e+00 6.866498853166554284e+00 6.893846544340963334e+00 6.920804927084748925e+00 6.937368465405616469e+00 6.951619782257929536e+00 6.976943999285625253e+00 7.007986905925323029e+00 7.028660136443514617e+00 7.031468571590635541e+00 7.024633443774651376e+00 7.017031559001915220e+00 7.011432491119497179e+00 7.012031649818123213e+00 7.018864961037499128e+00
7.125456025147057559e+00 7.092463320458088916e+00 7.038210308293288975e+00 6.952716519127785766e+00 6.865300686752354054e+00 6.793018840967421035e+00 6.764522674106152600e+00 6.779809865569214722e+00 6.810009635906624226e+00 6.846579731031442684e+00 6.878287615114085263e+00 6.912819728107017170e+00 6.946280025425965121e+00 6.970870760050066117e+00 6.988115596321720524e+00 7.004861415380670309e+00 7.024566451409062218e+00 7.040780529153443545e+00 7.047469154196638996e+00 7.052863852381901388e+00 7.065673960672738119e+00 7.091182065709898730e+00 7.115832896427745524e+00 7.129879892391532969e+00
7.182859811738520506e+00 7.113429916550693122e+00 7.020294366190685587e+00 6.910378081039984188e+00 6.826238004195933406e+00 6.769367460555718807e+00 6.749590920771187719e+00 6.762620989710583785e+00 6.797378947535205107e+00 6.847677740934545731e+00 6.889593454863515376e+00 6.926447475375347551e+00 6.963142299155916426e+00 6.994609268828714477e+00 7.013696663265171161e+00 7.017970045952899305e+00 7.021331754415891524e+00 7.028081222432376762e+00 7.037527715680766960e+00 7.059431422916932597e+00 7.096932707320999789e+00 7.154251863774148568e+00 7.196240109809142638e+00 7.210786533815266353e+00
7.200800804630146601e+00 7.114659315438977671e+00 7.003661685558930650e+00 6.892924304820140513e+00 6.825466955767245381e+00 6.790986135581488448e+00 6.778248220571338578e+00 6.781844341765883577e+00 6.810557674334529743e+00 6.861133742807029812e+00 6.905966288887777971e+00 6.940076431163234361e+00 6.970525981393813630e+00 6.996111234197371687e+00 7.008157365620177437e+00 7.000484966672353870e+00 6.989544482744982190e+00 6.986278554439883770e+00 7.000697759327355385e+00 7.040354901700879964e+00 7.097807037226510296e+00 7.171225575747653735e+00 7.221498321750165594e+00 7.238327835496329854e+00
7.174949582992334207e+00 7.106877166503598353e+00 7.023572961163263351e+00 6.939984680233222569e+00 6.884808030658627231e+00 6.847484454810072840e+00 6.831292075312067169e+00 6.835784347924600546e+00 6.859430166742107815e+00 6.902289151181213889e+00 6.939400149939780604e+00 6.963022279449577745e+00 6.972128219178409303e+00 6.973517308709907603e+00 6.970846149922206969e+00 6.957201881674949462e+00 6.945122166237229777e+00 6.944322276389961246e+00 6.967297170595906586e+00 7.012752724852467701e+00 7.066546669068562103e+00 7.129431870069017130e+00 7.176254166759186148e+00 7.199480599871983522e+00
7.118104066342281655e+00 7.091969759510290849e+00 7.060228015663978951e+00 7.017031681779037022e+00 6.968098178356524564e+00 6.921894293518954910e+00 6.898526757556742162e+00 6.905852853148539694e+00 6.926368829776177627e+00 6.958404059314230672e+00 6.979711905293261687e+00 6.984764416580048874e+00 6.968360184114787970e+00 6.948238478890974790e+00 6.933535398409515160e+00 6.919508017703571490e+00 6.913990268290327812e+00 6.923357614435713181e+00 6.954378532163596027e+00 6.994177507244887515e+00 7.032858269093140713e+00 7.073748832788806062e+00 7.106437101829683911e+00 7.125376875972174950e+00
7.041961796863413170e+00 7.069758748829007899e+00 7.102949473477758069e+00 7.109315656420494456e+00 7.075745551360009600e+00 7.031101146171508276e+00 7.003814702487178856e+00 7.006418131193584031e+00 7.015475049953604270e+00 7.024682856161073019e+00 7.018313471120086966e+00 6.996072467281690521e+00 6.958501698754309572e+00 6.927196725804294353e+00 6.908086458983230926e+00 6.901549372324653042e+00 6.910326504823783189e+00 6.934573129028683169e+00 6.968594463214757617e+00 6.994603495390423475e+00 7.012967650945059361e+00 7.025203251485090838e+00 7.031594066599278214e+00 7.032549448397429792e+00
6.990825830667756868e+00 7.044928965265575549e+00 7.110188151430882897e+00 7.153423853916489605e+00 7.152937562854707387e+00 7.139993347911909538e+00 7.125005814606318211e+00 7.114384484822075194e+00 7.098036089915092717e+00 7.071573724246123405e+00 7.037094094766492169e+00 7.001189410152788284e+00 6.966105216380553244e+00 6.943725879151676494e+00 6.930821742020490284e+00 6.937827020456743377e+00 6.961131403440256271e+00 6.989408928731091208e+00 7.016880381672838674e+00 7.029300291060754269e+00 7.031032369848488450e+00 7.016201355097861914e+00 6.994960893612092612e+00 6.977216448721748066e+00
6.968024222898412390e+00 7.018449391588513109e+00 7.085792890730440163e+00 7.148883698064079972e+00 7.181705702036281558e+00 7.200686158374459467e+00 7.202780421941526789e+00 7.184935293596174333e+00 7.149182544951724338e+00 7.095844483512001588e+00 7.049928165780738887e+00 7.017033356578738612e+00 7.000183198981087429e+00 6.994996145562756062e+00 6.996564786210846876e+00 7.018187801732968190e+00 7.049766882702158455e+00 7.075822756580222972e+00 7.090119160691294553e+00 7.084447681281580422e+00 7.065045417292521002e+00 7.025065856958876864e+00 6.985771323816270417e+00 6.958904257180557273e+00
6.965949132754413853e+00 6.986640413592478005e+00 7.025802535289402684e+00 7.080496173028264728e+00 7.130547592552599845e+00 7.170880457956029908e+00 7.191826732002036593e+00 7.181674701617944301e+00 7.146863208490843888e+00 7.098178651445577358e+00 7.070314101088833958e+00 7.064597200425437151e+00 7.082224287700346288e+00 7.107152437908994536e+00 7.134425137690826091e+00 7.164613576019231544e+00 7.189078432280060049e+00 7.202715107011941953e+00 7.196242109942566856e+00 7.163285982657956019e+00 7.113815169892749424e+00 7.051483785296666973e+00 7.002908221852223392e+00 6.971829733405648710e+00
6.962869175438880731e+00 6.958576703951724340e+00 6.962319394179532495e+00 6.983763027169373139e+00 7.020176231042485782e+00 7.061560172182520745e+00 7.093295606429250277e+00 7.099632331975504584e+00 7.091206495495311124e+00 7.081107197975496703e+00 7.095524692318714521e+00 7.126134876153356501e+00 7.179733002123918517e+00 7.234612751618975324e+00 7.280896265205246465e+00 7.304107547718686533e+00 7.304892164293172563e+00 7.297686858602879134e+00 7.271193399362013920e+00 7.217033647741280866e+00 7.144473271863739150e+00 7.066947643947148805e+00 7.013380166748567568e+00 6.978641770950241963e+00
6.960866483852147013e+00 6.936208912826176132e+00 6.909150824371272925e+00 6.894384502403300807e+00 6.910374800511954518e+00 6.946025127275365030e+00 6.985279221088390500e+00 7.008103318001620785e+00 7.026061753604968096e+00 7.054390557761961666e+00 7.105566000764341972e+00 7.166979173056224006e+00 7.243346287652946636e+00 7.309497145314288069e+00 7.356110981584878417e+00 7.362724091434302842e+00 7.341226240637366729e+00 7.314576726839810306e+00 7.281178825261437559e+00 7.227971127683313846e+00 7.154476867072170343e+00 7.072951848531741526e+00 7.017175476322741190e+00 6.981560191916384994e+00
