0.000000000000000000e+00
5.008177537424992387e+00
1.001827327822031322e+01
1.500569446864876078e+01
2.001516907445708426e+01
2.500194934099057420e+01
3.001308641822681977e+01
3.500059724383164905e+01
4.001063257609887103e+01
4.502159340977429025e+01
5.000946990717995533e+01
5.502038496787392319e+01
6.000881688143400794e+01
6.502024165220606733e+01
7.000886427652920929e+01
7.502074773079719705e+01
8.000917102798399583e+01
8.502043285511712156e+01
9.000916986988045210e+01
9.502079347822335365e+01
1.000091579751324957e+02
1.050211774986784690e+02
1.100104307358620730e+02
1.150228448209682739e+02
1.200130239465429867e+02
1.250025438735974319e+02
1.300147019258786827e+02
1.350043091571201899e+02
1.400167571336664594e+02
1.450059654791622279e+02
1.500183142712965321e+02
1.550077520661694166e+02
1.600207656625304082e+02
1.650112388745020837e+02
1.700012018095499968e+02
1.750141955039459560e+02
1.800044100365027191e+02
1.850170701703951863e+02
1.900063994276547419e+02
1.950188342655693248e+02
2.000083114799417956e+02
2.050213828128224236e+02
2.100117484887759076e+02
2.150017506763436757e+02
2.200142729803891370e+02
2.250034620717547682e+02
2.300155040527685060e+02
2.350051901940466053e+02
2.400169133386238798e+02
2.450053380954972511e+02
2.500169599040010269e+02
2.550054143461266563e+02
2.600166384920545397e+02
2.650037566695318105e+02
2.700138327762817880e+02
2.750007385021081632e+02
2.800099112568696569e+02
2.850183890350764386e+02
2.900028629775671334e+02
2.950085801373713821e+02
3.000138298581110803e+02
3.050197350979568114e+02
3.100224937117023387e+02
3.150227321916654546e+02
3.200214390272104197e+02
3.250195069223742053e+02
3.300125426314752417e+02
3.350016113119139618e+02
3.400092198508079946e+02
3.450180836778354205e+02
3.500150802849307752e+02
3.550036109638319886e+02
3.600055704725601231e+02
3.650073672344370834e+02
3.700188697612812234e+02
3.750077760365736594e+02
3.800055202421169156e+02
3.850190477312497705e+02
3.900191655129631272e+02
3.950087821771775225e+02
4.000198396844467652e+02
4.050055235198202013e+02
4.100060202279053101e+02
4.150148406900931946e+02
4.200140995799989696e+02
4.250024952321278420e+02
4.300021270375572726e+02
4.350054453330705542e+02
4.400010864708782492e+02
4.450029498830796229e+02
4.500046319944561901e+02
4.550098620233844713e+02
4.600116164833428911e+02
4.650135567951307962e+02
4.700089665079953534e+02
4.750002709052939167e+02
4.800018625806620776e+02
4.850162005997127608e+02
4.900002890322933240e+02
4.950103177594958197e+02
5.000164162239609027e+02
5.050009419051115742e+02
5.100070301479872228e+02
5.150058591848531933e+02
5.200091176490684575e+02
5.250141743134943226e+02
5.300011082133670470e+02
5.350059772404830483e+02
5.400024935797863463e+02
5.450049535284812237e+02
5.500038595326833502e+02
5.550024602035751968e+02
5.600030491158261157e+02
5.650147477466582586e+02
5.700153492821006012e+02
5.750056013953922047e+02
5.800042095475592987e+02
5.850115925190166308e+02
5.900096408520134901e+02
5.950156518713137075e+02
6.000061904489350582e+02
6.050133376979649711e+02
6.100085414575210052e+02
6.150041470113142168e+02
6.200111088117806730e+02
6.250162423302598427e+02
6.300052890188380843e+02
6.350046905991638369e+02
6.400153381413673515e+02
6.450147561442249753e+02
6.500061048209090586e+02
6.550106505821987639e+02
6.600001129184892079e+02
6.650034099246443020e+02
6.700016378033874389e+02
6.750052780675888471e+02
6.800131484809487574e+02
6.850004846135858543e+02
6.900096394229138923e+02
6.950025218648547707e+02
7.000085271380792165e+02
7.050151130831922046e+02
7.100057156596762979e+02
7.150004980335917253e+02
7.200023211858542709e+02
7.250147198631790388e+02
7.300041668057037896e+02
7.350087375250209334e+02
7.400167212734703526e+02
7.450008927458683274e+02
7.500055339377206565e+02
7.550118212056883067e+02
7.600030842105913962e+02
7.650023531247379651e+02
7.700068102665170500e+02
7.750089487447656893e+02
7.800083571734921861e+02
7.850088827791216772e+02
7.900049726201081057e+02
7.950065132137505088e+02
8.000109762522006349e+02
8.050061563666413349e+02
8.100053632233718872e+02
8.150077768082318244e+02
8.200085931388541667e+02
8.250113885516279879e+02
8.300158379708288976e+02
8.350159651458604912e+02
8.400017494027673592e+02
8.450007421901574389e+02
8.500146604135902635e+02
8.550083353316342709e+02
8.600155002193532709e+02
8.650104746073537854e+02
8.700099726303006946e+02
8.750151205884003502e+02
8.800090273110600947e+02
8.850162691209985724e+02
8.900151904350639143e+02
8.950022109259784884e+02
9.000085728803413758e+02
9.050083287344708651e+02
9.100078692542078898e+02
9.150015783280247206e+02
9.200006938258300124e+02
9.250060825584305348e+02
9.300096640248201538e+02
9.350034899846383496e+02
9.400180830950773725e+02
9.450039271002999612e+02
9.500142174660456931e+02
9.550030627795055125e+02
9.600050130223530687e+02
9.650095402651118093e+02
9.700085004952134113e+02
9.750089582381875744e+02
9.800125905916055444e+02
9.850184600200052500e+02
9.900041743478377612e+02
9.950121928181315525e+02
1.000002828550040817e+03
1.005004806759076814e+03
1.010015657944279724e+03
1.015008282020659408e+03
1.020007067694328725e+03
1.025011205923553462e+03
1.030004844432423170e+03
1.035008033676366722e+03
1.040008025036023582e+03
1.045018098723556932e+03
1.050002978070087693e+03
1.055000252603935678e+03
1.060006872509621871e+03
1.065011170667834676e+03
1.070012586222211439e+03
1.075007678630368673e+03
1.080014286741800106e+03
1.085003004578146829e+03
1.090008831767089760e+03
1.095011327444571407e+03
1.100000794371539541e+03
1.105005368323732000e+03
1.110006635942925868e+03
1.115013686900195125e+03
1.120008801851427506e+03
1.125016535801535383e+03
1.130004294130799053e+03
1.135007272169900716e+03
1.140000160896555599e+03
1.145016048526079430e+03
1.150002225165690334e+03
1.155011291491192424e+03
1.160017846629391443e+03
1.165016049633631610e+03
1.170015169250141753e+03
1.175011057264225201e+03
1.180012095820341983e+03
1.185004628616180980e+03
1.190001309515595722e+03
1.195008379239891838e+03
1.200008246641799587e+03
1.205014157099725708e+03
1.210017561050200129e+03
1.215006795189880449e+03
1.220013324361354535e+03
1.225006416994520350e+03
1.230013764341833621e+03
1.235013799772543052e+03
1.240002471685746968e+03
1.245000990948463368e+03
1.250015517936444439e+03
1.255005445524245260e+03
1.260007259762558533e+03
1.265009305460862379e+03
1.270013347250071774e+03
1.275009535405503357e+03
1.280002455376583612e+03
1.285005652482671394e+03
1.290001343823260640e+03
1.295013826349036890e+03
1.300003179897332529e+03
1.305010746953467333e+03
1.310006486463760439e+03
1.315002879645859366e+03
1.320003223374521212e+03
1.325010650074409341e+03
1.330000225421658797e+03
1.335018322407202504e+03
1.340018084458808289e+03
1.345003835855329498e+03
1.350012032982712753e+03
1.355011296619241193e+03
1.360008381829153905e+03
1.365011793978476135e+03
1.370003905629673682e+03
1.375005945875813040e+03
1.380012624804996449e+03
1.385016159503652716e+03
1.390012390985566753e+03
1.395013775029276076e+03
1.400007762392454197e+03
1.405004301663788056e+03
1.410016587397985631e+03
1.415013436934060564e+03
1.420010462667322599e+03
1.425009554720996675e+03
1.430017860481341359e+03
1.435009495153180978e+03
1.440013401782052597e+03
1.445004665745060720e+03
1.450006189654909804e+03
1.455005599464986290e+03
1.460002830527358810e+03
1.465008425940795632e+03
1.470006941419427449e+03
1.475008599936193605e+03
1.480014370476154227e+03
1.485016743755448260e+03
1.490007435218205956e+03
1.495013779863565560e+03
1.500010005419467689e+03
1.505006180383845049e+03
1.510011799202804241e+03
1.515016402474155711e+03
1.520001709594890599e+03
1.525000682245033886e+03
1.530006603624802437e+03
1.535002290490792348e+03
1.540007228912585560e+03
1.545017665069355417e+03
1.550001579554153068e+03
1.555006317588853108e+03
1.560003436407009303e+03
1.565004671042233213e+03
1.570004264724843324e+03
1.575011485810245858e+03
1.580014220523584981e+03
1.585005242502798637e+03
1.590006303408289114e+03
1.595015474777863346e+03
1.600003061080072030e+03
1.605006388022687133e+03
1.610014388799623475e+03
1.615000806374774811e+03
1.620011889412025539e+03
1.625017003834800335e+03
1.630018115850780532e+03
1.635012874104449111e+03
1.640007261875061886e+03
1.645016953556768613e+03
1.650016137742228466e+03
1.655015198465396224e+03
1.660013308184666812e+03
1.665012307434890772e+03
1.670004306906064585e+03
1.675011859050029443e+03
1.680000993076205759e+03
1.685004730252279160e+03
1.690012875170131565e+03
1.695011092342616848e+03
1.700007648996889202e+03
1.705013644461208742e+03
1.710016727826436863e+03
1.715002719156915418e+03
1.720016222251500722e+03
1.725003158511201036e+03
1.730012444950614963e+03
1.735001305072524019e+03
1.740015333631695512e+03
1.745000090103051889e+03
1.750012025186764959e+03
1.755006315017246152e+03
1.760007400832407711e+03
1.765015365753356264e+03
1.770017069595775638e+03
1.775006489138311281e+03
1.780002787984122051e+03
1.785014806263498713e+03
1.790013072744370447e+03
1.795005725247243390e+03
1.800017437644597067e+03
1.805000292139504381e+03
1.810005341173878833e+03
1.815006012329527266e+03
1.820001679623142763e+03
1.825010617568075759e+03
1.830012678917378253e+03
1.835008948943587484e+03
1.840004831361608922e+03
1.845007884499028023e+03
1.850016601165264547e+03
1.855016229215615567e+03
1.860006717815689626e+03
1.865003938650072769e+03
1.870006021484879966e+03
1.875003300010200974e+03
1.880006689456490676e+03
1.885005710001542866e+03
1.890005544245474312e+03
1.895009806136301677e+03
1.900008893203412526e+03
1.905009262729507554e+03
1.910017319227988310e+03
1.915010407372801410e+03
1.920004018987067866e+03
1.925008096009879637e+03
1.930003010092109889e+03
1.935004592807684730e+03
1.940002530767565077e+03
1.945002831687036633e+03
1.950013202526813529e+03
1.955000253413939618e+03
1.960002443400957645e+03
1.965010999195016439e+03
1.970006686906730465e+03
1.975002447758857670e+03
1.980015320120622164e+03
1.985006474167986198e+03
1.990005513053373988e+03
1.995004604318869724e+03
2.000000000000000000e+03
