0.000000000000000000e+00
5.016059426439911206e+00
1.000888931748210808e+01
1.500246576895817796e+01
2.002111888613155699e+01
2.501585830036280100e+01
3.001019163287756797e+01
3.500351618712210211e+01
4.002057859015703656e+01
4.501407154416702383e+01
5.000829480022485285e+01
5.500289868309130270e+01
6.002196249185644206e+01
6.501655734922196928e+01
7.001123861440568419e+01
7.500541996309878812e+01
8.002385464840187979e+01
8.501861962771015158e+01
9.001360721194161840e+01
9.500839856965976082e+01
1.000032507637106391e+02
1.050221313850288283e+02
1.100173504872149266e+02
1.150126451316836835e+02
1.200072117487648029e+02
1.250020385066508481e+02
1.300212456845015367e+02
1.350157731386443061e+02
1.400101679334423181e+02
1.450047911728632926e+02
1.500000130050585199e+02
1.550195607352534353e+02
1.600145651182037909e+02
1.650097815920378537e+02
1.700051981634425431e+02
1.750002770113135568e+02
1.800192546173840356e+02
1.850134243015569950e+02
1.900083396986056812e+02
1.950039436238522512e+02
2.000227808549591941e+02
2.050170321184611453e+02
2.100115590269373627e+02
2.150059605859248961e+02
2.200007246544959116e+02
2.250196716505082293e+02
2.300140326578959105e+02
2.350091219119219375e+02
2.400040789783899982e+02
2.450220675361933615e+02
2.500163024736615114e+02
2.550103581345098291e+02
2.600036666938282224e+02
2.650215589304129935e+02
2.700154419151202205e+02
2.750096105417748049e+02
2.800037531727595592e+02
2.850208584825157345e+02
2.900136526374113259e+02
2.950070324586021684e+02
3.000228501982986131e+02
3.050147285831964723e+02
3.100067614115073411e+02
3.150235134597359092e+02
3.200146772894544824e+02
3.250044110072685157e+02
3.300180754354191208e+02
3.350064701392820439e+02
3.400171412571522183e+02
3.450049901953082667e+02
3.500167164874063133e+02
3.550022267862289027e+02
3.600106641901086277e+02
3.650154933646682593e+02
3.700186402271351653e+02
3.750201889343898642e+02
3.800218287189716193e+02
3.850231684659490838e+02
3.900215510044932330e+02
3.950179505155746824e+02
4.000100930968969237e+02
4.050206996352601436e+02
4.100023378949879316e+02
4.150056770331598273e+02
4.200091385402818673e+02
4.250074075892155747e+02
4.300227983208548608e+02
4.350110738374595485e+02
4.400084245720512968e+02
4.450164698956127722e+02
4.500166848119126826e+02
4.550145903363674620e+02
4.600131509271988079e+02
4.650198573531035890e+02
4.700186199400984606e+02
4.750094691155257465e+02
4.800191209361739197e+02
4.850077436676064622e+02
4.900064253828338110e+02
4.950062031239693283e+02
5.000170466367399058e+02
5.050025650996060449e+02
5.100145427765720001e+02
5.150013817022407920e+02
5.200140553531347223e+02
5.250013798693545368e+02
5.300211140394419544e+02
5.350034097652978744e+02
5.400040352831737209e+02
5.450191609266820478e+02
5.500082054159021254e+02
5.550040667684291975e+02
5.600149557678838619e+02
5.650047934744607119e+02
5.700193143235192110e+02
5.750153784427287746e+02
5.800067039444550119e+02
5.850107108554309434e+02
5.900107321808083043e+02
5.950032872415724796e+02
6.000075596494930323e+02
6.050129991481358047e+02
6.100100519465943307e+02
6.150018220150350317e+02
6.200081415131311360e+02
6.250002547900226091e+02
6.300113135669192843e+02
6.350083327114181202e+02
6.400071900925088357e+02
6.450129846628036603e+02
6.500153151054482805e+02
6.550053391726692098e+02
6.600126993549527015e+02
6.650163452291919839e+02
6.700029461736942267e+02
6.750145791784173070e+02
6.800050423465219183e+02
6.850110309723214641e+02
6.900070475241055874e+02
6.950082748698945352e+02
7.000075441412350301e+02
7.050096991800336355e+02
7.100136172153459029e+02
7.150152542492483008e+02
7.200051452768999525e+02
7.250062772520784620e+02
7.300131626432403209e+02
7.350020763187826560e+02
7.400031404178989760e+02
7.450049427674942990e+02
7.500152785366145736e+02
7.550125585283961982e+02
7.600130791031513127e+02
7.650047894669723973e+02
7.700142144578530861e+02
7.750025068273190527e+02
7.800040311644218036e+02
7.850100682942677395e+02
7.900008347151560884e+02
7.950014463630175214e+02
8.000169216976879625e+02
8.050059445298586525e+02
8.100116253324198397e+02
8.150074392429557975e+02
8.200152588718792686e+02
8.250101726914233495e+02
8.300128583359679624e+02
8.350003274652473237e+02
8.400068421237822349e+02
8.450123692667260684e+02
8.500085943411911558e+02
8.550039468636895208e+02
8.600023323874107746e+02
8.650064792820289767e+02
8.700050733447735638e+02
8.750062083611397838e+02
8.800162439168534547e+02
8.850047234670984153e+02
8.900153889993870280e+02
8.950170274582325192e+02
9.000136473340244265e+02
9.050005068270204447e+02
9.100014080328516002e+02
9.150065231127966854e+02
9.200095658205556219e+02
9.250078465946519373e+02
9.300010580522488226e+02
9.350044721006513555e+02
9.400084228361902206e+02
9.450013152227730870e+02
9.500135401392519725e+02
9.550100492500905602e+02
9.600011694892486958e+02
9.650136405672163846e+02
9.700105189414784945e+02
9.750102519836783586e+02
9.800127881468970372e+02
9.850068221633681560e+02
9.900127676101868701e+02
9.950108436758666812e+02
1.000010404304723465e+03
1.005013602201996719e+03
1.010007602338819197e+03
1.015013996539646087e+03
1.020012638845548736e+03
1.025014633346112532e+03
1.030012168059398618e+03
1.035002257769011749e+03
1.040015903890460550e+03
1.045006523907980181e+03
1.050002351136842890e+03
1.055004646036328268e+03
1.060003488554430078e+03
1.065008436514342520e+03
1.070016893943027071e+03
1.075012767878344903e+03
1.080007134293802437e+03
1.085013790195435377e+03
1.090005987365366536e+03
1.095001557740549515e+03
1.100014796484361113e+03
1.105004699848967675e+03
1.110003295881426538e+03
1.115013207758265025e+03
1.120009533495821870e+03
1.125014164363884447e+03
1.130003412325028876e+03
1.135003149458380449e+03
1.140013623630052052e+03
1.145012676088571652e+03
1.150006712125005834e+03
1.155009537440265376e+03
1.160006232948743445e+03
1.165006566664490492e+03
1.170004359509321830e+03
1.175002670466532891e+03
1.180012588431779477e+03
1.185016736798674629e+03
1.190000540838936104e+03
1.195001717203587305e+03
1.200005605525103874e+03
1.205005628183467252e+03
1.210013380176259716e+03
1.215015567042818702e+03
1.220015140444950021e+03
1.225015248825028721e+03
1.230008666479782505e+03
1.235015631530756991e+03
1.240008555677014328e+03
1.245015948918153526e+03
1.250003605463224631e+03
1.255004260426911060e+03
1.260000862214315703e+03
1.265011411231075272e+03
1.270006045136763078e+03
1.275015808291768735e+03
1.280008839649716265e+03
1.285005419615733672e+03
1.290009683092262094e+03
1.295012113018559830e+03
1.300014153167800941e+03
1.305004214001035280e+03
1.310009852489406512e+03
1.315004146199193656e+03
1.320010746623736850e+03
1.325011911687604652e+03
1.330011969126697522e+03
1.335016055883694435e+03
1.340012610058113069e+03
1.345012066431058429e+03
1.350013700161353881e+03
1.355014127429674090e+03
1.360002927207329094e+03
1.365010313967568436e+03
1.370012703031059118e+03
1.375013478790174076e+03
1.380006270404989891e+03
1.385005606680782648e+03
1.390014827268650834e+03
1.395004772430962475e+03
1.400008771195101417e+03
1.405010528741514918e+03
1.410010844010233996e+03
1.415009537825735379e+03
1.420003864749308150e+03
1.425011525562245652e+03
1.430013062104057099e+03
1.435016451301670259e+03
1.440017689940393211e+03
1.445004979205099517e+03
1.450011317335418880e+03
1.455010992205315461e+03
1.460002609612249671e+03
1.465008205092401568e+03
1.470006495507117961e+03
1.475004691154439342e+03
1.480002326583134845e+03
1.485000100357016208e+03
1.490011308079473793e+03
1.495012052711643491e+03
1.500014653557813062e+03
1.505012311354675830e+03
1.510013368744230547e+03
1.515009448672645021e+03
1.520013366806285831e+03
1.525003721230354358e+03
1.530004289202491009e+03
1.535008689080200384e+03
1.540011591262287993e+03
1.545009116754584738e+03
1.550016962502354318e+03
1.555015883017429360e+03
1.560017807848700841e+03
1.565006056294805376e+03
1.570004477580865341e+03
1.575011987125136784e+03
1.580007366070283069e+03
1.585012875228192570e+03
1.590008738718334371e+03
1.595001119133577049e+03
1.600014699427831829e+03
1.605004979666496865e+03
1.610013606712689125e+03
1.615015799260566610e+03
1.620007871106459788e+03
1.625014890597075009e+03
1.630012858717063637e+03
1.635002528741622655e+03
1.640010134708881651e+03
1.645015627082998662e+03
1.650011891868064367e+03
1.655016675325742654e+03
1.660009807242150600e+03
1.665002674045158983e+03
1.670009528830220461e+03
1.675000151790846530e+03
1.680003701241194676e+03
1.685006223267277846e+03
1.690002547544534764e+03
1.695011202142045477e+03
1.700006631482084913e+03
1.705006011374247009e+03
1.710015786501807725e+03
1.715001051715464655e+03
1.720005432019526324e+03
1.725000207558237207e+03
1.730011804161912778e+03
1.735006935090922980e+03
1.740007785538874032e+03
1.745013614937489137e+03
1.750008825703961975e+03
1.755004648292814181e+03
1.760009574536974696e+03
1.765000629266331771e+03
1.770011245821146531e+03
1.775000702571193415e+03
1.780010624541701645e+03
1.785008571447181339e+03
1.790017089145209866e+03
1.795015534844043941e+03
1.800006291640078416e+03
1.805010555788778674e+03
1.810005604518699101e+03
1.815008650819971308e+03
1.820000231889042425e+03
1.825012463012054695e+03
1.830012221287821831e+03
1.835002215910890300e+03
1.840013905666132587e+03
1.845000961482909361e+03
1.850001494538664929e+03
1.855003838532434884e+03
1.860008892198056401e+03
1.865001977447430136e+03
1.870000131713871042e+03
1.875012738810110477e+03
1.880011649275120362e+03
1.885017996390665303e+03
1.890009354973427207e+03
1.895014232214982940e+03
1.900014507137653027e+03
1.905005563289248130e+03
1.910000837948113031e+03
1.915007170328891561e+03
1.920016638230645867e+03
1.925013471858474077e+03
1.930015027593227387e+03
1.935001298107481261e+03
1.940016253743453035e+03
1.945013281163822967e+03
1.950012559299565282e+03
1.955003992776773430e+03
1.960007970277619734e+03
1.965016442587956817e+03
1.970012425104041085e+03
1.975012773367929412e+03
1.980013746013156606e+03
1.985004227208043403e+03
1.990006993161080800e+03
1.995007019700139836e+03
2.000008771353598831e+03
2.005008010620002324e+03
2.010000825554719995e+03
2.015003056356022398e+03
2.020016472122581717e+03
2.025005566972912902e+03
2.030003827110561815e+03
2.035006739200063066e+03
2.040008601481385767e+03
2.045012922158328138e+03
2.050015375629285700e+03
2.055008713613909094e+03
2.060007018559766948e+03
2.065012117624496113e+03
2.070011180758371211e+03
2.075005628731566048e+03
2.080004615949663730e+03
2.085013854177055237e+03
2.090005115775347804e+03
2.095006905504611495e+03
2.100000771297634856e+03
2.105007458749926172e+03
2.110016510984286015e+03
2.115003912133629910e+03
2.120010344498530685e+03
2.125001249824977094e+03
2.130000287770898922e+03
2.135017457286004174e+03
2.140012064652829395e+03
2.145003307524024422e+03
2.150008065160511705e+03
2.155017439969395127e+03
2.160012258765921160e+03
2.165003957013411764e+03
2.170009868299561276e+03
2.175012287882662804e+03
2.180017996057550590e+03
2.185015042371051095e+03
2.190009404106057445e+03
2.195005776773470188e+03
2.200015753352100546e+03
2.205003120199919067e+03
2.210007094857060565e+03
2.215002155117549592e+03
2.220003451067778315e+03
2.225012776217464307e+03
2.230007660044852855e+03
2.235012154746136275e+03
2.240008651289206682e+03
2.245008576817452195e+03
2.250004101165027350e+03
2.255004768347247136e+03
2.260012625252624730e+03
2.265002721047696468e+03
2.270000349602714323e+03
2.275000864492577875e+03
2.280011273088526195e+03
2.285010897673122145e+03
2.290016729178536934e+03
2.295005463539643642e+03
2.300013268650246573e+03
2.305003754389933420e+03
2.310016833574128668e+03
2.315002988814294895e+03
2.320007855395067509e+03
2.325008735519638776e+03
2.330008956059968114e+03
2.335007924019182610e+03
2.340000287686046704e+03
2.345003778055064686e+03
2.350010091919544720e+03
2.355015879012289133e+03
2.360007327573231123e+03
2.365003724586310909e+03
2.370007778255559970e+03
2.375014925912440958e+03
2.380013100989916438e+03
2.385001514159532690e+03
2.390004066154903285e+03
2.395008290721145841e+03
2.400016381737016673e+03
2.405014571879960840e+03
2.410015948896387727e+03
2.415015773654073200e+03
