3.225734410527028823e-27
-2.340966067745098014e-27
1.114056675559803853e-27
4.613647493943016885e-27
4.099896485009399821e-27
8.315965876969393104e-27
1.459582430796833814e-26
2.359847177785739825e-26
3.886952365972778177e-26
6.193757836240389870e-26
1.022139456395957447e-25
1.629610989943382407e-25
2.534340255519361689e-25
4.084507081730073251e-25
6.370830768754860598e-25
9.724263458482573858e-25
1.528318526335124936e-24
2.336114430018767095e-24
3.507099076860485374e-24
5.388324132392002361e-24
8.081995212454762488e-24
1.193981751334775692e-23
1.797085118161074184e-23
2.648932615906759820e-23
3.856881435264554195e-23
5.704885659706804103e-23
8.282717314720363273e-23
1.189226515325271132e-22
1.732248799812933980e-22
2.482426996037941198e-22
3.519073706915942355e-22
5.061151259983977234e-22
7.178473420314540185e-22
1.006169952954530560e-21
1.431054895398315996e-21
2.012119134549094983e-21
2.792207598573719052e-21
3.934252837483140355e-21
5.493120670813156771e-21
7.559198794926282665e-21
1.056801818311223033e-20
1.466933632956842522e-20
2.004392764405513671e-20
2.784166656545787390e-20
3.846124750080929521e-20
5.223836726793348974e-20
7.216319743900338850e-20
9.929768494282157136e-20
1.342570749296862009e-19
1.845194990182418994e-19
2.529580823976545408e-19
3.408487333500723891e-19
4.660944504756058403e-19
6.368983409174425271e-19
8.560202570925348113e-19
1.163381616905659281e-18
1.583630999127825751e-18
2.122349654528260943e-18
2.864920178499396487e-18
3.888392384431944265e-18
5.193240893248794923e-18
6.952348639333064085e-18
9.404217453921772799e-18
1.249232727773853454e-17
1.654516267370071041e-17
2.223892908303523317e-17
2.934343515559629048e-17
3.862567116608635860e-17
5.175039361927978805e-17
6.752254173026015516e-17
8.712324315593024409e-17
1.144343515126329449e-16
1.499949563908099881e-16
1.967054822405486973e-16
2.556428292125521241e-16
3.178905919950778100e-16
4.035757758288051867e-16
5.247952704198076461e-16
7.084148817547514832e-16
9.227882326564108785e-16
1.071106746485631331e-15
1.211168573856276107e-15
1.751926275423742090e-15
2.632384001356307546e-15
3.984039716349638457e-15
4.491442741325510130e-15
2.864064966583251068e-15
1.955380459565032500e-15
7.759903031919801857e-15
1.831718876416532676e-14
2.978357972521824502e-14
2.449513930849948481e-14
-6.159716942707080712e-15
-8.911331732259827820e-15
4.431790123791945819e-14
1.161516147481824554e-13
1.359273963401224373e-14
-1.084731415892605800e-13
-9.084179978928596129e-14
1.091940313963204015e-12
1.527228008622223343e-12
8.955444706416422802e-15
-5.352826790448924012e-12
-5.382256504076883775e-12
3.171114943821303162e-12
1.854686611623840551e-11
1.200542406792512410e-11
-2.147176316806622839e-11
-4.075321748110610355e-11
3.032480098774644687e-12
8.991949546271693509e-11
4.615970425878120815e-11
-8.116696529273231878e-11
-1.528058912216597695e-10
2.020350094027074420e-10
1.495863282080792190e-10
-7.075124722427280859e-10
-9.561381337487204068e-10
2.290091848534552422e-09
8.502031438954076498e-09
-4.763646892706361863e-10
-2.201437418426911384e-08
-4.148482101108253583e-08
3.380054012378259407e-08
1.312427192126323673e-07
1.701429216675876888e-07
-1.832046669108954044e-07
-5.226285567538637881e-07
-5.288338497539513228e-07
7.375531040547919875e-07
1.808684231044780530e-06
1.747324665772074965e-06
-1.744188000562369368e-06
-5.072904629427934511e-06
-6.060522349534195204e-06
7.386673643384752158e-07
1.505394806591943749e-05
3.437381490311179800e-05
5.063306786424896425e-05
2.240716326931667344e-05
-6.024790082073528096e-05
-2.264034825368537026e-04
-3.047902799623643136e-04
-2.222139399136801663e-04
2.483828413670835424e-04
1.182931218381913811e-03
2.503066901098031666e-03
4.089613652474790965e-03
5.286402096876570943e-03
5.925166789037423880e-03
5.468375282089749274e-03
4.030131485835599346e-03
1.918053304538043513e-03
-4.293472686798059505e-04
-2.292460536502871713e-03
-3.630563428860752312e-03
-4.273897269515251722e-03
-4.456252235618306072e-03
-4.306971422374902131e-03
-3.902124293400955745e-03
-3.055444318673297428e-03
-1.790304225035854041e-03
9.096485989483211586e-05
2.211624563902373723e-03
4.234535096786838301e-03
5.786320011467109559e-03
6.335824884620949726e-03
6.122343241929773666e-03
5.081737479807023339e-03
3.835530324727357606e-03
2.692427370589243595e-03
1.823189585581191192e-03
1.382484694811344540e-03
1.229476508078019073e-03
1.349987383578785680e-03
1.511884954442572733e-03
1.669443900842079590e-03
1.731804929985729250e-03
1.691658874012607261e-03
1.643334693166216684e-03
1.551205677322968273e-03
1.495642647664781333e-03
1.596787083681854534e-03
1.847087698460869731e-03
1.859806777559872048e-03
1.684601468615539799e-03
7.576777223257044613e-04
-1.186266032730400695e-03
-3.016714669978353813e-03
-4.612880573347266991e-03
-1.969513845581989837e-03
6.367833276442687145e-03
2.331528552958956127e-02
5.241498146219115278e-02
8.939221543539256631e-02
1.348566947358835755e-01
1.786909059283303403e-01
2.149332345951457113e-01
2.383609267156940048e-01
2.414120429879978713e-01
2.299298925171321673e-01
2.037637081866052469e-01
1.733718488591524942e-01
1.440657886848465408e-01
1.187934451319912349e-01
9.945161159434233455e-02
8.291379646829531713e-02
6.842543612558392441e-02
5.616416269749130441e-02
4.653183890824171692e-02
4.063093180929211456e-02
3.840661879013914509e-02
3.762721281792940492e-02
3.619988588121929307e-02
2.894410343673264538e-02
2.250640673692663393e-02
1.809327781748669428e-02
2.375416552300101125e-02
4.216950290971287901e-02
7.579359148411056457e-02
1.311166419084433821e-01
2.004244963615366970e-01
2.731481674446443741e-01
3.331671537687865836e-01
3.946050266002993911e-01
4.390400773060262885e-01
4.727714504445859611e-01
5.477054685871056705e-01
6.501485880150456032e-01
8.767707348045722382e-01
1.316354861448691738e+00
2.009502353715268086e+00
3.305793616989838313e+00
5.328178515467974385e+00
8.272776744674885663e+00
1.251489515492489879e+01
1.799934552517584763e+01
2.500858009938540150e+01
3.359942213963143587e+01
4.349784962982877801e+01
5.492968412373286924e+01
6.701682857204774280e+01
7.919467495396733625e+01
9.083265029022491888e+01
1.002006967608910628e+02
1.073602795722864727e+02
1.115255019911623009e+02
1.130250735912367048e+02
1.126801712400107220e+02
1.104680764120710279e+02
1.078911803989282845e+02
1.053227664492226978e+02
1.028294927193363577e+02
1.009820518009285450e+02
1.000639513406922418e+02
1.005303200602447760e+02
1.029413830142742796e+02
1.073513130217207276e+02
1.141561580519269938e+02
1.238826509673872351e+02
1.365258300081625578e+02
1.523709548575620545e+02
1.720412122936364767e+02
1.955824850719712060e+02
2.237726583096527975e+02
2.574816981145671662e+02
2.960574549388517767e+02
3.400476727575108953e+02
3.879646963532019868e+02
4.380064907632122981e+02
4.893368334372232198e+02
5.380389469922052967e+02
5.829554863455846316e+02
6.225482540459994425e+02
6.543948205382675951e+02
6.789989750258763479e+02
6.952912844776624297e+02
7.031642669239407724e+02
7.035055557206505910e+02
6.959761677024274604e+02
6.817334249212226496e+02
6.617542032685488493e+02
6.364936606859320136e+02
6.088567014381384297e+02
5.797416681193973318e+02
5.506303632147645430e+02
5.229282091678462621e+02
4.958954464647688383e+02
4.701125437969858467e+02
4.449983899711708091e+02
4.201009328803504559e+02
3.951811583403800228e+02
3.696081136187657989e+02
3.437566556530874209e+02
3.174880033962166976e+02
2.913413950972497446e+02
2.657610518243416777e+02
2.406308230616739650e+02
2.162939672874846337e+02
1.929288450020671917e+02
1.705511039578770180e+02
1.492831396429966730e+02
1.293115221886031918e+02
1.106005056374544466e+02
9.354173994276679593e+01
7.819958471580359571e+01
6.468078270859372481e+01
5.296002023581229423e+01
4.284292599257373269e+01
3.454801099748393511e+01
2.803047163266029429e+01
2.294071323969417620e+01
1.920606209611122139e+01
1.625698380755265404e+01
1.395023094401291530e+01
1.223278531791298995e+01
1.086470377331112758e+01
9.769480361276334790e+00
8.762581099328865974e+00
7.626657836135577462e+00
6.427412197952798500e+00
5.168331293031761753e+00
4.095506467000524786e+00
3.265076129316275999e+00
2.739905470523378739e+00
2.497356839936523354e+00
2.419284243145654933e+00
2.449390549016305929e+00
2.446394612323772755e+00
2.429289602207088894e+00
2.352723909024742266e+00
2.235023337334038462e+00
2.137273082458203355e+00
2.037498190551830124e+00
1.947589272134535143e+00
1.882443435616677263e+00
1.833794711062202820e+00
1.799331090198594163e+00
1.766944662623921802e+00
1.745613667352487353e+00
1.696825973972614809e+00
1.594567412546335161e+00
1.458466862041943202e+00
1.303663826658661762e+00
1.127803514203499669e+00
9.578343957583367319e-01
8.317613150096726526e-01
7.421443930066047301e-01
7.196112620830662499e-01
7.795649811430090947e-01
8.866394544057504268e-01
1.032393029873198254e+00
1.163896696616646853e+00
1.265118944576574478e+00
1.279284783493839006e+00
1.234149065541187751e+00
1.201395528285942982e+00
1.150627141297889677e+00
1.128236599330492584e+00
1.179234851567282361e+00
1.278829591706976521e+00
1.350322402859074566e+00
1.400694097124780546e+00
1.456008106721919271e+00
1.489492417316095052e+00
1.476541952035276273e+00
1.471545737581680280e+00
1.522178648110798838e+00
1.578376968461831176e+00
1.646291521375070177e+00
1.695702197322540572e+00
1.697471235966444780e+00
1.630595804932510440e+00
1.532306013967722924e+00
1.455387223168047583e+00
1.421407882204967166e+00
1.507677193271680816e+00
1.698553355356575478e+00
1.989235748467151232e+00
2.289310822774683896e+00
2.581311775760382510e+00
2.806264553604503220e+00
2.897643528690076575e+00
2.890377155200980486e+00
2.764777240464997288e+00
2.605379749653645050e+00
2.426964114512347948e+00
2.322083546100015550e+00
2.412925237771251119e+00
2.691466776767113434e+00
3.235268361915621060e+00
3.956959017404628298e+00
4.806573508104277082e+00
5.700577457053516817e+00
6.437088094519018533e+00
6.971949304506718903e+00
7.185595764546193642e+00
7.120436474434620244e+00
6.831512976811333182e+00
6.342328981369054652e+00
5.811089891530914819e+00
5.299478813080704676e+00
4.888261398825949122e+00
4.576360014727391068e+00
4.348530864106025184e+00
4.206407929723581240e+00
4.080094798728113759e+00
3.949885186933972836e+00
3.807556588556813892e+00
3.679554949025524824e+00
3.569533205278585086e+00
3.493222208273424556e+00
3.473203161628495739e+00
3.507483740708792208e+00
3.554579899373114582e+00
3.561765495538260939e+00
3.539227527864523992e+00
3.475569725872189153e+00
3.385296865280135403e+00
3.255842308873212243e+00
3.124256674670504719e+00
3.019569546946442085e+00
2.915051069429965391e+00
2.817075787786794461e+00
2.717138149692372551e+00
2.621051316981246160e+00
2.496560525464335267e+00
2.311212330963610562e+00
2.092795208869891344e+00
1.842459360967146909e+00
1.642529964775029327e+00
1.516650289706078292e+00
1.536355494325469806e+00
1.694415903840461590e+00
1.914888822394610779e+00
2.144899086682488409e+00
2.211985744371903539e+00
2.118677528424289136e+00
1.816685874168366466e+00
1.398831479126404043e+00
9.476798865504343361e-01
5.204886108821690227e-01
2.304371205273022805e-01
5.576548290677973280e-02
1.314263904905427910e-03
2.376643117948697582e-03
3.018723269812242579e-02
6.633341044075757864e-02
8.287543447850298506e-02
8.701441501015687308e-02
8.129321631789668268e-02
7.672803043127604528e-02
7.356476721781556039e-02
7.281754891547088937e-02
7.330795789805698293e-02
7.336074099320709363e-02
7.225160298904494127e-02
6.841216139532876883e-02
6.242635811608927138e-02
5.434509794568021662e-02
4.520955460040750745e-02
3.587937058933635820e-02
2.645789142100627225e-02
1.806967421573747040e-02
1.109396033335674492e-02
5.633866594051493287e-03
1.827729318248209412e-03
-6.044703779280987191e-04
-1.719230998992238952e-03
-2.040902103817365983e-03
-1.885323075602900189e-03
-1.370209232032933286e-03
-8.545058525283288344e-04
-4.009147427242877159e-04
-5.760712615151386264e-05
1.425314783136914646e-04
2.436885403917562337e-04
2.503643350595909567e-04
2.177557743623556553e-04
1.694353728787834936e-04
1.151992259220412942e-04
7.455923379989013550e-05
4.546157054919596619e-05
2.860450716133187464e-05
1.813417829746854167e-05
1.110303516096061996e-05
5.516684614317547926e-06
7.677518151794855623e-08
-4.515857089295333199e-06
-7.565800997725181079e-06
-8.118853893165879363e-06
-7.088229229253764506e-06
-4.670087945755748393e-06
-2.508794069259928998e-06
-8.437092922669995040e-07
6.222989028708378499e-08
3.678462959735198034e-07
3.818062083293796782e-07
2.280766731369113779e-07
1.653746327420140424e-07
1.417869903010360797e-07
1.316108599024805887e-07
9.517614947752910702e-08
5.759086378946937101e-08
2.450372044618334562e-08
8.198507945804232863e-09
2.465680995411987640e-10
8.444785397772539855e-10
3.420691015350258645e-09
5.016756823937255900e-09
4.221417174500018554e-09
1.799893151762314547e-09
3.443386184622560693e-10
7.608040132304489923e-12
3.293263983861342075e-10
5.929390020109817553e-10
6.534953311273283170e-10
5.899402981867676998e-10
4.868315791584525736e-10
3.332970388617977962e-10
2.044443521324576711e-10
1.368988674283936199e-10
1.178133494692006694e-10
1.048122106476154509e-10
8.751099185960445140e-11
6.441653070709106999e-11
4.705593251688580455e-11
3.500936955392686228e-11
2.676496473462243918e-11
1.966634054055653202e-11
1.420756547702544990e-11
1.024121653294353525e-11
7.407119851423669883e-12
5.347005476584449586e-12
3.854988736342572772e-12
2.728819444987222242e-12
1.925216690933779250e-12
1.365631070361719337e-12
9.249131267579392734e-13
6.050740983586442610e-13
3.906742853473420150e-13
2.480321398135172177e-13
1.566837525657191413e-13
1.012324975423499249e-13
6.017623253542825639e-14
3.422820945728311906e-14
1.876718621341188836e-14
9.067886226468632408e-15
4.307946158812291831e-15
1.965495658775391738e-15
2.979493213551891919e-16
-1.962871830377470239e-16
-3.645264452249688598e-16
-4.655115647783468088e-16
-3.034859441735590111e-16
-1.996962810900216460e-16
-1.451605467475074325e-16
-4.522113154344397183e-17
-7.306401070040815999e-18
5.124663527640263506e-18
2.905594891124168381e-17
3.328699604271793407e-17
3.095142688444885710e-17
3.079134276321130081e-17
2.517946013350663030e-17
1.995300897716055270e-17
1.655547800044326529e-17
1.277096319460951900e-17
9.763542975929318767e-18
7.783353303241085144e-18
6.132691274682962141e-18
4.619249705632441256e-18
3.540142735590169497e-18
2.800027609030141834e-18
2.268984550579100263e-18
1.800667259537352015e-18
1.359385310274889175e-18
1.036945443333301789e-18
8.214558052010822143e-19
6.525820372761058140e-19
4.702678280772785840e-19
3.248278991540351014e-19
2.224655448559255470e-19
1.582162476189170691e-19
1.079547096578414472e-19
7.082472504104260091e-20
4.639491731866909181e-20
3.155163807353807235e-20
2.429392997513187702e-20
1.857644005370231564e-20
1.446396150046863182e-20
1.129659535388802355e-20
8.144846432412688354e-21
5.597915291267189594e-21
3.630527658731919210e-21
1.998824023492406806e-21
4.019807705396341074e-22
-1.163495611077010026e-21
-2.002502948169246278e-21
-2.303988768944186015e-21
-2.210201432541045235e-21
-2.079114226806563942e-21
-1.837983667913719681e-21
-1.392400751506753210e-21
-9.302164777332487053e-22
-5.719117817453854029e-22
-3.399400098028596219e-22
-1.927735050535067705e-22
-8.409218925044001969e-23
-2.853017501972626009e-23
-8.535794488762398987e-24
-1.182572485546014195e-24
-1.018314896457855846e-24
1.307736194098064690e-24
1.621168561752625511e-24
5.586388572194524413e-25
4.326307936006126466e-26
-1.170174778466696285e-26
1.471740635648931059e-25
6.271699078089213480e-26
-6.022077387788142486e-27
-1.357983926474160467e-26
1.611906915548050884e-26
1.843843957633656657e-26
4.371791824157806607e-27
3.492458620706156935e-27
5.915877657243138123e-27
6.264668202064842501e-27
3.250662756748280171e-27
2.382532261962592612e-27
2.268945704374807722e-27
1.314345680614586329e-27
4.640478316994545611e-28
5.883498227250746811e-29
5.029237283526994308e-29
1.600803041443445316e-29
-4.534749562912586260e-29
-5.734160558570722911e-29
-3.852241846394371051e-29
-2.429000005387744179e-29
-2.046463289361299047e-29
-1.498792668453849919e-29
-1.242498100741931758e-29
-1.072661038152428374e-29
-6.515453796765130108e-30
-3.454090067277238229e-30
-2.400245329496155242e-30
-1.342497758595997570e-30
-6.602128961344719466e-31
-7.742227371998252212e-32
2.636351472087219622e-31
3.242969064379281070e-31
4.401053861823730516e-31
5.199574679201324032e-31
4.610595317858014219e-31
3.724254235027113586e-31
3.123811758815154015e-31
2.631227432866274952e-31
2.071738787231249930e-31
1.515379601992700654e-31
1.075961413314882923e-31
7.751516282784219585e-32
5.384549133445133307e-32
3.736157285380143198e-32
2.466136780446047590e-32
1.591234349199661902e-32
1.069403220817871963e-32
7.096297343832197501e-33
4.805389014308701559e-33
3.246877261870393539e-33
2.200003028601008729e-33
1.669139201147090790e-33
1.248394081683666636e-33
9.032920723203269784e-34
7.252156845034789473e-34
5.565763772818036382e-34
4.168768863637243376e-34
3.351781349682329005e-34
2.531653570050986502e-34
1.841029527453510915e-34
1.409704271655801731e-34
1.049202071915417720e-34
7.503363287928723941e-35
5.431081261108169639e-35
3.843670872729639002e-35
2.693884630038743541e-35
1.882811914180281238e-35
1.288600223974571383e-35
8.670449108701213781e-36
5.779179944231951999e-36
3.892091712234043356e-36
2.558018055798545618e-36
1.618940252700402477e-36
1.053264218882517111e-36
6.835417361193940039e-37
4.131900300954722652e-37
2.568039627476235826e-37
1.631625599154301939e-37
9.319376379060125569e-38
5.359949596618628569e-38
3.197252751391742690e-38
1.645543544838128911e-38
7.864178227935142762e-39
3.328159296499104295e-39
7.889623405112562675e-40
-3.373051542121290040e-40
-9.968825430457929834e-40
-1.028588624984928060e-39
-8.739133682139899743e-40
-8.261028003002423350e-40
-5.915297835376930043e-40
-3.991337817784162232e-40
-3.398948675191536014e-40
-2.263832158698957670e-40
-1.393157047557518844e-40
-1.048972330664308358e-40
-5.421054769330898028e-41
-1.012578305533433870e-41
-5.419931018597877948e-43
-1.699924317274111022e-41
