9.868800116197022788e-15
-8.018165893295017410e-15
4.883514776270769994e-15
6.240017551424022936e-15
3.356746852139261146e-15
6.510071517534010771e-15
8.960778929116206617e-15
1.017441508433283851e-14
1.314277996067307442e-14
1.647650594711423235e-14
2.013675354192161846e-14
2.496821302602074395e-14
3.072047213724594855e-14
3.762609780764287747e-14
4.601412573671854975e-14
5.591245937755660184e-14
6.771830328569798979e-14
8.167954404401888545e-14
9.793501981568871820e-14
1.170221004431729090e-13
1.391960164084647430e-13
1.646751806518854912e-13
1.941057381569290872e-13
2.277536102266263920e-13
2.659094758640144591e-13
3.092811703314196259e-13
3.581228925670114609e-13
4.127857360263306991e-13
4.739681556100401826e-13
5.418811195889189122e-13
6.169107808433570116e-13
6.996588368925162205e-13
7.902650686233519081e-13
8.891113778429689966e-13
9.966180586791143561e-13
1.112841947108553865e-12
1.238112583944875411e-12
1.372612486442090489e-12
1.516331282385888814e-12
1.669497697635205123e-12
1.832051621274923966e-12
2.003965475893564891e-12
2.185324620593026525e-12
2.375881446132215132e-12
2.575677991589522218e-12
2.784611792927143720e-12
3.002345712763552723e-12
3.229127090409480506e-12
3.464579722890742357e-12
3.708386785257098837e-12
3.961247734436006099e-12
4.222300707421351660e-12
4.491393153834924138e-12
4.770219215432737554e-12
5.056977055323367320e-12
5.352077127089215795e-12
5.659433151704902899e-12
5.975524474050213011e-12
6.302589381136037648e-12
6.649275767899284218e-12
7.009314427073019101e-12
7.390003329777196760e-12
7.809219944591971199e-12
8.256999759793513827e-12
8.752240510733072102e-12
9.328977608795383510e-12
9.973177920395281555e-12
1.072594690058234907e-11
1.164675781033862744e-11
1.271776671415787226e-11
1.401592273908889873e-11
1.563753105221932085e-11
1.756020769645058641e-11
1.991005085834241784e-11
2.283541806095140131e-11
2.630280899556172214e-11
3.049723398627931363e-11
3.564657557172239944e-11
4.168505785847111996e-11
4.886800903453700325e-11
5.756470154600120955e-11
6.763124482070186015e-11
7.943500333498425356e-11
9.362464772094743136e-11
1.099041190788389681e-10
1.288946435315367800e-10
1.517976000115006210e-10
1.780790201399697617e-10
2.089744488199859108e-10
2.467040360576868153e-10
2.904495331538496206e-10
3.427852448652772758e-10
4.076236301611644313e-10
4.839455727164422957e-10
5.768563014520592868e-10
6.927577473983763535e-10
8.307543365636721691e-10
1.000091670141656336e-09
1.210354120591425052e-09
1.461416662276069466e-09
1.768369369876033182e-09
2.144201222969143876e-09
2.590505181492362054e-09
3.129373008596495242e-09
3.776537045260430618e-09
4.536363959473117484e-09
5.437709134002082491e-09
6.497230317494930342e-09
7.722859894639761182e-09
9.147841317199039688e-09
1.078687521177257758e-08
1.265152335926531538e-08
1.477472056398364646e-08
1.716588200973035890e-08
1.983916143368896035e-08
2.282095190399632053e-08
2.611273454686718997e-08
2.972905704408969878e-08
3.368388498520305452e-08
3.797017248325419066e-08
4.259991134427751323e-08
4.757177661554285176e-08
5.287285538795392418e-08
5.850975549024160371e-08
6.446879324737354692e-08
7.073769320059850422e-08
7.731613382064993061e-08
8.418886358787975580e-08
9.135435107118618549e-08
9.880626236814683210e-08
1.065472239978419848e-07
1.145991433573920478e-07
1.229540178743396608e-07
1.316598488790860043e-07
1.407757459821805125e-07
1.503004254408976384e-07
1.603609514322810379e-07
1.710666986973123255e-07
1.824357113586832918e-07
1.947109100754013576e-07
2.080623510083536010e-07
2.225437793666125916e-07
2.385491997197317648e-07
2.563149032766681663e-07
2.759490204976478158e-07
2.980235081364527042e-07
3.228390596194392430e-07
3.505763907041760106e-07
3.819950356608005197e-07
4.174483001076065858e-07
4.572031356031241269e-07
5.021894543672485020e-07
5.527894048451822041e-07
6.093607792599049315e-07
6.729524361942682734e-07
7.439388354265588429e-07
8.227607525499829578e-07
9.104984586606831827e-07
1.007470378048044770e-06
1.114179039057795331e-06
1.231618292888827311e-06
1.359993362030581023e-06
1.499835710731316776e-06
1.651917769780353447e-06
1.816271325291232095e-06
1.993415023533522989e-06
2.183765767106979173e-06
2.387128982523193062e-06
2.603959862708715704e-06
2.834207481844760186e-06
3.077423506137446233e-06
3.333934524818174795e-06
3.603156203412713544e-06
3.884413740094028175e-06
4.177814365622137611e-06
4.482255555553459036e-06
4.796957878148898936e-06
5.121682304329312639e-06
5.454952959019417813e-06
5.796144642199245254e-06
6.144510836007178733e-06
6.498538157398622963e-06
6.858177622013568801e-06
7.222007788437345489e-06
7.589059166971510582e-06
7.960424988284293542e-06
8.333898441247779699e-06
8.709887521179738884e-06
9.091242768235593334e-06
9.475011554333595567e-06
9.863968393293650160e-06
1.026319761495446497e-05
1.066928739992736406e-05
1.108827637828280976e-05
1.152755604716472830e-05
1.198384481806144471e-05
1.246685214272285734e-05
1.298566989195898039e-05
1.353800027451025070e-05
1.413666442995180768e-05
1.479099005895652092e-05
1.550061053125319896e-05
1.627955347827489434e-05
1.713511600477898538e-05
1.806960830728377248e-05
1.909496063250731138e-05
2.021376288510726683e-05
2.143119562770330863e-05
2.275287506157037625e-05
2.417432784841884271e-05
2.570297046366180243e-05
2.733406694562418409e-05
2.905496698879432183e-05
3.087380952937751334e-05
3.277315709754658656e-05
3.473312546866293968e-05
3.676046171464049291e-05
3.882582913779848726e-05
4.090544751658725274e-05
4.300255294884045546e-05
4.508064638494605164e-05
4.711735625180881094e-05
4.911103793970704473e-05
5.102625744142207797e-05
5.284808426965943311e-05
5.457001153414787147e-05
5.616755696880533147e-05
5.763823883532297811e-05
5.897233680357408177e-05
6.016507127320447167e-05
6.122871359087637500e-05
6.215330213040401431e-05
6.295856422655819154e-05
6.367018413851748178e-05
6.428146839935701049e-05
6.483579921926086581e-05
6.536752297350122826e-05
6.587627985257236724e-05
6.642275272489251651e-05
6.704317185103255154e-05
6.774532507388394476e-05
6.859734472889769750e-05
6.963055529857716300e-05
7.086109048417777920e-05
7.235420157665596673e-05
7.413137850439718954e-05
7.621579779106266498e-05
7.866179320694152005e-05
8.147902889915074247e-05
8.469531988510653681e-05
8.834986586706427712e-05
9.244152840250839881e-05
9.699966796520823498e-05
1.020480231008584482e-04
1.075780730924692845e-04
1.136172148947119494e-04
1.201765353136138533e-04
1.272452029326394754e-04
1.348449363927912536e-04
1.429794997337413684e-04
1.516420115063509216e-04
1.608449732229883032e-04
1.705926902395299297e-04
1.808894483773706822e-04
1.917358874938004346e-04
2.031473924809251317e-04
2.151470694633057996e-04
2.277228549364182085e-04
2.409132868628887107e-04
2.547669366638845496e-04
2.692605529741317152e-04
2.844655559377046389e-04
3.004590291726912175e-04
3.172098312698206561e-04
3.348227199465071149e-04
3.533996373902012836e-04
3.729043170678542508e-04
3.934579509053352103e-04
4.151750076354640876e-04
4.380123038127922458e-04
4.620683989015158719e-04
4.874508065335668786e-04
5.140983702690240425e-04
5.420305154300734994e-04
5.713286903349060631e-04
6.018900674527245028e-04
6.336014587265819146e-04
6.665147229836912478e-04
7.004494353424306312e-04
7.351489566482248593e-04
7.706705895947472571e-04
8.067141494762903285e-04
8.429680942834620432e-04
8.795975324394658635e-04
9.161453129343183691e-04
9.524979497788152319e-04
9.891292034713639394e-04
1.025405272092358910e-03
1.061887244700808518e-03
1.099687253908184425e-03
1.137999116456429134e-03
1.178797410251484568e-03
1.224320401230237281e-03
1.273608456864893648e-03
1.331062169162178233e-03
1.400723815614017499e-03
1.481480804629140523e-03
1.581435783539558064e-03
1.707346363293843136e-03
1.857870224879704449e-03
2.046341163122395064e-03
2.283440151388572547e-03
2.567364928238977800e-03
2.918479883133529712e-03
3.352979212036921296e-03
3.868143959884760754e-03
4.493504732116589302e-03
5.252834371663045454e-03
6.141776359815232129e-03
7.201611442518997264e-03
8.466298579518237791e-03
9.928900550006107550e-03
1.164560416177143343e-02
1.366367899126278741e-02
1.597261856700838561e-02
1.864730836046504109e-02
2.175175598038244298e-02
2.527122588324554400e-02
2.930362382952485592e-02
3.393289009579029264e-02
3.914034440097195755e-02
4.505130634811274626e-02
5.177160269743408261e-02
5.928065826504785168e-02
6.773460345982164343e-02
7.726027894538840812e-02
8.783985085781749469e-02
9.966067298750914960e-02
1.128648147408874008e-01
1.274447815195112466e-01
1.436135054191887972e-01
1.615154470990328994e-01
1.811633157577431374e-01
2.027801038343849671e-01
2.264915255116951576e-01
2.523403320337995193e-01
2.805308860412756844e-01
3.111416842005271244e-01
3.442514775581046460e-01
3.800036048715895731e-01
4.183979005385325967e-01
4.595467931648922200e-01
5.034813184420955379e-01
5.500961624662655813e-01
5.995238566335897579e-01
6.516345582653394475e-01
7.062062032580177506e-01
7.633672373774688102e-01
8.227979457340482972e-01
8.841713407741270681e-01
9.475823264603121521e-01
1.012528916818099090e+00
1.078617571692258137e+00
1.145883858569936908e+00
1.213697360973909900e+00
1.281657860162815465e+00
1.349728597762163140e+00
1.417246631876977858e+00
1.483873631630028278e+00
1.549505560507512536e+00
1.613565387881549684e+00
1.675837159565190859e+00
1.736171403377390066e+00
1.794188240757715880e+00
1.849831360787590917e+00
1.902937404397913257e+00
1.953397767857792067e+00
2.001320981564173263e+00
2.046561584216240348e+00
2.089299293329034857e+00
2.129779892420913701e+00
2.167900070495904163e+00
2.204083620069929861e+00
2.238659651083231950e+00
2.271579911935813545e+00
2.303418077958735655e+00
2.334517752536392265e+00
2.364887053426637298e+00
2.395127929598526162e+00
2.425529124286634808e+00
2.456146342540007854e+00
2.487488750939482962e+00
2.519735686804791097e+00
2.552973644603191872e+00
2.587526212160332850e+00
2.623436781482061164e+00
2.660800701915799760e+00
2.699712905213017766e+00
2.740089076840538596e+00
2.782010741398868614e+00
2.825359805273842895e+00
2.869963983401997876e+00
2.915873083133921018e+00
2.962822575629802113e+00
3.010609999001848447e+00
3.059245108244704969e+00
3.108411115547875081e+00
3.157932298722191167e+00
3.207781360034593465e+00
3.257679966608037159e+00
3.307518255331727275e+00
3.357244188351142800e+00
3.406678350899729590e+00
3.455789480218119269e+00
3.504517878310616563e+00
3.552800627038540160e+00
3.600673055454565841e+00
3.648084855093972845e+00
3.695068496128904201e+00
3.741698120517440440e+00
3.787946208104658208e+00
3.833896619611925516e+00
3.879630022303684811e+00
3.925148769190871523e+00
3.970539540913864851e+00
4.015862101173213183e+00
4.061146979961271164e+00
4.106444081290459458e+00
4.151775397602739837e+00
4.197187473452636652e+00
4.242669378642553113e+00
4.288201184619802042e+00
4.333824267654078355e+00
4.379460019689183525e+00
4.425054446414349307e+00
4.470620216703622418e+00
4.516021149035566395e+00
4.561185894137440577e+00
4.606083442576634823e+00
4.650545511763685802e+00
4.694503641434755181e+00
4.737887087631197147e+00
4.780531196694769669e+00
4.822387331318220838e+00
4.863370975795906936e+00
4.903356098408019115e+00
4.942320869859988086e+00
4.980206050364669679e+00
5.016943301428567814e+00
5.052531275708313174e+00
5.086968031502366649e+00
5.120234378129218555e+00
5.152332955201968545e+00
5.183321797943190923e+00
5.213196512149755435e+00
5.241947182420958917e+00
5.269655773006657107e+00
5.296291992886005495e+00
5.321829276316447199e+00
5.346314259482380926e+00
5.369672927587063604e+00
5.391877164497355324e+00
5.412892169148634913e+00
5.432626848020182031e+00
5.451080752403420604e+00
5.468138583882423909e+00
5.483761416772071406e+00
5.498003920484351603e+00
5.510723293858007743e+00
5.522015592868069866e+00
5.531997731794191964e+00
5.540575387891068182e+00
5.548030301540598508e+00
5.554517439178034088e+00
5.560048998894521866e+00
5.565066906643522771e+00
5.569711911388541381e+00
5.574116883480630946e+00
5.578760044453797029e+00
5.583706451609593557e+00
5.589174559068812442e+00
5.595480214842191380e+00
5.602573938122209718e+00
5.610680777446602541e+00
5.619771831472109902e+00
5.629701657710807439e+00
5.640598036890370537e+00
5.652061729509600063e+00
5.663939766832949196e+00
5.676182907376829512e+00
5.688241175526278504e+00
5.700070854016392019e+00
5.711454413800477248e+00
5.722055832080596538e+00
5.731996048207910199e+00
5.741001235115202661e+00
5.749177281059176359e+00
5.756742320008680913e+00
5.763504660955265813e+00
5.769895793502406001e+00
5.776091904252740328e+00
5.782053179502999463e+00
5.788202587214851924e+00
5.794589451695014048e+00
5.801327916063698353e+00
5.808599396636139112e+00
5.816344627147376656e+00
5.824813301644496732e+00
5.833920230977760468e+00
5.843548490327150624e+00
5.853989654726528435e+00
5.864954597892936938e+00
5.876307265703861304e+00
5.888162526477610292e+00
5.900173375859893099e+00
5.912250079476184972e+00
5.924198446189130607e+00
5.935906847407838249e+00
5.947411029714822384e+00
5.958409401374283654e+00
5.969210701842172284e+00
5.979953434338949769e+00
5.990528721127024170e+00
6.001419127346014903e+00
6.012717711879767002e+00
6.024539055662995857e+00
6.037089448441137485e+00
6.050291030089812061e+00
6.064328999116337826e+00
6.078938343774051845e+00
6.093890056443729719e+00
6.109326803786974125e+00
6.124729893039696726e+00
6.139865645981938513e+00
6.154825129112205140e+00
6.169234235322398341e+00
6.182985068750383562e+00
6.196150745619960709e+00
6.208629740540254183e+00
6.220437259627835225e+00
6.231557408789918817e+00
6.241997303130525587e+00
6.251849147288914388e+00
6.260936268049462683e+00
6.269422554087167754e+00
6.277478007258132209e+00
6.284834092349591117e+00
6.291825663042590833e+00
6.298604868870971707e+00
6.304824950683719287e+00
6.310743013642201582e+00
6.316416084292598931e+00
6.321599578033271882e+00
6.326414408870379980e+00
6.330854145110726527e+00
6.335118989548541357e+00
6.339262285291705545e+00
6.343227421495292617e+00
6.347658072781427130e+00
6.352411012776616239e+00
6.357372203884757766e+00
6.363154793922827679e+00
6.369376779854067472e+00
6.375943001506310992e+00
6.383020052739968087e+00
6.390252724380637517e+00
6.397648047747490629e+00
6.404909634227233362e+00
6.412079631467036300e+00
6.419268401121215994e+00
6.425933617762800587e+00
6.432449413153494611e+00
6.438956450099997397e+00
6.444849114566618908e+00
6.450519920774477889e+00
6.456180530214382429e+00
6.461427694138868638e+00
6.466429835074511523e+00
6.471412965261738037e+00
6.476477022500231051e+00
6.481554007117103389e+00
6.486647862274871557e+00
6.492326388114681102e+00
6.498422887357563127e+00
6.504660156474863619e+00
6.511696731916860159e+00
6.519300219291801035e+00
6.527050812673208746e+00
6.535281912194549570e+00
6.543712231877134577e+00
6.552051208594440901e+00
6.560104214441911274e+00
6.567651239534527008e+00
6.574761117052692505e+00
6.580875803191226225e+00
6.586038706185502356e+00
6.590659942363093826e+00
6.594226184807175706e+00
6.597100238685047024e+00
6.599740398398387775e+00
6.602014513366717630e+00
6.604353961758154590e+00
6.606926716487810047e+00
6.610029084270735211e+00
6.613833075501193370e+00
6.618102207638933976e+00
6.623351798392921097e+00
6.629431564613869732e+00
6.635874827817090704e+00
6.643111301365934196e+00
6.650883563871015092e+00
6.658810069642896678e+00
6.666991530802973465e+00
6.675297418083822265e+00
6.683675300532455843e+00
6.691837902514475189e+00
6.699844326691390961e+00
6.707994458920246039e+00
6.715788800906762113e+00
6.723379064291351348e+00
6.731205939654415715e+00
6.738877432208493445e+00
6.746495437658897920e+00
6.754329775755821608e+00
6.762346877870840878e+00
6.770515097039333519e+00
6.778734745167589004e+00
6.787326911650982453e+00
6.796142927203334239e+00
6.804776091354373335e+00
6.813646354214743184e+00
6.822572042130151004e+00
6.831119323002226018e+00
6.839503527583643994e+00
6.847586474916320221e+00
6.855185507043060511e+00
6.862194707638295199e+00
6.868536830565642681e+00
6.874344723938160762e+00
6.879322860450272970e+00
6.883428024304214965e+00
6.886942520597927775e+00
6.889612210987240637e+00
6.891411203565365184e+00
6.892557324391174411e+00
6.892968069163253553e+00
6.892656667502759404e+00
6.891704682761663037e+00
6.890164125876463430e+00
6.888119807999184552e+00
6.885601534414232283e+00
6.882687157148605017e+00
6.879529299797805919e+00
6.876199449139346775e+00
6.872749244028885762e+00
6.869347723596096245e+00
6.866082732447634562e+00
6.863011607269978498e+00
6.860253602387664351e+00
6.857801399105174944e+00
6.855757129475368750e+00
6.854149785449635601e+00
6.852824177900711966e+00
6.851899016635985440e+00
6.851316149598790872e+00
6.850865349015639261e+00
6.850602103611609373e+00
6.850424989717633473e+00
6.850234365860687014e+00
6.849975918540156528e+00
6.849574699073380124e+00
6.849122363314745776e+00
6.848498037020207541e+00
6.847716345840560770e+00
6.846977998551428080e+00
6.846193473029184240e+00
6.845477913913456725e+00
6.844976050051024608e+00
6.844692480555924163e+00
6.844779982614929814e+00
6.845231449671264734e+00
6.846121877238277698e+00
6.847539712049274918e+00
6.849369008238627821e+00
6.851678362155201540e+00
6.854420763162249131e+00
6.857483824697251151e+00
6.860873744445545874e+00
6.864415437415264165e+00
6.868065365000917133e+00
6.871770738199597162e+00
6.875308260249398451e+00
6.878683672415314199e+00
6.881826510609582392e+00
6.884569525515182420e+00
6.886922341611747100e+00
6.888830357643065838e+00
6.890245978769390156e+00
6.891176252749763087e+00
6.891582686146264791e+00
6.891510996582760562e+00
6.890993286829343312e+00
6.889983791877064334e+00
6.888520656061150937e+00
6.886671374795009903e+00
6.884369943431516425e+00
6.881565996526203044e+00
6.878327454032507227e+00
6.874595893054131324e+00
6.870257501377737164e+00
6.865320089374773893e+00
6.859788621633676087e+00
6.853568695694693957e+00
6.846560766203274362e+00
6.838845789995950497e+00
6.830326336679845234e+00
6.820796626439587840e+00
6.810311461587652104e+00
6.798581974630915958e+00
6.785376523332918630e+00
6.770542359153939316e+00
6.753465043803401180e+00
6.734052213518584296e+00
6.711860865612912619e+00
6.686222708291698069e+00
6.657364872396411393e+00
6.624759677356560239e+00
6.588427452775913906e+00
6.548960898913968265e+00
6.506226964984242578e+00
6.461679004045662644e+00
6.416061606708793441e+00
6.370089494319213230e+00
6.326672780453648670e+00
6.286278745865494066e+00
6.250498047978564564e+00
6.222660305802933500e+00
6.202559539025103597e+00
6.192098538827310428e+00
6.193377963027749900e+00
6.205454478816410102e+00
6.229638381270048875e+00
6.265541203744709797e+00
6.311860709229222266e+00
6.368598346146143285e+00
6.432833999684056892e+00
6.503535747572304793e+00
6.579308721075402211e+00
6.655932242006418420e+00
6.733150432479703795e+00
6.808763368579794140e+00
6.879023379324802789e+00
6.944539071125952923e+00
7.003221307523823214e+00
7.053130779212701817e+00
7.095393712093632566e+00
7.128773189580482672e+00
7.153441699589986769e+00
7.170503211863600512e+00
7.179813694789925371e+00
7.183006142897702340e+00
7.180741828145042582e+00
7.173710724531177085e+00
7.163959857882024274e+00
7.151587109003645359e+00
7.137611583258873793e+00
7.123658531816475126e+00
7.109416133416796235e+00
7.095782447840100815e+00
7.083639261280588073e+00
7.072534330166889482e+00
7.063022469853579288e+00
7.055367124523260536e+00
7.049197778805993408e+00
7.044731102976123260e+00
7.041917782333499964e+00
7.040564358992640770e+00
7.040674891336617058e+00
7.042135614733862070e+00
7.044909759090246304e+00
7.048921674349135635e+00
7.054096107967875895e+00
7.060475850325936165e+00
7.067986349389305367e+00
7.076588663479912888e+00
7.086330773054171139e+00
7.097164468611801169e+00
7.109057901423594394e+00
7.122026480889871003e+00
7.136042315866991892e+00
7.151071253967045571e+00
7.167098205323726212e+00
7.184103534482258802e+00
7.202063115812820548e+00
7.220954132177094031e+00
7.240760914905135515e+00
7.261482035798717760e+00
7.283104652379264188e+00
7.305621579066248650e+00
7.329047320338770710e+00
7.353376802526874201e+00
7.378616215196502459e+00
7.404766295248304431e+00
7.431814368833232542e+00
7.459773769732136905e+00
7.488596753164063813e+00
7.518258222883569708e+00
7.548756600855359267e+00
7.579989341369063993e+00
7.611945369003048079e+00
7.644581336883888412e+00
7.677788998582813385e+00
7.711623976918205337e+00
7.745994052656677731e+00
7.780879796517466751e+00
7.816445745822472979e+00
7.852582909756057994e+00
7.889441149855048074e+00
7.927279657471037133e+00
7.966035543541412522e+00
8.006017813240841718e+00
8.047493345099901774e+00
8.090500198960816292e+00
8.135378249327764877e+00
8.182279837572540515e+00
8.231349414656600416e+00
8.282774817297626768e+00
8.336509181312237615e+00
8.392750963566394162e+00
8.451416026979849505e+00
8.512266723562715853e+00
8.575477896443095105e+00
8.640712919455927121e+00
8.707639791951747199e+00
8.776353066356294974e+00
8.846396883963999258e+00
8.917469420477596387e+00
8.989574657065668717e+00
9.062293042980735791e+00
9.135438793348743758e+00
9.208955198952901711e+00
9.282564186992326327e+00
9.356212703396815655e+00
9.429827566866991972e+00
9.503307334509502269e+00
9.576689454289530445e+00
9.649913820532500353e+00
9.723022057322470602e+00
9.796070920272654803e+00
9.869009430714493547e+00
9.941922739622576444e+00
1.001482070604814467e+01
1.008762862128028104e+01
1.016034665885460520e+01
1.023290804978023871e+01
1.030518416944875248e+01
1.037701902314011981e+01
1.044829108492305281e+01
1.051882657751657746e+01
1.058836593771733625e+01
1.065678814559358401e+01
1.072392561708707781e+01
1.078955065003043501e+01
1.085358768544766939e+01
1.091592866274620555e+01
1.097646770060019072e+01
1.103517827707323562e+01
1.109201882023175578e+01
1.114696514441507524e+01
1.120001340551439206e+01
1.125114401864253288e+01
1.130029786145732551e+01
1.134747580167433334e+01
1.139263090143722046e+01
1.143560998469532564e+01
1.147642923984844110e+01
1.151501166248607966e+01
1.155117748060172467e+01
1.158497825143287940e+01
1.161635428013408955e+01
1.164522925243168494e+01
1.167168790022179081e+01
1.169573872463639397e+01
1.171748138039645859e+01
1.173700501828513687e+01
1.175439378734987450e+01
1.176988612025236591e+01
1.178354719626934433e+01
1.179550024900154703e+01
1.180602670978941937e+01
1.181516311778116268e+01
1.182303154900509590e+01
1.182988175970705846e+01
1.183573214191702583e+01
1.184069284190439397e+01
1.184495170842726530e+01
1.184850777356803242e+01
1.185146890090713079e+01
1.185394056825916387e+01
1.185588193163649429e+01
1.185739379289530326e+01
1.185846263778603138e+01
1.185899311337127493e+01
1.185904513580731212e+01
1.185846045216121958e+01
1.185710984289108971e+01
1.185497591917410176e+01
1.185178955590301619e+01
1.184744026967143604e+01
1.184183404160061492e+01
1.183469031019564532e+01
1.182596432357274985e+01
1.181553261904299745e+01
1.180321235150396575e+01
1.178902971849492154e+01
1.177289371986704225e+01
1.175476815755584425e+01
1.173471225986402722e+01
1.171270158079165391e+01
1.168881202754822191e+01
1.166308615268103033e+01
1.163555583694992457e+01
1.160632753843724352e+01
1.157539936184361018e+01
1.154282218809186311e+01
1.150866216264475206e+01
1.147287773759384066e+01
1.143550383203638710e+01
1.139654018450470829e+01
1.135593040339042581e+01
1.131367845207240386e+01
1.126973379404542186e+01
1.122405131832176828e+01
1.117660840971713121e+01
1.112734053397647749e+01
1.107623047477809308e+01
1.102324305189354448e+01
1.096833574566525726e+01
1.091152494824889096e+01
1.085277795367928810e+01
1.079209921734324418e+01
1.072953606924767200e+01
1.066506999261701871e+01
1.059876236537519212e+01
1.053068283861387577e+01
1.046083354775059604e+01
1.038932712840704475e+01
1.031624333393230231e+01
1.024160511922849359e+01
1.016555782270723363e+01
1.008817876376550338e+01
1.000950586875116777e+01
9.929692354981478175e+00
9.848803967932973080e+00
9.766884046182253698e+00
9.684071256192831711e+00
9.600416443674793854e+00
9.515958786928321089e+00
9.430809356414670219e+00
9.345006504126583735e+00
9.258579062197865639e+00
9.171609250066962815e+00
9.084128738916335877e+00
8.996154816640954621e+00
8.907748852154266928e+00
8.818941845942232405e+00
8.729742693633548711e+00
8.640203672492008380e+00
8.550358754020681573e+00
8.460213719501238572e+00
8.369821688414088356e+00
8.279219894680826641e+00
8.188415823234704405e+00
8.097468148850847314e+00
8.006414966088845730e+00
7.915268013048869733e+00
7.824090616465120718e+00
7.732918266775731020e+00
7.641766773390834544e+00
7.550699548834040264e+00
7.459746626333585873e+00
7.368925720037324822e+00
7.278294952716318100e+00
7.187877673638428888e+00
7.097690689840272960e+00
7.007783018829571553e+00
6.918171861286235291e+00
6.828870897450177502e+00
6.739918928957899347e+00
6.651328777084970945e+00
6.563110061635003767e+00
6.475292863173888414e+00
6.387887831987324461e+00
6.300900945865355318e+00
6.214356730878887625e+00
6.128265588327150404e+00
6.042631230566544609e+00
5.957476191873709581e+00
5.872811774351969660e+00
5.788641150529620027e+00
5.704987601880872283e+00
5.621863509251030955e+00
5.539272964644621489e+00
5.457241054961897042e+00
5.375780531778397098e+00
5.294897135700771251e+00
5.214616888576886211e+00
5.134951663312709691e+00
5.055908659601657362e+00
4.977512512843232706e+00
4.899772937312027565e+00
4.822697638890242722e+00
4.746307153615801688e+00
4.670608223202997955e+00
4.595607794478062225e+00
4.521320403522920195e+00
4.447749745061645221e+00
4.374900986239565803e+00
4.302782368312803918e+00
4.231395137086703784e+00
4.160742306945532043e+00
4.090827152304638226e+00
4.021649392173711313e+00
3.953210225177518300e+00
3.885510195756898710e+00
3.818548318707350120e+00
3.752324747053059184e+00
3.686839418350961406e+00
3.622091092063151496e+00
3.558079645188922058e+00
3.494805619016645437e+00
3.432267577125684088e+00
3.370465541960375067e+00
3.309400718077842640e+00
3.249071334147087597e+00
3.189477527453293604e+00
3.130620390915777929e+00
3.072497727102550424e+00
3.015109445393610255e+00
2.958455521186144299e+00
2.902533445274845914e+00
2.847342506420104780e+00
2.792880884347025638e+00
2.739146084343309528e+00
2.686136566822915128e+00
2.633848656600073834e+00
2.582280291776474446e+00
2.531429192163082487e+00
2.481290355879396614e+00
2.431862490026143853e+00
2.383142923149143666e+00
2.335126163421564538e+00
2.287811787152820298e+00
2.241197201697213703e+00
2.195277182020728635e+00
2.150051958397383611e+00
2.105519422521833217e+00
2.061674943463759124e+00
2.018518897149681468e+00
1.976049836689810268e+00
1.934263438977378291e+00
1.893159547045150104e+00
1.852737238010329301e+00
1.812991650938124089e+00
1.773921437181296801e+00
1.735525772554618706e+00
1.697798138007435176e+00
1.660735550646607939e+00
1.624336709839672821e+00
1.588592462084370993e+00
1.553498097395580535e+00
1.519051319996105320e+00
1.485239904829153579e+00
1.452057692029549152e+00
1.419501128464397022e+00
1.387555234079524524e+00
1.356212945633658684e+00
1.325469562775750898e+00
1.295308363459520606e+00
1.265722014458961375e+00
1.236705134044945975e+00
1.208240657198509593e+00
1.180321507615542664e+00
1.152942298413968780e+00
1.126086965784500293e+00
1.099748977957174079e+00
1.073923611631649733e+00
1.048596696030257513e+00
1.023762261859846534e+00
9.994167045853935560e-01
9.755479780126504741e-01
9.521504916847094435e-01
9.292218823837289365e-01
9.067518366250363337e-01
8.847348804336707673e-01
8.631696835482455255e-01
8.420468803730155605e-01
8.213608914341210543e-01
8.011109849742311662e-01
7.812878714003379521e-01
7.618857551764571800e-01
7.429039968942624528e-01
7.243326859583540944e-01
7.061658217918944658e-01
6.884024239917209131e-01
6.710315880181361159e-01
6.540472061200941489e-01
6.374476910854161016e-01
6.212211251589569994e-01
6.053614266434153013e-01
5.898663361971101526e-01
5.747231993023073082e-01
5.599260838825960152e-01
5.454721734924368182e-01
5.313485429181495912e-01
5.175494958405369994e-01
5.040718977463779504e-01
4.909030841871484530e-01
4.780376337486058613e-01
4.654723820673129508e-01
4.531954020896403201e-01
4.412015450944037909e-01
4.294878782441464704e-01
4.180435385154199768e-01
4.068636230697034173e-01
3.959456050427099250e-01
3.852798119608172311e-01
3.748615577588559344e-01
3.646887790153750530e-01
3.547529258533616559e-01
3.450495177144630721e-01
3.355769009105099010e-01
3.263274407317430237e-01
3.172968788885067726e-01
3.084838423561268583e-01
2.998813460734723324e-01
2.914853948643746917e-01
2.832947422931345605e-01
2.753028073528860920e-01
2.675059067756879738e-01
2.599027880516958655e-01
2.524870994424400772e-01
2.452555052990319506e-01
2.382066643650220528e-01
2.313343647419916493e-01
2.246356241419666944e-01
2.181089858770330903e-01
2.117483580988007430e-01
2.055510815725608287e-01
1.995156012566472181e-01
1.936359647145804164e-01
1.879097758281699504e-01
1.823354213501722498e-01
1.769071180368321505e-01
1.716226588962471433e-01
1.664804166326186996e-01
1.614748010104397613e-01
1.566037244270059026e-01
1.518655826205032588e-01
1.472549938882433129e-01
1.427699389488305270e-01
1.384088643904498594e-01
1.341666103740503935e-01
1.300411998291749471e-01
1.260311519370033440e-01
1.221315460575830847e-01
1.183404438190381464e-01
1.146564561824553324e-01
1.110749234451200856e-01
1.075939568593100443e-01
1.042122760935808995e-01
1.009255024898745162e-01
9.773181279097770124e-02
9.463004676826414219e-02
9.161611681454802369e-02
8.868827899804955506e-02
8.584549463844343142e-02
8.308396157160215234e-02
8.040202424602672926e-02
7.779875472486554033e-02
7.527061582827104802e-02
7.281604543822410569e-02
7.043420514129623833e-02
6.812179407837652689e-02
6.587734680366924556e-02
6.370008852202539706e-02
6.158692703582024225e-02
5.953649648733797678e-02
5.754806262157214497e-02
5.561872297352404848e-02
5.374721364048006683e-02
5.193282720491954052e-02
5.017284423942778432e-02
4.846610298820244050e-02
4.681192197324355458e-02
4.520776900587459429e-02
4.365258064923169951e-02
4.214571264621332775e-02
4.068483005134766045e-02
3.926895908583604572e-02
3.789751178609256088e-02
3.656835925050355013e-02
3.528060473907109612e-02
3.403373650847044823e-02
3.282583222072298773e-02
3.165605795302507686e-02
3.052399127355584496e-02
2.942790306912488121e-02
2.836700935046216829e-02
2.734097685900815922e-02
2.634823975844179447e-02
2.538805486244136503e-02
2.446016151247855722e-02
2.356311182446620134e-02
2.269619916554992123e-02
2.185920372814609269e-02
2.105074100356780706e-02
2.027014132586237027e-02
1.951718485155307797e-02
1.879049793964436901e-02
1.808945195195419894e-02
1.741378702917114121e-02
1.676210537622184818e-02
1.613382587757843101e-02
1.552862174291437525e-02
1.494506940507656090e-02
1.438264279930689948e-02
1.384094552254388176e-02
1.331856992431734894e-02
1.281505129289677893e-02
1.232995116962693621e-02
1.186195897481792140e-02
1.141067274641019424e-02
1.097566643098359974e-02
1.055582500158164759e-02
1.015080137121880839e-02
9.760248714090358907e-03
9.383326650132448737e-03
9.019723221359974077e-03
8.669227219915530067e-03
8.331294941446788088e-03
8.005620056699505951e-03
7.692150157545219087e-03
7.390583016407361629e-03
7.100586611516367802e-03
6.822245015676493309e-03
6.555375467230045890e-03
6.299598427613768183e-03
6.055071795536535496e-03
5.821583000643297014e-03
5.598702106582530667e-03
5.386579275231079961e-03
5.184847386409660586e-03
4.993044676735262748e-03
4.811241382223527957e-03
4.638856251902391536e-03
4.475429678618567109e-03
4.320911715184413623e-03
4.174525168704396050e-03
4.035850324667953661e-03
3.904716719388871739e-03
3.780230056665253094e-03
3.662040306515345744e-03
3.549888610304119483e-03
3.442868491283579760e-03
3.340714571862487756e-03
3.243127469892023024e-03
3.149284947140852317e-03
3.059006019383487835e-03
2.971997235722609928e-03
2.887586644742668254e-03
2.805666557060991582e-03
2.725983313405970412e-03
2.648045073578890723e-03
2.571801413045404164e-03
2.497056348408385144e-03
2.423497415764119464e-03
2.351115182098803894e-03
2.279775608061432746e-03
2.209324351526825801e-03
2.139778833850100679e-03
2.071062241867424342e-03
2.003145729806611423e-03
1.936062040027537387e-03
1.869782088671425625e-03
1.804364999630188879e-03
1.739849477822840015e-03
1.676242637941144885e-03
1.613653596890436215e-03
1.552119357570296530e-03
1.491671202467646784e-03
1.432433430301246124e-03
1.374435200609443360e-03
1.317720428627384326e-03
1.262400167965613100e-03
1.208491238509325476e-03
1.156040041489096119e-03
1.105124759069508718e-03
1.055747264750805372e-03
1.007948502611456841e-03
9.617639385543458146e-04
9.171799734510034620e-04
8.742268971758325154e-04
8.328966926975243023e-04
7.931618321172736498e-04
7.550396078803996549e-04
7.184847549200397030e-04
6.834591087271760018e-04
6.499671412648300129e-04
6.179367797436420779e-04
5.873236021847684681e-04
5.581213028988168869e-04
5.302428091337045872e-04
5.036420145199473107e-04
4.783049360228005891e-04
4.541403095777269100e-04
4.311042233657204760e-04
4.091783720542500977e-04
3.882755274924232138e-04
3.683565427169591231e-04
3.494017409246615740e-04
3.313329051390111516e-04
3.141167397933314386e-04
2.977343320834632866e-04
2.821183798728214430e-04
2.672412879354234272e-04
2.530861072246302934e-04
2.395960687430314642e-04
2.267483802591482302e-04
2.145284518913407972e-04
2.028884106359898649e-04
1.918091328574127944e-04
1.812782545083973162e-04
1.712548289245018713e-04
1.617223905064493284e-04
1.526704315369848167e-04
1.440632285084640423e-04
1.358862468413224672e-04
1.281304455760243547e-04
1.207641248002929547e-04
1.137742378411107100e-04
1.071529079392545075e-04
1.008717349756135226e-04
9.491892233954098048e-05
8.928755954143711060e-05
8.395214813902745132e-05
7.890201984858833328e-05
7.413110780683942287e-05
6.961658491296432807e-05
6.534884074688264769e-05
6.132256647711676765e-05
5.751743428870707933e-05
5.392483734100873269e-05
5.054014974902148576e-05
4.734537535582423036e-05
4.433285840130549654e-05
4.149858066361782337e-05
3.882669928130641403e-05
3.631045440527679637e-05
3.394636028770897884e-05
3.172054150227742678e-05
2.962707501951725313e-05
2.766293707191700400e-05
2.581603415653552520e-05
2.408121653428748127e-05
2.245586076797231176e-05
2.092947633548735599e-05
1.949761889638718240e-05
1.815801419461847728e-05
1.690160557135406155e-05
1.572458289238585862e-05
1.462497958072077992e-05
1.359501459944825024e-05
1.263143963612979434e-05
1.173256155824855823e-05
1.089172760563588576e-05
1.010618046281540598e-05
9.374470762697254035e-06
8.690937442080533522e-06
8.053247663424862441e-06
7.460168576322141553e-06
6.906905126533617264e-06
6.391488866455554412e-06
5.912877537839933862e-06
5.467027669169037092e-06
5.052282669917317645e-06
4.667766136283556555e-06
4.310083357380178999e-06
3.977844681960572668e-06
3.670316467200863224e-06
3.384661542612282011e-06
3.119719110622823789e-06
2.874877425406926011e-06
2.647776712354851001e-06
2.437452539021816026e-06
2.243396778791427719e-06
2.063656977550301990e-06
1.897436900643370287e-06
1.744316337512302936e-06
1.602688889502330302e-06
1.471901662368005890e-06
1.351608919632747125e-06
1.240496642404203612e-06
1.138033114342863055e-06
1.043935456251642845e-06
9.571349766650438353e-07
8.772014132122176302e-07
8.039045722112032254e-07
7.363800151869366593e-07
6.742816056584550629e-07
6.174228820630821481e-07
5.651081559686401308e-07
5.170604862055525709e-07
4.731293319109286235e-07
4.327574980175650762e-07
3.957246282888162705e-07
3.619094347793132465e-07
3.308678170909484353e-07
3.024255131857074916e-07
2.764849564906504817e-07
2.526940817112598148e-07
2.309160533865611490e-07
2.110725577055966112e-07
1.928862169108326999e-07
1.762504501695643736e-07
1.611026429833254273e-07
1.472258151230885133e-07
1.345376698126141080e-07
1.229884616765397673e-07
1.124097838078138452e-07
1.027386300488827864e-07
9.393582632050197333e-08
8.587171002601256358e-08
7.849839850074501396e-08
7.178537016177443488e-08
6.563353471896361138e-08
6.000669425497812371e-08
5.488133974019261098e-08
5.018220533736008210e-08
4.588199421704644043e-08
4.196279684757494025e-08
3.836767697111836303e-08
3.507603921418760514e-08
3.207436666666034245e-08
2.931966221315405971e-08
2.679633716819833542e-08
2.449425838644184187e-08
2.238093330320645707e-08
2.044450351718444329e-08
1.867739972676594578e-08
1.705500130344741907e-08
1.556823521310264318e-08
1.421144902070084320e-08
1.296591053736843642e-08
1.182463927642231597e-08
1.078340283225613367e-08
9.827881319969569957e-09
8.952679540675287672e-09
8.154612047834426743e-09
7.422680003869035835e-09
6.752699952436401394e-09
6.142257896388234966e-09
5.582870258780256938e-09
5.071287321601840864e-09
4.605665255347213959e-09
4.179438721012090510e-09
3.790082224354703678e-09
3.436175863465274841e-09
3.112627250792892514e-09
2.817475276396221956e-09
2.549617849919489961e-09
2.305100591922570996e-09
2.082403535506751414e-09
1.880665232471517990e-09
1.696815036706835545e-09
1.529678282238244471e-09
1.378577751975611205e-09
1.241131729741956135e-09
1.116435823267993436e-09
1.003955473563102407e-09
9.018473891160498769e-10
8.094184456325400341e-10
7.262457641716536872e-10
6.509073489666697062e-10
5.828748150447012733e-10
5.218135637662233475e-10
4.666312144793180373e-10
4.169274055349410590e-10
3.724378699904138881e-10
3.323277863044610717e-10
2.962958707611141180e-10
2.641342006983962340e-10
2.352087373053735714e-10
2.092945025781211923e-10
1.862288504618207340e-10
1.655337289888298273e-10
1.470425966184213865e-10
1.306292049377801905e-10
1.159361290560717663e-10
1.028412804071052032e-10
9.124760042032473813e-11
8.089038639123376742e-11
7.168109282908512019e-11
6.354594528537998169e-11
5.629096684767494495e-11
4.985267620009675571e-11
4.417571576673132396e-11
3.911954208822370138e-11
3.463918584543424370e-11
3.069368960802925159e-11
2.718241754683919890e-11
2.407389134866592215e-11
2.133825242925514558e-11
1.890427833561546502e-11
1.675017851074133442e-11
1.485450649818122964e-11
1.316740430175931691e-11
1.167393069742815585e-11
1.035889790112136350e-11
9.187729775930523199e-12
8.150253104962992903e-12
7.235846547108713497e-12
6.420699400980693250e-12
5.697910030465118407e-12
5.060124201201094978e-12
4.491008222250851553e-12
3.985878249188057782e-12
3.539674475735100386e-12
3.141194742610413686e-12
2.787246114147487347e-12
2.474354049835443331e-12
2.194808872073203330e-12
1.946416711414414122e-12
1.726784699380515762e-12
1.530571711519995537e-12
1.356255414055537473e-12
1.202175839823800003e-12
1.064601704298129114e-12
9.424663684333692019e-13
8.346065115018568677e-13
7.383938021798696332e-13
6.530753945158597374e-13
5.778272710149771394e-13
5.107863514291441386e-13
4.514195424414201106e-13
3.991382287535863723e-13
3.526180671440526826e-13
3.114822008475909905e-13
2.753085224351863303e-13
2.431569144496584240e-13
2.147626704388046203e-13
1.898235813568744871e-13
1.676757504047899191e-13
1.481351159391642927e-13
1.309867221646435530e-13
1.157653936829280036e-13
1.023446803618220090e-13
9.057309284645441356e-14
8.012743921250349781e-14
7.092187727054430172e-14
6.285054051227223239e-14
5.569037134748782344e-14
4.938365909568033734e-14
4.385668826763306410e-14
3.895591331478470425e-14
3.464278539350424938e-14
3.086576129155392012e-14
2.751888957614584989e-14
2.457652470781989175e-14
2.200219105618848688e-14
1.972232978344580161e-14
1.771996564324632264e-14
1.596888144705916579e-14
1.441770981050567303e-14
1.305533935867882657e-14
1.186271011165206783e-14
1.080395417535157874e-14
9.871952600432838644e-15
9.052857341333566037e-15
8.321898575008070890e-15
7.674653531947264031e-15
7.101244198784341905e-15
6.584989415911875722e-15
6.123216809438169234e-15
5.709160342881821499e-15
5.332028103455679678e-15
4.990189236322198796e-15
4.679321598406804866e-15
4.392809832652749615e-15
4.129549556107467134e-15
3.887084138067251428e-15
3.661600295129413544e-15
3.452184759743926235e-15
3.257717364296781081e-15
3.076098222803283447e-15
2.906434176493172699e-15
2.748458174400442074e-15
2.600967706767425264e-15
2.463052342464638551e-15
2.334879094050982930e-15
2.215590654980691108e-15
2.104309599122706351e-15
2.001309741176052593e-15
1.905767370203835626e-15
1.816924318597945641e-15
1.734947179782895850e-15
1.658930542414343728e-15
1.588313010436858762e-15
1.523056195196216565e-15
1.462193053553445093e-15
1.405399812802487879e-15
1.352432522182519288e-15
1.302352225118452933e-15
1.255068918136106568e-15
1.210195044839783265e-15
1.166922260504563151e-15
1.125353650323827962e-15
1.085044569226524389e-15
1.045394006551194471e-15
1.006636514382069634e-15
9.683511073681703431e-16
9.301770074022879477e-16
8.924139009031011065e-16
8.547219480405333665e-16
8.169688007929531801e-16
7.794602568300842339e-16
7.419664226719626626e-16
7.045370415007590086e-16
6.674390350138404964e-16
6.305552815490339929e-16
5.940519190105787124e-16
5.581284755020084376e-16
5.227641658419401784e-16
4.881720148763381000e-16
4.544717086828962917e-16
4.217110022378374316e-16
3.900893455191731398e-16
3.596480252682871045e-16
3.304717372848135919e-16
3.027034370024137473e-16
2.763180050646206609e-16
2.514080356220251913e-16
2.280382060197535222e-16
2.061354988931110579e-16
1.857784543409473307e-16
1.669518650976002532e-16
1.495556351406775953e-16
1.336416531669106627e-16
1.191288956069224406e-16
1.059095449357383675e-16
9.400551563210142886e-17
8.329313078792480790e-17
7.367196117590150769e-17
6.513788942430867019e-17
5.754987958646407855e-17
5.082432929972571774e-17
4.493920172801224866e-17
3.975778277365486473e-17
3.521706707721722708e-17
3.128620853659352450e-17
2.784746214249528794e-17
2.485766804806689124e-17
2.228486872548452054e-17
2.003710630666982445e-17
1.808754231140446297e-17
1.640816372951330602e-17
1.493309757440887037e-17
1.364728008468770673e-17
1.252895214566318662e-17
1.153449660881933968e-17
1.065636074465985856e-17
9.879236228118097233e-18
9.176244160389471148e-18
8.544050077135227995e-18
7.972776050713909912e-18
7.446874637365448895e-18
6.965056055319135913e-18
6.521423858684520218e-18
6.107416224700623437e-18
5.722552280113084577e-18
5.363549958195299568e-18
5.025794974198717895e-18
4.709019993564252024e-18
4.411501180662198433e-18
4.130675333646274488e-18
3.866261353967329078e-18
3.617382261373566485e-18
3.382455882897314717e-18
3.161137578729649414e-18
2.952968232637648046e-18
2.756800684025551304e-18
2.572245071139655989e-18
2.399026462466803428e-18
2.236185259993089621e-18
2.083320339530439213e-18
1.940227037737714220e-18
1.806039812982477977e-18
1.680375460104918519e-18
1.563052058032136801e-18
1.453275122625779058e-18
1.350698361752532177e-18
1.255148223388803794e-18
1.165904631740488785e-18
1.082667503980178343e-18
1.005271554035773892e-18
9.330795557764477252e-19
8.658395579684324325e-19
8.033988550512412932e-19
7.452078930923479625e-19
6.910599604927712013e-19
6.408190849181215572e-19
5.940223582818585506e-19
5.505028080627124438e-19
5.101435130283769408e-19
4.725621090683884638e-19
4.376249076382565352e-19
4.052343307781541010e-19
3.750792084481534138e-19
3.470528115616793126e-19
3.210756256588780415e-19
2.968969360759079245e-19
2.744313766425068233e-19
2.536152723186398938e-19
2.342476788784331424e-19
2.162599610865900578e-19
1.996016793239139818e-19
1.841119443414391438e-19
1.697351910608276907e-19
1.564316408760474248e-19
1.440721651544969986e-19
1.326114643140981549e-19
1.220181215650381661e-19
1.121880094035565017e-19
1.030839838520657585e-19
9.468107740382074595e-20
8.689484265767519794e-20
7.969471331979780228e-20
7.306066351053264231e-20
6.692383881047793358e-20
6.125906244276708416e-20
5.605011004706548552e-20
5.124062506473329886e-20
4.680990798456686448e-20
4.274469951140394908e-20
3.899880249523039341e-20
3.555527306335598943e-20
3.240321345179299766e-20
2.950479945886488990e-20
2.684625175338810621e-20
2.441859791827565511e-20
2.219098868942124014e-20
2.015230912234622375e-20
1.829518913002500798e-20
1.659462391634099482e-20
1.504172965141890172e-20
1.363048810255003810e-20
1.234079355922931134e-20
1.116561366834363927e-20
1.010007653062686482e-20
9.128163864024052016e-21
8.244362241559854609e-21
7.444768877426498031e-21
6.716746160540895262e-21
6.056011014654731093e-21
5.459472299298126455e-21
4.917256723154602343e-21
4.426064974655108996e-21
3.983476521396763878e-21
3.581849482914508197e-21
3.218661480838581807e-21
2.892037422049289537e-21
2.596113058802293471e-21
2.328972797568140884e-21
2.089178061110824692e-21
1.872263022282557354e-21
1.676781475522803260e-21
1.501638879592352445e-21
1.343457122255431003e-21
1.201150247486431667e-21
1.073891226463712292e-21
9.591398372547680711e-22
8.560848499354037926e-22
7.641049447712891424e-22
6.813002321480173411e-22
6.070678813842750761e-22
5.409434062074470784e-22
4.815131416416813183e-22
4.283315940676400725e-22
3.810531004835822469e-22
3.386312485719380071e-22
3.007387674363506618e-22
2.671196095180137934e-22
2.370034401117267888e-22
2.101513583595976376e-22
1.863746551463773338e-22
1.651095496903638933e-22
1.461828051683256723e-22
1.294561258566597905e-22
1.145194668892012175e-22
1.012480569668849252e-22
8.954117806633384304e-23
7.910253543938185900e-23
6.984286768941256494e-23
6.168931432302017571e-23
5.442918812608562596e-23
4.799904589586042324e-23
4.234654295001787957e-23
3.732000312137869545e-23
3.287461062070597160e-23
2.897301695657230232e-23
2.550773521872682795e-23
2.244728946017523205e-23
1.976520590883065225e-23
1.738576538972157298e-23
1.528697909516015873e-23
1.345019685153146131e-23
1.182237501548340627e-23
1.038822924726979275e-23
9.134695754626336786e-24
8.024809668907058833e-24
7.047997363820609021e-24
6.195156764324201268e-24
5.440655409567300842e-24
4.777211984006492672e-24
4.198516836559616509e-24
3.686880550377480892e-24
3.237311269325310950e-24
2.845456750866952233e-24
2.499166184927742064e-24
2.195032017717691434e-24
1.930066988408977894e-24
1.695962934337563869e-24
1.490403291934699556e-24
1.311347759700741359e-24
1.153140757866715711e-24
1.014213323147340606e-24
8.931785977942153328e-25
7.862026550135693519e-25
6.922263237849806123e-25
6.103111116124892845e-25
5.378675390326906150e-25
4.741824198896397619e-25
4.186231167976388800e-25
3.694458486678638831e-25
3.261712093353577115e-25
2.883739977681088805e-25
2.548823057610595787e-25
2.253740846091818546e-25
1.995640692807854551e-25
1.766653675615395182e-25
1.564615256992153773e-25
1.387612566083349015e-25
1.230359817338735554e-25
1.091399636921101371e-25
9.694482585235802450e-26
8.609490439632576100e-26
7.649178246212619617e-26
6.804912626826850339e-26
6.052692565040968478e-26
5.385844691266196519e-26
4.798545295959225516e-26
4.274534512504444905e-26
3.809264594197287813e-26
3.398792430775245149e-26
3.032051338967271339e-26
2.705924575098748707e-26
2.417731395144406715e-26
2.159901590568384657e-26
1.930286353491150946e-26
1.727055538535307970e-26
1.545004042049126340e-26
1.382641535390412006e-26
1.238713488591489872e-26
1.109623148866802324e-26
9.943310073210195941e-27
8.919737897297748438e-27
8.000545855217662992e-27
7.178445695962695363e-27
6.447475449832164856e-27
5.790228146592886198e-27
5.201570286900813118e-27
4.677370156668528344e-27
4.205446432132733289e-27
3.782168755157835319e-27
3.404664056310366461e-27
3.064378062491555762e-27
2.758734306011838759e-27
2.485727938420812552e-27
2.239331617645677870e-27
2.017710911465343576e-27
1.819461511301619940e-27
1.640322069330745561e-27
1.478982424601030577e-27
1.334454700995444262e-27
1.203715028991196537e-27
1.085824722286781956e-27
9.800853970878125993e-28
8.843424199093300383e-28
7.979209685235042552e-28
7.203244712757673277e-28
6.500103911745575312e-28
5.864917748762463526e-28
5.294132279607182609e-28
4.776644896396729894e-28
4.308927017627153448e-28
3.888416787269029451e-28
3.507075585780165127e-28
3.162334746426221286e-28
2.852333719522289469e-28
2.571215861454068588e-28
2.317102119368066509e-28
2.088631406703876275e-28
1.881510166249411589e-28
1.694356998551029988e-28
1.526169688809261110e-28
1.373782453158016403e-28
1.236175010371394986e-28
1.112605523992242278e-28
1.000728560669892542e-28
8.997875979111457932e-29
8.092315865890135665e-29
7.273169988174073558e-29
6.534813531721828012e-29
5.873146648513880862e-29
5.275187501952383790e-29
4.736749183603636691e-29
4.254782508639538263e-29
3.819624627259270602e-29
3.428161033337732274e-29
3.078128945431994754e-29
2.762352004933794146e-29
2.478519241400867405e-29
2.224957735324584362e-29
1.996358709563575909e-29
1.791014530283643013e-29
1.607694389990717224e-29
1.442491590755290434e-29
1.294151103371676597e-29
1.161772361655894219e-29
1.042497650888420062e-29
9.354101520008486098e-30
8.398545851016692042e-30
7.537533186882401326e-30
6.764406413064186236e-30
6.074421363908943155e-30
5.452556975267030613e-30
4.894005304832790437e-30
4.395344975387466792e-30
3.945763242095465551e-30
3.541801785414684022e-30
3.180998867436276378e-30
2.855591718234498858e-30
2.563098606489879833e-30
2.301749044576431880e-30
2.065973648779377734e-30
1.853992270009056941e-30
1.664529765585551400e-30
1.493585242022979211e-30
1.339880085984797770e-30
1.202493222721468782e-30
1.078542263913029457e-30
9.671063779789837603e-31
8.675177116467328990e-31
7.776918194545652141e-31
6.969633269531237242e-31
6.248461055012850514e-31
5.598268956338323134e-31
5.014233508438529364e-31
4.492804923347692631e-31
4.022962121494299561e-31
3.601199735461570789e-31
3.224920721657182737e-31
2.886082879007392992e-31
2.582135452486175110e-31
2.311177789316442158e-31
2.067339096321998755e-31
1.848763416639445167e-31
1.654061422732161612e-31
1.478952246617354740e-31
1.322087329051019328e-31
1.182453612775443404e-31
1.056936957616907928e-31
9.445598244461983573e-32
8.445859682918810706e-32
7.547572382827852743e-32
6.743671777253846025e-32
6.028826907696402110e-32
5.386721768574684427e-32
4.812267430031746358e-32
4.301617893314781478e-32
3.843025653391811833e-32
3.432836296104523112e-32
3.068284073009201184e-32
2.740937136747655865e-32
2.448178264465168757e-32
2.188023669737267480e-32
1.954436406133438282e-32
1.745546013991270904e-32
1.559932200603199655e-32
1.393280341318090956e-32
1.244255637800697296e-32
1.111842371843363125e-32
9.929601734788243559e-33
8.866573506841716218e-33
7.922078967160712767e-33
7.074137022790031548e-33
6.315965120591001234e-33
5.642374513620940137e-33
5.037681061168609307e-33
4.497051470195166497e-33
4.016776906001186915e-33
3.585664620242239327e-33
3.200270170243191634e-33
2.857942061626113753e-33
2.550691007702207180e-33
2.276062066514282611e-33
2.032159429485537425e-33
1.813279405814488358e-33
1.617672166393755164e-33
1.443982232453298864e-33
1.288137349457541416e-33
1.148890277014043197e-33
1.025272018257130079e-33
9.143752679235275160e-34
8.153110954625746884e-34
7.273869885744727002e-34
6.485276879795517947e-34
5.780997420462309296e-34
5.156084248516279066e-34
4.595727973451351463e-34
4.095415702586263160e-34
3.651614780816862002e-34
3.253760718253085650e-34
2.898639400846679406e-34
2.583729616778991131e-34
2.301498303234832860e-34
2.049657236807947423e-34
1.826408129521505563e-34
1.626382289433599291e-34
1.447951443844379110e-34
1.289833808426324553e-34
1.148205580182548564e-34
1.021908776479599081e-34
9.100304757542456895e-35
8.098492087793701970e-35
7.205420256603215900e-35
6.414592938445694102e-35
5.706657467735290640e-35
5.075770104723150353e-35
4.517312650418912043e-35
4.017536480299687298e-35
3.572295793190444005e-35
3.178311062920056620e-35
2.825825219607765654e-35
2.511900008535649621e-35
2.234209159603896483e-35
1.985836022856956364e-35
1.764700374268863757e-35
1.569153998372128804e-35
1.394299335864090630e-35
1.238665219966395523e-35
1.101085151571103705e-35
9.780951181286620825e-36
8.686557951160938043e-36
7.719424786832168642e-36
6.855076958714531905e-36
6.086179525638696819e-36
5.406907551088710254e-36
4.799985652665770467e-36
4.260242228766418680e-36
3.783566694024188220e-36
3.357776306815429267e-36
2.979228012097992195e-36
2.645023318904082695e-36
2.346577956305398148e-36
2.081327767253891907e-36
1.847230432629438140e-36
1.638241908991037846e-36
1.452558849657440097e-36
1.288743207025876614e-36
1.142542627458408873e-36
1.012689824319800033e-36
8.981729368113285322e-37
7.960024161610925253e-37
7.052883998849414939e-37
6.253194263363062498e-37
5.539954032629072035e-37
4.906920192908220376e-37
4.349094257842046717e-37
3.851736244272710393e-37
3.410470158076365852e-37
3.021787299701512192e-37
2.675351913397200612e-37
2.368099855816282767e-37
2.097570564137468210e-37
1.856524163187106184e-37
1.642817486858304072e-37
1.454726828208172252e-37
1.287186692484937832e-37
1.138699887603087742e-37
1.008060273745454633e-37
8.917280458787113602e-38
7.886586219765719946e-38
6.980090362141958289e-38
6.173088225397984574e-38
5.458301487207872172e-38
4.829845985331879122e-38
4.270502641699046865e-38
3.775206927181007250e-38
3.339856614720223048e-38
2.952465604807940993e-38
2.609514422475109413e-38
2.308146606704015576e-38
2.040029081755928861e-38
1.802719112037200452e-38
1.594229966893484619e-38
1.408774945084907895e-38
1.244660570994360401e-38
1.100506477737953549e-38
9.722983820698176152e-39
8.588634355598653946e-39
7.592434535602261869e-39
6.706561649168325142e-39
5.922899924141668266e-39
5.234803296602414353e-39
4.623002121074047609e-39
4.081884498765804363e-39
3.606843587050042132e-39
3.184541165701909505e-39
2.811098901648696988e-39
2.483325084630271079e-39
2.191991220498724404e-39
1.934418209168493127e-39
1.708395653385806746e-39
1.507540670918791600e-39
1.330003230295361918e-39
1.174253049272035805e-39
1.035876658195288577e-39
9.135969305663169152e-40
8.063547770475580847e-40
7.110993397121464899e-40
6.269492649692991875e-40
5.531718367361185239e-40
4.876588150058279552e-40
4.298021994624586732e-40
3.790953008565842076e-40
3.340818855742784282e-40
2.943427233000453645e-40
2.595276314359636998e-40
2.286313096260330773e-40
2.013648617859951307e-40
1.774864476174562554e-40
1.563025671575366818e-40
1.376142864386675133e-40
1.212547360643073837e-40
1.067459312974999016e-40
9.395100692943706780e-41
8.275494183770140598e-41
7.282862943552070914e-41
6.407800226251748987e-41
5.642386795445812408e-41
4.963988443834821797e-41
4.366147057842117788e-41
3.843416818282961006e-41
3.380249925002614344e-41
2.972217789782048921e-41
2.615580115446581317e-41
2.299670064291885150e-41
2.021454382124230726e-41
1.778367289206177121e-41
1.563099546897385609e-41
1.373576037499578262e-41
1.208038732726035618e-41
1.061484981087674434e-41
9.324967490530806005e-42
8.198707779492053336e-42
7.201868619655437199e-42
6.324770181541775033e-42
5.559185172676974946e-42
4.881754034079630800e-42
4.285875660973745605e-42
3.765929791705861430e-42
3.305977019666231406e-42
2.901519953111864937e-42
2.548722508065936585e-42
2.236717868444974347e-42
1.962444634773803998e-42
1.723286603914680414e-42
1.511841390656550513e-42
1.326026883581157684e-42
1.164060236938377310e-42
1.020903152145147667e-42
8.951407792209025396e-43
7.855591442221003592e-43
6.887319107004638373e-43
6.036985148073996282e-43
5.296330299739326426e-43
4.642074152157714586e-43
4.067701467694536751e-43
3.567598080348971507e-43
3.125960983246832946e-43
2.738375519421428154e-43
2.401029166589758674e-43
2.103205514393260568e-43
1.841916421424870590e-43
1.614575489217293364e-43
1.413923424361696961e-43
1.237939896466669654e-43
1.084872186127967790e-43
9.498083089084448139e-44
8.313838423070899114e-44
7.284123337262196830e-44
6.375738443281383003e-44
5.579479672023443999e-44
4.887324554050265342e-44
4.276859106957607061e-44
3.741881400263283022e-44
3.276972716654909897e-44
2.867016880808275461e-44
2.507839309578661271e-44
2.195783731832134386e-44
1.920665918631391992e-44
1.679678682909350023e-44
1.470357314229106492e-44
1.285846685639651837e-44
1.124260800716043901e-44
9.839396250483567526e-45
8.602726782309624266e-45
7.519938737825952544e-45
6.579860096649666613e-45
5.751505083609272066e-45
5.026380351674047097e-45
4.396972321923461740e-45
3.842469571862472345e-45
3.357178045649612197e-45
2.936047726363118073e-45
2.565108697549883443e-45
2.240545757378748659e-45
1.958966637665830688e-45
1.710998807437266665e-45
1.494087324809311946e-45
1.305954745645535554e-45
1.140316190606024507e-45
9.954615836861599190e-46
8.698627880590810425e-46
7.593076178168860758e-46
6.626521080644821350e-46
5.788715055124835505e-46
5.051443682821283033e-46
4.407058834703116823e-46
3.848693058954380213e-46
3.357459424088288409e-46
2.928247969110968958e-46
2.556459711362166039e-46
2.229460497519676877e-46
1.943838645416204169e-46
1.696516736742763097e-46
1.479049959394893257e-46
1.289162321707384730e-46
1.124796325771876804e-46
9.803123447526896832e-47
8.541934324617452325e-47
7.450652832133373966e-47
6.491655554371034545e-47
5.654843473104908156e-47
4.931048736220347369e-47
4.295207740149482990e-47
3.740605720558736831e-47
3.261145405803233878e-47
2.840154414647712727e-47
2.473162640964705160e-47
2.156106573855893090e-47
1.877851875104868902e-47
1.635417516097751173e-47
1.426101133384807089e-47
1.242577705670487142e-47
1.082889460111621169e-47
9.452988911022243280e-48
8.247680387729096532e-48
7.198700443257253114e-48
6.292382941943370491e-48
5.492155523227250754e-48
4.789461844279060794e-48
4.174337919830060026e-48
3.627583207650584680e-48
3.146294914598956084e-48
2.726279693829108302e-48
2.358668157457441205e-48
2.041131966859608083e-48
1.770886432000394076e-48
1.541442171733070418e-48
1.351918556368043891e-48
1.190772769271252672e-48
1.047316655828181679e-48
9.320667043396577740e-49
8.102830569164366868e-49
6.891209740978384780e-49
6.210461382300521505e-49
4.989226722634552680e-49
3.606936259625251545e-49
3.873141341766682873e-49
2.376491288861681204e-49
4.815094545388131733e-50
4.291558694645858502e-49
