6.545985876329291102e-27
-1.066057452521289134e-26
4.740516595906774514e-27
5.668420108161101869e-27
-3.310134392546511086e-27
8.014935207154747112e-27
1.565329424273903153e-26
1.953657590055225242e-26
3.638964986269955344e-26
5.876697557956714531e-26
9.285704164149439975e-26
1.484871554449947378e-25
2.198709083602778207e-25
3.190057114186371262e-25
4.696685012541828449e-25
6.434701699860750950e-25
8.144225035887441959e-25
1.070631567761689116e-24
1.275700919603115043e-24
1.260646971259347348e-24
1.365061983979973859e-24
9.641820784044131182e-25
-5.708943126168042139e-26
-3.118836789952902548e-25
-2.277044375332426502e-24
-2.747784991668297651e-24
3.932358110430229182e-24
1.117627154030469995e-23
4.788864362962555079e-23
1.346827317487513531e-22
2.620481319546671896e-22
5.997045305137099674e-22
1.217336585958854968e-21
2.137121473857961766e-21
4.088730010529978279e-21
7.274683024947103844e-21
1.190976441286832578e-20
2.039964694179675121e-20
3.324275524093131499e-20
5.095964384151224762e-20
7.985897850040581201e-20
1.213660727906789196e-19
1.755765622966296563e-19
2.561913202882501780e-19
3.676084149951823909e-19
5.018095744624833574e-19
6.888197051355775334e-19
9.472405197004896670e-19
1.241788832507920144e-18
1.619815844601983220e-18
2.132891770345405500e-18
2.667886145173638063e-18
3.381055156222510475e-18
4.442232640375880306e-18
5.443105944400043499e-18
6.486394355597503684e-18
8.010818296955906647e-18
9.792913916719689811e-18
1.260047949224522467e-17
1.703565745229873752e-17
1.888548753761047140e-17
1.928185023217157777e-17
2.272136816643033328e-17
3.961856294709384236e-17
6.311713193863863128e-17
8.263121727498571115e-17
5.764442633798891939e-17
4.613121926995685296e-17
1.026539428373854990e-16
3.626450396053407695e-16
5.903055278109288732e-16
5.922425174056044857e-16
1.138299049763274529e-16
1.637471590447313934e-16
1.274126087486481066e-15
3.941058323906579319e-15
4.693569756991518312e-15
2.057160538598643413e-15
-3.987061562764009519e-15
-4.476535876629975086e-15
3.359969692759995245e-15
1.462690141114081360e-14
6.955701529004463575e-16
-4.298261822900122697e-14
-1.064564542873147815e-13
-1.188997879096331091e-13
-6.809172750902372135e-14
1.983023661653678030e-16
-1.116784138579743333e-13
-4.203698971410123247e-13
-7.845598920552690697e-13
-6.454077274800862672e-13
2.399098029501741641e-14
7.464232570109447972e-13
-2.634136489009158932e-13
-3.087149961427199460e-12
-6.314261446097217099e-12
-3.177677432792173419e-12
7.019463810793859046e-12
1.742247578232306700e-11
3.599664542937374242e-12
-3.557489968794225368e-11
-6.829361829023879277e-11
-1.164721028084893692e-11
1.314181044807123564e-10
1.992441042662805987e-10
-3.715959776218243780e-11
-5.058289162520407637e-10
-4.771072933800552431e-10
5.299675290083654794e-10
2.045515206391603815e-09
8.095815686484661584e-10
-2.879442815765171807e-09
-6.262742834989790668e-09
1.367509970337847897e-09
1.366076902046057700e-08
2.050173559740440879e-08
-2.561877724637444614e-09
-3.280336971052949937e-08
-4.585327440466551885e-08
-2.564989608509553516e-08
1.318132081718674722e-08
5.767754603016950992e-08
2.142413519069386859e-07
2.710310870848330344e-07
8.590866425912507754e-08
-8.779930122764936394e-07
-1.521803161910228077e-06
-1.156587292543310576e-06
1.842086374482082477e-06
4.902053705985993922e-06
6.219390454820148552e-06
2.176217615531990972e-06
-5.975073504777895788e-06
-1.586285254328555566e-05
-2.478059056101612192e-05
-1.329076160936517861e-05
2.468065916177196323e-05
1.210604503599957524e-04
2.492028414162772193e-04
3.767671005858207797e-04
4.319408452751106087e-04
4.011065291645195805e-04
3.308825448939825358e-04
2.615809017269686196e-04
3.092008157587059543e-04
4.919510225871711944e-04
9.580929296496426550e-04
1.707612250433951416e-03
2.639969536349722271e-03
3.596002724090229235e-03
4.141923145157826343e-03
4.234784050497601877e-03
3.420443674732947473e-03
1.920403822674767065e-03
9.098539906281851320e-05
-1.053885399393327069e-03
1.172914784948384448e-03
6.986309144465781794e-03
1.803202555261838175e-02
3.320860148972693687e-02
5.148958422226434378e-02
7.116155385256579813e-02
8.826004863271509626e-02
1.029084799142953033e-01
1.142241039119275409e-01
1.244121762815976334e-01
1.333096705227712342e-01
1.404338267826412412e-01
1.453049833062678708e-01
1.473918172479018740e-01
1.448827460522232324e-01
1.355199115966415901e-01
1.215058002636755091e-01
1.047096957203165341e-01
8.693037100150913243e-02
6.813766887276449802e-02
5.012010983816670567e-02
3.701017188927887419e-02
2.811824734100283260e-02
2.237863386619315387e-02
1.918251086931949123e-02
1.891542209698416840e-02
2.028955313057812654e-02
1.980596404247050510e-02
1.770417979421699470e-02
1.675875937558688952e-02
1.790131970355847771e-02
1.875948049561072459e-02
1.807019026831567163e-02
1.612607026597131371e-02
1.475677131685063266e-02
1.491975769885679586e-02
2.234911754865099784e-02
3.727614284292175839e-02
6.131916800134908779e-02
8.899431800409131343e-02
1.157673957276039167e-01
1.383827369667709195e-01
1.498656936601550638e-01
1.526039886900757703e-01
1.446226521676764742e-01
1.285277461040293390e-01
1.079808383008522138e-01
8.227548824716657272e-02
5.734421027001933985e-02
3.621652647180195056e-02
2.746622567044492910e-02
3.432915326707206005e-02
4.707404956800679413e-02
5.791521487848671351e-02
6.284799143484630368e-02
6.986983237866162266e-02
8.224889990104375381e-02
1.009282244197314687e-01
1.231865535077059093e-01
1.510209274719419292e-01
1.796953576658435192e-01
2.038025440087687656e-01
2.145873630005585841e-01
2.127349500481021949e-01
2.060142556021929694e-01
1.976981807772469624e-01
1.906201649888462912e-01
1.843444923273825087e-01
1.768050949998613841e-01
1.696034281313072434e-01
1.663413414486724085e-01
1.602500882262207493e-01
1.504938027125603817e-01
1.521593995138007804e-01
1.519821494748349322e-01
1.425523575695994694e-01
1.649767250064748947e-01
1.842371243622416277e-01
2.326430999253951970e-01
4.251321088684127947e-01
7.169029512997852072e-01
1.208923582250596818e+00
2.067766496804736676e+00
3.231613669562025226e+00
4.870420408017679392e+00
7.248660838632659420e+00
1.045844923766127188e+01
1.546314951451913267e+01
2.256975802022031630e+01
3.242592573960822477e+01
4.597280502724972706e+01
6.251984018333380533e+01
8.249791936678045090e+01
1.047188355365533994e+02
1.278383044743695933e+02
1.515058857050405550e+02
1.737518520287253239e+02
1.943509287622054273e+02
2.129213699864462797e+02
2.295979607505105662e+02
2.455365933594122509e+02
2.612072544729074366e+02
2.789981124814736404e+02
2.996918795540041174e+02
3.239224706537713132e+02
3.520880435789042622e+02
3.834830620561276078e+02
4.177344485436202035e+02
4.528215847628578103e+02
4.878859498123010781e+02
5.217353962811465635e+02
5.518840963979494063e+02
5.782386545013910109e+02
5.992679760405248999e+02
6.138495970679877018e+02
6.224788834764003695e+02
6.244170913915792198e+02
6.205840089648244202e+02
6.116856672461535709e+02
5.984184627862501884e+02
5.822829374791186865e+02
5.634630199203851362e+02
5.429819498482307836e+02
5.213731046460349035e+02
4.983588132609885974e+02
4.740908605038196697e+02
4.484904922604716262e+02
4.219226404882072643e+02
3.945750523200242128e+02
3.676468508397497885e+02
3.415464119042192124e+02
3.169693955837370254e+02
2.948009604275142124e+02
2.749243591646315963e+02
2.577452768827317868e+02
2.428431473108370255e+02
2.298714437128662382e+02
2.184736402924131369e+02
2.079296249949571802e+02
1.981244604969051863e+02
1.886160626461808079e+02
1.789511036663502921e+02
1.689859268015305531e+02
1.584166409426242126e+02
1.474229320438335264e+02
1.360076281597027901e+02
1.243640473272000690e+02
1.132795122151100742e+02
1.027994554441876147e+02
9.337780565200536387e+01
8.524227538162203643e+01
7.821143765480601928e+01
7.249121362040555994e+01
6.769709081882096768e+01
6.361876110510802818e+01
6.009955027219205448e+01
5.670163752492485543e+01
5.342682477326874135e+01
5.021308183797764713e+01
4.705917356112501437e+01
4.403823712542787661e+01
4.113518424233794946e+01
3.834427952113489368e+01
3.572414064795639632e+01
3.325049300757512327e+01
3.091294294232370987e+01
2.872717828153705000e+01
2.666532831693936956e+01
2.472364353072260812e+01
2.292402407242778750e+01
2.121087932655290231e+01
1.960587970936138902e+01
1.817923862414804859e+01
1.683702013758504989e+01
1.561878698092695039e+01
1.460849433076173831e+01
1.372229909666916292e+01
1.288043450827768943e+01
1.210996121406088655e+01
1.138739841093287630e+01
1.069349156153736402e+01
1.003538652032966105e+01
9.438665142389833562e+00
8.881370755576254439e+00
8.324577758735868471e+00
7.787179866690697061e+00
7.273216685228625522e+00
6.757351040494918415e+00
6.268375604361676956e+00
5.817731349595145929e+00
5.380925757087401173e+00
4.974556881880023873e+00
4.609513996650674628e+00
4.280531321760943975e+00
4.016296520621897237e+00
3.839507222265523101e+00
3.738274909501316134e+00
3.698175677197377720e+00
3.683065363521715430e+00
3.703776721476232492e+00
3.707421534862820334e+00
3.685769480971228251e+00
3.649343784814194525e+00
3.608271914701710603e+00
3.615824169385648545e+00
3.688898145762941283e+00
3.873772255125595976e+00
4.117463144071117576e+00
4.393029425329555870e+00
4.613022509588470932e+00
4.706417266774725938e+00
4.712550968873189028e+00
4.620490685710904266e+00
4.469856255617409957e+00
4.243675582051195327e+00
3.959280372274296855e+00
3.700447121592210120e+00
3.457476844403025495e+00
3.308082261053796547e+00
3.325099888297773365e+00
3.530988864599065469e+00
3.933091429964580499e+00
4.296769311222653265e+00
4.589495302341835448e+00
4.644936524624724505e+00
4.402389007436243062e+00
3.903646181347705468e+00
3.149719127335909530e+00
2.384288799238707846e+00
1.642204215238949550e+00
1.078667088048551603e+00
7.395676007036698918e-01
5.478469809295176685e-01
5.328897757679772473e-01
6.263109656441916417e-01
7.952146424434644034e-01
9.865374652302675296e-01
1.187357257454405568e+00
1.442593154135415334e+00
1.724356240724281619e+00
1.976208349670623754e+00
2.215508576863777002e+00
2.433751264351416754e+00
2.628019600523248567e+00
2.788244563116986985e+00
2.944170552547749509e+00
3.099603566920593689e+00
3.234179737747084005e+00
3.302805559293320758e+00
3.249146680590593750e+00
3.095714642112822546e+00
2.812299043126712306e+00
2.499032082818917644e+00
2.193069348133918073e+00
1.985973215628885846e+00
1.934164726767149345e+00
1.992381736448419538e+00
2.158264596061746587e+00
2.293434650293773913e+00
2.371932889302213798e+00
2.312936188709259877e+00
2.123908025741251038e+00
1.857480491641433362e+00
1.558609773620828420e+00
1.362183549398117366e+00
1.259154010261334777e+00
1.292940774754793631e+00
1.391620721783659143e+00
1.505028354972209215e+00
1.577575465731382964e+00
1.522780227871530334e+00
1.368421039759142532e+00
1.105682001796406633e+00
8.157281393121141866e-01
5.327581331054473956e-01
2.944357194514592990e-01
1.434439138043867301e-01
6.081582962835973410e-02
4.648673805808774956e-02
6.516419992781156967e-02
1.056750464846850784e-01
1.584530460974956922e-01
2.046298397528693025e-01
2.477280897953361427e-01
2.928543368033034722e-01
3.441643611340164388e-01
3.959159684578847371e-01
4.437546295421464504e-01
4.969426713791240124e-01
5.584866895921239971e-01
6.102702506940309579e-01
6.475455092602080409e-01
6.900359982095592981e-01
7.399490445998194721e-01
7.809052764128038282e-01
8.087802033203592700e-01
8.515835253031950325e-01
9.077092678983150753e-01
9.410849879504099569e-01
9.539483085448842159e-01
9.700728140644753195e-01
9.901385863749458949e-01
9.811877445741679082e-01
9.629762821388935246e-01
9.814369002671076148e-01
1.022881411739932966e+00
1.058531895495195885e+00
1.096494101564027934e+00
1.157358350838820993e+00
1.197419074599389122e+00
1.181431033311231671e+00
1.127690268982398436e+00
1.064032724698531052e+00
9.863576565324606582e-01
8.965936848880257104e-01
8.670034935319227420e-01
9.166722431277239957e-01
1.040828471393272059e+00
1.233306446842050041e+00
1.477181704485499791e+00
1.762604397566734704e+00
2.003617786224545227e+00
2.171093161149898254e+00
2.255341762595739485e+00
2.217271729997253527e+00
2.070099977775449407e+00
1.815553814178080705e+00
1.503684738896377660e+00
1.171067699077370738e+00
8.275538220608039675e-01
5.288213366495595480e-01
2.867245221515702380e-01
1.063099522488141907e-01
-9.867586856983179971e-03
-7.574550200550418666e-02
-9.372526394077972112e-02
-8.792622314744746870e-02
-7.083472613201556578e-02
-4.569447544958166185e-02
-2.493759904837752894e-02
-9.903479301183877939e-03
-1.237024137391176974e-03
2.324136000033844105e-03
3.007168785366540632e-03
1.268724770305527634e-03
-4.344290121584318243e-04
-1.548346591252612982e-03
-1.958365588485986176e-03
-1.718597307289146912e-03
-1.161759321718658930e-03
-3.929386771460493134e-04
1.790163889086787479e-04
5.108920637524094798e-04
5.974945789469384132e-04
5.165935465433235977e-04
3.533987084791405820e-04
1.501109311841217111e-04
6.772385030863923486e-06
-8.341478209678559335e-05
-1.133479356511681268e-04
-1.022500266857920634e-04
-7.465065589005340869e-05
-3.824743242440705420e-05
-1.224093866951310076e-05
4.696482865165925120e-06
1.103209916484526068e-05
1.068216070090986515e-05
8.126191252385783106e-06
3.973174861485524049e-06
1.101628543619926322e-06
-4.229713406048722349e-07
-9.441767749331250837e-07
-9.280825741317951002e-07
-5.397691521375237561e-07
-1.810737739631166631e-07
-6.063534832621879664e-08
8.337747010180746116e-08
8.774132359070718358e-08
1.946316031582513984e-08
2.097899135995379701e-08
3.947220563872545667e-09
-2.281862045279964539e-08
-5.137769514836368106e-09
1.254414945678366703e-09
-8.201649395997974794e-09
2.360920038168840834e-09
4.093751919638781936e-09
-3.142008004845207722e-09
6.196825055998293664e-10
1.193582148709679505e-09
-2.136120700441630155e-09
-3.639884429429587244e-11
5.564178819096042372e-10
-9.115746210664713399e-10
9.213799000592918627e-11
3.451160459405223002e-10
-3.908286691636646215e-10
1.874134720269326484e-11
1.397295803739331045e-10
-1.791906464409426635e-10
-9.399928303635500941e-13
6.058465145627505107e-11
-7.170572741622974826e-11
7.924896156782930386e-13
2.631544506374627653e-11
-2.854753567598354771e-11
-6.990448734771771582e-13
1.026693028783965409e-11
-1.100936008152728292e-11
-4.893276120796574797e-13
3.975575839125070963e-12
-4.011607178580858100e-12
-2.293104412371035167e-13
1.467529021919196859e-12
-1.438840865838259068e-12
-1.204347491271574307e-13
5.205676422715974438e-13
-4.923038571892172759e-13
-4.844917381507264072e-14
1.793134049067586423e-13
-1.638221101764495689e-13
-1.941356480378897602e-14
5.928292300852613328e-14
-5.318181507720709963e-14
-7.424099578264250572e-15
1.902319573371876085e-14
-1.674860130828958449e-14
-2.672586943860649442e-15
5.896336240468368578e-15
-5.184016125683646663e-15
-9.410859858503301373e-16
1.784199659435520071e-15
-1.566150166268562082e-15
-3.188584981581523160e-16
5.240485451205139564e-16
-4.668214875879919011e-16
-1.061780388875600755e-16
1.508641122662306595e-16
-1.363991997391364967e-16
-3.446035111333942689e-17
4.247308625825226343e-17
-3.912848219630688278e-17
-1.098536087293915765e-17
1.171896423579666410e-17
-1.093849070103828508e-17
-3.436462268082621449e-18
3.152632517064563612e-18
-2.943720718163910271e-18
-1.047933356729425521e-18
8.179704870844118605e-19
-7.496518364655232095e-19
-3.114503925736046533e-19
2.005578065482908718e-19
-1.736078290635656702e-19
-8.923688025113850558e-20
4.409335219990869058e-20
-3.359674754212384127e-20
-2.437151033264979248e-20
7.644322776404726350e-21
-3.771107495079031847e-21
-6.254996336990617693e-21
4.025316502368260615e-22
8.947901926840554730e-22
-1.461188320617847688e-21
-4.916920650518308701e-22
8.739126862547031001e-22
-2.902942483106090458e-22
-3.324253662625456824e-22
4.296877514490791992e-22
-3.934724188121021094e-23
-1.520508893653898233e-22
1.710886796998979318e-22
2.611431325991361971e-24
-5.899149270015546252e-23
6.066831274847281765e-23
4.743225244036287887e-24
-2.069929202034686926e-23
1.985039462697173110e-23
2.392767373907001079e-24
-6.740029189597251638e-24
6.106798606170891103e-24
9.238663706961922371e-25
-2.061057994292954833e-24
1.785694532828134696e-24
3.093333404756285567e-25
-5.957476197560495500e-25
4.992667591938545213e-25
9.310567250130718791e-26
-1.628997227791347699e-25
1.339772650136727157e-25
2.547795793967377421e-26
-4.173978759293245169e-26
3.518595848888678147e-26
7.330773725543259661e-27
-9.056122189049899569e-27
9.267718890349700227e-27
2.127522340424609851e-27
-1.650527362545598105e-27
2.193308114471066383e-27
4.479715111003683846e-28
-3.133686131242102882e-28
3.605001722731295818e-28
5.486788499916467368e-29
-2.358937369061408898e-29
2.351180126880272130e-29
7.016614048965992639e-30
1.991603559789828119e-29
-1.443122153095997619e-29
4.700890854718562510e-30
1.214552083342536564e-29
-1.358550343482799173e-29
2.088572377881973266e-30
6.547580454001565750e-30
-5.710244836682408336e-30
1.571264447323033813e-30
2.837652997725470014e-30
-1.899030534166210184e-30
1.036707006436565809e-30
1.237789674270591953e-30
-4.972508094072230616e-31
5.044025362475343001e-31
4.594268048128398077e-31
-1.353000104023567424e-31
1.757058056529346933e-31
1.445125802174465505e-31
-3.387479501626036939e-32
5.723995951017206172e-32
4.004377618400064618e-32
-1.054471540337088716e-32
1.548908792794998943e-32
1.087398760422162686e-32
-2.404831566096216912e-33
4.312403241089458447e-33
2.779347585802979004e-33
-6.822156371723371048e-34
9.636939431500020016e-34
6.800700783615350145e-34
-1.759016193337182759e-34
1.949745848063290800e-34
1.340594832223784063e-34
-7.532713247570460396e-35
2.244195488362919696e-35
2.495718156798738577e-35
-2.541667419701167808e-35
4.081192676900716683e-36
4.836339723794612193e-36
-1.016877683926815655e-35
8.991510738028600430e-37
1.226656419757094560e-36
-3.673381549130941103e-36
9.883806980099614344e-37
4.410736029310648183e-37
-1.663024984458167735e-36
4.003055303772054392e-37
2.102273047974800469e-37
-6.644147003570507394e-37
1.690634609227335492e-37
9.408807325338930100e-38
-2.360985829123274027e-37
2.742159784112179273e-38
2.119186934839003345e-38
2.116420333283982291e-38
-3.924363398013244109e-38
