1.496180775288201679e-26
-2.313210635578223125e-26
-3.152400390323891696e-28
6.190277925064639864e-27
-1.844012623838308716e-26
-1.603813552290789571e-26
-2.529915835158986731e-26
-5.726579940828837883e-26
-7.719557153559262308e-26
-1.128203622864812398e-25
-1.584435113319897280e-25
-1.743982141596563672e-25
-1.916011448212475662e-25
-6.018642371707014680e-26
3.203526120205361070e-25
9.066713397934079310e-25
2.393473778900691142e-24
5.083121393054933516e-24
9.073512629221166345e-24
1.648587759463620639e-23
2.812417004678219515e-23
4.412185401152707855e-23
7.062968071900389444e-23
1.106295042983387106e-22
1.634520789094261017e-22
2.444548945297885376e-22
3.636454329513311710e-22
5.153863151431718646e-22
7.386907729985195370e-22
1.066792372360362440e-21
1.459729511677661353e-21
2.019530686866406096e-21
2.863944683429595431e-21
3.813151224271431387e-21
5.122388861327455472e-21
7.178562902115772873e-21
9.360686821012600124e-21
1.223774123045473524e-20
1.700419840828268048e-20
2.246716417180313918e-20
2.960635981261995181e-20
4.116030269248856821e-20
5.206715738329960596e-20
7.130894559519331574e-20
1.095809616765214427e-19
1.692645970560180348e-19
2.488421651706626256e-19
3.483356356372718545e-19
4.552382717789985988e-19
6.453321977152275932e-19
9.626544092853449916e-19
1.446340172595663696e-18
1.954836495777220339e-18
2.423467158613074585e-18
2.751762696815929873e-18
3.723255118445422347e-18
5.645870650901603821e-18
8.714188679483678923e-18
1.147196853800525792e-17
1.325778370440172914e-17
1.254877198307153686e-17
1.522484462141154805e-17
2.395513482398312058e-17
4.203724809635179266e-17
5.373557714817924085e-17
5.049167458612654412e-17
1.630469421911178235e-17
1.563107793017717703e-17
7.378906657721490093e-17
2.231932555314353177e-16
3.245356341633385524e-16
2.903658049220948471e-16
-1.610907680655828724e-17
-1.567924506244223145e-16
-6.363188374573030672e-17
1.020436251611755199e-15
3.140441223031495413e-15
5.575289513461297625e-15
4.670466194970778459e-15
-3.777427202463585037e-15
-2.008849098531745240e-14
-1.963308308508045766e-14
3.564709440001539618e-14
1.377929200915791183e-13
1.563898381911107247e-13
-1.015110594962239214e-13
-5.825754811505040100e-13
-5.088368628491607793e-13
6.975908353396596421e-13
2.527816756788465470e-12
1.483087129955468051e-12
-3.095590621307266319e-12
-7.942155056104604762e-12
1.657205986317498735e-12
1.820309850756915274e-11
2.590241451119270069e-11
-2.544367193270368882e-11
-9.002533413516350237e-11
-9.632186691219690580e-11
9.336320054325526195e-11
2.260722154598497294e-10
9.706995944943850733e-11
-6.622901806668235554e-10
-1.052498248828055777e-09
-2.473572423505795228e-10
2.279583874905049690e-09
2.747292334206695010e-09
-3.213209422073204348e-10
-7.007855676868218536e-09
-6.971178506019231034e-09
5.479463343130117207e-09
1.960047470423239625e-08
1.118295326034054093e-08
-1.329128875756012467e-08
-4.019632902658428827e-08
-4.856280617698964581e-08
-1.450149962784669028e-08
7.272418875483284544e-08
1.678308924206376414e-07
2.950853489871155639e-07
-2.583228912655277342e-07
-1.391868998836107017e-06
-2.162621763327114927e-06
3.299713514836225270e-07
6.683198820116996615e-06
1.465838542237389641e-05
1.301026660694942056e-05
-1.227828658619075275e-05
-5.358790998695144698e-05
-9.916208954029570707e-05
-6.095276883194168926e-05
8.106894792654502867e-05
3.837146174767449257e-04
7.902861964432990891e-04
1.215801413998733810e-03
1.580922818456319441e-03
1.830534656229280749e-03
2.017032970610987182e-03
2.173666145284124454e-03
1.723426522862497347e-03
4.651515027962232953e-04
-2.503061980435618977e-03
-3.983529412342209398e-03
-2.098876717295230544e-03
8.409680342271961748e-03
3.422063183010505549e-02
7.326342581224550010e-02
1.271456177494587614e-01
1.794613189855274182e-01
2.236636601329415608e-01
2.460621750526077733e-01
2.390919648261366215e-01
2.112819598174130453e-01
1.632317295687596148e-01
1.136655386216036678e-01
6.773577598708661884e-02
3.450023782737020317e-02
1.727260772313503681e-02
9.780939667988547068e-03
1.263323768387375479e-02
1.799663726944729022e-02
2.308688482005800957e-02
2.435940816634373993e-02
2.229281858783525860e-02
1.973809533069180791e-02
1.740884475849746940e-02
1.544439758269398368e-02
1.357487490226050829e-02
1.395575761602779047e-02
1.539610562115534091e-02
1.640088690096165244e-02
1.582586070627756136e-02
1.557859000222035217e-02
1.663475449671326586e-02
1.722202454694448520e-02
1.652254168852207092e-02
1.540422234968613635e-02
1.524198653874853614e-02
1.591756438835914209e-02
1.653088122083059761e-02
1.712602288813574666e-02
1.805270582852397734e-02
1.922703355255606095e-02
2.017693808352509152e-02
2.018379313091822266e-02
1.937070579098855092e-02
1.752281690024853553e-02
1.484383713420557756e-02
1.190870512645805790e-02
9.429959158140066924e-03
1.029076447806743719e-02
1.485670857553822444e-02
2.432333305834024836e-02
3.577223097569718485e-02
4.720295194571370173e-02
5.576077253357650948e-02
5.765661017488601242e-02
5.432585752916562621e-02
4.529521473131357251e-02
3.487093471161553659e-02
2.486231302819867650e-02
1.622891922209401816e-02
1.152980586368255317e-02
1.125521838367167342e-02
1.737282662010537423e-02
3.295552320750558956e-02
5.541325644205791906e-02
8.624239503169404963e-02
1.166119559197346806e-01
1.404495413438311691e-01
1.526827360243614151e-01
1.477298527729662136e-01
1.326677602481503848e-01
1.071664032552899909e-01
8.381768426673637251e-02
6.769533837672973842e-02
5.922813686625210544e-02
5.698753362622038798e-02
5.939368665079026305e-02
6.635194228658540527e-02
7.591653771031416087e-02
9.105334408840297378e-02
1.095037016666635249e-01
1.327761487366220516e-01
1.639776942698660811e-01
1.968041497828990349e-01
2.284085821760107049e-01
2.657939475784393824e-01
2.994053248893373542e-01
3.226044863686401420e-01
3.506026441934386728e-01
3.610326749298444771e-01
3.599348953566265386e-01
3.840859185742727111e-01
4.339492921170708395e-01
5.333354644994784399e-01
7.082576255174225510e-01
9.010515261709941548e-01
1.094487394350592835e+00
1.400454385451728179e+00
1.724812481032119926e+00
2.347418721769419570e+00
3.550554086710139501e+00
5.506354263712641028e+00
8.719829898464857010e+00
1.320798897991519105e+01
1.917735776724360974e+01
2.678025618398981678e+01
3.585820050386583802e+01
4.652763261790205007e+01
5.937998906751943196e+01
7.462745790300014903e+01
9.309337952366307434e+01
1.158646532853547910e+02
1.426855188256047029e+02
1.744317183131404647e+02
2.103228531680842934e+02
2.493381484314145382e+02
2.912977214017992651e+02
3.347941913476197442e+02
3.792715733843324983e+02
4.238190860501975408e+02
4.665474111854589978e+02
5.073207516129621695e+02
5.444066444682144947e+02
5.763711761026296472e+02
6.039025270733425259e+02
6.262652171584564940e+02
6.437325224557183674e+02
6.564277830286988547e+02
6.643719697631737517e+02
6.681066729332436580e+02
6.676048767074449870e+02
6.626703343789345126e+02
6.526373409839063697e+02
6.378005980089830018e+02
6.177191670364131824e+02
5.932020130107897558e+02
5.653584512188383542e+02
5.349417277737370569e+02
5.031029422507983213e+02
4.699543348815609534e+02
4.360056163549168105e+02
4.021043464177826650e+02
3.685678066138951294e+02
3.361671385602575697e+02
3.057353999858535190e+02
2.770236857397952690e+02
2.507825324862784271e+02
2.272825862154075764e+02
2.058622160754035804e+02
1.867431879350833412e+02
1.700929267350111900e+02
1.556896304419282444e+02
1.434971597653953097e+02
1.331094441871730112e+02
1.242254140746752569e+02
1.166276115016572277e+02
1.101552513546874366e+02
1.048881230397968665e+02
1.007923718045843628e+02
9.779287328566807957e+01
9.585826554727384519e+01
9.497847463107338228e+01
9.482704098179776508e+01
9.520023227151557421e+01
9.589903826087838468e+01
9.643393431507531943e+01
9.673778258233306815e+01
9.665633526039498236e+01
9.590083962336689183e+01
9.453562568334599803e+01
9.242001399823227814e+01
8.956686299738923651e+01
8.615113893655983190e+01
8.214238378869674762e+01
7.773128599012217421e+01
7.306856233869268635e+01
6.822767702483700702e+01
6.328923640676828910e+01
5.829010794439241749e+01
5.318204329982328460e+01
4.807450624630100577e+01
4.302215746216696601e+01
3.801767031973113120e+01
3.332307379685818205e+01
2.899647610205114745e+01
2.505294294923556819e+01
2.150798402541451537e+01
1.838622039340868852e+01
1.564406541466412648e+01
1.323188874321223807e+01
1.115147910679603704e+01
9.431442299033685472e+00
8.082990706684174853e+00
7.056390547878944375e+00
6.410273693952301954e+00
5.996387745434524241e+00
5.732705102065363434e+00
5.567639787761280878e+00
5.383444215924818366e+00
5.176834536232038708e+00
4.930855184861980156e+00
4.675521295676666966e+00
4.415887015808750427e+00
4.158139147376451739e+00
3.917476097588789230e+00
3.695242268519450146e+00
3.554684845670564197e+00
3.573962010816412960e+00
3.737466834256090831e+00
4.060769194569089358e+00
4.411830855695424880e+00
4.713363805362256187e+00
4.832193061109932408e+00
4.780565130385153516e+00
4.631421488181579171e+00
4.422981989228003563e+00
4.294398553624045434e+00
4.238554521498541838e+00
4.290240729080878168e+00
4.324217895224106378e+00
4.303043859982738972e+00
4.161433983970778350e+00
3.877583274305199890e+00
3.542421843928785119e+00
3.139798934184235168e+00
2.740183377619750615e+00
2.383250520963997143e+00
2.097866542219942954e+00
1.898103878890301743e+00
1.746518106631011369e+00
1.671378114424079797e+00
1.658948486959861190e+00
1.675845047996120885e+00
1.743245502253048862e+00
1.850855484293091768e+00
1.980597966981931357e+00
2.140904930786875493e+00
2.310867700114410894e+00
2.470950383825242014e+00
2.614290564323344057e+00
2.723632413833305677e+00
2.799885929258208339e+00
2.822183805803182732e+00
2.785141970767441411e+00
2.713071742322725299e+00
2.603444926179516283e+00
2.504582671670374072e+00
2.436476535113107911e+00
2.407275757864935084e+00
2.421508962832155998e+00
2.462840222921426570e+00
2.524903555409404809e+00
2.588580815389688539e+00
2.646320430808585034e+00
2.699988656613771187e+00
2.728882643263640606e+00
2.729692135835762201e+00
2.683133614855545357e+00
2.596937260953851467e+00
2.490555033168790455e+00
2.377687261336312474e+00
2.324813021608178598e+00
2.339684517091117133e+00
2.456551756240200390e+00
2.634649494258238800e+00
2.837839453842240456e+00
3.036352574923397274e+00
3.165478236377514687e+00
3.238075439064691086e+00
3.229444887019248700e+00
3.196737547077502128e+00
3.168802670179321712e+00
3.167894898022511896e+00
3.202035761431913041e+00
3.236508132862738751e+00
3.268483907861885474e+00
3.232327283312418587e+00
3.122762196730973994e+00
2.919357554279913725e+00
2.633433484691989790e+00
2.303048653015688174e+00
1.934206410044013280e+00
1.588176454681323291e+00
1.281015816377319094e+00
1.035294941962280335e+00
8.792247363935569160e-01
7.941841832305874815e-01
7.907182951138412852e-01
8.416287581898416192e-01
9.126257551197598517e-01
9.959324558997743049e-01
1.051314718382161173e+00
1.078880665052064147e+00
1.070584485524111118e+00
1.029730163683052924e+00
9.808929960845698126e-01
9.229003581026044012e-01
8.792460979035582325e-01
8.574242059356875778e-01
8.645546782803643637e-01
9.148432038253967447e-01
1.000023644260670475e+00
1.128157643466560112e+00
1.287444177395206113e+00
1.457140660389421027e+00
1.624827773704811351e+00
1.748684897100067914e+00
1.815770743200545878e+00
1.805287887886746878e+00
1.704529486316956444e+00
1.534976843506667743e+00
1.302162963389014827e+00
1.053016690273966161e+00
8.203002087697601752e-01
6.304496852051900690e-01
5.291892551129323552e-01
5.228472147023467409e-01
6.238407552230710307e-01
8.281921242054762766e-01
1.116188030121214148e+00
1.475905602398930982e+00
1.871097032183246078e+00
2.276270163988138862e+00
2.673382452292846878e+00
3.022382060883739729e+00
3.305819197227123141e+00
3.515360534760217703e+00
3.626473596198751093e+00
3.638625144412193979e+00
3.552912000661740066e+00
3.376118792937159441e+00
3.126097075727118035e+00
2.806840730886728252e+00
2.451389153014074562e+00
2.083021447842947627e+00
1.706338325779016118e+00
1.353899774720823457e+00
1.036513283793233819e+00
7.588859195997456064e-01
5.319439514101659272e-01
3.501234699717631904e-01
2.160646106108660425e-01
1.212971011406036997e-01
5.515385372540842351e-02
1.741390549498770049e-02
-4.305982982184548835e-03
-1.572066521120582885e-02
-1.811889027084574721e-02
-1.803116138375829638e-02
-1.605534843256484559e-02
-1.310081490402525278e-02
-1.062681979780789703e-02
-7.926362761001450388e-03
-5.550270424180012672e-03
-3.583352892651602960e-03
-1.657258007435075771e-03
-1.939700550250222867e-04
7.994303408268391446e-04
1.528824714894067363e-03
1.773785400137718911e-03
1.696502593643651503e-03
1.467519852296953961e-03
1.060919314860241840e-03
6.623915216759616734e-04
3.208575450996966846e-04
5.524996875245606766e-05
-1.008749058690824337e-04
-1.741920714056744118e-04
-1.778767070421861539e-04
-1.501179180437119999e-04
-1.017700733220205434e-04
-5.559312966522435962e-05
-2.550502139436634774e-05
1.002052287025384003e-07
1.048808587948403076e-05
1.123010146814294029e-05
1.149162633599936900e-05
8.257438512915907597e-06
4.499035926282183650e-06
2.538243295706151606e-06
1.233127048905559288e-06
2.899196940097739064e-07
-4.231410001289981187e-08
-1.457590494061218257e-07
-1.907316865354388439e-07
-2.305419434053508519e-07
-2.535009718801336336e-07
-1.716554606131229049e-07
-1.457405103119647265e-07
-1.148153322283025499e-07
-2.731453069148069915e-08
2.663262409060648678e-09
1.497484565695597818e-08
4.212776461192900274e-08
3.581158636127991756e-08
2.218760293030766673e-08
2.085345248962557206e-08
9.723790614740435616e-09
1.552553322068288694e-09
1.264029658191161309e-09
-1.430691500415846039e-09
-2.158828356795356530e-09
-6.344145283789947305e-10
-3.902936143633238678e-10
-8.023585849291279014e-11
5.641859597769138217e-10
5.989082396580594272e-10
4.639034274799824229e-10
4.515479693779412174e-10
3.092314584931281970e-10
1.567522164569466303e-10
9.720661168302645912e-11
4.765064335104046691e-11
1.066129597160374617e-11
2.600728879233821500e-12
7.309489448623242965e-12
5.557118709983067229e-12
5.264519137057954130e-12
1.095134740547576026e-11
8.427552437300742939e-12
4.654095763850166471e-12
5.574217473720945126e-12
3.214604484377124011e-12
6.172177518040527271e-13
1.253131693395799991e-12
7.516584957517970641e-13
-2.148239081318329609e-13
3.636387486970713744e-13
3.594097055443870306e-13
-5.120493534652585204e-14
1.990911803176119374e-13
1.929241682828945393e-13
-1.277963769901851893e-14
6.980535846581045977e-14
6.930716108927259618e-14
-1.520467177851835108e-14
1.811661688452778658e-14
2.461355280570604832e-14
-6.290903306136034569e-15
6.313079746939139687e-15
9.794561924849490068e-15
-1.702790815073023530e-15
2.187774978463353724e-15
3.470423381902758811e-15
-5.882005100927386652e-16
5.964996906906909977e-16
1.125997645358007941e-15
-1.896743046563093002e-16
1.701347875101693947e-16
3.650536075653396004e-16
-4.898438776754937613e-17
4.615237763231350616e-17
1.093833534345198829e-16
-1.289495316486858671e-17
1.083056178831305264e-17
3.039395740901520693e-17
-3.344272488925220207e-18
2.097869384454710523e-18
7.761484587524469234e-18
-8.896905525190283548e-19
1.933296081992763219e-19
1.707966134871755540e-18
-3.111980283545274804e-19
-1.059772463237013250e-19
2.871357658518638014e-19
-1.427553213904588417e-19
-9.373015012168432504e-20
1.277308627675472471e-20
-7.573712671518586777e-20
-5.141667860673516497e-20
-1.546439529722304612e-20
-3.936849568684842125e-20
-2.436894529738232607e-20
-8.784106324302817228e-21
-1.942227224623081628e-20
-1.072273375069745659e-20
-2.995845436635992130e-21
-8.815103265061760549e-21
-4.436604888486007550e-21
-7.361312475435295051e-22
-3.743456951559499933e-21
-1.769905600917412592e-21
-1.127869853651195284e-22
-1.469670078662807863e-21
-6.634302289638392379e-22
-1.864566302590037605e-24
-5.398077362456479594e-22
-2.366357072301802538e-22
-2.929639987352796942e-25
-1.837069255564811321e-22
-7.786641513823262675e-23
-5.950448187074122847e-24
-5.798425376877300315e-23
-2.330688301992058843e-23
-6.209025289521520608e-24
-1.675121069056731775e-23
-5.986566650663409656e-24
-4.151075523502484803e-24
-4.342536841500501950e-24
-1.120599923229699268e-24
-2.216142821517227725e-24
-9.737426348686729818e-25
-1.639192483422402849e-26
-1.019212845126743766e-24
-1.668142694134368440e-25
1.255141509793139019e-25
-4.194114417874485964e-25
-1.199119694677990309e-26
8.391712961186762137e-26
-1.567776724315143756e-25
5.924653344960437848e-27
3.977115780574126478e-26
-5.400470094425930313e-26
3.272130719979478047e-27
1.600833091525763430e-26
-1.709924340446125363e-26
8.957907860001278455e-28
5.755332542670055010e-27
-4.975501979836090835e-27
5.563597119353839837e-29
1.888310169048616692e-27
-1.307663887071432710e-27
-9.591130140638617972e-29
5.689602091794994799e-28
-3.010897239118037756e-28
-7.333013943554428217e-29
1.569532639632315737e-28
-5.522907106528549185e-29
-3.659528203205452796e-29
3.907080218830248361e-29
-5.008313564284111347e-30
-1.508600705398678077e-29
8.471231067994771522e-30
1.862053781999788116e-30
-5.548166056596736364e-30
1.425441961707177462e-30
1.443455244515745559e-30
-1.881258059853348345e-30
8.667127071102591423e-32
6.378365903501838219e-31
-6.049347663132983713e-31
-6.999003248448118571e-32
2.326114800246208787e-31
-1.865855658211006901e-31
-4.579798890390514686e-32
7.570091039544859835e-32
-5.582760738113911384e-32
-1.995489462831796961e-32
2.240250147863757397e-32
-1.607369678412131592e-32
-7.376663262020806481e-33
6.062355164525690494e-33
-4.269304673629000270e-33
-2.455215446965013590e-33
1.457065873554579809e-33
-9.589686737383792731e-34
-7.449162707528694388e-34
2.928631396257147470e-34
-1.333097539391431509e-34
-2.115399146018049071e-34
3.164386036817855178e-35
1.858520923907505765e-35
-5.669329868968868979e-35
-7.706494626635466096e-36
2.544607991476125594e-35
-1.448636902422010602e-35
-7.266878783943237411e-36
1.280740935128810030e-35
-3.536234722936976645e-36
-3.068013323264221570e-36
4.946285387736527865e-36
-1.045534272105818515e-36
-9.966802643351273804e-37
1.976150351100990462e-36
-6.896224094370712434e-37
-3.844405827024962427e-37
1.772566198911823452e-36
-6.984670575891527129e-37
