3.572149050533518546e-26
-3.674326633991639173e-26
1.017500101688133503e-26
2.187597335710649100e-26
-2.731014370794846502e-27
1.151180497820682673e-26
2.911814696076336728e-27
-4.770382471012877830e-26
-8.643478718647665335e-26
-1.899235720574729690e-25
-3.809694964170814260e-25
-5.398973550662194119e-25
-8.949735149725100765e-25
-1.194226565796491373e-24
-1.019546663536415849e-24
-6.643117784756261811e-25
1.601386403983897532e-24
6.675412123514562950e-24
1.558029693630889553e-23
3.549675561260495770e-23
6.760454804522413424e-23
1.155588402285899330e-22
1.946171225429608721e-22
3.080011259221367361e-22
4.644286426310970915e-22
6.813633642383186153e-22
9.674444105707493965e-22
1.339776256370152737e-21
1.827428127078606373e-21
2.448859271304984054e-21
3.218671313195028891e-21
4.218012595199363042e-21
5.495338170162025397e-21
7.072453370865476760e-21
9.047767779079079248e-21
1.149176580603192804e-20
1.451835009997970781e-20
1.873896198952613189e-20
2.433810972068556483e-20
3.040711961216989653e-20
3.832430902837788150e-20
4.994284953766591160e-20
6.278545941489679829e-20
8.493162639188334755e-20
1.226814617470397028e-19
1.663458899624266720e-19
2.459990933213110479e-19
3.820698182261276547e-19
5.594167386018505594e-19
7.354008260442700251e-19
9.206706707207473168e-19
1.067867536957753030e-18
1.492233263357821754e-18
2.441001440919409579e-18
3.316073309647805267e-18
2.883348926506191556e-18
1.464472826085097362e-18
1.524527479672580304e-18
3.217502314755627724e-18
5.629771981405148388e-18
9.568200126048711026e-18
2.263452046292335951e-17
4.650190800069945747e-17
5.524866783924646205e-17
-5.274880281097900872e-17
-2.874170089807935744e-16
-1.751520324909200632e-16
5.974193843314977380e-16
1.713155145797058256e-15
1.238289561636834049e-15
-1.824151929948750387e-15
-6.366099066006177112e-15
-1.500765443957862049e-15
1.101490133457719316e-14
2.103608671084297717e-14
-5.300437651377640879e-15
-4.325922193170363322e-14
-5.968107764347823870e-14
9.133929344722426805e-14
2.252127770422516730e-13
1.538831814973040218e-13
-5.120319849905521526e-13
-8.958356963513495242e-13
-4.363833854729198859e-13
2.231718381949963002e-12
3.477711598154153982e-12
9.919261489055148356e-13
-8.253112587469120918e-12
-1.146388295649812158e-11
-2.561728674885172824e-12
2.764109080404887519e-11
3.716360769204631842e-11
5.277648005302859714e-12
-8.671581241859632396e-11
-1.212746677480470328e-10
-4.830554082426718204e-11
1.797620395237300534e-10
2.777980818585690506e-10
1.152848496632055779e-10
-4.244767695699772344e-10
-7.774050301915489679e-10
-6.622044048157759448e-10
3.204784505542865794e-10
1.631770236310904827e-09
2.726268588518586588e-09
2.106405501525636806e-09
-2.569869188805831453e-09
-1.062034331411087942e-08
-1.732129167313896933e-08
-2.941961614861201472e-09
3.460251330450255013e-08
8.659330154119597188e-08
6.187984628635286111e-08
-6.005216290647830781e-08
-2.984912844400425302e-07
-3.509831586184994390e-07
-1.122390626245870902e-07
6.634235507664415285e-07
1.305071415475754448e-06
1.452009367536352509e-06
4.298363919187815883e-08
-2.503259102352061100e-06
-5.413103975211493557e-06
-6.288087298268286112e-06
-1.756939627900462229e-06
7.851494805233702131e-06
2.153858030716190161e-05
2.621470194738583059e-05
1.868107669889390238e-05
-1.219001248959629686e-05
-5.046886550428045340e-05
-8.632806026404926181e-05
-9.078787781695799454e-05
-3.086160367246526846e-05
9.148164075686451922e-05
2.835235661312739022e-04
4.733238600543797597e-04
6.426632516054079725e-04
7.138136354685654548e-04
6.524948060020329017e-04
4.713968261613422027e-04
1.773494750780359511e-04
2.755118660719353514e-05
1.280048959667130152e-04
7.610315458970164050e-04
1.952847300169955691e-03
3.554483645824086258e-03
5.233478001772683304e-03
6.168979057118016696e-03
6.282074045515801536e-03
4.979055654446775010e-03
2.572022614084300100e-03
-7.970923319190878140e-04
-4.738033479818585907e-03
-7.219101341485604888e-03
-7.336144058982319201e-03
-2.791429587040562214e-03
9.986461338782630717e-03
3.373224088948345578e-02
7.146418031781982816e-02
1.209150118874723900e-01
1.768962368281245257e-01
2.324523150808096850e-01
2.728014970175861031e-01
2.912555664544456691e-01
2.806955245129944543e-01
2.427875229374560906e-01
1.870345187232682338e-01
1.223375395004718119e-01
6.733437946503784133e-02
2.589425610391081489e-02
2.917744500269153687e-03
-4.613389742658235114e-03
-3.142530563331271537e-03
3.008479070494428104e-03
6.452303955104776896e-03
8.349474104468750449e-03
8.151576155033977630e-03
7.596961039022478990e-03
7.121884994362903849e-03
6.564568409220755164e-03
5.975225526078965788e-03
5.059862486639006042e-03
4.728265033424319461e-03
7.488715205368473050e-03
1.369468229079725576e-02
2.435548761030857656e-02
3.609448482016096998e-02
4.668722529479971128e-02
5.278447076511511710e-02
5.182146759970843869e-02
4.611074194911576885e-02
3.658442162563763783e-02
2.863159746537831049e-02
2.322049769388674287e-02
2.108032697647825929e-02
2.147396411504720604e-02
2.339629845212224876e-02
2.710211008998761675e-02
3.175946093769784623e-02
3.709198845767443936e-02
4.277462757831474588e-02
5.070871937076418257e-02
6.309284516337775039e-02
8.047516984028069142e-02
1.058994307047270156e-01
1.407276126016667461e-01
1.875376659924864742e-01
2.413722662170515454e-01
2.940856900022373321e-01
3.417130330612573874e-01
3.754068876532051235e-01
3.926360957105015093e-01
3.920972866899887221e-01
3.782147575711049536e-01
3.571783466183539590e-01
3.315106955579389392e-01
3.024824130929674726e-01
2.718456167693540926e-01
2.367688834230633477e-01
2.017927158435544044e-01
1.727027348035420073e-01
1.499508101187229381e-01
1.346311023115580874e-01
1.241829889260925163e-01
1.173010279318518201e-01
1.135577870989321475e-01
1.133037870803025315e-01
1.166198451460770391e-01
1.306295451302079691e-01
1.618533218865627898e-01
2.004444714898445667e-01
2.318664762137293833e-01
2.703285042964547191e-01
2.872138398282886862e-01
3.158104368135579154e-01
4.289482954585591146e-01
6.151646029192066045e-01
1.048344728992945951e+00
1.846807148965940115e+00
3.036663640990276747e+00
4.845876854899545449e+00
7.372552315973912584e+00
1.061261807124542322e+01
1.480397543031948793e+01
2.011893827238152355e+01
2.653721537659963658e+01
3.447798306387731060e+01
4.422137556740074160e+01
5.595172538618431446e+01
7.033377175748753984e+01
8.753094571217064868e+01
1.081216528967717636e+02
1.328737691885385459e+02
1.616291307771842867e+02
1.950362674132559277e+02
2.324018865778907639e+02
2.728271725503443008e+02
3.158892347968271679e+02
3.588370500119511348e+02
4.007065436008395523e+02
4.403011062946274592e+02
4.761880332476990247e+02
5.083484176907113010e+02
5.362707267770426824e+02
5.605150359672833247e+02
5.812124647698477702e+02
5.984435105048431751e+02
6.116111533395525157e+02
6.204580618594128509e+02
6.250652455257262545e+02
6.250430356850050657e+02
6.207281615407370055e+02
6.120467243960845281e+02
5.997000051701754728e+02
5.843807710968357014e+02
5.662058680381718432e+02
5.458923264620335658e+02
5.234820252644188940e+02
4.987616957160159359e+02
4.727387001639574464e+02
4.458819492435873144e+02
4.187102100671313565e+02
3.926237363213638787e+02
3.677846765261617747e+02
3.448165503443588591e+02
3.235269182193713959e+02
3.033703319643874465e+02
2.840243834887162393e+02
2.654308317987059240e+02
2.480389530109758596e+02
2.322588607107246901e+02
2.180646719911212585e+02
2.051726754836771534e+02
1.934143739542797960e+02
1.823171134332809800e+02
1.718189735872601887e+02
1.616914386162253834e+02
1.519310761865171457e+02
1.427347383305933874e+02
1.342205154861162555e+02
1.266539487855043404e+02
1.199375829098848527e+02
1.139797888982339487e+02
1.083577273424009348e+02
1.029974323763269268e+02
9.792782700277247443e+01
9.324365633459633784e+01
8.894476779053694315e+01
8.512026350850406686e+01
8.167105367564320773e+01
7.840850763226454490e+01
7.523325619847342693e+01
7.185992964163791896e+01
6.831196605530526256e+01
6.453885867297786660e+01
6.052550359680054015e+01
5.635141859439500678e+01
5.201668522960557084e+01
4.773223373438214168e+01
4.360473786730210577e+01
3.968014014270033130e+01
3.602735760195029258e+01
3.261995994914793329e+01
2.947921938043760903e+01
2.655280505435413829e+01
2.378347465321351706e+01
2.116985165489545651e+01
1.878725232521438926e+01
1.664069614696845534e+01
1.469690890887948775e+01
1.301471270484970155e+01
1.162149785069086683e+01
1.042286122501167611e+01
9.334881948077974556e+00
8.388527736817740887e+00
7.544199143580859079e+00
6.764113853618773042e+00
6.053858589101078103e+00
5.416274684208148393e+00
4.833259040748060009e+00
4.324136768391492858e+00
3.902748512013092697e+00
3.533506856151600761e+00
3.205282956563042518e+00
2.979807930399372751e+00
2.798581679512922804e+00
2.582610852925040223e+00
2.397169118820113187e+00
2.306371502244057847e+00
2.266099439785641323e+00
2.261553065866764634e+00
2.327802647742849285e+00
2.451825766968326548e+00
2.537256869921076241e+00
2.474092795884144991e+00
2.321657062117734593e+00
2.095929678509123484e+00
1.884511489550419805e+00
1.721737520428568091e+00
1.634034460795695365e+00
1.635302516433885023e+00
1.696317755533025107e+00
1.778176001230436398e+00
1.818052467753564772e+00
1.826389991293918991e+00
1.802616330925887800e+00
1.768781542299795007e+00
1.741353798732101277e+00
1.741891766953400200e+00
1.776933790899955623e+00
1.828017881665172872e+00
1.900894842259869710e+00
1.943781764393699207e+00
1.931404758562244917e+00
1.858790452367824697e+00
1.730350136482232903e+00
1.552477402071265056e+00
1.341776543474232364e+00
1.163797316574547436e+00
1.025335127301363558e+00
9.386430371861997912e-01
9.073113941097296076e-01
9.304761351116160872e-01
9.793469621700379157e-01
1.000324863523447627e+00
1.000563156006046395e+00
9.526793020098015541e-01
8.660095646839143235e-01
7.588256333933386388e-01
6.582156860529982945e-01
6.210434719359204658e-01
6.388262486466262935e-01
7.471978077869564361e-01
9.368939881410258685e-01
1.175292301038445730e+00
1.447947884091256299e+00
1.704865910948330621e+00
1.938395136742754765e+00
2.134213143279961589e+00
2.281076904333909194e+00
2.370837050369994703e+00
2.389213828600206035e+00
2.306285613783294330e+00
2.135939280712178423e+00
1.859272563699828185e+00
1.528409661815718357e+00
1.227607371266269620e+00
9.931983600182466843e-01
9.215193927235835192e-01
1.006130653581943202e+00
1.278325549233424896e+00
1.684744958566828821e+00
2.126225468791167028e+00
2.573968770617525603e+00
2.905895967351877385e+00
3.096636832277618101e+00
3.104833675379555569e+00
2.935647933964160128e+00
2.657295396658311049e+00
2.282778976563094808e+00
1.908621766993948476e+00
1.570938710352372425e+00
1.297107929086927625e+00
1.109088167773919720e+00
9.852443881745217569e-01
9.217464517050429906e-01
8.874119892639948937e-01
8.726459232067295124e-01
8.689892764249097512e-01
8.771189214286128077e-01
9.043623451837591309e-01
9.595638097197402017e-01
1.053619623886353773e+00
1.177324599897413560e+00
1.337754908789769104e+00
1.503754018194649822e+00
1.654395788028742764e+00
1.767116744602718503e+00
1.799012065774405533e+00
1.756067203389189091e+00
1.616100822774239942e+00
1.414106637407974931e+00
1.182784813560203041e+00
9.495732791589595045e-01
8.015213608648897869e-01
7.421369740236674062e-01
8.128040507700315942e-01
1.027519797053311645e+00
1.348348861684125710e+00
1.776551079978665015e+00
2.241683186599717548e+00
2.713736868940662905e+00
3.171157854651297736e+00
3.551158145465530325e+00
3.859652169385167753e+00
4.083444091874757653e+00
4.212959107145459292e+00
4.273919067121318527e+00
4.258256636099826409e+00
4.193592768765443957e+00
4.102288888110116716e+00
3.971888472842804774e+00
3.833524444070436132e+00
3.700458399319701996e+00
3.567001395280627207e+00
3.445652295577871893e+00
3.335395154454561695e+00
3.252648619568508703e+00
3.196355836290567964e+00
3.143512080864276914e+00
3.116769199739510388e+00
3.103272942815709978e+00
3.077847457680124688e+00
3.038552957260508780e+00
2.959516333125288057e+00
2.843761518050694548e+00
2.669089922341786991e+00
2.429209077363526426e+00
2.149843971259545850e+00
1.821048156286434683e+00
1.477037744252744700e+00
1.134819079281999210e+00
8.072068174097748461e-01
5.296462288722114664e-01
2.969278191911810527e-01
1.244159838649599586e-01
1.025718272766283808e-02
-5.916868096359068768e-02
-8.244151509574322578e-02
-8.294316533849167838e-02
-6.696727401706446814e-02
-4.184244238201736271e-02
-2.100420783792862275e-02
-2.781082944787554440e-03
8.337499898899970036e-03
1.307522550562624682e-02
1.395903556529608930e-02
1.128220349038464541e-02
8.044603094149409619e-03
4.595462182462318503e-03
1.957972501240047829e-03
3.951451280240867868e-04
-5.208632172616282745e-04
-6.765651911809067833e-04
-5.942378214292294960e-04
-3.820968684836251942e-04
-1.722394099798856546e-04
-5.679642620302879826e-05
1.910405775075194336e-05
2.952781539140783624e-05
2.019987850231716776e-05
8.216862536035060064e-06
-1.504239999810386568e-06
-5.162060794892379667e-06
-5.256437452276225166e-06
-2.007765619836411129e-06
3.496133376886324923e-07
1.942917182675573075e-06
2.604242585746420030e-06
2.365036459713572769e-06
1.742793440102454129e-06
1.019292370528605719e-06
4.433194873707037250e-07
-3.284501931928026502e-08
-2.493572860517098321e-07
-3.100232986987843063e-07
-3.156089187349503690e-07
-2.166255209133764880e-07
-1.177535311959452463e-07
-4.264969355284059662e-08
1.501403566511975674e-08
4.376012171031489279e-08
5.106150520487838567e-08
4.114800262900213326e-08
2.891818592907053071e-08
1.621135947824451047e-08
5.666703763856842189e-09
5.237518048404359962e-11
-2.707804314714971745e-09
-2.720714484889327193e-09
-1.888938260435122642e-09
-8.180992864335019515e-10
1.803618001728270491e-10
6.899691372764218493e-10
8.698200573444830125e-10
7.657610803382624870e-10
5.866401055103871937e-10
3.754566943704193167e-10
2.002686573519383030e-10
9.552765628265342760e-11
2.729772494309496985e-11
6.616617973531282434e-12
3.628337921276412828e-12
6.058860118486921994e-12
1.147230781869622656e-11
1.323776327661424115e-11
1.310598706924530277e-11
1.042776186532603495e-11
7.220846891384285963e-12
4.695979681690942567e-12
2.529063381181275208e-12
1.093925118662339226e-12
5.252928679972917104e-13
3.085193916997534714e-13
1.283125089796750626e-13
1.907948712911307711e-13
2.106689873836367017e-13
1.429200356562615265e-13
1.457757609776121885e-13
1.058228979862315305e-13
4.857959455071633478e-14
4.015634928990863290e-14
2.613339451014682359e-14
6.469096704828897593e-15
1.044492442769688678e-14
1.035945050255783322e-14
3.648049299691287088e-15
5.990467574206288524e-15
5.435172095505257463e-15
2.039731209231837517e-15
2.642682923676186134e-15
2.135092043045260832e-15
6.386352739149129726e-16
9.720343196330784595e-16
8.573942423051450851e-16
2.513973845712515640e-16
4.034280583133967816e-16
3.560241005965644891e-16
9.527373446988687536e-17
1.478988891885472030e-16
1.293848688123766419e-16
2.793240827617856366e-17
5.075768539658982562e-17
4.599672129514111125e-17
7.134723152868636105e-18
1.629171881380884226e-17
1.564024014095168506e-17
1.426951159675993836e-18
4.977164252920433280e-18
5.124758694068742990e-18
1.323066131761495613e-19
1.474855918887509668e-18
1.662086871069840325e-18
-3.603471755670532820e-20
4.456024647468812906e-19
5.451980594871333365e-19
-2.259886060482608147e-20
1.373303648147615555e-19
1.803029290461359513e-19
-3.672619754119158061e-21
4.561967857941084529e-20
6.076126479588797316e-20
2.468710405359503068e-21
1.617114912063793569e-20
2.079493454063171894e-20
2.838145256297299275e-21
6.142843106971062508e-21
7.269209180944500293e-21
1.865364984927372760e-21
2.450189831748087437e-21
2.591183730554846056e-21
9.800361966435404735e-22
9.864336385734911711e-22
9.357120932014264608e-22
4.553067507308125528e-22
3.944151906920575024e-22
3.391725213676773463e-22
1.914295126005655397e-22
1.516990986905642508e-22
1.210977683542797022e-22
7.430641322024995554e-23
5.591948970085971213e-23
4.201630209385663937e-23
2.654087206912129575e-23
1.935099480442135100e-23
1.388043681658949334e-23
8.658569629393521643e-24
6.220234417943335691e-24
4.284673804123108279e-24
2.494971035450248201e-24
1.791713427573910968e-24
1.196973311944618002e-24
5.895429680363854386e-25
4.351275667233661832e-25
2.842816556373244764e-25
8.194401882082360499e-26
7.023442965687127252e-26
4.653637203466854319e-26
-1.831925140128220200e-26
-5.977304101659886071e-27
-2.568220385503992737e-27
-2.224518904404023118e-26
-1.216616688379087655e-26
-6.769794411458893994e-27
-1.232426725705566472e-26
-7.053974375972064050e-27
-3.910442005116908514e-27
-5.371550089735292227e-27
-3.096556779011348951e-27
-1.690049167541363377e-27
-2.049089775487542950e-27
-1.175600340538237078e-27
-6.255390597912486179e-28
-7.070604839103375035e-28
-3.999571222186851290e-28
-2.054345530568680628e-28
-2.237399545065670412e-28
-1.244380180475638924e-28
-6.154593379479252428e-29
-6.615066647513671465e-29
-3.607372644576852633e-29
-1.683772442885132657e-29
-1.814748124043285284e-29
-9.601934942098398678e-30
-4.114771705804945352e-30
-4.583952610327772287e-30
-2.310879664763214532e-30
-8.438285035997314683e-31
-1.047198601042428801e-30
-4.912996686730720384e-31
-1.237662090004623760e-31
-2.089479687642682780e-31
-8.366312939052931238e-32
2.918426028417092913e-33
-3.127484397021092003e-32
-6.639511076242786589e-33
1.189889152742924233e-32
-1.136646276578123108e-33
2.748068725105865919e-33
6.360969552594184752e-33
1.664287951912183017e-33
1.950719980617581112e-33
2.529231935924305962e-33
9.094084934394880706e-34
8.091093864914436581e-34
8.751372991009431308e-34
3.396536011946253261e-34
2.788016839948147090e-34
2.791521942399204609e-34
1.074674317433616015e-34
8.625418880912138672e-35
8.367439966495824397e-35
3.018318550115994749e-35
2.462005958286874305e-35
2.403425052736872718e-35
7.839157687377976382e-36
6.692258487968756781e-36
6.677656027455480672e-36
1.835098526945972846e-36
1.660969144021556273e-36
1.763504252171855464e-36
3.871478712018569005e-37
4.603396877467237845e-37
5.080435188307727835e-37
4.573548059082379902e-38
7.376224945816822281e-38
2.235986044834819027e-38
-5.443933697712352276e-38
1.299869103285682897e-37
