4.229344992692043252e-13
1.155768722103606622e-14
2.719229433723598895e-13
3.928811842626490568e-13
3.844623552196196292e-13
5.206969834982870699e-13
6.593315499371931059e-13
7.843696167589426423e-13
9.535924994374047065e-13
1.142045964667610293e-12
1.336072280161063258e-12
1.542977013233302930e-12
1.753401415261556802e-12
1.966080531299075219e-12
2.189125655175919808e-12
2.424664384109958182e-12
2.681354586100540764e-12
2.961591309266683116e-12
3.267179754298821773e-12
3.601474078310325851e-12
3.965703153396620645e-12
4.360731613184614197e-12
4.790545301682803770e-12
5.257699946722666059e-12
5.763549740479683758e-12
6.313403545724658608e-12
6.910133660710088848e-12
7.555385719635831204e-12
8.255477985748797178e-12
9.013572609496303860e-12
9.831599887056543715e-12
1.071605399874345252e-11
1.166989280970569269e-11
1.269484404683908436e-11
1.379712634363571327e-11
1.497976158582204442e-11
1.624447638426818091e-11
1.759812388292480018e-11
1.904388565352340355e-11
2.058385703224798049e-11
2.222507775672923137e-11
2.397018763237215019e-11
2.582131247558435805e-11
2.778453634496444087e-11
2.986174516545753227e-11
3.205479142730663614e-11
3.436890792009527984e-11
3.680572203390285604e-11
3.936695675037711504e-11
4.205812439761335557e-11
4.488137902096256515e-11
4.783864996952289457e-11
5.093764350550710420e-11
5.418232931461795297e-11
5.757540640896059643e-11
6.113005243407333142e-11
6.485412818053729262e-11
6.875213264678986402e-11
7.284780031024377807e-11
7.715574534769503176e-11
8.168390566632034473e-11
8.647352964066107917e-11
9.154952854830554388e-11
9.692558030135077911e-11
1.026691905097055304e-10
1.088196996417233260e-10
1.153995195986781048e-10
1.225128767439398812e-10
1.302182344192692813e-10
1.385504782787834738e-10
1.476628173732945143e-10
1.576381870251012916e-10
1.685285519088010138e-10
1.805504733330816649e-10
1.938176027111032696e-10
2.084046620454641877e-10
2.246085651125725920e-10
2.425811843985483524e-10
2.624270062515251862e-10
2.845435475445869121e-10
3.091301489349706776e-10
3.363295930020442034e-10
3.666641875503657810e-10
4.003924710860678176e-10
4.377056176236672756e-10
4.792800653428967663e-10
5.254492440937119979e-10
5.764643540040918672e-10
6.331935814671402527e-10
6.960680023778675068e-10
7.654124326840265690e-10
8.423400984537539069e-10
9.274152634555098554e-10
1.021053720937351073e-09
1.124696935043847964e-09
1.239099585436103168e-09
1.364793911557623119e-09
1.503685025098611583e-09
1.656808413364672264e-09
1.824853792566247085e-09
2.010406281688973214e-09
2.214917893987372804e-09
2.439302384468781114e-09
2.687152822961683291e-09
2.960529340882114781e-09
3.260672489698772873e-09
3.592650558272140065e-09
3.959387352309476996e-09
4.362598717457976262e-09
4.809459399606766061e-09
5.304084392556033239e-09
5.848867930892833492e-09
6.453916208013192253e-09
7.124948123267298682e-09
7.865306630925932004e-09
8.689097782462011427e-09
9.604165596525030148e-09
1.061516332170278425e-08
1.174158869362339844e-08
1.299407200650627700e-08
1.437907057267647100e-08
1.592328851221258790e-08
1.764096938834673490e-08
1.954105389424255333e-08
2.165976384214489278e-08
2.401594466462271144e-08
2.662193011667892674e-08
2.952624057373313087e-08
3.275341365476346766e-08
3.632031712877790846e-08
4.029081676298512452e-08
4.469620824447213036e-08
4.955918647008759610e-08
5.496186404173277307e-08
6.094316086963120715e-08
6.753286970038856952e-08
7.483353761829015957e-08
8.289219542308950748e-08
9.174673462102518982e-08
1.015210204235821247e-07
1.122701744082236326e-07
1.240406583687190757e-07
1.369768042823361719e-07
1.511412720535005305e-07
1.665888422125881897e-07
1.834816256910328423e-07
2.018888463042875727e-07
2.218725667465649713e-07
2.436085088645521130e-07
2.671713434709217089e-07
2.926287027760655064e-07
3.201651885507185899e-07
3.498601609752718119e-07
3.817847422103811905e-07
4.161287148928272558e-07
4.529765197091937893e-07
4.924008880264977123e-07
5.345964944173262742e-07
5.796554850701951263e-07
6.276514332681767148e-07
6.787901174164195085e-07
7.331774609890129299e-07
7.908895382837138726e-07
8.521592210697204021e-07
9.171166517398181875e-07
9.858460377180566970e-07
1.058635430686684635e-06
1.135654084597501779e-06
1.217005211875539109e-06
1.303072164499127607e-06
1.394081575650563545e-06
1.490172040062923693e-06
1.591871207688745793e-06
1.699482838804588967e-06
1.813201638578681127e-06
1.933752225649677909e-06
2.061534982526808467e-06
2.196823530096058507e-06
2.340591068700162390e-06
2.493353313468864153e-06
2.655484698964027257e-06
2.828255280890977095e-06
3.012315800346652550e-06
3.208157582653955300e-06
3.417393687675993025e-06
3.640838678607619354e-06
3.879101277725466064e-06
4.134194451410612393e-06
4.407161865153964300e-06
4.698702080525361527e-06
5.011352762903605806e-06
5.346558251475997836e-06
5.705057025768452094e-06
6.090268672399783266e-06
6.504443532315858457e-06
6.948357872646696850e-06
7.427221775536488346e-06
7.944877912222321874e-06
8.502363505816626341e-06
9.108522428966128907e-06
9.769987380184154296e-06
1.048875351081114033e-05
1.128017325094123758e-05
1.215497772939325419e-05
1.311741917596338793e-05
1.419251595238845981e-05
1.539574070857819370e-05
1.673520159301333107e-05
1.824705064669369380e-05
1.995038427610245854e-05
2.185812930942072159e-05
2.401456799090270137e-05
2.643870610210361598e-05
2.914728191117166366e-05
3.218317292211469701e-05
3.555920309412283458e-05
3.929201419536547353e-05
4.340776321831666399e-05
4.790636329845591269e-05
5.279802309079029837e-05
5.807581716605939005e-05
6.372222896758410725e-05
6.973455143852398729e-05
7.606288348993942852e-05
8.267261948981106294e-05
8.954478790803998168e-05
9.658974923310073818e-05
1.037619486121021299e-04
1.110283939294139858e-04
1.182777606001500075e-04
1.254639870167541910e-04
1.325478615033216735e-04
1.394241525675437210e-04
1.460576738420067981e-04
1.524135671882957666e-04
1.584203586134599634e-04
1.640623149340351245e-04
1.693182012510518824e-04
1.741679795357897482e-04
1.786184993884468175e-04
1.826669043454496840e-04
1.863468055302111863e-04
1.896845466293674710e-04
1.926949037765345225e-04
1.954524712910464025e-04
1.979948890570497159e-04
2.003494190794684229e-04
2.026093963157242408e-04
2.048129759723041300e-04
2.069924459115063951e-04
2.092352959409386098e-04
2.115700507946088437e-04
2.140263228901773780e-04
2.166655205201532656e-04
2.194999911081923496e-04
2.225504176771778803e-04
2.258409435569713178e-04
2.293665329699007152e-04
2.331354429839751412e-04
2.371345346847630279e-04
2.413455229001508192e-04
2.457643282736679470e-04
2.503511670946545757e-04
2.550825097880220801e-04
2.599456813437632887e-04
2.648928622435676940e-04
2.699050827609745314e-04
2.749676190225284794e-04
2.800471415245576003e-04
2.851389541207916987e-04
2.902340970128413906e-04
2.953355556805028364e-04
3.004610199639684890e-04
3.056145863595783555e-04
3.108520770959530190e-04
3.162186709487728865e-04
3.217366422695639599e-04
3.275217841581783292e-04
3.336474014965404539e-04
3.401555696775358556e-04
3.472170582409477425e-04
3.549284715060795829e-04
3.633489121381547663e-04
3.726870004427675315e-04
3.830530048464287664e-04
3.945156950884651519e-04
4.072968351804657724e-04
4.215095413423067890e-04
4.372214882437819999e-04
4.546459541150539400e-04
4.738939205551593605e-04
4.950213497845805345e-04
5.182311022601481226e-04
5.436416432340391474e-04
5.712933027479290011e-04
6.014149094457294301e-04
6.341629729605752436e-04
6.695734929721162748e-04
7.079875208665312039e-04
7.496495387983508974e-04
7.946243508880328904e-04
8.434939402992433716e-04
8.966471274471800703e-04
9.542311194585699268e-04
1.017206405884082303e-03
1.086147389641543620e-03
1.161343751117972735e-03
1.244228491412741012e-03
1.335568065174810512e-03
1.435836595462774154e-03
1.546944958526515939e-03
1.669820217309605885e-03
1.805121295521009599e-03
1.955152092720932860e-03
2.120954261777395749e-03
2.303325496361507182e-03
2.504853601031492398e-03
2.726680514434991990e-03
2.969677544028461597e-03
3.236705268298613238e-03
3.529073455186502398e-03
3.847699238043981226e-03
4.195928743084816580e-03
4.575416541293537455e-03
4.987197664287942867e-03
5.435597806540508337e-03
5.922889361605731227e-03
6.450431272558645318e-03
7.024243628806861074e-03
7.647533455412262350e-03
8.322304054397844722e-03
9.057039033800872926e-03
9.856171815564959693e-03
1.072271536747669736e-02
1.166824329719427615e-02
1.269862347247545202e-02
1.381820357944145428e-02
1.504199854258162113e-02
1.637739643130925807e-02
1.783030584577872599e-02
1.941923498606479975e-02
2.115302332481823824e-02
2.303924681831820767e-02
2.509969676362257610e-02
2.734440106644848989e-02
2.978256631906242916e-02
3.243880250350527489e-02
3.532385605317051036e-02
3.844830034102338784e-02
4.183882408963871674e-02
4.550634154389859160e-02
4.946217197317051562e-02
5.373423227113793138e-02
5.833338005906332085e-02
6.327069922925056267e-02
6.857510221973565911e-02
7.425820172376070005e-02
8.032992507030269069e-02
8.682206011059880046e-02
9.374955520685845922e-02
1.011213578304135940e-01
1.089779172884676184e-01
1.173420029829125993e-01
1.262242534308826991e-01
1.356841919146333508e-01
1.457576555916229033e-01
1.564629884550845784e-01
1.678917000195450926e-01
1.800961131914435853e-01
1.931106802353823870e-01
2.070684960524969975e-01
2.220368139799701046e-01
2.380734888101766200e-01
2.553515633264267781e-01
2.739449146348317821e-01
2.939357557070702565e-01
3.155184746949492025e-01
3.387600974393389364e-01
3.637575268988150756e-01
3.906925501051630722e-01
4.196121330566093266e-01
4.506076884127044324e-01
4.838104121705362748e-01
5.192413925473219338e-01
5.569622675503395071e-01
5.970289026264936627e-01
6.394425655601917446e-01
6.842176158272527120e-01
7.313369415952050145e-01
7.807977304018697273e-01
8.325660565033424776e-01
8.865814457146243832e-01
9.428530006655911899e-01
1.001315948186005444e+00
1.061906225442231344e+00
1.124648925163696855e+00
1.189475488552257598e+00
1.256341455584312206e+00
1.325272813434353214e+00
1.396218042370707346e+00
1.469138643506562092e+00
1.544030970799770364e+00
1.620861502653706099e+00
1.699548265779974088e+00
1.780026511362930330e+00
1.862259671505372971e+00
1.946062093033765761e+00
2.031293286401773646e+00
2.117882673827445661e+00
2.205505964331042179e+00
2.293959675693888034e+00
2.383118183105121801e+00
2.472534539776424456e+00
2.561979051244632988e+00
2.651275521741757846e+00
2.739920873043828475e+00
2.827704530125753735e+00
2.914431247723319185e+00
2.999632719186513530e+00
3.083152913672821516e+00
3.164822506181156569e+00
3.244287134607387824e+00
3.321459713303344774e+00
3.396234746264621407e+00
3.468413376954238458e+00
3.537971780841713709e+00
3.604883581571783679e+00
3.669105010655090648e+00
3.730659401894778515e+00
3.789589395656579374e+00
3.845977697866994394e+00
3.899878669779721196e+00
3.951377891547433574e+00
4.000646586809705418e+00
4.047758630973792293e+00
4.092814620737634357e+00
4.136038842043180175e+00
4.177515965941396736e+00
4.217342013330783068e+00
4.255763070431256345e+00
4.292864749571117855e+00
4.328729255525000319e+00
4.363594573117614672e+00
4.397535266154513955e+00
4.430616733010226405e+00
4.463040550806803175e+00
4.494859497433279394e+00
4.526120709618213667e+00
4.556968390446633599e+00
4.587428938042132920e+00
4.617530178490301118e+00
4.647352242255490928e+00
4.676898817993076385e+00
4.706180065459644624e+00
4.735221270027236251e+00
4.764012840852732467e+00
4.792553627046467035e+00
4.820833336014820780e+00
4.848839090174141830e+00
4.876567808275484417e+00
4.903993555646972702e+00
4.931106571813944406e+00
4.957909023162435425e+00
4.984373660803582240e+00
5.010495841996758237e+00
5.036283041161706997e+00
5.061715310447620020e+00
5.086792544126713445e+00
5.111520211222969401e+00
5.135891777805105640e+00
5.159910529790339595e+00
5.183570746458181944e+00
5.206884015716117808e+00
5.229855828581851718e+00
5.252466104406748215e+00
5.274744570254640941e+00
5.296697083697725184e+00
5.318296679527936277e+00
5.339582237190374947e+00
5.360557302248902367e+00
5.381203597465398225e+00
5.401551674593181751e+00
5.421600415899003877e+00
5.441354865739582714e+00
5.460819206750506360e+00
5.479987495649781160e+00
5.498891501956840067e+00
5.517501985024533262e+00
5.535811124146210460e+00
5.553864778880835296e+00
5.571611398408506943e+00
5.589046179438143191e+00
5.606205112762612686e+00
5.623040117933302717e+00
5.639553384997413765e+00
5.655748471615517303e+00
5.671607467801756286e+00
5.687139829876504571e+00
5.702309467042470992e+00
5.717140026942844067e+00
5.731644128207168620e+00
5.745760935400887170e+00
5.759543577712659790e+00
5.773001619069082047e+00
5.786081010543487224e+00
5.798835115497120718e+00
5.811266126372919949e+00
5.823358931132157856e+00
5.835138558336457670e+00
5.846600485890799170e+00
5.857783012241243092e+00
5.868673046166006380e+00
5.879264749314309313e+00
5.889636462407242590e+00
5.899751900345052036e+00
5.909610455738545376e+00
5.919293987828268655e+00
5.928772118592497087e+00
5.938052814635214283e+00
5.947180225721584002e+00
5.956153786456923171e+00
5.964988244020109853e+00
5.973667281465221635e+00
5.982224352315508753e+00
5.990675537879991630e+00
5.998954574435085618e+00
6.007112791554880538e+00
6.015161608858561770e+00
6.023024709321571635e+00
6.030746239882573967e+00
6.038328729115208127e+00
6.045732236205065391e+00
6.052973999172952091e+00
6.060046043580862296e+00
6.066968886439217279e+00
6.073726732432960240e+00
6.080302485186643402e+00
6.086763051495470478e+00
6.093066616599223551e+00
6.099191961532944184e+00
6.105208281721043129e+00
6.111062238579935801e+00
6.116737158138994879e+00
6.122256137113836871e+00
6.127571329882653295e+00
6.132680928840727574e+00
6.137536593144573338e+00
6.142114349917012106e+00
6.146435082854847742e+00
6.150393215501508415e+00
6.154007967778267307e+00
6.157323735587536540e+00
6.160229317008600880e+00
6.162800347285056546e+00
6.165095752449854416e+00
6.167062836777887469e+00
6.168825873160805884e+00
6.170439501239944668e+00
6.171951565061513101e+00
6.173491304588742956e+00
6.175081887188766494e+00
6.176866026931556952e+00
6.178896572233726125e+00
6.181137647453451400e+00
6.183757220618963935e+00
6.186656162664431413e+00
6.189739622136837482e+00
6.193086828712316638e+00
6.196489598979098012e+00
6.199858801059659363e+00
6.203135465553131667e+00
6.206211199485820451e+00
6.209095274541055254e+00
6.211696935408599352e+00
6.214105574654262831e+00
6.216373436168098898e+00
6.218317056447556723e+00
6.220111903160231215e+00
6.221921793361421926e+00
6.223572037221814846e+00
6.225091724743973209e+00
6.226670290736791458e+00
6.228299214302745135e+00
6.229903894149969368e+00
6.231511883815763930e+00
6.233293430580682859e+00
6.235191330201782733e+00
6.237037606987666294e+00
6.239034314169459527e+00
6.241195444960943917e+00
6.243301220689345676e+00
6.245463800431839019e+00
6.247736679944800642e+00
6.249983735828045894e+00
6.252190895540806537e+00
6.254385252825293229e+00
6.256572851573192651e+00
6.258652076653891783e+00
6.260591919366890856e+00
6.262516609267922973e+00
6.264304509453691772e+00
6.265882777207355758e+00
6.267418801237685244e+00
6.268831527222398670e+00
6.270053843529313831e+00
6.271207771292332644e+00
6.272284407683200946e+00
6.273265495600633734e+00
6.274166363275141656e+00
6.275044927997317501e+00
6.275941662134314036e+00
6.276761613796250749e+00
6.277594325691981503e+00
6.278510468178951420e+00
6.279361485680374777e+00
6.280223287263969389e+00
6.281150976675188957e+00
6.282027333801533331e+00
6.282882574733632985e+00
6.283724718400608644e+00
6.284530787327070378e+00
6.285280950586460413e+00
6.285938647192558015e+00
6.286578637473675180e+00
6.287152916584177298e+00
6.287612842250407397e+00
6.288075428891835905e+00
6.288497357021497258e+00
6.288857025754484908e+00
6.289237413837487800e+00
6.289624336757011491e+00
6.290042250283229386e+00
6.290492872207049224e+00
6.290994623606844804e+00
6.291604029905083273e+00
6.292251114918471444e+00
6.292970113185984538e+00
6.293812161051715037e+00
6.294689912110198016e+00
6.295629010849343565e+00
6.296640302957950297e+00
6.297677095474710107e+00
6.298740532780169765e+00
6.299793299314373485e+00
6.300851597544347094e+00
6.301893680500779027e+00
6.302858167248046151e+00
6.303800388586602743e+00
6.304691307511209430e+00
6.305483311776526989e+00
6.306224765826011769e+00
6.306896405752883794e+00
6.307489001135414775e+00
6.308012478530933720e+00
6.308464072393022093e+00
6.308869685773086822e+00
6.309205402294673526e+00
6.309478641614263417e+00
6.309727466042864386e+00
6.309926435406151946e+00
6.310081128518682192e+00
6.310221531079339918e+00
6.310352491272478659e+00
6.310470845594753797e+00
6.310597811248357836e+00
6.310775375247943408e+00
6.310995640176957799e+00
6.311286397190850828e+00
6.311705298432483069e+00
6.312251082935076418e+00
6.312969052740105447e+00
6.313899371321880949e+00
6.315056205629603348e+00
6.316490720316728869e+00
6.318202438584158642e+00
6.320218770818155640e+00
6.322565077761603369e+00
6.325198959127191323e+00
6.328147978848391197e+00
6.331383669646279522e+00
6.334839701015256175e+00
6.338528603338594358e+00
6.342368660163701044e+00
6.346295117520546647e+00
6.350298810395156757e+00
6.354277527997560071e+00
6.358188603800059902e+00
6.362007060445423967e+00
6.365653071005143993e+00
6.369114030540766969e+00
6.372362335673334321e+00
6.375364491304769565e+00
6.378132433216301855e+00
6.380647022094208864e+00
6.382913976479627216e+00
6.384955332904792336e+00
6.386763538790487083e+00
6.388357314902433082e+00
6.389753200913798281e+00
6.390951323069898216e+00
6.391960264343514275e+00
6.392782065913891643e+00
6.393418435249476950e+00
6.393861148498074520e+00
6.394099573195667574e+00
6.394132738251010473e+00
6.393943717730294907e+00
6.393520071969930996e+00
6.392857140026916518e+00
6.391942824729386352e+00
6.390775308812991717e+00
6.389348339929122211e+00
6.387665476011204824e+00
6.385740438404375219e+00
6.383569645531270709e+00
6.381175428658736770e+00
6.378580084561817465e+00
6.375786735095414492e+00
6.372828767200318545e+00
6.369722542438054802e+00
6.366478156991689730e+00
6.363122083014213892e+00
6.359652954276344694e+00
6.356082398668565503e+00
6.352408764548690634e+00
6.348611561661453351e+00
6.344695027822119471e+00
6.340615552710179514e+00
6.336340977076946324e+00
6.331861076527931509e+00
6.327090567077697791e+00
6.321993745432499701e+00
6.316544766498192409e+00
6.310630376242155393e+00
6.304215160416604569e+00
6.297262124062363853e+00
6.289653286142915078e+00
6.281357524332232600e+00
6.272333682696562995e+00
6.262489868508669844e+00
6.251811623408677576e+00
6.240261342968625335e+00
6.227809079187973218e+00
6.214477207021093186e+00
6.200241332468365840e+00
6.185164403049451032e+00
6.169319545049322784e+00
6.152708501724757362e+00
6.135496957976755539e+00
6.117800305682284723e+00
6.099659974465770240e+00
6.081324694231088124e+00
6.062921227382921607e+00
6.044538345012109737e+00
6.026471844834798475e+00
6.008828348620951942e+00
5.991740416493422039e+00
5.975527895758658836e+00
5.960272043344350124e+00
5.946135130651849288e+00
5.933468602617593568e+00
5.922354920058583438e+00
5.912966936448893485e+00
5.905705914040439986e+00
5.900687010616852746e+00
5.898073336584239712e+00
5.898293464652368812e+00
5.901491026777903492e+00
5.907795848881037593e+00
5.917560080149351087e+00
5.930896906711776495e+00
5.947872138634537009e+00
5.968593713948705748e+00
5.993055550225857786e+00
6.021224876476549248e+00
6.052816107194111339e+00
6.087641636190942229e+00
6.125547062487913585e+00
6.165823987979201171e+00
6.208116848969750912e+00
6.252158285947405858e+00
6.296958377466551404e+00
6.342089084006317101e+00
6.387220266201410368e+00
6.431350481057479307e+00
6.474113638940683479e+00
6.515196690658655143e+00
6.553870005359869744e+00
6.589938076319797666e+00
6.623184113128252726e+00
6.653324250140943974e+00
6.680369309816010848e+00
6.704244620624103312e+00
6.725114523352452522e+00
6.743153949146538650e+00
6.758426563223530970e+00
6.771401117124150382e+00
6.782329502868460480e+00
6.791368315300489122e+00
6.799087738293809302e+00
6.805730873541222969e+00
6.811485729432021685e+00
6.816855498510047795e+00
6.822023048151000246e+00
6.827157331775606686e+00
6.832613551294612897e+00
6.838504131107710826e+00
6.844954453635860858e+00
6.852175490963296589e+00
6.860226230060697539e+00
6.869188507971475843e+00
6.879177975250567734e+00
6.890224025641445316e+00
6.902377672811752518e+00
6.915709252224526260e+00
6.930235298371250074e+00
6.945988897985561294e+00
6.963021729816472494e+00
6.981343886599340465e+00
7.000977196829581750e+00
7.021957821584337012e+00
7.044289596373134010e+00
7.067984076165075180e+00
7.093054941789675105e+00
7.119498990082473888e+00
7.147316748614128024e+00
7.176495187113999030e+00
7.207024792948565128e+00
7.238895745996881459e+00
7.272071302435843876e+00
7.306537351628056065e+00
7.342276301723380527e+00
7.379235259916679723e+00
7.417396849840603323e+00
7.456738780008614675e+00
7.497200311722353128e+00
7.538761614157007962e+00
7.581398184740972823e+00
7.625049968931919331e+00
7.669696233519251116e+00
7.715312786253764266e+00
7.761850986696475552e+00
7.809292506010874213e+00
7.857617559876060476e+00
7.906801455309836690e+00
7.956832285544880534e+00
8.007700471674498388e+00
8.059413339652978792e+00
8.111967056455229752e+00
8.165366830079543448e+00
8.219646205008466211e+00
8.274805930863548653e+00
8.330864695451099422e+00
8.387858266415360475e+00
8.445783686596019635e+00
8.504663379931765022e+00
8.564500733433140667e+00
8.625280062251768243e+00
8.687012225141645061e+00
8.749640588464293600e+00
8.813132200415601858e+00
8.877473123387945364e+00
8.942542645787286304e+00
9.008293100101818496e+00
9.074682163795397827e+00
9.141548508832258335e+00
9.208837684145736446e+00
9.276487333811376246e+00
9.344334883832390304e+00
9.412328033349275813e+00
9.480400333611013863e+00
9.548424244977006481e+00
9.616355773856534839e+00
9.684140223776608991e+00
9.751703968118720312e+00
9.819013531071769663e+00
9.886035593623532236e+00
9.952748955351104598e+00
1.001912989612638505e+01
1.008516797780867691e+01
1.015087887644118503e+01
1.021624627661542029e+01
1.028127764359872742e+01
1.034600479865917144e+01
1.041041556823332925e+01
1.047452680872578590e+01
1.053836690298925483e+01
1.060192376497268718e+01
1.066521424974820498e+01
1.072824763681450122e+01
1.079100732908200833e+01
1.085350189573205348e+01
1.091571048076123596e+01
1.097760753821643753e+01
1.103918757246519000e+01
1.110039330690884007e+01
1.116118696151399270e+01
1.122154639759666672e+01
1.128137640158533372e+01
1.134062578237967500e+01
1.139925623954560230e+01
1.145713784443295147e+01
1.151420758289068935e+01
1.157041379102766676e+01
1.162559967578242492e+01
1.167969485548240982e+01
1.173263858447169206e+01
1.178425924785356926e+01
1.183448572681331434e+01
1.188325335143221650e+01
1.193039063048319015e+01
1.197583302326241217e+01
1.201951747273490589e+01
1.206128799534785223e+01
1.210109276766857356e+01
1.213887558715641468e+01
1.217450860164559323e+01
1.220795615625922004e+01
1.223917294644611964e+01
1.226806635528008194e+01
1.229461710592389245e+01
1.231879282634913686e+01
1.234053661404257696e+01
1.235984308974232704e+01
1.237669255446025751e+01
1.239105870686447908e+01
1.240294619846763347e+01
1.241234588922017146e+01
1.241925401895241343e+01
1.242368146073176938e+01
1.242562664635228487e+01
1.242510042443198870e+01
1.242211717771134794e+01
1.241668013928852332e+01
1.240880926626632608e+01
1.239852120832343552e+01
1.238582221576498021e+01
1.237073914023354781e+01
1.235329087986329455e+01
1.233348613574243480e+01
1.231135914938305298e+01
1.228693167253127427e+01
1.226021524002830354e+01
1.223125323038962087e+01
1.220007083422112437e+01
1.216668319956526823e+01
1.213114424273228487e+01
1.209348270729274333e+01
1.205371795215558173e+01
1.201191435580708777e+01
1.196810369904704174e+01
1.192230956444527301e+01
1.187460488288134286e+01
1.182502343714049253e+01
1.177359233102363767e+01
1.172038970164660299e+01
1.166545005900093912e+01
1.160880274986247507e+01
1.155052723360408429e+01
1.149065755918153720e+01
1.142922379114140874e+01
1.136630331739348776e+01
1.130192888822835506e+01
1.123612990512731891e+01
1.116897957687707610e+01
1.110050900250202766e+01
1.103074600161805563e+01
1.095975910317218904e+01
1.088757787517887010e+01
1.081422824085516510e+01
1.073977494625297169e+01
1.066424649102683020e+01
1.058766712677866906e+01
1.051009950588990627e+01
1.043157167077433733e+01
1.035210674162400935e+01
1.027176701354825639e+01
1.019058063258137281e+01
1.010857016453997126e+01
1.002579871764345754e+01
9.942294894761159796e+00
9.858081100610142755e+00
9.773221565358776175e+00
9.687745405718183989e+00
9.601674985360848069e+00
9.515075168378567483e+00
9.427975335307126059e+00
9.340397704385557276e+00
9.252406814322581496e+00
9.164031810521690247e+00
9.075294569826235502e+00
8.986258272839998895e+00
8.896951183749850500e+00
8.807394682423081989e+00
8.717649760183585173e+00
8.627743117696599739e+00
8.537695578796444806e+00
8.447565351491238772e+00
8.357376944742993530e+00
8.267150614143982779e+00
8.176941242065151272e+00
8.086770631954649957e+00
7.996658380495705210e+00
7.906655297994039877e+00
7.816780126773007709e+00
7.727051513247861436e+00
7.637515128824722943e+00
7.548186505961196779e+00
7.459082819221246829e+00
7.370243387025311677e+00
7.281680647308157006e+00
7.193409664687705707e+00
7.105462491752835952e+00
7.017848889734860762e+00
6.930581289975374482e+00
6.843684394058850096e+00
6.757165981721335868e+00
6.671035690954735919e+00
6.585311932623689302e+00
6.500001362033859920e+00
6.415111165382055169e+00
6.330655564633762999e+00
6.246640924078892709e+00
6.163072766231025845e+00
6.079963734700666755e+00
5.997320523226196798e+00
5.915147988573782101e+00
5.833459566172216171e+00
5.752262569357974975e+00
5.671562081728303895e+00
5.591373810664625132e+00
5.511705643020658130e+00
5.432563419518374737e+00
5.353965406200909882e+00
5.275919768134895271e+00
5.198433167980469172e+00
5.121525626962144528e+00
5.045205164745136805e+00
4.969478926458534396e+00
4.894367181431842795e+00
4.819877349669959621e+00
4.746016477820775847e+00
4.672803340207341449e+00
4.600244326477071155e+00
4.528345741683552639e+00
4.457123276940817114e+00
4.386581915491457373e+00
4.316726655382985278e+00
4.247568934821974729e+00
4.179112051238040415e+00
4.111359299963496916e+00
4.044317281960620569e+00
3.977987492338014075e+00
3.912371361573948381e+00
3.847470761975178011e+00
3.783285500366299292e+00
3.719815262473402218e+00
3.657058028578166642e+00
3.595012285272023433e+00
3.533676394715911329e+00
3.473045911966910371e+00
3.413118568481274817e+00
3.353892080461858161e+00
3.295361393185764598e+00
3.237524108553582192e+00
3.180378099625754462e+00
3.123919424553510904e+00
3.068146068828328854e+00
3.013056788049658596e+00
2.958649900958439272e+00
2.904924033752926515e+00
2.851879258513516646e+00
2.799516377161460401e+00
2.747834598913758253e+00
2.696835307218184763e+00
2.646521010690138009e+00
2.596891174262352830e+00
2.547948031196953345e+00
2.499694265829227380e+00
2.452129127371894146e+00
2.405254908195602948e+00
2.359072662697308864e+00
2.313580962552224118e+00
2.268781270183302112e+00
2.224671472809546025e+00
2.181249139406839621e+00
2.138514170075428655e+00
2.096460436979284747e+00
2.055084382751455774e+00
2.014383964319237830e+00
1.974349053868090564e+00
1.934975042005862456e+00
1.896257990239344826e+00
1.858184549918862061e+00
1.820749278215411104e+00
1.783946763974195271e+00
1.747761679132529222e+00
1.712188035905247929e+00
1.677219594791603541e+00
1.642840372046669328e+00
1.609044125130370650e+00
1.575824457409228607e+00
1.543165806007002372e+00
1.511061919874589821e+00
1.479506771489420336e+00
1.448485859888378968e+00
1.417993109097115179e+00
1.388023141662296567e+00
1.358562708175646394e+00
1.329606032603334542e+00
1.301148414892065786e+00
1.273177723975955411e+00
1.245688567274871872e+00
1.218676768314397973e+00
1.192131060952605459e+00
1.166046497926627845e+00
1.140419208348050661e+00
1.115238608271214682e+00
1.090500247618386931e+00
1.066200392809973918e+00
1.042329137285784135e+00
1.018882566790279220e+00
9.958570355529056117e-01
9.732434769826672216e-01
9.510385195061622499e-01
9.292386775331040738e-01
9.078359405007777605e-01
8.868274280904673290e-01
8.662099524894223412e-01
8.459766670205932648e-01
8.261250517836421503e-01
8.066523327973552648e-01
7.875526915686363871e-01
7.688237569417532002e-01
7.504631862310210400e-01
7.324657635105112918e-01
7.148290008259006179e-01
6.975508717116193358e-01
6.806261163812501458e-01
6.640518641006548650e-01
6.478261798805867722e-01
6.319430577582306752e-01
6.163990442705494788e-01
6.011920309038502053e-01
5.863147109422572889e-01
5.717629730546134326e-01
5.575343173651257089e-01
5.436199003136308328e-01
5.300150331048041341e-01
5.167167252615380013e-01
5.037147581416578923e-01
4.910040920491186012e-01
4.785812952501525275e-01
4.664352971326957698e-01
4.545610312007876685e-01
4.429548032216664155e-01
4.316054386000577892e-01
4.205081911997913813e-01
4.096593551903684460e-01
3.990484352724739670e-01
3.886712963985110569e-01
3.785244718805258479e-01
3.685987796849719000e-01
3.588908667950118647e-01
3.493976933680022490e-01
3.401117442117144729e-01
3.310304674078883846e-01
3.221513377745572893e-01
3.134685281062061790e-01
3.049801596224371303e-01
2.966842034897288483e-01
2.885762362447492069e-01
2.806548150502072292e-01
2.729183015712741689e-01
2.653631736517361728e-01
2.579881373589894555e-01
2.507917840307832269e-01
2.437708920599219731e-01
2.369240453328753937e-01
2.302498852087568049e-01
2.237449169666703153e-01
2.174074041130868162e-01
2.112358726183748703e-01
2.052261170938820822e-01
1.993759913799363348e-01
1.936837820204797278e-01
1.881443482404450418e-01
1.827551625179146821e-01
1.775142094653958946e-01
1.724154349276897091e-01
1.674560574997435713e-01
1.626337705930484545e-01
1.579418612020108970e-01
1.533774817480466346e-01
1.489381188982906168e-01
1.446168272448681014e-01
1.404108925151990039e-01
1.363177393343385502e-01
1.323306921251904689e-01
1.284473357032427654e-01
1.246652099454781809e-01
1.209783759070221371e-01
1.173848177461988412e-01
1.138823630844176121e-01
1.104661411093948026e-01
1.071345578418181760e-01
1.038858581624260841e-01
1.007163720247630373e-01
9.762487954964489678e-02
9.461010116461504582e-02
9.166948906265891261e-02
8.880210133790140958e-02
8.600711094909792298e-02
8.328284117551984500e-02
8.062851190756675779e-02
7.804365475499426552e-02
7.552711434250465594e-02
7.307816286449549115e-02
7.069655237205968445e-02
6.838128617734175185e-02
6.613160552740392217e-02
6.394733392206013167e-02
6.182733156659894064e-02
5.977076175963758065e-02
5.777739026293814834e-02
5.584573934158933856e-02
5.397488442702419453e-02
5.216444448299464159e-02
5.041252942735961057e-02
4.871814762310155977e-02
4.708072953935613786e-02
4.549800418914201616e-02
4.396895341727663498e-02
4.249282048568885778e-02
4.106705838836473277e-02
3.969066988300893467e-02
3.836274346702202992e-02
3.708059581074580474e-02
3.584329273388416753e-02
3.464981721246861157e-02
3.349748913828391739e-02
3.238546514065410858e-02
3.131267599096847210e-02
3.027655948574211817e-02
2.927637200494889388e-02
2.831104095030026468e-02
2.737820010084032751e-02
2.647719659019649383e-02
2.560699511660155525e-02
2.476546721125349668e-02
2.395202920173366071e-02
2.316571582412692634e-02
2.240465043701769451e-02
2.166829244302811638e-02
2.095577361234085209e-02
2.026546735758416248e-02
1.959685369326623350e-02
1.894918458316809454e-02
1.832107619478795524e-02
1.771201649423009145e-02
1.712139704885085392e-02
1.654806965968149898e-02
1.599152987742638241e-02
1.545132244039197633e-02
1.492652799768449251e-02
1.441665992034950328e-02
1.392142036073744198e-02
1.344010798685500024e-02
1.297226970653996697e-02
1.251775657670522839e-02
1.207606391716721517e-02
1.164678677599241020e-02
1.122990198215360023e-02
1.082506429126623565e-02
1.043192492446038712e-02
1.005054958722893799e-02
9.680698641180976102e-03
9.322078785343610591e-03
8.974798121761971142e-03
8.638658008374234046e-03
8.313412912205418032e-03
7.999164462816758456e-03
7.695691307539781999e-03
7.402785123095754344e-03
7.120498545314677373e-03
6.848538308274025599e-03
6.586723947588377613e-03
6.335030728101189758e-03
6.093068827572920877e-03
5.860679372840047613e-03
5.637750309793763091e-03
5.423797693385198383e-03
5.218680441237477825e-03
5.022207087788419649e-03
4.833823838526364776e-03
4.653404341857464085e-03
4.480698710499161214e-03
4.315119800839575283e-03
4.156552622911673621e-03
4.004716220332798192e-03
3.859029312428000069e-03
3.719385010280162537e-03
3.585498825712112730e-03
3.456830635306804705e-03
3.333279754737053426e-03
3.214581680236779440e-03
3.100265184199270038e-03
2.990236047351194429e-03
2.884267048687607152e-03
2.781973962228478838e-03
2.683270955176405171e-03
2.587978261125012565e-03
2.495805545511811750e-03
2.406677397192413369e-03
2.320464341534472525e-03
2.236964780029467373e-03
2.156114268357621922e-03
2.077829570945172004e-03
2.001981625486591674e-03
1.928515307738263478e-03
1.857384029398048350e-03
1.788507514020115478e-03
1.721836627488493700e-03
1.657348613201561904e-03
1.594986114627042727e-03
1.534702287267732590e-03
1.476485038661430431e-03
1.420277718928287082e-03
1.366033073600272582e-03
1.313738836618043348e-03
1.263324786705101585e-03
1.214742372616197654e-03
1.167972417151293954e-03
1.122926416797382634e-03
1.079555473071439715e-03
1.037831343860177872e-03
9.976509732691888656e-04
9.589672887144063546e-04
9.217446886224008040e-04
8.858746561657242224e-04
8.513144466204327363e-04
8.180251588302795513e-04
7.859034848396656081e-04
7.549130176130147392e-04
7.250162501452974730e-04
6.961240245722460441e-04
6.682072718677680790e-04
6.412337660879388048e-04
6.151336459939269917e-04
5.898850279967329238e-04
5.654631853511148717e-04
5.418183120991150068e-04
5.189345796891022509e-04
4.967950959453999163e-04
4.753671391247449047e-04
4.546391988188111955e-04
4.346009865689249088e-04
4.152315857608598567e-04
3.965218939063286721e-04
3.784660550856975506e-04
3.610490072480358899e-04
3.442623563566233735e-04
3.281022647762727221e-04
3.125543037070865416e-04
2.976095629694325219e-04
2.832641453841724510e-04
2.695006599969450539e-04
2.563090465569124884e-04
2.436839619092030784e-04
2.316034021997259284e-04
2.200560895833689570e-04
2.090346482393280790e-04
1.985125773778967677e-04
1.884777506941273217e-04
1.789208774934354727e-04
1.698123398052793530e-04
1.611397819445149467e-04
1.528926001283380145e-04
1.450400711432856871e-04
1.375702853696118106e-04
1.304721503842189059e-04
1.237158908430607406e-04
1.172906157221721924e-04
1.111855575384710254e-04
1.053735452709653924e-04
9.984507642824362041e-05
9.459034719063760907e-05
8.958581388833550122e-05
8.482349692955568879e-05
8.029493924991601666e-05
7.598057038641431655e-05
7.187385721489133593e-05
6.796781082090436340e-05
6.424660619189969052e-05
6.070493240044006015e-05
5.733717547300705235e-05
5.413064273192879435e-05
5.108095118361075630e-05
4.818362865885575586e-05
4.542832771102423055e-05
4.281130098024997396e-05
4.032892442942872130e-05
3.797242088973836019e-05
3.573844031166058163e-05
3.362392022628150754e-05
3.162102244424378438e-05
2.972663616242185016e-05
2.793802784318281289e-05
2.624787723452244408e-05
2.465323710419764375e-05
2.315154761074956474e-05
2.173580262456069738e-05
2.040320967545543882e-05
1.915130726182456868e-05
1.797337946730486060e-05
1.686682196458603973e-05
1.582926292975023815e-05
1.485437069283386287e-05
1.393977876445976734e-05
1.308324081446479957e-05
1.227895382903069880e-05
1.152483389205307242e-05
1.081881574664068452e-05
1.015576161438453021e-05
9.533896293638385332e-06
8.951389111084537658e-06
8.403856500163835107e-06
7.889834020986103468e-06
7.407761621307760155e-06
6.954032937860777943e-06
6.527473542593703738e-06
6.126805042293174848e-06
5.749156136766018551e-06
5.393604653783615756e-06
5.059139761046395493e-06
4.743532556374357567e-06
4.446066161936503395e-06
4.165963431416089286e-06
3.901516240762038569e-06
3.652164536543170940e-06
3.417319489520612022e-06
3.195665385734978815e-06
2.986755160950358166e-06
2.790140125278516237e-06
2.604780035663769458e-06
2.430305486337005232e-06
2.266364104139554433e-06
2.112097251883788619e-06
1.967187869259140334e-06
1.831345016119327643e-06
1.703825536807076058e-06
1.584348955827154610e-06
1.472661620397918086e-06
1.368096250393748802e-06
1.270400938289928110e-06
1.179345368081023692e-06
1.094319876047381059e-06
1.015098401944342263e-06
9.414681215508765451e-07
8.728730910338933314e-07
8.091132097488397703e-07
7.499926378352562160e-07
6.950126615761231098e-07
6.440000538990565230e-07
5.967780765497332069e-07
5.529105027757192453e-07
5.122513282907817497e-07
4.746454903322987843e-07
4.397225059250411386e-07
4.073627100053040142e-07
3.774343466357068043e-07
3.496321483233378848e-07
3.238605887304377554e-07
3.000112763802194523e-07
2.778396722944826307e-07
2.572711773555146650e-07
2.382192339641391651e-07
2.204924750863518219e-07
2.040334948517118547e-07
1.887748315704635249e-07
1.745690446817940317e-07
1.613721632592625507e-07
1.491324295521147985e-07
1.377367976369269699e-07
1.271513427850597499e-07
1.173365124095670755e-07
1.082049535057523713e-07
9.973000661423969500e-08
9.188114591080613451e-08
8.458953012288806358e-08
7.783367417824032516e-08
7.158947934306199924e-08
6.580121653149967226e-08
6.045113267534372861e-08
5.551962759454530362e-08
5.096038352388529269e-08
4.675846657878042249e-08
4.289747958630440792e-08
3.933821157785383975e-08
3.606801414325945688e-08
3.307291095096095060e-08
3.031949289953948705e-08
2.779709672273671358e-08
2.549374517451728975e-08
2.338113486391267517e-08
2.145040250490416634e-08
1.969136030602246858e-08
1.808040313422801399e-08
1.661031668051221823e-08
1.527258571470187721e-08
1.404796463224294417e-08
1.293072684756829569e-08
1.191392560019832593e-08
1.098228552115604449e-08
1.013138134686656026e-08
9.355702499530557461e-09
8.643467026998227254e-09
7.991344186001825078e-09
7.395089200410258115e-09
6.845867173185114437e-09
6.341229295744154730e-09
5.877998112262649816e-09
5.449714840455048851e-09
5.054610849703344540e-09
4.690368208567710190e-09
4.352357977658233642e-09
4.039314218512074508e-09
3.749580400596403751e-09
3.479874784405291069e-09
3.229288729109057876e-09
2.996652787499046929e-09
2.779635753170891845e-09
2.577574943568018246e-09
2.389645016705782636e-09
2.214160452545646135e-09
2.050624569952174471e-09
1.898446002979099828e-09
1.756365153965616880e-09
1.623997319938771708e-09
1.500905063283977401e-09
1.386105969112596215e-09
1.279292803670182281e-09
1.180127053598789284e-09
1.087809199297160912e-09
1.002088405279519455e-09
9.226895104237199956e-10
8.489403415293080927e-10
7.806337955790193687e-10
7.175368235168629973e-10
6.590746113228718425e-10
6.050757666336246318e-10
5.553382325293754608e-10
5.093698000513142611e-10
4.670289118933183942e-10
4.281399958381570517e-10
3.922861092790022234e-10
3.593504720450514805e-10
3.291829547212363344e-10
3.014363925494749164e-10
2.760141965604350573e-10
2.527912878877503830e-10
2.314834297704282874e-10
2.120103932426445540e-10
1.942703820742919011e-10
1.780331352433372380e-10
1.632321120604981991e-10
1.497850319799410336e-10
1.375058218694421586e-10
1.263401697748147167e-10
1.162204636065056816e-10
1.069962414523293460e-10
9.862468604769769789e-11
9.104870205263883898e-11
8.414743847986870459e-11
7.788875728358910365e-11
7.222404530033586392e-11
6.705849018464725628e-11
6.236908954488518008e-11
5.811590564134836491e-11
5.422762598724660297e-11
5.068803093428973727e-11
4.746703126902854910e-11
4.451372604571348599e-11
4.181604155572199129e-11
3.935414751125608481e-11
3.709317584344978382e-11
3.502306271751047607e-11
3.313277303481836257e-11
3.139822866450044344e-11
2.981029775008096417e-11
2.836352607612712099e-11
2.703965691545835143e-11
2.583050051060346442e-11
2.473234203504639487e-11
2.372914759243683638e-11
2.281431725547071337e-11
2.198277845298182220e-11
2.121903860358587928e-11
2.051875004473513880e-11
1.987407150081639133e-11
1.927021223220123147e-11
1.870529531968680567e-11
1.816922723256236883e-11
1.764937708231431710e-11
1.714598813867186437e-11
1.664875070608663215e-11
1.614908329045109928e-11
1.564859176796245184e-11
1.513940917697942497e-11
1.461830788375393623e-11
1.408737010932042925e-11
1.354330654838220436e-11
1.298813940944811884e-11
1.242365007937009567e-11
1.185175357264258524e-11
1.127802394545617603e-11
1.070340958604325103e-11
1.013382260130797896e-11
9.575740165385740980e-12
9.029044040707217912e-12
8.501168447990925844e-12
7.997032687466894843e-12
7.515519461594095019e-12
7.062999539226563662e-12
6.641511728661609722e-12
6.249260800739900161e-12
5.889925476607923535e-12
5.562721365068774585e-12
5.265639827960531179e-12
4.999405894398222281e-12
4.761389622097035445e-12
4.549822349379730699e-12
4.363259753766022857e-12
4.198403653495050588e-12
4.054027348958711207e-12
3.927669353147269551e-12
3.816222640382344345e-12
3.719088707436420870e-12
3.633734242673105287e-12
3.557644189799217750e-12
3.490749071114156823e-12
3.430944519921447997e-12
3.376368309091819902e-12
3.327286248218384134e-12
3.282134568261428561e-12
3.239598309781946187e-12
3.200084723546844535e-12
3.162469268791457314e-12
3.125824667558123788e-12
3.090563383815679842e-12
3.055841006095996992e-12
3.020955861975314368e-12
2.986260667875084061e-12
2.951058844286160144e-12
2.914745113266194905e-12
2.877603430680371379e-12
2.839008377726725267e-12
2.798393525538722951e-12
2.755994987942243859e-12
2.711240638827641071e-12
2.663640414129590623e-12
2.613408165499255137e-12
2.560058877880350386e-12
2.503292321391370919e-12
2.443312023281279008e-12
2.379787498011589954e-12
2.312734534772306272e-12
2.242338060526318390e-12
2.168491584118426576e-12
2.091590017454997241e-12
2.011778344257368868e-12
1.929208508835733235e-12
1.844609783510362535e-12
1.758068893663890789e-12
1.669970669642368730e-12
1.581236930151310156e-12
1.491894868624090429e-12
1.402478614522756798e-12
1.313919520393797551e-12
1.226202830040717262e-12
1.139898845625502952e-12
1.055789496602093305e-12
9.738429619392572840e-13
8.945617928557230466e-13
8.184840663700795909e-13
7.455771246759076634e-13
6.762095197828964811e-13
6.106498140172854432e-13
5.488635993076265063e-13
4.910641918704580658e-13
4.372741073047839335e-13
3.874435628090382914e-13
3.416441415298804214e-13
2.997017707858380379e-13
2.615377621939517412e-13
2.271138369429763003e-13
1.961199813875213675e-13
1.684464438265575711e-13
1.439823324973576839e-13
1.223460491463575550e-13
1.034085173451596205e-13
8.702174919652038366e-14
7.279402014728568925e-14
6.059635300915535134e-14
5.027387010915466511e-14
4.147466218794708784e-14
3.408763070744397900e-14
2.797339143574660527e-14
2.285055647526321147e-14
1.863562399015661152e-14
1.521758082297714263e-14
1.239468334407547382e-14
1.011166859991254209e-14
8.289425105170107181e-15
6.797688807574160066e-15
5.604016157293534785e-15
4.657702498887110018e-15
3.882680660693524790e-15
3.261920478865727150e-15
2.766090507690178050e-15
2.354772979991704396e-15
2.019871238617431725e-15
1.746006750553388824e-15
1.513411769462007266e-15
1.318502125261392452e-15
1.153912404504130722e-15
1.010524513471587198e-15
8.867681566440984877e-16
7.793606121993429175e-16
6.841299753501023272e-16
6.003179281729901943e-16
5.264989033902155061e-16
4.606091162671038511e-16
4.022026416738220053e-16
3.506147546813226013e-16
3.046427536862180353e-16
2.639717007822283772e-16
2.282253623284933164e-16
1.965746505439319529e-16
1.687770481724151427e-16
1.445682377709338560e-16
1.233214093589797071e-16
1.048481266005716326e-16
8.894037261785206339e-17
7.511592412371337040e-17
6.323242645023714384e-17
5.312393151204114256e-17
4.442811790704005065e-17
3.704194764140906810e-17
3.083748132683607186e-17
2.555338779333108119e-17
2.111858449688542934e-17
1.743926403022850119e-17
1.433556119859908091e-17
1.176080137267497322e-17
9.649797552430054387e-18
7.884563842299369051e-18
6.435916546710124565e-18
5.260889885048838003e-18
4.285660931474246253e-18
3.492829399915981910e-18
2.855475342016280167e-18
2.329460208716803750e-18
1.904869621982866816e-18
1.565626985747605426e-18
1.286450683897828022e-18
1.061926055225056165e-18
8.828733753736824433e-19
7.353743392460372854e-19
6.165823329644119961e-19
5.214671911901964752e-19
4.426313666697778619e-19
3.786251404693594204e-19
3.267908981384919785e-19
2.833093268279563947e-19
2.474583361040688103e-19
2.178754773452179658e-19
1.926284696591702168e-19
1.713605022667185864e-19
1.533877820339638989e-19
1.377405800666137793e-19
1.242404771004080677e-19
1.125473311792775394e-19
1.021704907802387897e-19
9.301746639630176776e-20
8.491780991652036271e-20
7.761632787537380166e-20
7.106214738381684517e-20
6.516753708160586081e-20
5.979335913785061931e-20
5.490948246440216424e-20
5.046859702783876224e-20
4.638996176461301108e-20
4.265432106723883012e-20
3.923450947484878600e-20
3.608029159834449501e-20
3.317849212744255728e-20
3.051234246810839556e-20
2.804834977407425207e-20
2.577697176805743826e-20
2.368705503544134016e-20
2.175481995422330276e-20
1.997303628671241670e-20
1.833374470354752705e-20
1.681914553232458943e-20
1.542357305123727604e-20
1.414099745286483425e-20
1.295754912055443131e-20
1.186868952049306425e-20
1.086964481459813465e-20
9.949321143080845141e-21
9.104043298088799211e-21
8.329931624923757679e-21
7.617999030385788438e-21
6.965266015580052650e-21
6.368549368337397614e-21
5.820558306075345935e-21
5.318892442006485047e-21
4.860949022583873547e-21
4.440853612824302959e-21
4.056693720674964950e-21
3.706367056394714036e-21
3.385196535006224803e-21
3.091678728543688468e-21
2.824144323242799512e-21
2.578922107022358947e-21
2.354846140544933291e-21
2.150615413983432786e-21
1.963388588276656506e-21
1.792272058087700533e-21
1.636269481487838444e-21
1.493207960062345528e-21
1.362408419814030290e-21
1.243118527971290234e-21
1.133690260210513788e-21
1.033609737670602597e-21
9.423138390832610025e-22
8.585570812788053107e-22
7.819504240128088036e-22
7.120732796465477731e-22
6.479831065519916877e-22
5.893840317483978685e-22
5.359604536018656323e-22
4.869951315587408248e-22
4.422614093208519693e-22
4.015200255223890757e-22
3.642207833541289983e-22
3.301886617952823366e-22
2.992398728761534803e-22
2.709488246224208920e-22
2.451794683517894581e-22
2.217888269039466904e-22
2.004455277708461556e-22
1.810434178423440754e-22
1.634702356652280134e-22
1.474671030808534835e-22
1.329511808036824801e-22
1.198339595008448997e-22
1.079132711193834297e-22
9.712469088626982337e-23
8.739852050197664612e-23
7.857748322282922336e-23
7.061179574571568990e-23
6.344688628043261589e-23
5.696120040340369452e-23
5.111659653222331871e-23
4.587072651141247093e-23
4.113042641347671333e-23
3.686675910776629993e-23
3.304721476145961914e-23
2.960104944617565345e-23
2.650653308252082669e-23
2.373899397504655990e-23
2.124522165359870342e-23
1.900906098410752083e-23
1.701200026983667326e-23
1.521438434364217763e-23
1.360431403606085463e-23
1.216804703706866038e-23
1.087628278773891369e-23
9.720328708772928053e-24
8.690080983551068502e-24
7.764056562632000093e-24
6.935949133736054845e-24
6.198392551149899692e-24
5.535741550741149578e-24
4.943446072698220188e-24
4.416174352232432249e-24
3.942597434691348733e-24
3.519445665433680941e-24
3.142882521972134678e-24
2.804742413815183802e-24
2.502682041192423549e-24
2.233953422675445787e-24
1.992691727769796972e-24
1.777219977008549321e-24
1.585576221250704433e-24
1.413558351483435359e-24
1.259966763719627759e-24
1.123403298352372247e-24
1.000861404159435230e-24
8.914827149058863245e-25
7.942713648231886146e-25
7.070773272665076705e-25
6.292859826251207808e-25
5.601875312216304708e-25
4.982442472512649311e-25
4.430157112613016592e-25
3.939952219895168033e-25
3.500824398352114804e-25
3.109616189800974363e-25
2.762703051856324088e-25
2.452207523292561471e-25
2.175866109530345314e-25
1.931080948795504777e-25
1.712211742866707309e-25
1.517637221574657904e-25
1.345492787283920157e-25
1.191742104798455264e-25
1.055225945501417771e-25
9.346055305917009329e-26
8.269963940451443319e-26
7.315719177198206832e-26
6.473717991809040794e-26
5.723395634031565954e-26
5.058879003796521371e-26
4.473296456692946812e-26
3.952034170461241105e-26
3.490937672656290133e-26
3.085108235197522827e-26
2.724202792588933743e-26
2.405297243984377424e-26
2.124916261400462922e-26
1.875773099098499075e-26
1.655820647860893785e-26
1.462607236534485584e-26
1.291024543734269113e-26
1.139647223659453679e-26
1.006756145641646674e-26
8.887879820371656322e-27
7.847555276790694157e-27
6.934605994339814509e-27
6.124295096026516705e-27
5.409818058571538204e-27
4.782871789990900982e-27
4.226359310293484657e-27
3.735609759850713264e-27
3.304898868489944359e-27
2.922455034527957021e-27
2.585082252978546925e-27
2.288851101525811651e-27
2.025681448433874642e-27
1.793391025223881723e-27
1.589291330920626810e-27
1.407848253380528990e-27
1.247573035425892178e-27
1.106630130856468631e-27
9.812338725680061286e-28
8.703682747996404623e-28
7.727812781662687634e-28
6.858838485438248877e-28
6.089816067096142366e-28
5.412202351460530785e-28
4.808277449103730920e-28
4.273283980068297654e-28
3.801384246612637233e-28
3.380430416223012863e-28
3.007152852299100337e-28
2.677552960100755035e-28
2.383283068120771632e-28
2.122088158016685794e-28
1.891220861907630834e-28
1.684928420593563834e-28
1.501650067295071819e-28
1.339491589510175110e-28
1.194476173348031466e-28
1.065519978725550409e-28
9.513124484264250729e-29
8.490959229012187628e-29
7.581155533199306474e-29
6.774616616193877901e-29
6.052164196368145806e-29
5.408528031546544056e-29
4.837376201514130507e-29
4.325336011529643240e-29
3.868720076577228919e-29
3.463110712282884934e-29
3.099161395881224791e-29
2.774287240101015143e-29
2.485400026381463220e-29
2.225952915203744848e-29
1.994130311548844741e-29
1.787769421561185409e-29
1.602274377695556274e-29
1.436367057115826034e-29
1.288529785499319529e-29
1.155528527646355597e-29
1.036461079177196007e-29
9.302599124679600623e-30
8.346430005449050862e-30
7.489714103369959643e-30
6.724919948580423637e-30
6.035893170886863536e-30
5.418091812729447068e-30
4.866182949416710680e-30
4.368689326118564571e-30
3.922368977078494280e-30
3.523429875024696740e-30
3.163685629801882958e-30
2.840812610897898910e-30
2.552102390464117212e-30
2.291692468966223108e-30
2.057911028681816131e-30
1.848815108638678538e-30
1.660190472977191986e-30
1.490830396783092714e-30
1.339335593245973036e-30
1.202666629149377430e-30
1.079950406983740345e-30
9.701760407719019017e-31
8.711456483477686168e-31
7.822265977560438956e-31
7.026870334297088290e-31
6.309347269235265439e-31
5.665110124880223509e-31
5.088854475725585303e-31
4.569033901931921373e-31
4.102323340109026642e-31
3.684877261514123970e-31
3.308319805223328095e-31
2.970241739049726990e-31
2.667856317658049834e-31
2.395088722525155483e-31
2.150194429398931634e-31
1.931155475765301122e-31
1.733567923397684785e-31
1.556169201193830500e-31
1.397499182397604172e-31
1.254366800999665446e-31
1.125858449239539068e-31
1.010918202481723513e-31
9.072346244518728892e-32
8.141464580276617516e-32
7.308901827135606456e-32
6.557916445312254899e-32
5.883719327952881454e-32
5.280787654714784801e-32
4.736993001992219864e-32
4.248863852794618903e-32
3.812402286175830372e-32
3.418817840653613171e-32
3.065591781004110592e-32
2.749827093901913837e-32
2.465148988215112212e-32
2.209728666925004844e-32
1.981464663003992489e-32
1.775731601717456873e-32
1.591201147818503673e-32
1.426347624706654371e-32
1.277813909532397498e-32
1.144635290051581545e-32
1.025703613474732824e-32
9.185822545244949673e-33
8.225710288151811671e-33
7.368650872635335901e-33
6.596965702393605186e-33
5.905578411547581366e-33
5.288646782457331142e-33
4.733353923737396658e-33
4.236024704369534732e-33
3.792422823645672879e-33
3.393265936828664256e-33
3.035897650965089619e-33
2.717250418207631065e-33
2.430610282297352955e-33
2.174060345535999620e-33
1.945382889785573757e-33
1.739728396126900333e-33
1.555715727137117552e-33
1.391744176663397771e-33
1.244315770886612103e-33
1.112436733102135888e-33
9.949535005563933099e-34
8.893462745978538869e-34
7.949007983345880140e-34
7.107869029106025316e-34
6.351915709204695749e-34
5.676019046617802375e-34
5.074211760934786774e-34
4.533462536166701035e-34
4.050090956406994489e-34
3.619811922786160927e-34
3.233267412226722845e-34
2.887818020723636788e-34
2.580389092187646465e-34
2.304265766087551846e-34
2.057556208021219545e-34
1.838055763750434596e-34
1.640949622828364633e-34
1.464882500108160275e-34
1.308274501380136215e-34
1.167675553717319366e-34
1.042115293527631417e-34
9.304621664618100493e-35
8.302456414991732195e-35
7.407713783962745882e-35
6.612293775556768248e-35
5.898517130217714712e-35
5.261418836028015746e-35
4.695203952179900358e-35
4.187229634608971786e-35
3.733948103518353189e-35
3.331215972874316011e-35
2.969998276651002412e-35
2.647761851999177898e-35
2.361546043276200816e-35
2.104898721679061867e-35
1.876012613431039610e-35
1.672773609220105536e-35
1.490577371626791553e-35
1.328135578727461788e-35
1.183939708237866566e-35
1.054706467132973430e-35
9.395182641343736445e-36
8.372995379522644409e-36
7.457108149025722947e-36
6.640991406567371834e-36
5.916983019814115024e-36
5.268426752317505638e-36
4.690680552503256290e-36
4.178291028478682105e-36
3.719409571021146409e-36
3.310739178179476642e-36
2.948402269870083571e-36
2.623977707255127648e-36
2.335126082660454139e-36
2.079093083343140321e-36
1.849899122857693386e-36
1.645885853541387357e-36
1.465098861310273185e-36
1.303296263604925669e-36
1.159303579905279220e-36
1.031735402816614142e-36
9.175854256915695111e-37
8.160225621314310404e-37
7.260657003570706376e-37
6.455861779393844327e-37
5.739963492516701618e-37
5.106020267872995506e-37
4.538972872594449731e-37
4.034668928829695183e-37
3.588200481191945878e-37
3.188922304486198156e-37
2.833901948375699127e-37
2.519671703590405924e-37
2.238711851258797002e-37
1.988952500809629051e-37
1.767944858475751835e-37
1.570380308091719567e-37
1.394798485188171453e-37
1.239470901480767635e-37
1.100651924386561283e-37
9.773117218928904086e-38
8.682307327624178025e-38
7.707674516778594026e-38
6.841960462970666698e-38
6.076563970133174914e-38
5.392865799126615135e-38
4.785753520523570951e-38
4.249163906517747592e-38
3.769979781023440833e-38
3.344602946066469840e-38
2.968761798735508643e-38
2.633220960827649853e-38
2.335450241599853306e-38
2.072442460257793092e-38
1.837699887577443353e-38
1.629445131664797155e-38
1.445563016859580218e-38
1.281485679543360386e-38
1.135965903240004327e-38
1.007517428332944763e-38
8.929320355942173242e-39
7.913355114098550639e-39
7.016846681120596696e-39
6.217284879163634169e-39
5.508548712139868965e-39
4.883324615916028456e-39
4.325835113809337789e-39
3.831798779994007114e-39
3.396094108691946959e-39
3.007674272343013382e-39
2.663547248314072492e-39
2.360130473018574213e-39
2.089697242753635642e-39
1.850158229874009684e-39
1.639009855533617493e-39
1.450852825271326371e-39
1.284229112013999121e-39
1.137390667420963648e-39
1.006567819114922442e-39
8.907436577964280673e-40
7.886985616017280239e-40
6.978026675658319174e-40
6.173470864502136894e-40
5.464814175289674607e-40
4.833722528296136848e-40
4.275256740635597753e-40
3.783490547293008069e-40
3.345650608792886137e-40
2.958297435589254691e-40
2.617303295811055827e-40
2.313774566574300361e-40
2.045317589114998607e-40
1.809058868610830603e-40
1.598810002673616742e-40
1.412906353323428028e-40
1.249348709721857533e-40
1.103833880849179570e-40
9.752051500612387841e-41
8.620724761296309493e-41
7.614456876826881379e-41
6.725217195415898844e-41
5.943347725946170118e-41
5.248086179096505535e-41
4.633862379797400712e-41
4.093971183659254440e-41
3.614007650116094982e-41
3.190111929430983531e-41
2.817632763996555555e-41
2.486584113385301020e-41
2.194293864882859473e-41
1.937538280265539398e-41
1.709400408469084107e-41
1.508032138840378151e-41
1.331201088917819897e-41
1.174120148293052052e-41
1.035512294166318736e-41
9.138330097023542910e-42
8.057719837339020400e-42
7.104476100620315939e-42
6.267922408210035961e-42
5.525187032506045636e-42
4.870189172701120724e-42
4.295555408041552055e-42
3.785496579938489286e-42
3.335822257921548519e-42
2.941444909854738850e-42
2.591474225950433280e-42
2.283025059943952641e-42
2.012590439580659432e-42
1.772665703064202810e-42
1.561266179814370079e-42
1.375976770416907900e-42
1.211630704729304298e-42
1.066863954331071907e-42
9.400149842970826548e-43
8.275299906762494222e-43
7.284723176709890887e-43
6.416999904438471647e-43
5.647710001131112651e-43
4.970427055629654610e-43
4.377309826143481884e-43
3.851594297777485771e-43
3.388874954470806381e-43
2.983772700943862429e-43
2.624790535645583493e-43
2.308910878318302990e-43
2.032446979282914131e-43
1.787521917726448106e-43
1.572070714103277832e-43
1.383568837195575068e-43
1.216625467553268728e-43
1.069829081621878703e-43
9.414528269237820552e-44
8.278118693508855005e-44
7.279424975854021488e-44
6.406651445060914108e-44
5.634636844810499645e-44
4.956802663328287168e-44
4.365091576706355537e-44
3.842337944374751910e-44
3.384058037959193078e-44
2.984803085586438096e-44
2.632854807644989335e-44
2.325069335801244153e-44
2.057588850611994408e-44
1.822735559263317071e-44
1.618531177407885530e-44
1.443510926640577505e-44
1.290603790976072858e-44
1.156225015819514050e-44
1.034445877991307783e-44
9.175807824652815926e-45
8.074223069667121990e-45
7.018737870845651063e-45
6.072312873599024715e-45
5.297720705234173207e-45
4.482762336843915774e-45
3.711242290133724245e-45
3.503003118925582085e-45
2.528207557656040738e-45
9.322545389260461059e-46
2.890631920014045944e-45
