6.415382362209210766e-27
1.870423151399543567e-26
2.368484887873624446e-25
6.486186360224951936e-25
7.654206106889258042e-25
4.229364132700621876e-25
1.564042252337203704e-25
-1.524611137925793705e-25
-7.730803969601340460e-25
-1.079478864373906517e-24
-1.260569179560229678e-24
-1.460301277077890654e-24
-1.087898283875860984e-23
-3.433558001281707822e-23
-5.577309350290464645e-23
-5.881949773865118280e-23
-1.182607470119657548e-22
-2.514316286541169231e-22
-2.966249323857632827e-22
-4.268191105997580612e-22
-7.677392613046754952e-22
-1.248034403339846703e-21
-1.722445521079690073e-21
-1.973791604058365954e-21
-3.344296468435466647e-22
1.226626186976467409e-21
1.161983756738666007e-21
7.453338726353388402e-21
1.195132776679887872e-20
8.468849772823055377e-21
1.947734082175556499e-20
2.160778877371332494e-20
4.532639987554676561e-22
2.799159871326359618e-20
2.715952365922238553e-20
-4.180805101067377169e-20
4.987678343630161129e-20
6.641021201724080937e-20
-9.956446692164906257e-20
7.006402253187371110e-21
-2.473031650937886696e-20
-1.282410923502717313e-19
1.555794427725317551e-19
-1.664694938286078424e-19
3.329629632528303446e-19
-1.317591521567268535e-18
-3.177209718073455048e-18
4.848922709069248322e-18
-5.508815323155177998e-18
-1.733169838873867578e-17
2.316367347236408174e-17
-1.934711311130638698e-17
-3.499968883156380721e-17
1.920927621411748850e-16
-1.351531014246995050e-16
-3.343140781550566442e-16
7.244283254215618695e-16
1.475533335928503648e-17
-3.840053178624247948e-16
3.320162961295142127e-15
-1.848503973153783104e-15
-3.431453960600145510e-15
1.576793991637874073e-14
-5.405463159263697251e-15
-1.630376617950187000e-14
5.899902435797370662e-14
-2.740299664032816178e-14
-7.249823487814748579e-14
2.376449726047090374e-13
-1.788764922436604954e-13
-3.295569739465438198e-13
1.190073577175689222e-12
-4.821313089725703060e-13
-1.591933150260017303e-12
4.094452639808047262e-12
-2.339411349929756691e-12
-5.957833731500269192e-12
1.760858023445126693e-11
-7.793418386316092098e-12
-2.650772400034984767e-11
5.951644037025751123e-11
-2.983292376668183362e-11
-9.417178026740863776e-11
2.263021485006581314e-10
-5.495177331583820258e-11
-3.601046667940463627e-10
5.335998670053840203e-10
-5.647469240078366539e-10
-1.482987611170196042e-09
1.913118901909693855e-09
1.483919859135988526e-10
-1.790977347621306631e-09
8.027905826705698695e-09
9.865549707443325623e-10
-1.095459955320276729e-08
7.903754371300219516e-09
-1.240681007601907505e-08
-3.383741185401232255e-08
3.692238317688607335e-08
1.751946306868004022e-08
-5.013101132998010846e-08
7.259996448173221764e-08
2.993079547629269706e-08
-7.611537192780955551e-08
2.250441234213744956e-07
1.396995719109614512e-08
-6.104877401043984156e-07
-4.116624962615687205e-07
-2.611471874202507836e-07
1.886772614763194585e-07
2.252095175951981570e-06
2.185170418391229595e-06
-1.296548731897210387e-06
-3.475264575057258505e-06
-1.081780683988040428e-05
-7.638876781095374412e-06
2.101407333468828303e-05
5.221170070292870260e-05
3.751529460851249444e-05
-9.386553592231295317e-06
-1.768698939206765663e-04
-2.842636735113196174e-04
-1.194997620275958930e-04
4.104068843422895973e-04
9.705713126282928703e-04
1.362152003061618604e-03
7.844541167173840973e-04
-1.209245247623384539e-03
-3.607424458826561514e-03
-6.047278178954301579e-03
-3.101771578954342062e-03
6.889694008878847337e-03
2.686264983015122787e-02
5.499790655784228544e-02
8.657172319788702941e-02
1.196904618749042304e-01
1.449784896794071576e-01
1.613849272238539745e-01
1.672831435458919380e-01
1.672527782906438887e-01
1.645291468041453209e-01
1.605851595295414991e-01
1.570354305484732427e-01
1.515347415625707128e-01
1.428100367852619679e-01
1.275915812994755372e-01
1.071891371326748194e-01
8.126009685115159753e-02
5.438613147609908105e-02
3.061438950810055348e-02
1.191680060856795988e-02
1.186612559122674675e-03
-3.412708358211627435e-03
-2.018053236193365334e-03
1.687411559686645109e-03
5.340135829473545599e-03
7.979179584256859345e-03
8.287900646489994305e-03
7.283051888348311166e-03
5.246068370247392205e-03
3.424844611320131908e-03
2.107759572613650354e-03
1.385880554934889848e-03
1.155144519605175819e-03
1.187434100977386190e-03
1.312773392801045748e-03
1.343342882836374291e-03
1.452242060913153500e-03
1.631983798742689005e-03
2.802904898287656224e-03
5.417109316808770871e-03
1.022966025869343452e-02
1.778539294524679806e-02
2.740888295515093651e-02
3.920255688205979971e-02
5.113284255322352728e-02
6.192931011371475419e-02
7.060606210001306449e-02
7.659238363778821113e-02
8.033323128095808119e-02
8.200453616514365163e-02
8.330229764108075530e-02
8.550633866755134871e-02
8.889055401215463503e-02
9.216131874975695693e-02
9.515597164307432188e-02
9.650244006686285736e-02
9.615870530281055151e-02
9.420369773624720500e-02
9.133407025796662360e-02
9.007708308969757105e-02
9.067131067670820832e-02
9.421913691263676671e-02
9.817760399577589447e-02
1.014335148773354844e-01
1.032247928437538959e-01
1.031235688374530085e-01
1.010877566594152177e-01
9.704683457510572542e-02
9.252546214337092900e-02
8.767679960791992244e-02
8.294680506864783587e-02
7.978582693649487190e-02
7.851712832249213569e-02
8.150010840727273109e-02
8.864846238839761694e-02
9.726524590437553297e-02
1.049785991625034748e-01
1.042931653863296143e-01
9.503730303606709728e-02
7.247495796622775710e-02
3.946030283850570503e-02
5.149086367564829035e-03
-2.662526655480775342e-02
-4.591162875743561717e-02
-5.200411569420398256e-02
-4.276948041411640644e-02
-2.174701862148351039e-02
2.888266953369798481e-03
2.767723175458122395e-02
4.750897716675316768e-02
6.392511748500152857e-02
7.598333965129082379e-02
8.494847123260486355e-02
9.775369292495733609e-02
1.119896395466221661e-01
1.376399258787917301e-01
1.854234236039484784e-01
2.473076072279395132e-01
3.219979590462697105e-01
4.276756555581446295e-01
5.311999563033003025e-01
6.657303324510700504e-01
9.081203853062369546e-01
1.265388476968170028e+00
1.997048024204945982e+00
3.245205078005624966e+00
5.144500916666062018e+00
8.108097006894608327e+00
1.225040821364210863e+01
1.779795308356593253e+01
2.520064562229232763e+01
3.453886931385424930e+01
4.610921814540683528e+01
6.024375016746452616e+01
7.684484039868031857e+01
9.604701600154339758e+01
1.173085617285782831e+02
1.401958135454345040e+02
1.642738071844684669e+02
1.881387167159811042e+02
2.114328144261954776e+02
2.335120965677986931e+02
2.534525696384070841e+02
2.713764745913522916e+02
2.869331153170228959e+02
3.001610796750254622e+02
3.114885106040756568e+02
3.209054155879638301e+02
3.290545874552387318e+02
3.361301533629735445e+02
3.423428805217695299e+02
3.487001893351073818e+02
3.554090499515694432e+02
3.630609539748502357e+02
3.730130101608748987e+02
3.852049535185611262e+02
4.005407067980442548e+02
4.188046767541065947e+02
4.387646126485589662e+02
4.603920700919032356e+02
4.816182455986926811e+02
5.015600297183336238e+02
5.193682145029231378e+02
5.333449675498266060e+02
5.436396211113413983e+02
5.495729593006391269e+02
5.514509188380917521e+02
5.500363930721225643e+02
5.452474272240614255e+02
5.376956772274844525e+02
5.278616932975594409e+02
5.156330678061316348e+02
5.010350866457775396e+02
4.844159671914473506e+02
4.657723171504636070e+02
4.459438212671113320e+02
4.253275349754799208e+02
4.041599316216665443e+02
3.829411719504415146e+02
3.615710216007523741e+02
3.400619798273924062e+02
3.183441455979113925e+02
2.965689992733196618e+02
2.747099035232281494e+02
2.527953213640247725e+02
2.308775934363212912e+02
2.091776347072318174e+02
1.883421012994418504e+02
1.682020392383064404e+02
1.491809253354965108e+02
1.313493788208133992e+02
1.144741851836342192e+02
9.872951455403563159e+01
8.434674686240120423e+01
7.143689840114303991e+01
6.021667984110001015e+01
5.057088462436156107e+01
4.228291794361845035e+01
3.527655863118766177e+01
2.922867451816186701e+01
2.408413743797656181e+01
1.975248531288318432e+01
1.606799224123397707e+01
1.301067783831649471e+01
1.050719383927738093e+01
8.550508493570619706e+00
7.102949321305499275e+00
6.014357947072006105e+00
5.139135577452910830e+00
4.490536669250014157e+00
4.016097006131149172e+00
3.653587281288182442e+00
3.405023550943846899e+00
3.244167233168301578e+00
3.148002597246232437e+00
3.121711170539949176e+00
3.113372807219735083e+00
3.076679470117445359e+00
3.042426172170625609e+00
2.991037916102278427e+00
2.932277076595017462e+00
2.872458498212090650e+00
2.814235403503673627e+00
2.784319832152611252e+00
2.770056968804706088e+00
2.758816425842560260e+00
2.739813790446238073e+00
2.719845921002371103e+00
2.700693466219570738e+00
2.661832368259495762e+00
2.597155555389904613e+00
2.513269595652493749e+00
2.409003709415744154e+00
2.287985794659563421e+00
2.153649226666958683e+00
2.030480566219851735e+00
1.927109172699552397e+00
1.836217532081299231e+00
1.773188382964748344e+00
1.747575702212034621e+00
1.751178039644734064e+00
1.764236386780012600e+00
1.783013284009522748e+00
1.802418852340579747e+00
1.812548136455887748e+00
1.810472605709304572e+00
1.806096592070301599e+00
1.804368416746207737e+00
1.798609278470056472e+00
1.786282700110406907e+00
1.760568105716139975e+00
1.730863829728342518e+00
1.685187310375702019e+00
1.622457351392686986e+00
1.552062139915398875e+00
1.474452961345828150e+00
1.418279537269751645e+00
1.383836681696796189e+00
1.379792954808758632e+00
1.414254116536784345e+00
1.479958199037332278e+00
1.576909709889425359e+00
1.660507832962278885e+00
1.718941126201257719e+00
1.749440861630968458e+00
1.754327451300419227e+00
1.744118106208638608e+00
1.728133066494301318e+00
1.747208062148981611e+00
1.803188819492031136e+00
1.900334723533069869e+00
2.034772294741680643e+00
2.197513749853313936e+00
2.387677840630978654e+00
2.581071534438497572e+00
2.770745756585316855e+00
2.954053462324450763e+00
3.113079658866759303e+00
3.245726367951602409e+00
3.343582158483752398e+00
3.393751128640277059e+00
3.400571162372457934e+00
3.354669510393838650e+00
3.265760697895509157e+00
3.143109313673208671e+00
2.990039968842891138e+00
2.826105275554560148e+00
2.651703354182125771e+00
2.465431509601036186e+00
2.277296667565440025e+00
2.093716534048194688e+00
1.926266918498139580e+00
1.804989860829662840e+00
1.733771711375469371e+00
1.731134030042529082e+00
1.766922888091716048e+00
1.814212091453723197e+00
1.839480449899107528e+00
1.773105958013511341e+00
1.619779048868584370e+00
1.369392204948483238e+00
1.070783558620614251e+00
7.544691306953694721e-01
4.654016555049449999e-01
2.766344113145707273e-01
1.851326392696821255e-01
2.004600807436493215e-01
3.032935816393065864e-01
4.776587616562624761e-01
6.915334522894652780e-01
9.015888485462840718e-01
1.098951033542449496e+00
1.271782837719248382e+00
1.424201946001590224e+00
1.556859998091221442e+00
1.701253848724390894e+00
1.885804082019313155e+00
2.108996642689306533e+00
2.386825555518672815e+00
2.695699064795711308e+00
3.031899361057297515e+00
3.347354814367720532e+00
3.572144011454618351e+00
3.721914873720454597e+00
3.747511086695079374e+00
3.648358666224300162e+00
3.441523049302977366e+00
3.139681506672285405e+00
2.822917555932342726e+00
2.499437536914144609e+00
2.211178272833582259e+00
1.976637107497911439e+00
1.780640420142774127e+00
1.647743353570061409e+00
1.595579582841541111e+00
1.608829383265769408e+00
1.708609228693891646e+00
1.927765174894331635e+00
2.273228544734047674e+00
2.759349866070602619e+00
3.299647256748219792e+00
3.858670216319497026e+00
4.397444265362156379e+00
4.841210489128160432e+00
5.179515636939656886e+00
5.358736201437160673e+00
5.359897905481967761e+00
5.218047564906176383e+00
4.896410909796010458e+00
4.400275423108682027e+00
3.761844371138793885e+00
2.999532762716320633e+00
2.301371285498122088e+00
1.717902491341857241e+00
1.391950654973541868e+00
1.491492938720616612e+00
1.957334674794158902e+00
2.861450063613142802e+00
3.964665617858619484e+00
5.119921249713806688e+00
6.169434588368569727e+00
6.797173943813355379e+00
7.028993429014087191e+00
6.732474272104663093e+00
6.011526389302331630e+00
5.022532381017147607e+00
3.830073240673021129e+00
2.709207699004996694e+00
1.703687731825914264e+00
9.080995678732155518e-01
3.705359731010602342e-01
2.563203288649875192e-02
-1.190353216587418661e-01
-1.610211979997709097e-01
-1.432168076688521974e-01
-8.908354093115090910e-02
-4.597271974881186885e-02
-1.243921081232006974e-02
3.894158139516140388e-03
7.788736455977760854e-03
6.912140644237798302e-03
1.565791193976721375e-03
-3.152756228312565950e-03
-5.691270247569303609e-03
-6.539371588505178169e-03
-6.247565260160587580e-03
-4.716392049982293284e-03
-3.205325650711046432e-03
-2.719163627582272310e-03
-2.600674569835646852e-03
-3.478801304689738399e-03
-4.671176833933904544e-03
-5.618443217540611268e-03
-5.889927847663619515e-03
-5.347664850100071303e-03
-4.199321116130857318e-03
-2.696187652231446432e-03
-1.547268261987485389e-03
-6.428089843728861845e-04
-2.135580471039082075e-04
-6.949479732059630143e-05
-2.599104926422596450e-05
-4.050098449199703444e-05
-2.216214405619815881e-05
3.099062278315503960e-06
2.424140394502744886e-05
2.356877268653163239e-05
1.348151680803272638e-05
2.910181265191338191e-06
-1.277606734534164521e-06
-1.001929068512108159e-06
2.210499286495394848e-06
3.072680234961473357e-06
2.398332316888406159e-06
4.616601726360874993e-07
-1.016018182715689885e-06
-1.557586911560205123e-06
-1.091806831758458897e-06
-5.430819380977531663e-07
-1.159469592887045323e-07
7.456201337409568490e-08
1.033988200285187329e-07
1.060767631451608054e-07
9.652781002080200571e-08
7.901995445337563645e-08
5.330682620767507440e-08
3.242644264808966771e-08
2.006460235532241041e-08
1.254084344234702274e-08
8.665829424352829057e-09
4.798415456315556503e-09
1.202881746091832608e-09
-1.589422266776057418e-09
-2.613452971454433845e-09
-2.076100456632990556e-09
2.802096426528835191e-10
2.716997243634084985e-09
4.453981081882879601e-09
4.994707898406162510e-09
4.484731768427199100e-09
3.549087085408773153e-09
2.405751685890056524e-09
1.543681070084699571e-09
9.043986777179022778e-10
5.086099545575555355e-10
2.593981883267973641e-10
1.020649601379273149e-10
3.805199304280513684e-11
8.649962372848644376e-12
-1.689893504152974349e-12
-5.987119839474838274e-14
2.222610768425934423e-12
6.544794425802172287e-12
8.046162038994560758e-12
5.823215248304930407e-12
3.334591757107415756e-12
1.033364858133694957e-12
3.905413835977003867e-14
6.756687969837973609e-15
2.711435607264466939e-13
2.498449703361504944e-13
3.217184911271828983e-13
3.096712675411796973e-13
1.938162797621596380e-13
1.193837674266277933e-13
6.497307514361175701e-14
2.825642565199651772e-14
1.841312567644217685e-14
1.579448954153269135e-14
6.516606226611111817e-15
4.398055693029974018e-15
3.928263710887394148e-15
1.671075005779130544e-15
1.102199919604299341e-15
8.014216801942700217e-16
1.328700726950636469e-16
3.700242413477210652e-17
6.899309576594692194e-17
-3.263725960990118178e-17
2.380137504755876172e-17
6.362770406184467081e-17
9.424474565697297929e-18
-5.852836601158486628e-18
-6.370879397948042685e-18
-8.463841356891262668e-18
-4.745215153893067882e-19
3.415238018029588236e-18
-5.917416750567447435e-19
-1.124284645166650545e-18
-3.912718563192145689e-19
-2.928799208828627757e-19
3.006247211105919603e-20
1.889497122969406401e-20
-1.735780158061688884e-19
-9.451329452353511628e-20
4.409905523628608767e-20
7.094403661181068909e-20
1.093543087081923002e-19
1.101982404139160761e-19
8.845444107378000354e-20
6.870514768229069614e-20
4.726493180745750754e-20
2.959753576910740311e-20
2.085003132950041385e-20
1.734116603555560197e-20
1.359669599140490981e-20
1.160180522067198181e-20
9.771232532880021450e-21
7.784371489289202984e-21
6.350051262527460513e-21
5.165465885960649539e-21
4.133661216527636177e-21
3.414814223587515634e-21
2.818353749995458760e-21
2.258023875901859273e-21
1.788894982084735534e-21
1.347953831242010248e-21
9.608690307206290415e-22
6.338702381415381744e-22
3.891488305847112451e-22
2.199380586641082136e-22
1.071175853689786779e-22
5.121131055218347797e-23
1.827867351031644556e-23
3.459574666064003807e-24
2.868048569141889434e-25
-1.361909776150950960e-24
-8.857198888898179386e-25
-4.037011668619825228e-25
-2.387481622205924857e-25
7.496706356297445721e-26
1.863307441787854589e-25
2.453138470160344594e-25
2.911367049609185659e-25
2.255691761952147249e-25
1.440356054622127835e-25
8.243703216155762164e-26
3.971279942610239430e-26
1.518102105800270966e-26
3.760590689621913304e-27
1.389766872994141751e-28
-1.358996143449382556e-27
-1.610025282334392570e-27
-1.834895345043562793e-27
-1.546878759873075804e-27
-9.635978172360835876e-28
-5.733477411249474256e-28
-3.564691351826789850e-28
-1.687162785996292086e-28
-9.477846180235629653e-29
-6.065098305039317255e-29
-4.364664875584399196e-29
-4.257502812601923213e-29
-3.352294990465168275e-29
-2.870362831179811638e-29
-2.483080236183910656e-29
-1.896479110235382348e-29
-1.448116679430934348e-29
-1.030202761573371794e-29
-6.531479441978936863e-30
-4.066658736500533842e-30
-2.499889448399640742e-30
-1.248296818583378922e-30
-5.723107219602291119e-31
-2.443176569034513797e-31
-1.688330996551880527e-32
6.371149470491439517e-33
-6.405704441700944675e-33
1.162571927166621817e-32
-9.692492611410558352e-33
-1.221602280996991480e-32
-2.437122220347172382e-33
-3.537191987120199749e-33
-6.120058807845409674e-34
3.708192618698118667e-33
2.595687291960760219e-33
2.282557375924831484e-33
3.045018571570614306e-33
1.877318777847637291e-33
1.336642092211070155e-33
1.368153384564532686e-33
9.182976481558226804e-34
6.386281875910673845e-34
5.695398144915445882e-34
3.443124600799514891e-34
2.288327642438480608e-34
2.246942392024378694e-34
1.587191507361972432e-34
1.109218667309696447e-34
9.973671005466374674e-35
7.321993132417212556e-35
5.586356392013659522e-35
4.849210342969378049e-35
3.809868147627766679e-35
2.975541825342282675e-35
2.399339283470218191e-35
1.589271006779846735e-35
8.767259121513530492e-36
4.738541060360832337e-36
1.206303096828661823e-36
-5.808420098391403705e-37
-1.043217644693529202e-36
-1.317073303236829772e-36
-1.161703474115910649e-36
-8.843576475608366248e-37
-6.233772581286689354e-37
-5.930201743292246516e-37
-5.593927180922757543e-37
-9.054262561850088077e-38
