1.684098812933911338e-24
-4.836361097068755702e-25
6.844107685854885503e-25
1.412879886293071622e-24
1.708922637980195943e-24
7.354058789858910579e-24
5.517745563099078221e-24
1.877321586310427464e-24
1.710697830064573105e-23
1.680321176297573697e-23
2.399554274956640783e-23
1.099853362141897693e-22
3.873340150919552713e-23
-3.697589095099589087e-23
2.631301638565569842e-22
2.384408284850731695e-22
1.985380742050513044e-22
1.294670574107969165e-21
2.210050008905522482e-22
-5.576530957288473740e-22
4.056645562237348535e-21
3.796414536966430631e-21
2.630609774263335939e-21
1.530084820482330375e-20
4.970209434503007682e-21
-2.734866608050389647e-21
4.774850621388969434e-20
4.372650477146138375e-20
2.468573431440609653e-20
1.496397426550216336e-19
5.731812085307476325e-20
-7.277391618724081270e-20
3.051936703071415073e-19
3.326321782252571798e-19
1.182258383629832525e-19
9.798847612557031416e-19
7.009581060874635644e-19
5.542447333201115489e-19
4.621157867935319251e-18
4.985994865526386317e-18
1.972943572076012698e-18
7.206624396253620013e-18
2.500243683476461931e-17
5.902388626300128907e-17
1.147822105680358460e-16
1.632324045760042759e-16
2.133413307860661325e-16
2.957138844816548500e-16
4.917956381530371230e-16
7.459140646045360247e-16
8.921125514305767191e-16
8.199309819472997076e-16
2.214607032020828975e-15
4.961978349762563636e-15
1.005471671387827215e-14
1.903961924636078356e-14
2.770833602296453538e-14
2.861083334288987094e-14
4.787283524793881489e-14
8.944336856818306994e-14
8.069172456521271713e-14
1.021525870992508884e-13
1.988060709532781489e-13
-4.133367856351787731e-14
8.637509290390456191e-14
1.056706357075797028e-12
2.327877339469208209e-13
7.189400981661901566e-14
3.384159423837358938e-12
-2.706516077898246409e-12
-2.017555379720735401e-12
2.180751188150162277e-11
-3.823363452520357076e-12
-1.948763374906402694e-11
6.086080258434313992e-11
-4.609183071409904747e-11
-5.962292259880951630e-11
3.896744271606502751e-10
-1.990466388506090669e-10
-5.872587545139053825e-10
1.101171824046639598e-09
-4.422908805502088740e-10
-1.393298995098014189e-09
5.054511038116064136e-09
-3.896235274780583645e-09
-9.595454706202005264e-09
1.767394429779548467e-08
-3.151318368931108329e-09
-2.735221259992194785e-08
4.774323367006951126e-08
-3.994022734741617676e-08
-1.016478047980663184e-07
2.120148155113521758e-07
-2.379865028216894027e-08
-3.837507484731404733e-07
3.189654190448161516e-07
-2.001844247470545422e-07
-7.252836858439811606e-07
1.807474900028700294e-06
2.958924222503921332e-07
-3.227857132687784373e-06
5.086202637172417831e-07
-3.033710947307578699e-06
-5.257385688387035206e-06
1.497571239799220043e-05
2.544073327854533677e-05
1.536458180665592293e-06
-2.011466082556784789e-05
-1.095114673275920047e-04
-1.485846159205692389e-04
3.457473336562366542e-08
3.903885485276687925e-04
7.658995572950711003e-04
1.046462362037584764e-03
5.932369658150901453e-04
-8.568780283225693782e-04
-2.585515601208907780e-03
-4.356215079921663125e-03
-1.231253495119330162e-03
8.455354303101207322e-03
2.918863365662692846e-02
6.340622359878579639e-02
1.065029833627637174e-01
1.583651188959519784e-01
2.043681805311717836e-01
2.382147263341608812e-01
2.510046806379369611e-01
2.363142912209841295e-01
2.032277389252612476e-01
1.525282059611276775e-01
1.027814095376161085e-01
6.093031886638104050e-02
3.356177434783759461e-02
2.354692008805462852e-02
2.262047580002400290e-02
2.784061122776216798e-02
2.984602618331189464e-02
2.863417200285693284e-02
2.414137431412068449e-02
1.853189687163727881e-02
1.333224591373950024e-02
1.028688318104133137e-02
1.029601528124884750e-02
1.149918752117237535e-02
1.309441805252584308e-02
1.378837810087917871e-02
1.399992145652795457e-02
1.316922214316505572e-02
1.078611048198298283e-02
7.577917012316988561e-03
4.025090722864376261e-03
1.511718262036476504e-03
7.476676015752460884e-05
-1.958077204831342984e-04
2.139769745984426653e-04
9.192763357788533022e-04
1.545930934607395212e-03
1.851083050743231777e-03
2.085523275939315819e-03
2.299117015461221106e-03
2.627353331702539374e-03
3.023243129638839271e-03
3.371832051168978731e-03
3.448471475978895449e-03
3.323328572378454488e-03
3.002457572001401148e-03
3.050789056717163449e-03
3.769191969369349842e-03
5.357275768082869760e-03
7.627374079338469087e-03
1.031710227461615781e-02
1.304912027117491498e-02
1.542205315183604354e-02
1.769949844646599713e-02
2.049821193931437163e-02
2.594020556576577194e-02
3.401121155044731226e-02
4.491351883564432407e-02
5.599418378639581251e-02
6.608149080020413180e-02
7.362152670876460914e-02
7.854448889553711233e-02
8.272496021308144154e-02
8.786146157804637646e-02
9.906399749049882297e-02
1.153659967421111904e-01
1.387593486973420775e-01
1.652861825539761187e-01
1.902418298889894943e-01
2.107601631066164938e-01
2.183243411440458359e-01
2.145117554541996485e-01
1.965403526626693653e-01
1.689069731297896393e-01
1.384887982028486786e-01
1.075690877316464594e-01
8.433350886123956724e-02
6.800475210717880914e-02
5.972048321984838037e-02
5.595318855631653543e-02
5.262793476148489719e-02
4.898288916933218190e-02
4.423756562939551440e-02
3.987449030153323443e-02
3.677300048817214867e-02
3.697634155154388980e-02
4.049679899635244551e-02
4.696938734377859720e-02
5.317005247247508226e-02
5.862098051023657136e-02
6.186175156598811703e-02
6.124559116726513430e-02
5.833217228654480335e-02
5.073053592690777297e-02
3.870074361103400390e-02
2.413164264961331282e-02
6.730592150793607287e-03
-8.156887813815677860e-03
-1.697281258627949749e-02
-1.805374701019712980e-02
-1.016327072518886064e-02
8.618714575258031724e-03
3.546536813904706958e-02
6.648355192895254173e-02
1.071988189953713005e-01
1.538892075597719789e-01
2.023718018795999107e-01
2.594430036420993235e-01
3.082802188562216994e-01
3.314251801479628501e-01
3.450755373688526029e-01
3.203914363273904775e-01
2.854822510336804675e-01
2.935972209213302264e-01
3.649950512081639453e-01
6.391984537296262481e-01
1.188598058525500489e+00
2.103747095641205433e+00
3.624741904356328703e+00
5.858231349049883185e+00
8.995031672571927928e+00
1.350533144633474336e+01
1.955776769903820522e+01
2.752411205798718186e+01
3.789329773988381334e+01
5.071553043666360594e+01
6.619308120256592076e+01
8.409245875211770738e+01
1.042677606544337436e+02
1.263586206675660719e+02
1.496762318634464179e+02
1.740913603165429038e+02
1.989309390533506985e+02
2.237623239437988047e+02
2.485158994502730820e+02
2.727160216112788476e+02
2.966860266919757692e+02
3.204443422720279386e+02
3.445549214181396565e+02
3.698800577631111537e+02
3.960908142170154065e+02
4.243772857219740331e+02
4.541445093055853590e+02
4.842348870441502982e+02
5.138760803660715055e+02
5.406060219759476695e+02
5.644514753527272433e+02
5.844917266099738526e+02
6.000785242253245997e+02
6.114045491680091118e+02
6.182019353101030674e+02
6.202300262646134570e+02
6.174678154628215907e+02
6.095525737542096749e+02
5.968934557201152984e+02
5.805550113297057351e+02
5.607397842373711683e+02
5.384695607413980269e+02
5.143254525672221007e+02
4.889709718461140255e+02
4.645879015649584289e+02
4.412609509177559062e+02
4.197862635833867557e+02
4.000407040253123796e+02
3.812233556034545359e+02
3.632394401977384746e+02
3.451327332077192409e+02
3.267671115663778778e+02
3.078609169847477460e+02
2.884259809055999995e+02
2.689265991587485018e+02
2.495321977311308501e+02
2.307743499741948199e+02
2.127379277378058759e+02
1.950888300423652026e+02
1.780035599418665981e+02
1.617607839219292885e+02
1.464978362260126517e+02
1.323813022933787238e+02
1.193900791999464133e+02
1.078534296270944424e+02
9.765202871429839604e+01
8.845030093695089590e+01
8.012796620859128893e+01
7.252158472591530369e+01
6.562256802002106326e+01
5.935038165034445257e+01
5.367585462839463872e+01
4.860788432542891968e+01
4.414004371322658216e+01
4.012752915114607077e+01
3.648631071730168429e+01
3.316790667924156821e+01
3.012420435623760184e+01
2.733396936891440987e+01
2.472037374202252735e+01
2.228326400345112646e+01
2.008265307446275116e+01
1.810117634639907536e+01
1.628732024883355578e+01
1.465024824420949479e+01
1.323562853418535745e+01
1.201754993588126830e+01
1.093843651333116718e+01
1.005612792269232791e+01
9.334061087695340930e+00
8.700258008371106300e+00
8.196038074508166460e+00
7.820538296987654014e+00
7.517732433317043217e+00
7.243575105707770412e+00
6.982656779896218247e+00
6.764717087644792848e+00
6.505603420181896190e+00
6.240812317942680210e+00
6.061685038017228244e+00
5.933115736911269700e+00
5.851515831570167414e+00
5.814199662944207425e+00
5.791363748528294941e+00
5.699565211941557408e+00
5.527492303513182215e+00
5.268848430420669082e+00
4.955714604697544878e+00
4.618767838471094400e+00
4.253636801769450138e+00
3.886397324267348186e+00
3.536714845752202407e+00
3.210097369372145071e+00
2.919375330834282689e+00
2.669846733995590693e+00
2.494736851273587241e+00
2.378575424920344794e+00
2.282252920434892918e+00
2.211793250983080217e+00
2.143033146112152121e+00
2.064271631174386279e+00
1.996259619759292336e+00
1.938900419113389839e+00
1.870990284112325819e+00
1.821374920873670922e+00
1.818464130170102999e+00
1.841199401737374286e+00
1.888758201149808302e+00
1.953039783227379589e+00
2.022088387958856259e+00
2.070886811880800149e+00
2.084354954243115454e+00
2.085681865818195924e+00
2.061726086654962931e+00
2.010830541594299081e+00
1.950804514017000058e+00
1.871775464214487927e+00
1.781865886543623434e+00
1.701534539565369597e+00
1.643411406346036552e+00
1.619352627383486620e+00
1.615705777213271466e+00
1.636886114953621574e+00
1.667586687057259986e+00
1.694343463417544937e+00
1.716748800045342582e+00
1.740673371432037930e+00
1.773071492758126810e+00
1.814187107006581812e+00
1.873993111868777817e+00
1.957880174712535393e+00
2.073956129487261713e+00
2.220787043947703765e+00
2.385183156025050266e+00
2.563092394157375331e+00
2.723270645837013504e+00
2.852714749883784595e+00
2.932544465082161711e+00
2.949409078536509909e+00
2.923439662179088572e+00
2.845832293598933749e+00
2.742176993720695677e+00
2.627572166951325006e+00
2.533915724087791421e+00
2.526307362750323193e+00
2.600107007242466128e+00
2.790553612596766708e+00
3.059189330630816883e+00
3.375792408281768076e+00
3.690213973216975862e+00
3.921722291345123512e+00
4.081316461100554349e+00
4.129051377300526404e+00
4.096949792123180778e+00
4.011573822115806820e+00
3.890543015578498132e+00
3.763109696730309484e+00
3.617191262731653811e+00
3.469805054309472059e+00
3.339075114593283100e+00
3.219339104688829778e+00
3.149905572017156263e+00
3.171229098119006995e+00
3.269715046599317443e+00
3.461390184372294510e+00
3.665540037117443362e+00
3.849122195462454155e+00
3.944600479889399214e+00
3.875766685474651752e+00
3.676284768664598968e+00
3.324539939883671025e+00
2.908783316336208902e+00
2.476492783465050085e+00
2.067609658588483779e+00
1.752828844215365445e+00
1.524984560051154681e+00
1.401742983842381607e+00
1.370314167367870262e+00
1.414690281991837884e+00
1.522971097413644559e+00
1.628970880283880929e+00
1.716378900208104241e+00
1.745234277465527617e+00
1.711450510555173388e+00
1.640666017981742941e+00
1.574381748177957840e+00
1.647225917419195662e+00
1.869932424964247275e+00
2.321683333329331855e+00
2.951902740792517577e+00
3.673394941803409974e+00
4.420615389545127449e+00
5.014357145117609882e+00
5.440358065589685488e+00
5.640959066154852763e+00
5.649991938695215765e+00
5.530505103424339985e+00
5.312074945694024386e+00
5.066909760856129985e+00
4.810721915102483592e+00
4.547375148529464006e+00
4.275146396614097455e+00
3.994076162835292987e+00
3.684338238189778014e+00
3.346251363398373702e+00
2.986837684740248466e+00
2.605380443547770319e+00
2.224572090746188557e+00
1.848312060181029670e+00
1.498003488691185714e+00
1.194022435844028118e+00
9.284902723802467284e-01
7.206311721458432684e-01
5.792536992117934824e-01
4.935540907780082143e-01
4.797885460726484808e-01
5.276515605575778922e-01
6.213355363292613065e-01
7.499572560450435965e-01
8.633704784046715153e-01
9.566544201084009602e-01
9.980800348474891948e-01
9.756190229123958835e-01
9.113705322445602164e-01
8.026543561865687737e-01
6.777024975164779308e-01
5.441431631056019569e-01
4.105377058556008429e-01
3.002076454918367054e-01
2.114893539079789608e-01
1.631186704080615224e-01
1.684672978240760732e-01
2.169244522428328270e-01
3.127276443013563001e-01
4.106436645548214859e-01
4.960106320787749934e-01
5.405994091694122927e-01
5.243096987367903417e-01
4.643221139436953249e-01
3.578091361505382761e-01
2.454796275739792033e-01
1.393786314309375385e-01
5.614082956645052164e-02
6.236618419901840925e-03
-2.093955017863563875e-02
-2.351037566391682085e-02
-1.749541031933015897e-02
-8.207644525028095703e-03
5.348541716503808384e-04
4.888138135086064068e-03
6.829562297596948779e-03
5.907898012154490057e-03
4.264096723827800854e-03
2.688963998455673552e-03
1.364794294253977858e-03
5.433434410064317361e-04
1.038356207127652016e-04
-6.126307596781745818e-05
-1.408155458312583107e-04
-1.197853427875376187e-04
-7.015641249050802908e-05
-4.088001420518530847e-05
2.977390823388858773e-06
2.613534616430373379e-05
2.591294158840419247e-05
2.638801272083270708e-05
1.782420563806106416e-05
7.084296362172387530e-06
2.236583075435994981e-06
-4.455390410061838368e-07
-2.408043106407812853e-06
-1.947230565744573709e-06
-1.018239201929083180e-06
-7.207172810312338580e-07
-1.246266085439421941e-07
1.982317156990853516e-07
1.872960882373377451e-07
2.180899759645804786e-07
1.699784652875455116e-07
8.569931652691937073e-08
4.506766026493430460e-08
2.117413678844977483e-08
3.662751869130046135e-09
-1.707907278677405854e-09
-1.707627748486392792e-09
-1.466230419145097072e-09
-8.094153619217133323e-10
2.064073381403075800e-10
1.668059696114591664e-09
2.466756106546053700e-09
2.935091739149034161e-09
3.363993802356020957e-09
3.302511855528705408e-09
3.012631266192129718e-09
2.777890600425701879e-09
2.400987840500729123e-09
1.942992179995043037e-09
1.526193437705342768e-09
1.096798536909393587e-09
7.024847634200530460e-10
4.199940924975376343e-10
2.036103576406940629e-10
8.345934788247930994e-11
3.155209240754190615e-11
1.203823748207544685e-11
2.033768648221301891e-11
2.882616235200836077e-11
3.507718866593057522e-11
3.518629792667289326e-11
3.069370778350843634e-11
2.464274989838918786e-11
1.723196060848289466e-11
1.100342626332915401e-11
6.116023029400648270e-12
2.799227505071693691e-12
8.701217279612870225e-13
-3.548947665763292975e-14
-1.461192951688811292e-13
-1.282235404839103031e-13
3.579001888030189503e-14
1.423608722650033750e-13
1.218655977030398752e-13
1.070784085176658544e-13
7.265831972857409382e-14
4.228837803832040532e-14
3.630618301916345528e-14
3.147747276638542768e-14
1.780830435434502011e-14
1.003369119978482609e-14
3.828704413552829213e-15
-6.709585194212300406e-16
-6.509989421111779745e-16
7.100496851465749200e-16
6.529439506118204953e-16
7.401044761744548524e-16
3.540531397350841204e-16
-8.897085637272396645e-17
-1.032836746200645120e-16
3.259501843387015442e-17
6.174971979963303396e-17
9.178563225815853612e-17
5.854140641992478436e-17
1.131416554830652475e-17
4.162322866321838244e-19
5.540534720057653713e-18
7.778663644988628608e-18
1.133600156130880473e-17
9.054570068216543747e-18
4.149716355003023797e-18
1.850748371046907241e-18
1.161574448573728465e-18
1.108482366694451045e-18
1.355924777547731067e-18
1.178656922395703808e-18
6.892216349031181929e-19
3.769705779129280901e-19
1.958314403866960220e-19
1.330624452434747815e-19
1.314090008351892870e-19
1.155617900389483542e-19
7.129404779630601313e-20
4.126468243116361371e-20
2.033014055877092325e-20
1.172469644990302634e-20
1.150910264324476905e-20
1.107501141288663707e-20
7.373837801717565891e-21
4.713488134642828785e-21
2.226262428370994987e-21
8.642366930712589315e-22
6.335894880712912828e-22
6.379298845657183197e-22
4.025523829125550485e-22
2.935834572751109823e-22
1.508450281680826785e-22
5.057027989617882266e-23
5.058877205106114726e-23
5.947095227042051481e-23
4.436593424907212113e-23
3.972266620154760186e-23
2.518587704328950474e-23
1.118922080438406169e-23
7.046983149603208255e-24
5.006133380678176155e-24
2.553522458104019343e-24
1.902972852720610433e-24
9.525816654026307368e-25
1.044003464836581018e-26
-4.302327848042945299e-26
2.462810582523555423e-26
-2.875433329851171753e-27
7.359690546866235007e-26
4.885074255980974513e-26
-7.199493747320507725e-27
-4.454597841216291327e-27
-2.253839121677793756e-27
-4.306274802628553083e-27
2.814175664566138561e-27
1.595172223854678415e-27
-2.264787197242395016e-27
-1.535735914538096907e-27
-1.142488909385311786e-27
-1.016560918933026287e-27
-1.375823991838726938e-28
-1.990089065686671967e-29
-1.933904345978071365e-28
-7.363769892827597217e-29
-6.436318778162399832e-29
-7.230106930132834835e-29
-9.750082868206133808e-30
-3.837952264024002833e-30
-1.747878910880663040e-29
-7.043279374607068084e-30
-5.601852632880022749e-30
-5.759520107958616247e-30
-7.626648930952447515e-31
-3.978312468353555238e-31
-1.270636345855271466e-30
-4.018682489156975030e-31
-3.907474400724625913e-31
-5.856764150686726580e-31
-3.511597640737679730e-31
-3.228294823355641128e-31
-3.337317807896332119e-31
-2.440689889824154629e-31
-1.968647617504286845e-31
-1.511363949823881900e-31
-8.652525892425280350e-32
-5.069200361190939951e-32
-3.583566401821213574e-32
-2.292128950227231693e-32
-1.790552486660242144e-32
-1.378175429818645717e-32
-9.875891683171328957e-33
-7.661715686287122456e-33
-5.797744385264840086e-33
-3.953478707603603840e-33
-2.621126730188287169e-33
-1.651079295975749251e-33
-8.748746135735588556e-34
-4.250887544600507797e-34
-1.259002462181412253e-34
6.518259202566103555e-35
1.222090312293595552e-34
1.520609719549223335e-34
1.546437120333156446e-34
1.274699700301986618e-34
1.010199256931439503e-34
7.184052267496382269e-35
4.333224858061813724e-35
2.398621791794234749e-35
9.088329119882285398e-36
7.324500143172385176e-37
-2.419946426156139041e-36
-3.584138888984961001e-36
-2.877419757956950172e-36
-1.996083500302890967e-36
-1.392820948608945758e-36
-1.079449376960219838e-36
-8.335626117265219302e-37
-5.652823903929954069e-37
-3.907669214315277345e-37
-2.899829757146096361e-37
-7.503870279962160497e-38
