5.532105699731428918e-13
-2.665796918670472419e-14
2.573669035785511194e-13
3.890647611484025128e-13
3.173248515065838008e-13
4.614874190133103195e-13
5.743901874113669171e-13
6.408602713715445911e-13
7.709101731190071338e-13
9.059608044119999027e-13
1.040316042327111913e-12
1.201577561814479946e-12
1.376704434793010164e-12
1.564662471704730074e-12
1.772197790099330859e-12
1.996451855074138628e-12
2.238430066663903430e-12
2.500555252806105704e-12
2.782831000250133217e-12
3.089283216143522769e-12
3.421940533045729503e-12
3.782469980941796388e-12
4.176284265136662123e-12
4.604886864002018212e-12
5.070411447481036347e-12
5.578300425775390961e-12
6.130159048036986164e-12
6.728245793715699800e-12
7.378786207607672316e-12
8.084220349769833217e-12
8.847340362039778548e-12
9.677092129833754240e-12
1.057718088938576710e-11
1.155194966989246030e-11
1.261450344835379183e-11
1.376944031454735696e-11
1.502290361605832481e-11
1.639146567230011616e-11
1.788050499137826866e-11
1.949738914177563468e-11
2.126306498819671885e-11
2.318530073606177989e-11
2.527336863980637685e-11
2.755672764915068838e-11
3.004718648610469385e-11
3.275776062334206582e-11
3.573000429247722034e-11
3.898013409848129051e-11
4.252629063210962473e-11
4.642393227784104448e-11
5.069404723989654144e-11
5.536078296035567886e-11
6.049604698072454338e-11
6.612705577207599361e-11
7.228530794260838262e-11
7.906401067464212045e-11
8.649888235246761671e-11
9.463100810865411624e-11
1.035818131593539658e-10
1.133981846232586996e-10
1.241338477368557399e-10
1.359472230705219157e-10
1.488995430488062916e-10
1.630610673569919260e-10
1.786384346284952453e-10
1.957113007861665319e-10
2.143714898821046092e-10
2.348885230335255363e-10
2.573658105152724754e-10
2.819233385861756428e-10
3.089125999031102906e-10
3.384676021940269682e-10
3.707450877212857261e-10
4.062028893066409817e-10
4.450142079131165633e-10
4.873834905605959785e-10
5.339053326668714989e-10
5.848027667098726950e-10
6.403415207157417362e-10
7.012902013714283633e-10
7.679347363490107632e-10
8.406185369906128602e-10
9.203291557321560940e-10
1.007431405890058186e-09
1.102365788956746630e-09
1.206392469580528284e-09
1.319974676292651257e-09
1.443672673211323528e-09
1.579082943810965587e-09
1.726790854886569522e-09
1.887502845820065312e-09
2.063227031577690601e-09
2.254699389789683593e-09
2.462803486523045403e-09
2.690047710306332448e-09
2.937352160399958474e-09
3.205814182978745344e-09
3.498546190812955863e-09
3.816690891770714533e-09
4.161603255109265084e-09
4.537120562879984560e-09
4.944651358625618051e-09
5.385861030548773216e-09
5.865452655388056259e-09
6.385148783504072282e-09
6.946989127952044182e-09
7.556709382236514173e-09
8.216400990461319811e-09
8.928556082920729600e-09
9.700147340578565678e-09
1.053370153392827961e-08
1.143226061125002666e-08
1.240429739308724693e-08
1.345286123085950487e-08
1.458166945981293376e-08
1.580105102796147747e-08
1.711470020212174320e-08
1.852717785199208155e-08
2.005116550036388353e-08
2.169117785212101030e-08
2.345285099775032396e-08
2.535191321573655836e-08
2.739394705271040036e-08
2.958598549571549365e-08
3.194775254543874972e-08
3.448623212216307179e-08
3.721029352947473446e-08
4.014490211407610275e-08
4.329886734358383730e-08
4.668347359142504934e-08
5.033048028416179474e-08
5.425102891675744653e-08
5.845954308461635335e-08
6.299640385335723588e-08
6.787565384424876684e-08
7.311570774763499438e-08
7.876759555266000796e-08
8.484886882943148870e-08
9.138286823249397663e-08
9.843339598945537870e-08
1.060221422898179017e-07
1.141783242561115578e-07
1.229806291446018504e-07
1.324555386254628098e-07
1.426390345854795247e-07
1.536267114645612686e-07
1.654505445125613190e-07
1.781540348783570587e-07
1.918515871328621738e-07
2.065814721905348538e-07
2.223952827926401354e-07
2.394280618371351303e-07
2.577253509442463221e-07
2.773472155705393581e-07
2.984512399430183207e-07
3.210914832950589557e-07
3.453367256125869054e-07
3.713693883329868889e-07
3.992537069975237311e-07
4.290674314274755205e-07
4.610210913938831007e-07
4.951913638883864161e-07
5.316655569352275216e-07
5.706874707556962904e-07
6.123493151768808122e-07
6.567494351021627248e-07
7.041731022863779364e-07
7.547320871580013795e-07
8.085389403838241711e-07
8.659325697692773615e-07
9.270489963208642767e-07
9.920207044457061142e-07
1.061256183203826289e-06
1.134920052809763316e-06
1.213173517286242982e-06
1.296512024508446764e-06
1.385130879541232641e-06
1.479231332918454030e-06
1.579409541707488778e-06
1.685888774765289573e-06
1.798922111294876626e-06
1.919209628052998393e-06
2.046992863470607797e-06
2.182585330806585865e-06
2.326777656303470889e-06
2.479812720762184746e-06
2.642065713266389434e-06
2.814386610580169317e-06
2.996998489877256546e-06
3.190329232423074667e-06
3.395245852126502260e-06
3.611932788146796341e-06
3.840851884022170548e-06
4.082848519803627203e-06
4.338060501183113058e-06
4.606959964310142102e-06
4.890354288225982458e-06
5.188345006394741855e-06
5.501394130849685064e-06
5.830292470474578906e-06
6.175137289271972563e-06
6.536372068129361951e-06
6.914835982228247144e-06
7.310672951274453048e-06
7.724317293217406932e-06
8.156758380269981366e-06
8.608248715140616591e-06
9.079240806106653560e-06
9.570997283892740458e-06
1.008394229967203038e-05
1.061858641365675294e-05
1.117659293243247813e-05
1.175861434629789694e-05
1.236526325377588939e-05
1.299872614248975351e-05
1.365993215436620181e-05
1.434963765005069386e-05
1.507067354018285210e-05
1.582428909533975528e-05
1.661142452441353453e-05
1.743568993567305768e-05
1.829869877338740949e-05
1.920162358389062443e-05
2.014901855433344710e-05
2.114290758443908581e-05
2.218476957595091819e-05
2.328030356870467628e-05
2.443198681669915673e-05
2.564172157419684472e-05
2.691657604792472785e-05
2.825950943283250520e-05
2.967301731638567278e-05
3.116575884419942971e-05
3.274117985016603412e-05
3.440259029354430354e-05
3.616043278457139716e-05
3.801861740456758293e-05
3.998152649495112710e-05
4.206153114750616823e-05
4.426295635568359429e-05
4.659152572463431241e-05
4.906162305361942266e-05
5.167790737785207480e-05
5.444768226391927913e-05
5.738735719732251977e-05
6.050180615577383176e-05
6.380006478373734041e-05
6.730053483734820647e-05
7.100816866289820452e-05
7.493374551611915724e-05
7.909772228883894666e-05
8.350507378692627021e-05
8.816818850401708337e-05
9.311008267334456451e-05
9.833598356470456216e-05
1.038597101758841605e-04
1.097083112894841261e-04
1.158880524145774788e-04
1.224141911204678376e-04
1.293207592562452930e-04
1.366166091164159647e-04
1.443189340098419312e-04
1.524733477876614649e-04
1.610935957179608928e-04
1.702000349461032114e-04
1.798557416004973794e-04
1.900821432533474715e-04
2.009047818254975574e-04
2.124106131376583828e-04
2.246315842476383988e-04
2.376011236825538539e-04
2.514364203594301084e-04
2.661824466643351915e-04
2.818837778677066872e-04
2.986941541877680324e-04
3.166735667547374423e-04
3.358816085327852026e-04
3.565153914147406911e-04
3.786513283716312953e-04
4.023686996891384497e-04
4.279154212214306315e-04
4.553848979320710669e-04
4.848814902621684762e-04
5.167105749645873117e-04
5.509817938565872127e-04
5.878298548210636508e-04
6.276208414207382720e-04
6.704783188476373798e-04
7.165708888611540921e-04
7.663239799326032305e-04
8.198723337554295705e-04
8.774190924554146854e-04
9.394476316213670177e-04
1.006104112291209387e-03
1.077625292843530916e-03
1.154563990666950977e-03
1.237086296320988451e-03
1.325465505406173356e-03
1.420366055747880434e-03
1.521995292648366423e-03
1.630678302126037068e-03
1.747275578774974735e-03
1.872069723047792940e-03
2.005472105047523528e-03
2.148657440874228181e-03
2.302022615702525345e-03
2.466117735595774272e-03
2.642548949299937042e-03
2.831857720464987706e-03
3.034789739006029524e-03
3.253450268025322167e-03
3.488534035901842429e-03
3.741021125231785201e-03
4.013503325041097199e-03
4.306814172973260670e-03
4.622170165577165792e-03
4.962580662479286996e-03
5.328997964179873342e-03
5.722842200515338394e-03
6.147508313637767112e-03
6.604075670280529047e-03
7.094133888612348497e-03
7.621598648621353937e-03
8.187746059310762117e-03
8.794356759907574067e-03
9.446255188873911926e-03
1.014505127879974239e-02
1.089284353715942212e-02
1.169595772096310854e-02
1.255650465388049274e-02
1.347713368658924431e-02
1.446626368326964403e-02
1.552663774752592769e-02
1.666172668556472128e-02
1.788237620984583012e-02
1.919201460974508805e-02
2.059513715959704686e-02
2.210498986338292268e-02
2.372569525628377696e-02
2.546285030439525074e-02
2.733192897458476892e-02
2.933782597776581416e-02
3.148725666636235931e-02
3.379806699557658806e-02
3.627617864621227733e-02
3.892955337243948072e-02
4.177924436882698989e-02
4.483262283671411025e-02
4.809927762876609059e-02
5.160493240607377796e-02
5.535885155520156586e-02
5.937284093031411358e-02
6.367891609014691978e-02
6.828855997520215382e-02
7.321637780113761373e-02
7.850213001710781846e-02
8.415980024374376811e-02
9.020723224571963739e-02
9.669363689524428096e-02
1.036360398285331441e-01
1.110560649319796561e-01
1.190153108274838029e-01
1.275348166509180370e-01
1.366412076818900034e-01
1.464127799271782437e-01
1.568754702042567950e-01
1.680630881458465009e-01
1.800738065139263488e-01
1.929378275666862042e-01
2.066983852421046264e-01
2.214700589809860121e-01
2.372834355015413232e-01
2.541910443268041719e-01
2.723077615205902746e-01
2.916567625588819546e-01
3.122943947907627638e-01
3.343055347451417414e-01
3.576959332783284373e-01
3.825135542138919931e-01
4.087759329630974992e-01
4.364632950272962497e-01
4.655986293618126770e-01
4.961032335989702946e-01
5.279304359208164543e-01
5.610635716939008644e-01
5.953244167967103317e-01
6.306473678287692897e-01
6.669710366031939008e-01
7.040485287083994015e-01
7.418107871282942911e-01
7.801608611891679423e-01
8.188405610547307978e-01
8.577943674974458643e-01
8.969111369905249376e-01
9.359830620320588324e-01
9.749795677996874188e-01
1.013800424763155350e+00
1.052328616156112728e+00
1.090560199863220836e+00
1.128424275225606843e+00
1.165899184002580524e+00
1.203000614844040195e+00
1.239692330607998771e+00
1.276020814637694123e+00
1.312010611891750500e+00
1.347653316366416609e+00
1.383022860500434215e+00
1.418143294087725437e+00
1.453021560312369731e+00
1.487724930492435149e+00
1.522271495677765207e+00
1.556672607778505579e+00
1.590972262171595153e+00
1.625180503587339231e+00
1.659307421190498566e+00
1.693374306976010324e+00
1.727383056273659401e+00
1.761341731518814901e+00
1.795260948784018984e+00
1.829136176862864227e+00
1.862975437586128935e+00
1.896797702601211055e+00
1.930596770354631397e+00
1.964383956392832253e+00
1.998211010292374468e+00
2.032078502522856045e+00
2.066005821615178650e+00
2.100104540949617515e+00
2.134391896830778013e+00
2.168901952920307963e+00
2.203826717842021221e+00
2.239205616193777448e+00
2.275094451966841458e+00
2.311763420027302285e+00
2.349268039031199518e+00
2.387688923506021244e+00
2.427331459688531812e+00
2.468245610517044941e+00
2.510529027732524288e+00
2.554431481469363607e+00
2.599964611507543655e+00
2.647218990673653849e+00
2.696267358955747540e+00
2.747053570289587743e+00
2.799622429127250900e+00
2.853763757919879129e+00
2.909346652440803371e+00
2.966330116632212910e+00
3.024191394560341806e+00
3.082752797189050487e+00
3.141867937002816635e+00
3.200789782762923696e+00
3.259351277348448761e+00
3.317320018304865670e+00
3.373918692191333779e+00
3.429052755929337337e+00
3.482462769350876286e+00
3.533566219884810788e+00
3.582375671420263696e+00
3.628680127567527336e+00
3.672245660413555157e+00
3.713181105452024511e+00
3.751379819940925398e+00
3.786970366242963237e+00
3.820110432199296469e+00
3.850807715337344561e+00
3.879438712996333027e+00
3.906156501409023818e+00
3.931049353493884180e+00
3.954582861106568092e+00
3.976876202376790292e+00
3.998050637563149490e+00
4.018553140956359293e+00
4.038470885801571875e+00
4.057931521824937882e+00
4.077340631039109375e+00
4.096765358669248513e+00
4.116344219714244801e+00
4.136451174255798335e+00
4.157126383890618726e+00
4.178529062607498012e+00
4.200958601301161721e+00
4.224396492093394961e+00
4.248999494881107175e+00
4.274873919218266316e+00
4.301916554217150690e+00
4.330217879872442666e+00
4.359584551701990662e+00
4.389849951533969730e+00
4.420978032773638766e+00
4.452512800607800081e+00
4.484299463341687719e+00
4.516181845147692719e+00
4.547658880513902879e+00
4.578668189296426938e+00
4.609022814974484739e+00
4.638445546040807166e+00
4.666986111436648876e+00
4.694538927020754038e+00
4.721169739325510761e+00
4.746980717572060193e+00
4.771994302938273869e+00
4.796501847818745112e+00
4.820571696603060730e+00
4.844302827128339928e+00
4.867972925903029768e+00
4.891577886212181703e+00
4.915197504570516074e+00
4.938938165269044944e+00
4.962755268681811494e+00
4.986654370922265933e+00
5.010592664346313008e+00
5.034541855609681704e+00
5.058454010010543733e+00
5.082259470944593183e+00
5.105967300399346875e+00
5.129536044026440145e+00
5.152946199872154409e+00
5.176216065931154020e+00
5.199350285287273721e+00
5.222354469461822468e+00
5.245217047942904998e+00
5.267982029832758428e+00
5.290616260981059860e+00
5.313069900710789994e+00
5.335389432447070313e+00
5.357484568682849613e+00
5.379294197720219550e+00
5.400829695060422431e+00
5.421983284834078098e+00
5.442718198609465929e+00
5.462993743056885343e+00
5.482732721004442311e+00
5.501939741513424131e+00
5.520537776518242623e+00
5.538494931458978421e+00
5.555846528844793575e+00
5.572526302507423424e+00
5.588530879587348288e+00
5.603896175440368665e+00
5.618618204052840071e+00
5.632699622300847864e+00
5.646147423378782726e+00
5.659032943026850226e+00
5.671356642227636691e+00
5.683090134959232209e+00
5.694335938269971642e+00
5.705101470113778994e+00
5.715346738422224071e+00
5.725134768831949827e+00
5.734494498506204074e+00
5.743410777797316236e+00
5.751861611293577425e+00
5.759900493794790854e+00
5.767560453429330103e+00
5.774738182228031036e+00
5.781497185081510004e+00
5.787920000983459268e+00
5.793863411549907916e+00
5.799379412132791067e+00
5.804586210870549046e+00
5.809363285862388260e+00
5.813736935095228375e+00
5.817829349626006064e+00
5.821617808208819689e+00
5.825106817121816327e+00
5.828357887715928776e+00
5.831505804254661030e+00
5.834553753931126074e+00
5.837424269132529986e+00
5.840395834497555505e+00
5.843488618109378585e+00
5.846464418901626381e+00
5.849598309003671837e+00
5.852897980677997047e+00
5.856088455875149812e+00
5.859185689181125589e+00
5.862230010813241243e+00
5.865189748869607200e+00
5.867766037334765095e+00
5.869949442034894993e+00
5.872022070166408092e+00
5.873717239716388150e+00
5.875013755691983697e+00
5.876184229443439655e+00
5.877135294286842004e+00
5.877844146984691598e+00
5.878423599137757805e+00
5.878941986626604610e+00
5.879409726027660099e+00
5.879766070188577665e+00
5.880156011534947602e+00
5.880618864938920609e+00
5.880996989853836787e+00
5.881422321321235991e+00
5.881933451126425183e+00
5.882376335457734307e+00
5.882815821266386358e+00
5.883262010485641902e+00
5.883640661019689411e+00
5.883933602222902515e+00
5.884116191989499534e+00
5.884221713850469548e+00
5.884174955051354239e+00
5.883935258933426837e+00
5.883609789717305638e+00
5.883121349816193835e+00
5.882445724533369003e+00
5.881687744490391445e+00
5.880818347680194513e+00
5.879854883530874154e+00
5.878832582627708803e+00
5.877782580879226337e+00
5.876760023408126976e+00
5.875718792906865495e+00
5.874719347881236509e+00
5.873820570604423530e+00
5.872942876797096368e+00
5.872129094509223712e+00
5.871406972038172078e+00
5.870730469624608538e+00
5.870099946299919935e+00
5.869509709609450177e+00
5.868978757678779523e+00
5.868480247152452201e+00
5.868001339061946986e+00
5.867596533116870461e+00
5.867247465794238614e+00
5.866951449633448057e+00
5.866737467538610140e+00
5.866613639386261347e+00
5.866574305605592343e+00
5.866591210492207331e+00
5.866683301098180259e+00
5.866819798412399756e+00
5.866943277814121949e+00
5.867055602380379931e+00
5.867101955051345463e+00
5.867050853874132166e+00
5.866878291477310547e+00
5.866532074161264099e+00
5.866030761525528270e+00
5.865341990107183712e+00
5.864444695445869549e+00
5.863381544146736957e+00
5.862136523233629326e+00
5.860730323022896648e+00
5.859187968732125995e+00
5.857520157064278976e+00
5.855777581155155787e+00
5.853952094740008327e+00
5.852071183849372638e+00
5.850185342344929040e+00
5.848270304124468133e+00
5.846349371325602284e+00
5.844438464308026937e+00
5.842522104931230587e+00
5.840602995171113143e+00
5.838651242888996507e+00
5.836670225628243891e+00
5.834642736063005763e+00
5.832522501880563759e+00
5.830324601887046043e+00
5.828029549888490202e+00
5.825622722696767397e+00
5.823117373864389101e+00
5.820510643203260059e+00
5.817837223348418796e+00
5.815099509188441651e+00
5.812313131197971217e+00
5.809527589601795050e+00
5.806734574972300500e+00
5.803951217053474387e+00
5.801189557161769095e+00
5.798437304327631381e+00
5.795694808093473149e+00
5.792919799132644876e+00
5.790101658565393272e+00
5.787222347024170155e+00
5.784216541867285066e+00
5.781074520210668588e+00
5.777774274021190593e+00
5.774269950058808831e+00
5.770548979659742450e+00
5.766599501335459621e+00
5.762409042130335557e+00
5.757963992208986248e+00
5.753263765631992044e+00
5.748313103123447121e+00
5.743106671658829931e+00
5.737646456080845780e+00
5.731936936095409330e+00
5.725988741925895020e+00
5.719800129520556276e+00
5.713377391456229581e+00
5.706742823313529556e+00
5.699893731998527890e+00
5.692852397685591370e+00
5.685638005579537690e+00
5.678254218381629137e+00
5.670744391454005218e+00
5.663112801105932625e+00
5.655372464630715967e+00
5.647574962441026969e+00
5.639712619312359010e+00
5.631803148482661392e+00
5.623887465957982279e+00
5.615961534464383398e+00
5.608040144933776894e+00
5.600147294424860256e+00
5.592296835361511675e+00
5.584497388281093322e+00
5.576768963930599732e+00
5.569143766232492077e+00
5.561628383818266741e+00
5.554259610676745673e+00
5.547074558820490608e+00
5.540085718447794960e+00
5.533356413673270247e+00
5.526912247090095320e+00
5.520776497978524766e+00
5.515027111390451431e+00
5.509670365782439738e+00
5.504737539253469869e+00
5.500293164614472374e+00
5.496328164716987708e+00
5.492872149440590768e+00
5.489948929953832213e+00
5.487544084502745001e+00
5.485674353529424785e+00
5.484312014148161829e+00
5.483445132216672846e+00
5.483070963711412560e+00
5.483120450992973183e+00
5.483585690380383681e+00
5.484445511414296703e+00
5.485612568883536433e+00
5.487079935419553856e+00
5.488815273454929589e+00
5.490734923574322579e+00
5.492829855942652273e+00
5.495065381999904908e+00
5.497372298417036340e+00
5.499739931591347109e+00
5.502136983842320639e+00
5.504507725308211086e+00
5.506844454444753012e+00
5.509120251193466267e+00
5.511288047268340762e+00
5.513349852868831391e+00
5.515281486086529128e+00
5.517045737057333810e+00
5.518659752044359657e+00
5.520102010626096956e+00
5.521356735478303968e+00
5.522456813058204794e+00
5.523387924275172445e+00
5.524173195198822661e+00
5.524854900004522840e+00
5.525434527430323151e+00
5.525986842118509657e+00
5.526550881666369541e+00
5.527152437108974858e+00
5.527915992440071591e+00
5.528862595792482182e+00
5.530045377345500945e+00
5.531619242288475569e+00
5.533576787063328339e+00
5.535992853389522850e+00
5.539022511213649302e+00
5.542629452116937472e+00
5.546896876021569334e+00
5.551950726937477043e+00
5.557737078067937375e+00
5.564331016974147559e+00
5.571811735669018439e+00
5.580126918133127667e+00
5.589329721862680067e+00
5.599450503936520107e+00
5.610457778754511793e+00
5.622375622770463544e+00
5.635194800132100390e+00
5.648915463808461546e+00
5.663532729472991356e+00
5.679009415008553496e+00
5.695374924080945256e+00
5.712600356335992835e+00
5.730626701888842156e+00
5.749498139586886936e+00
5.769167921205318628e+00
5.789553400304728648e+00
5.810693336883883120e+00
5.832527948861153000e+00
5.854945301539217439e+00
5.877961362174759508e+00
5.901506433847958810e+00
5.925437497304002932e+00
5.949739983743758565e+00
5.974337297045486217e+00
5.999063906848586036e+00
6.023878885517921056e+00
6.048703713377213909e+00
6.073370662985524859e+00
6.097825822083181357e+00
6.121996575166900101e+00
6.145740235332872281e+00
6.169006508213876749e+00
6.191738240765396029e+00
6.213843170691266238e+00
6.235288160001142721e+00
6.256040073618239994e+00
6.276071990036851567e+00
6.295374364753417495e+00
6.313942639463964390e+00
6.331815037886175723e+00
6.349004304880985217e+00
6.365533267023489650e+00
6.381490995350727502e+00
6.396905720606715029e+00
6.411821034564691324e+00
6.426354141079168691e+00
6.440539997422454199e+00
6.454433109181646699e+00
6.468155235058730135e+00
6.481740493612861975e+00
6.495244256227157287e+00
6.508774729202330356e+00
6.522360531151444540e+00
6.536050266163852207e+00
6.549929086042375559e+00
6.564018482869234283e+00
6.578356387057614718e+00
6.593003641654981095e+00
6.607975110102118244e+00
6.623297703019375149e+00
6.639012196903299134e+00
6.655128250109654253e+00
6.671663763172077211e+00
6.688645713237105106e+00
6.706079980159883824e+00
6.723978299662909386e+00
6.742359378953776350e+00
6.761226314739974264e+00
6.780587157055982139e+00
6.800455789431569364e+00
6.820833068257312171e+00
6.841724905862490935e+00
6.863141745938477811e+00
6.885082492095084383e+00
6.907551579308787382e+00
6.930556176697488802e+00
6.954093506657564205e+00
6.978166696236499433e+00
7.002779585459719236e+00
7.027928142034859604e+00
7.053614303684042852e+00
7.079838957090981211e+00
7.106597442308687285e+00
7.133890833886813887e+00
7.161717968979625759e+00
7.190074290558428061e+00
7.218960542693327653e+00
7.248374581126731719e+00
7.278312579389687009e+00
7.308775489985491980e+00
7.339760882484803517e+00
7.371265962304517139e+00
7.403292179262678019e+00
7.435836769378458833e+00
7.468897827018689206e+00
7.502477181013198937e+00
7.536570975277888884e+00
7.571177674754607345e+00
7.606299000121559573e+00
7.641928966882630903e+00
7.678065748218620534e+00
7.714710322711298751e+00
7.751853845695094947e+00
7.789493657145626138e+00
7.827629496251197416e+00
7.866249584710022447e+00
7.905350151828513638e+00
7.944929509347976371e+00
7.984973389138762201e+00
8.025476844266467680e+00
8.066436824882639911e+00
8.107836945253941607e+00
8.149671045105090883e+00
8.191934775613811226e+00
8.234609273614104552e+00
8.277687000719245347e+00
8.321162083298750289e+00
8.365011849403519051e+00
8.409227101291296691e+00
8.453799835693724063e+00
8.498701735867982165e+00
8.543921743898104992e+00
8.589448970923521998e+00
8.635248143890997596e+00
8.681306484474367480e+00
8.727609782451635212e+00
8.774116078731671209e+00
8.820811493262917580e+00
8.867678841750363361e+00
8.914671785140686922e+00
8.961776329810575703e+00
9.008973612184217217e+00
9.056216749648763553e+00
9.103492653609768226e+00
9.150782734864323587e+00
9.198043613598548163e+00
9.245263744970509734e+00
9.292426767472930393e+00
9.339495513513060843e+00
9.386459969267876957e+00
9.433307211903246170e+00
9.480006611661520921e+00
9.526549032745604606e+00
9.572924980082742508e+00
9.619108242891067917e+00
9.665089563179027010e+00
9.710861647719374545e+00
9.756399070670216389e+00
9.801691535976003067e+00
9.846731995676968552e+00
9.891492118756351815e+00
9.935960103581290781e+00
9.980127192769444378e+00
1.002395972352485920e+01
1.006744450622100651e+01
1.011056977610603447e+01
1.015329601801373194e+01
1.019560923082162240e+01
1.023749431866196247e+01
1.027890710084919412e+01
1.031983350516772191e+01
1.036025565653360481e+01
1.040012680043482973e+01
1.043943339485928234e+01
1.047815581386838168e+01
1.051624678223485354e+01
1.055369357694807952e+01
1.059047585228340616e+01
1.062654717403295024e+01
1.066189562086213094e+01
1.069650082584014861e+01
1.073031770880722924e+01
1.076333496770751275e+01
1.079553248909361685e+01
1.082686648292421516e+01
1.085732609695782003e+01
1.088689144749760551e+01
1.091551985296995042e+01
1.094320087878101155e+01
1.096991477557791939e+01
1.099562005641627671e+01
1.102030683821165802e+01
1.104395553690938847e+01
1.106652636883654850e+01
1.108801024849474004e+01
1.110838800106576230e+01
1.112762238933087389e+01
1.114570539358796530e+01
1.116261866871017361e+01
1.117832846890761722e+01
1.119282805285542359e+01
1.120610038766032268e+01
1.121811602230419247e+01
1.122886961396753769e+01
1.123834586142788794e+01
1.124652011938752771e+01
1.125338847765467420e+01
1.125893764187588708e+01
1.126314797043751703e+01
1.126601696666090469e+01
1.126753345935033224e+01
1.126768277835512322e+01
1.126646380405105852e+01
1.126386748609421140e+01
1.125988398603993090e+01
1.125451352901255042e+01
1.124774912770527457e+01
1.123958562671347927e+01
1.123002456941737925e+01
1.121906097029701677e+01
1.120669423852708313e+01
1.119292720308117595e+01
1.117775683710789458e+01
1.116118700865594526e+01
1.114322177989652651e+01
1.112386004952109708e+01
1.110311000873197251e+01
1.108097687598897529e+01
1.105746143057253938e+01
1.103257599020496826e+01
1.100632683549993196e+01
1.097871655345992714e+01
1.094976133355523906e+01
1.091946842204725066e+01
1.088784211395775969e+01
1.085490219120476318e+01
1.082065678068714476e+01
1.078511177565797929e+01
1.074829028959780963e+01
1.071020126227384850e+01
1.067085208648664718e+01
1.063026899236574785e+01
1.058846167779361913e+01
1.054543896034994255e+01
1.050123001681315849e+01
1.045584525098318984e+01
1.040929485213059102e+01
1.036161079298831922e+01
1.031280412333704000e+01
1.026288635794132098e+01
1.021189210037499251e+01
1.015983297371000127e+01
1.010672176056168681e+01
1.005259549168323296e+01
9.997466279488223861e+00
9.941348093062446267e+00
9.884280142600184504e+00
9.826274939993989932e+00
9.767347534250067298e+00
9.707539033100479386e+00
9.646862257008965713e+00
9.585333210697625006e+00
9.522994597407086204e+00
9.459859455419765695e+00
9.395944613216620667e+00
9.331294054212607492e+00
9.265920941204766947e+00
9.199842792191093466e+00
9.133104537462870098e+00
9.065719364479656761e+00
8.997705342210510437e+00
8.929107985442792383e+00
8.859940398351303870e+00
8.790221050741699571e+00
8.719995643637936666e+00
8.649277085337169879e+00
8.578084078110181920e+00
8.506462082257618462e+00
8.434423701150262076e+00
8.361987682871289351e+00
8.289198814778350410e+00
8.216069299611305610e+00
8.142617735369197973e+00
8.068887831512967068e+00
7.994891314724315912e+00
7.920646443303716033e+00
7.846195499397520479e+00
7.771549679083562978e+00
7.696726733221804118e+00
7.621767234331984220e+00
7.546681808061181052e+00
7.471487560767971381e+00
7.396223130614623109e+00
7.320898537948984597e+00
7.245530136790318210e+00
7.170154440205613433e+00
7.094780825503955946e+00
7.019424806050729160e+00
6.944120591413192933e+00
6.868876874665247101e+00
6.793708248639814151e+00
6.718646451101732531e+00
6.643699455275251076e+00
6.568880857958594000e+00
6.494219794071336871e+00
6.419723503509480622e+00
6.345404524547663350e+00
6.271289348073957548e+00
6.197384507139903853e+00
6.123701452975143233e+00
6.050264140652771516e+00
5.977078473720365714e+00
5.904154847902386649e+00
5.831514979236310126e+00
5.759164266872597970e+00
5.687112162085441902e+00
5.615378619799062498e+00
5.543968687557430108e+00
5.472891063506827969e+00
5.402164532180513845e+00
5.331793935611691460e+00
5.261787464992113250e+00
5.192163313889554210e+00
5.122926217821285988e+00
5.054084111320084283e+00
4.985655011746418452e+00
4.917643565433779784e+00
4.850057639056077008e+00
4.782915183737084241e+00
4.716220675659525519e+00
4.649981978516377623e+00
4.584216702504855689e+00
4.518928983996308268e+00
4.454126586276886179e+00
4.389826136031457438e+00
4.326031208482540968e+00
4.262749209356599067e+00
4.199994896413072887e+00
4.137771067630332311e+00
4.076084404241288262e+00
4.014946879089808185e+00
3.954360363914333210e+00
3.894330427934799221e+00
3.834865559980255245e+00
3.775966672070600438e+00
3.717637919564008797e+00
3.659884037907620069e+00
3.602705080444155161e+00
3.546103665119311188e+00
3.490081045813656413e+00
3.434636634439290237e+00
3.379771615490018366e+00
3.325484543081393962e+00
3.271774469063507329e+00
3.218641463126735491e+00
3.166082497769319826e+00
3.114096539026617538e+00
3.062683000199882155e+00
3.011838455325862807e+00
2.961561982695414486e+00
2.911852820379900564e+00
2.862708100417469481e+00
2.814127089560999995e+00
2.766109230032340438e+00
2.718652715710650369e+00
2.671756947734647003e+00
2.625421756294516129e+00
2.579646355206876240e+00
2.534430126329228816e+00
2.489773242126673836e+00
2.445675413993383174e+00
2.402135810178556596e+00
2.359154705957544618e+00
2.316731506609731372e+00
2.274864999139300625e+00
2.233555220821746179e+00
2.192800452390384347e+00
2.152599012557689040e+00
2.112950376091949245e+00
2.073851114699970299e+00
2.035299096423168752e+00
1.997293029264434638e+00
1.959827580938046765e+00
1.922900279928122513e+00
1.886509040969489126e+00
1.850646844626921306e+00
1.815311044857087275e+00
1.780498910118740730e+00
1.746202258049446066e+00
1.712418434970831127e+00
1.679144324194487892e+00
1.646371228445074442e+00
1.614096609253815595e+00
1.582317250583643586e+00
1.551024517803507363e+00
1.520216041041529076e+00
1.489888728830748965e+00
1.460034374732574136e+00
1.430650761829478368e+00
1.401735030120914383e+00
1.373279502660602391e+00
1.345282052562737585e+00
1.317740031560645120e+00
1.290646166979111609e+00
1.263998343537114266e+00
1.237794010627098151e+00
1.212026045863124235e+00
1.186692280650986975e+00
1.161790110106497798e+00
1.137312292636957212e+00
1.113256571952484730e+00
1.089620156574296450e+00
1.066395489001863650e+00
1.043580223568770560e+00
1.021171308637561559e+00
9.991607876702196522e-01
9.775462471835260070e-01
9.563243722137978464e-01
9.354868303349305192e-01
9.150311706970976067e-01
8.949538687513304280e-01
8.752463067973516031e-01
8.559060235510513870e-01
8.369293675165437874e-01
8.183075468340280656e-01
8.000381069994926264e-01
7.821173517616131221e-01
7.645364114396753230e-01
7.472928465033853440e-01
7.303829774262812213e-01
7.137979244992496142e-01
6.975352676708275190e-01
6.815913782753152406e-01
6.659574122528563178e-01
6.506309762060289437e-01
6.356085046091193291e-01
6.208812301388245691e-01
6.064468000444364071e-01
5.923017144508805343e-01
5.784373363831417647e-01
5.648513747819117192e-01
5.515404003102123420e-01
5.384959802913281690e-01
5.257159099410543268e-01
5.131968449790088593e-01
5.009306464515970170e-01
4.889152183295140119e-01
4.771473259597239225e-01
4.656192138636682798e-01
4.543289095954419765e-01
4.432733174136003207e-01
4.324451362197519466e-01
4.218425208147451033e-01
4.114625402940444432e-01
4.012983839720952184e-01
3.913483259299534445e-01
3.816096153256187673e-01
3.720759255056691472e-01
3.627456327033162786e-01
3.536161666230597800e-01
3.446816386674196875e-01
3.359405052998114538e-01
3.273903627104593483e-01
3.190256862526056336e-01
3.108449907111666688e-01
3.028460139141695429e-01
2.950235089127315469e-01
2.873760308320782997e-01
2.799014291137111865e-01
2.725946518451615730e-01
2.654542826630066910e-01
2.584782529803442697e-01
2.516616386386293924e-01
2.450030465254432466e-01
2.385004648839702257e-01
2.321490515389540710e-01
2.259474369782091541e-01
2.198936477859202154e-01
2.139829003257131823e-01
2.082138530012455913e-01
2.025845593543572909e-01
1.970902903391437144e-01
1.917297388674018555e-01
1.865009806082428001e-01
1.813993521959207378e-01
1.764235885642755630e-01
1.715717883544042033e-01
1.668393754626510406e-01
1.622251343455905215e-01
1.577271923029310019e-01
1.533410886377023774e-01
1.490656641891492662e-01
1.448990846548147138e-01
1.408370361292178574e-01
1.368784215716651598e-01
1.330214579028023980e-01
1.292620095967792204e-01
1.255990459185157282e-01
1.220308495729689607e-01
1.185534922237019700e-01
1.151660117091824476e-01
1.118667710704595031e-01
1.086520723313381259e-01
1.055210220287321615e-01
1.024720761657530316e-01
9.950178224272937522e-02
9.660931346527218411e-02
9.379322777856584359e-02
9.105032364284526558e-02
8.837983696873578932e-02
8.578043180763389453e-02
8.324915295357697420e-02
8.078529353282858094e-02
7.838762264046529593e-02
7.605341733448527097e-02
7.378202145833927250e-02
7.157230322208343876e-02
6.942175008420792270e-02
6.732974964938553963e-02
6.529525942838133867e-02
6.331594999700571047e-02
6.139124585135721790e-02
5.952018147061966663e-02
5.770058067145645425e-02
5.593189857913755808e-02
5.421323331170647269e-02
5.254253249047011187e-02
5.091927670518021226e-02
4.934261487281302316e-02
4.781059242237022805e-02
4.632271176941368113e-02
4.487816159819569412e-02
4.347506526719948500e-02
4.211294520798026381e-02
4.079102169653348042e-02
3.950748426949577535e-02
3.826187548328661286e-02
3.705344256923377017e-02
3.588043857055678992e-02
3.474242799375712454e-02
3.363868415464301570e-02
3.256752959049680901e-02
3.152855377469605119e-02
3.052105870197713636e-02
2.954344913556584962e-02
2.859534292811105952e-02
2.767607597534353300e-02
2.678415152505149097e-02
2.591921869070042128e-02
2.508065383025870690e-02
2.426707447865847703e-02
2.347816250872054866e-02
2.271334110112493976e-02
2.197135348100401342e-02
2.125191383182595262e-02
2.055449681268911935e-02
1.987797531704381393e-02
1.922209332156880543e-02
1.858637875752666355e-02
1.796982933670554158e-02
1.737221460541154422e-02
1.679311413661846789e-02
1.623163731364931847e-02
1.568757407801205442e-02
1.516055073301206257e-02
1.464976917513302786e-02
1.415503456559143169e-02
1.367601253471263829e-02
1.321197574596884305e-02
1.276274030406688263e-02
1.232800249837414513e-02
1.190708513000768992e-02
1.149981250467845169e-02
1.110590301524506072e-02
1.072471322514675918e-02
1.035607467023558735e-02
9.999720642584640148e-03
9.655031296274823802e-03
9.321846020501267302e-03
8.999908031889932575e-03
8.688617598278365259e-03
8.387823670454229441e-03
8.097277039077798236e-03
7.816400422414691157e-03
7.545054438436708637e-03
7.282997615026573328e-03
7.029681381790841427e-03
6.784979837225154665e-03
6.548661375473284300e-03
6.320213946551269529e-03
6.099526116843334567e-03
5.886379393754671840e-03
5.680305293229955151e-03
5.481206738180653508e-03
5.288881751090052617e-03
5.102909917093906983e-03
4.923207326616045598e-03
4.749591196786450038e-03
4.581690196792155730e-03
4.419431591048674120e-03
4.262653134458336754e-03
4.111030074132229761e-03
3.964498475455931897e-03
3.822916395337611160e-03
3.686000374936909685e-03
3.553692977730338754e-03
3.425870888830550524e-03
3.302285098537216870e-03
3.182882793680482172e-03
3.067556613542000987e-03
2.956084911100706480e-03
2.848418242937056453e-03
2.744462110142357070e-03
2.644015992006733262e-03
2.547033195181346975e-03
2.453429130480922100e-03
2.363019674834095345e-03
2.275760769269268881e-03
2.191575327284510984e-03
2.110292578036077928e-03
2.031871280979724061e-03
1.956240179524402437e-03
1.883240275445802019e-03
1.812833423680897680e-03
1.744953243281068510e-03
1.679451951252766001e-03
1.616294711595926388e-03
1.555419624686960739e-03
1.496690093975266110e-03
1.440074659590615805e-03
1.385515849319838557e-03
1.332888341813687335e-03
1.282163959810319123e-03
1.233289736507483299e-03
1.186151569217443668e-03
1.140724342194708411e-03
1.096959651432256877e-03
1.054754299743822623e-03
1.014085937486337331e-03
9.749106779802786367e-04
9.371356628970591495e-04
9.007409903195987043e-04
8.656871214817921491e-04
8.318907830501285966e-04
7.993342163107558344e-04
7.679819559979821032e-04
7.377594568466930118e-04
7.086508317667816574e-04
6.806243462213167061e-04
6.536132962568957970e-04
6.276034324876806660e-04
6.025663775162771541e-04
5.784424030691479122e-04
5.552186976468764757e-04
5.328698661168980878e-04
5.113423413140256784e-04
4.906245778071984063e-04
4.706938059884442811e-04
4.515018723333573901e-04
4.330383486630250568e-04
4.152827635495338204e-04
3.981917061768187860e-04
3.817557371366584146e-04
3.659563914880846979e-04
3.507544137481694566e-04
3.361412442150505590e-04
3.221001720241459276e-04
3.085955983250624510e-04
2.956197529236816298e-04
2.831574677671481219e-04
2.711763918751792049e-04
2.596694717884484474e-04
2.486229118619136605e-04
2.380072852007062995e-04
2.278161968479717765e-04
2.180370908210353708e-04
2.086432133289019622e-04
1.996287801617185464e-04
1.909823735127596980e-04
1.826797164038736600e-04
1.747155936951711602e-04
1.670796466325638911e-04
1.597499126949014181e-04
1.527217064678856059e-04
1.459856617141319266e-04
1.395219827292479211e-04
1.333264744320291891e-04
1.273907004978159336e-04
1.216968850273000575e-04
1.162412830148333576e-04
1.110163235050342392e-04
1.060060969227993367e-04
1.012072676558292851e-04
9.661306130302761404e-05
9.220927426336159862e-05
8.799294030656692447e-05
8.395800936948501724e-05
8.009182088935021780e-05
7.639173981867162361e-05
7.285236770768201110e-05
6.946242772062369644e-05
6.621958040218433239e-05
6.311900911192448867e-05
6.015067074717532969e-05
5.731248882217519102e-05
5.460016435146237013e-05
5.200475103057174316e-05
4.952440574179002179e-05
4.715529005120734797e-05
4.488943208284079640e-05
4.272519545471352561e-05
4.065915232593032342e-05
3.868419724489208862e-05
3.679887687689431319e-05
3.500013040069426109e-05
3.328162405414171812e-05
3.164206681113199127e-05
3.007872663347876510e-05
2.858595863184079026e-05
2.716261624801253127e-05
2.580626240426397373e-05
2.451186886862803939e-05
2.327841839884112977e-05
2.210373882770231074e-05
2.098335568089194759e-05
1.991636816688562668e-05
1.890084233370155047e-05
1.793280252493616782e-05
1.701145328167437876e-05
1.613507518517951083e-05
1.530014296002192909e-05
1.450595654924796502e-05
1.375099001936444401e-05
1.303212508403355612e-05
1.234874788922861801e-05
1.169950713035047406e-05
1.108165189003776570e-05
1.049464577536214978e-05
9.937294995026803803e-06
9.407179232630473258e-06
8.903831187870268690e-06
8.426198831152990662e-06
7.972158036437817263e-06
7.541302658357246539e-06
7.132707797727390105e-06
6.744513345538929787e-06
6.376366926353591509e-06
6.027457158379820707e-06
5.696158129439513362e-06
5.382164516850645898e-06
5.084765863612918491e-06
4.802543175381695697e-06
4.535232196998437240e-06
4.282211870794033588e-06
4.042245511418880289e-06
3.815104678601414924e-06
3.600247292297849698e-06
3.396597039049835362e-06
3.203956722262355828e-06
3.021853915615274182e-06
2.849353280960047598e-06
2.686284895121469143e-06
2.532237704317694164e-06
2.386400262128957833e-06
2.248626461561525364e-06
2.118559291004746940e-06
1.995496152772180446e-06
1.879311731146011583e-06
1.769696568493872105e-06
1.666043641293068140e-06
1.568245765527706999e-06
1.476035284337780242e-06
1.388888998785533547e-06
1.306715509342684919e-06
1.229283847233625437e-06
1.156144209997387433e-06
1.087218906199801009e-06
1.022309105003837942e-06
9.610291291331449903e-07
9.033131564921541676e-07
8.489904436292832226e-07
7.977311912160144346e-07
7.494798181939786314e-07
7.040900658718130263e-07
6.612806807600208867e-07
6.210048823411584972e-07
5.831376978680261589e-07
5.474399109690453714e-07
5.138722699767051752e-07
4.823282538832664963e-07
4.526049189441587368e-07
4.246694234441931054e-07
3.984311928787001055e-07
3.737184663618250868e-07
3.505038323741990912e-07
3.287104540897774348e-07
3.081932766708872918e-07
2.889294662545823191e-07
2.708539817680705856e-07
2.538445551159096906e-07
2.378821939725727567e-07
2.229119515311391949e-07
2.088309342031989667e-07
1.956233612983893157e-07
1.832428956688699807e-07
1.716030663814660583e-07
1.606907706432789126e-07
1.504669922364805783e-07
1.408591472848860403e-07
1.318563630990410540e-07
1.234258326221286356e-07
1.155066971595728836e-07
1.080899417187001185e-07
1.011480162847597105e-07
9.462995757811815521e-08
8.852830039664302991e-08
8.281994309771351051e-08
7.746227886481088338e-08
7.244913784640063362e-08
6.776118571184347445e-08
6.336288223819735625e-08
5.924914117188412638e-08
5.540382533615154145e-08
5.179737746608937023e-08
4.842561603462588930e-08
4.527512277577714688e-08
4.232140259772523830e-08
3.956102494170251805e-08
3.698288250041517018e-08
3.456674389226736726e-08
3.230979627178685691e-08
3.020288366381622836e-08
2.822933094186346071e-08
2.638682920204648962e-08
2.466784544414577890e-08
2.305862876354935226e-08
2.155728141291760592e-08
2.015758992034506721e-08
1.884817283981862504e-08
1.762747318632214993e-08
1.649032478678932846e-08
1.542725095107279984e-08
1.443698582363342123e-08
1.351518364095265620e-08
1.265390884949627703e-08
1.185215192929454147e-08
1.110621786413235209e-08
1.040944720089120543e-08
9.761058193418329879e-09
9.157894544848941500e-09
8.594387039589405102e-09
8.069951739475748778e-09
7.581903349021979157e-09
7.125626769604670756e-09
6.700701106760571724e-09
6.304867849545414727e-09
5.934352296414757063e-09
5.588858601338139218e-09
5.266516363258500639e-09
4.964284015242024716e-09
4.681954005697101812e-09
4.418003209081098576e-09
4.170019128788083716e-09
3.937851245110806703e-09
3.720283147327177681e-09
3.515433911377760273e-09
3.323186216043491829e-09
3.142595815043004246e-09
2.972224451065935617e-09
2.811971118689317208e-09
2.661136179941068879e-09
2.518640662669844069e-09
2.384388372876977444e-09
2.257896968580650480e-09
2.138363701198646319e-09
2.025689846671370017e-09
1.919573373195166826e-09
1.819404230301231642e-09
1.725077690682087188e-09
1.636420832504188799e-09
1.552939695053142840e-09
1.474524077139025421e-09
1.401070933874872581e-09
1.332144909849853760e-09
1.267634502203507908e-09
1.207453428495260424e-09
1.151195164936527727e-09
1.098753400655206665e-09
1.050024657639278991e-09
1.004627391927694817e-09
9.624674481245756872e-10
9.234129464018320903e-10
8.871177547686556370e-10
8.535058765484840824e-10
8.224214787206031748e-10
7.935643824055407601e-10
7.668813666579689978e-10
7.422012034759827657e-10
7.192719114459157098e-10
6.980664743051408467e-10
6.784034050537956126e-10
6.600736121053359896e-10
6.430782932191539367e-10
6.272282855046820466e-10
6.123512641192404279e-10
5.984758200640463992e-10
5.854120431435080501e-10
5.730235255289827658e-10
5.613604237429074058e-10
5.502493533285161966e-10
5.395944550927317943e-10
5.294552413463229310e-10
5.197011686253975809e-10
5.102809318652709054e-10
5.012459929489682890e-10
4.925340931119992292e-10
4.841338037644682934e-10
4.760703141161059699e-10
4.683606545318034129e-10
4.610158805793641523e-10
4.540221885827048971e-10
4.474634060140784979e-10
4.413463462101078858e-10
4.356164912492393034e-10
4.303899430132966947e-10
4.256425804049073458e-10
4.212902946422863861e-10
4.174368282844025430e-10
4.140108793347131520e-10
4.109196389464875855e-10
4.082162218956822531e-10
4.057828174001447804e-10
4.035416472952767091e-10
4.014765351016895157e-10
3.994409825023416975e-10
3.973909081557477610e-10
3.952465314727214152e-10
3.928622237456356726e-10
3.902355108401958802e-10
3.872485823259532630e-10
3.837890271365536776e-10
3.798916772060780633e-10
3.754354607045156611e-10
3.703664105956213441e-10
3.647430588155143349e-10
3.584726813709952552e-10
3.515698652290556435e-10
3.440996338606760193e-10
3.360163975132861989e-10
3.273951462931618089e-10
3.182926457394833784e-10
3.087123941428020684e-10
2.987667535183642846e-10
2.884960749355201612e-10
2.779404869302286614e-10
2.672206003302670782e-10
2.563597309999454711e-10
2.454149012397465012e-10
2.344900174295199821e-10
2.235962179393516957e-10
2.127887282349991026e-10
2.021410298409372001e-10
1.916587930097741034e-10
1.813837064516436438e-10
1.713575652986785307e-10
1.615858063049037403e-10
1.520933767267795741e-10
1.428976898923021860e-10
1.340060278006557723e-10
1.254297074148364722e-10
1.171717122833372001e-10
1.092403155624661403e-10
1.016387633175811593e-10
9.436348487251558292e-11
8.742138738315502245e-11
8.081239249071153536e-11
7.453025372218124993e-11
6.857825394557430502e-11
6.295544612998786889e-11
5.765339231104496092e-11
5.267061546411083104e-11
4.800566372205983919e-11
4.364681357016490226e-11
3.958805261791914516e-11
3.582673938322064019e-11
3.234692686022397658e-11
2.913931248061303476e-11
2.619937169290138462e-11
2.350710372086124947e-11
2.105161277319798601e-11
1.882636616493668677e-11
1.680867418990133167e-11
1.498767338239823880e-11
1.335533433156447331e-11
1.188834987178591244e-11
1.057710176686736100e-11
9.412959219672190529e-12
8.374099356414417761e-12
7.452815143940337134e-12
6.640812771528880185e-12
5.919333964885667492e-12
5.282737341280407496e-12
4.723783374809017226e-12
4.227570773326678620e-12
3.790307502502409168e-12
3.406185287345473286e-12
3.064190439525262007e-12
2.761970160391365851e-12
2.495199094292517181e-12
2.256241511666866506e-12
2.043736002461008176e-12
1.854663226359186528e-12
1.684000129611416365e-12
1.530993589426378816e-12
1.393643759532304222e-12
1.268760347386158477e-12
1.155923359339909050e-12
1.053854429345955974e-12
9.605472363766558128e-13
8.757457108560238985e-13
7.986421741405860626e-13
7.279475398806377535e-13
6.634808684684141817e-13
6.047226871065489048e-13
5.508026978398772832e-13
5.015762863220814256e-13
4.566938685623924256e-13
4.155310090290515245e-13
3.779660734654196774e-13
3.437496395589656531e-13
3.124102089860594118e-13
2.838458167801235507e-13
2.578690442778511353e-13
2.341130531349356534e-13
2.124945975880772361e-13
1.928681680438675747e-13
1.749454402408047919e-13
1.586605146581954221e-13
1.438989302303001799e-13
1.304346707246502886e-13
1.182169747180937228e-13
1.071558557188374235e-13
9.707569759949758367e-14
8.793822347269375953e-14
7.967323688556197491e-14
7.214572573611622019e-14
6.532725567335328484e-14
5.916363498667534966e-14
5.355210208530458771e-14
4.847172676057580441e-14
4.388110279287211332e-14
3.970265847729087338e-14
3.592105214253030273e-14
3.250492552723287340e-14
2.939607711377878961e-14
2.658326499140256262e-14
2.404290130691589546e-14
2.173148846640576149e-14
1.964076832299184586e-14
1.775307947482982243e-14
1.603597844352064381e-14
1.448337413919274616e-14
1.308207664845427555e-14
1.180789926497972408e-14
1.065632879775564533e-14
9.617523605990923953e-15
8.673442841397517054e-15
7.820728848672200160e-15
7.052036024049726351e-15
6.353893791527708521e-15
5.723797043182705255e-15
5.156257759207534298e-15
4.641207438868030358e-15
4.176774798756643343e-15
3.758855061043594946e-15
3.379918062968843168e-15
3.038566811472797169e-15
2.731728798862083267e-15
2.453773167531992111e-15
2.203659392853015757e-15
1.979087610092088876e-15
1.775851871279258962e-15
1.593180019393463568e-15
1.429352191723474753e-15
1.281233327574253414e-15
1.148253085474499350e-15
1.029127899615251439e-15
9.215278479588579067e-16
8.250338092784593227e-16
7.386906333039997014e-16
6.607730103856100382e-16
5.909745080830099136e-16
5.285869321589008208e-16
4.723377613523919844e-16
4.220039898119355361e-16
3.770626283992124166e-16
3.365788995486628861e-16
3.003911450072322048e-16
2.681147145908616512e-16
2.390655667681001936e-16
2.131268789183177417e-16
1.900168342199173981e-16
1.692366075020647047e-16
1.507019827461628882e-16
1.342071954565379674e-16
1.193895925181936990e-16
1.061885896223312647e-16
9.445439874943726685e-17
8.392407233039311548e-17
7.455411867767987882e-17
6.623578102109557818e-17
5.877887817602708107e-17
5.215226861140582148e-17
4.627717528446335995e-17
4.101639127949594224e-17
3.634769194214806624e-17
3.221415341135348404e-17
2.851705993740487179e-17
2.524061706560854511e-17
2.234380227241233695e-17
1.975581848593136707e-17
1.746549747177077629e-17
1.544336893328561447e-17
1.363884555110708283e-17
1.204407483976221146e-17
1.063796365865290269e-17
9.384516203927900583e-18
8.278243978989045392e-18
7.304113479275177126e-18
6.436628237404519637e-18
5.671974310242950949e-18
4.999486735577812444e-18
4.401191844282359598e-18
3.874453424437932101e-18
3.411742478742313054e-18
3.000448806717276695e-18
2.638758551722516907e-18
2.321382553479894750e-18
2.039513962820294814e-18
1.791909318511925380e-18
1.574870411989837888e-18
1.382272571777156551e-18
1.213265748440950361e-18
1.065275369529421713e-18
9.340582229931707529e-19
8.190344387128398184e-19
7.184186732095773683e-19
6.292810882374126745e-19
5.512268190142221193e-19
4.830220802925997584e-19
4.226499654171647848e-19
3.698420653919469131e-19
3.237483641017990944e-19
2.829842670688701685e-19
2.473677064719226356e-19
2.163147020966498293e-19
1.888772954492762370e-19
1.649323144552083922e-19
1.440796317657618715e-19
1.256720184013531960e-19
1.096264227681912588e-19
9.566943953299376783e-20
8.336046098671203129e-20
7.264370777787550337e-20
6.333290601183638537e-20
5.512905673800899469e-20
4.799486144975929688e-20
4.180380814115085158e-20
3.635368438070508144e-20
3.161966425154233351e-20
2.751611478304576992e-20
2.390677077382049582e-20
2.077518366264639241e-20
1.806359790083494238e-20
1.568052731593229889e-20
1.361512091235200887e-20
1.182856910538257988e-20
1.025967685427139592e-20
8.901313835565242877e-21
7.727498290893587397e-21
6.697444871803572127e-21
5.806484236867497932e-21
5.037285729579893835e-21
4.362760736625596610e-21
3.779860614019571869e-21
3.277065608163073023e-21
2.836442909972036014e-21
2.456007269265944410e-21
2.128126719928780584e-21
1.840966071466323209e-21
1.593235685113663305e-21
1.379894965118491609e-21
1.193155595184763231e-21
1.032181812577962866e-21
8.936542337846840617e-22
7.724617966080280867e-22
6.680642155930182753e-22
5.782816565722917412e-22
4.997689658136400302e-22
4.321777852253981992e-22
3.740804695558399966e-22
3.232933779389639876e-22
2.795925160531901141e-22
2.420453335670599352e-22
2.092300783439399888e-22
1.810031197898809278e-22
1.567568873813921260e-22
1.355680265964858076e-22
1.173446790422306267e-22
1.016920092417141865e-22
8.801179902094676585e-23
7.624543372803220551e-23
6.613695356174656317e-23
5.729965887449486054e-23
4.969621105311594593e-23
4.316105795119018189e-23
3.744472400166288198e-23
3.252344554711131881e-23
2.829036242436139373e-23
2.458478616420453831e-23
2.139159216070130118e-23
1.864191997892118470e-23
1.623238571447976426e-23
1.415335246221770519e-23
1.236050043316804205e-23
1.078735023655178255e-23
9.427747611464383379e-24
8.253185936183031963e-24
7.220910518553504069e-24
6.326977505450961446e-24
5.553050983978137613e-24
4.871609009376397231e-24
4.280112342095892404e-24
3.766757885367855150e-24
3.313797809989324826e-24
2.919587515106780276e-24
2.576516895699573186e-24
2.273110020115745362e-24
2.008294073422113848e-24
1.777149957074018270e-24
1.572229612938376121e-24
1.392827350113530333e-24
1.235752286006620274e-24
1.096147401809569368e-24
9.735440930331717479e-25
8.658630345977311159e-25
7.699182775293317565e-25
6.853954107987206051e-25
6.109317640998408984e-25
5.444230119414224080e-25
4.856558694467121750e-25
4.337312880935263267e-25
3.872483271359762770e-25
3.460606688453308950e-25
3.095705395718996201e-25
2.768370922417580787e-25
2.477588378990058186e-25
2.219348852728959705e-25
1.987274578574071711e-25
1.780654270966801265e-25
1.596774426070337690e-25
1.431269925835722262e-25
1.283637583716312669e-25
1.152023018016570781e-25
1.033409865530774779e-25
9.274392705743056390e-26
8.328317385504542083e-26
7.474836403467008001e-26
6.711373366238146513e-26
6.029017657548723700e-26
5.412972601907611692e-26
4.861378651155597961e-26
4.367976356950515330e-26
3.922277899837734444e-26
3.522935700544066348e-26
3.165518242062369757e-26
2.842542251636304575e-26
2.553028301038749248e-26
2.293817582328459054e-26
2.059540746949606541e-26
1.849484515443504343e-26
1.661384298523099024e-26
1.491369993030710909e-26
1.338921501761682595e-26
1.202407660747920387e-26
1.079029031016178073e-26
9.684061454870643506e-27
8.693597124485928409e-27
7.798593219474810394e-27
6.996280894583055513e-27
6.278110024069053154e-27
5.629326234928815280e-27
5.047909957085541073e-27
4.527649555898500803e-27
4.057810486510953223e-27
3.636920849850833116e-27
3.260461910778444806e-27
2.920618982524268738e-27
2.616320548113634555e-27
2.344277044912593254e-27
2.098798927428390266e-27
1.879107287155297966e-27
1.682806955657750020e-27
1.505757119267347921e-27
1.347392542119879627e-27
1.205969779807243037e-27
1.078477423897744088e-27
9.645060753246962755e-28
8.627875510511196756e-28
7.711341277052840657e-28
6.892498776401609135e-28
6.162132588728774634e-28
5.504370209621070161e-28
4.917077017573539165e-28
4.393565035022697932e-28
3.922335593338873678e-28
3.501852132442550417e-28
3.127268061167285357e-28
2.790266855816397721e-28
2.489744739320010853e-28
2.222195157306009762e-28
1.981613408632203102e-28
1.767208213614923947e-28
1.576446842821792991e-28
1.405001429043283791e-28
1.252305856993108205e-28
1.116533972987499502e-28
9.945720839076100114e-29
8.860159807065392989e-29
7.895513132166386497e-29
7.029420034218621857e-29
6.259000308551555946e-29
5.574811213248897332e-29
4.960824092376639845e-29
4.414990898153265432e-29
3.930540118314012426e-29
3.496003579969018670e-29
3.109928034974873005e-29
2.767466645056805723e-29
2.460429764524134537e-29
2.187788394441959809e-29
1.946079954796955893e-29
1.729467335821607792e-29
1.537223469239817907e-29
1.366879510187641280e-29
1.214283188909932379e-29
1.078921817384780947e-29
9.590385646753280221e-30
8.516854126598253188e-30
7.565015284124005232e-30
6.722392199777563769e-30
5.968094531494745408e-30
5.299587072234599305e-30
4.708026037427377741e-30
4.178635343752240652e-30
3.709636428334582662e-30
3.294772531576631742e-30
2.923610575798795705e-30
2.594904404041174722e-30
2.304235430092279126e-30
2.044249087952489859e-30
1.814073175468694061e-30
1.610592432314498959e-30
1.428630160493005843e-30
1.267576430554689342e-30
1.125238207038826110e-30
9.979766549260179286e-31
8.853655731952805114e-31
7.858632474992957987e-31
6.969149388916987036e-31
6.182230348731633050e-31
5.487050200418000706e-31
4.865692136169834884e-31
4.316079346428104007e-31
3.830619152541067611e-31
3.396758423623527536e-31
3.013048912301422186e-31
2.674170312952206840e-31
2.371335240555689811e-31
2.103534498381316378e-31
1.867043322777338659e-31
1.655715395398833771e-31
1.468847986958879988e-31
1.303835468279030220e-31
1.156382025931715691e-31
1.025998684292998162e-31
9.108640510547102914e-32
8.079777398478221534e-32
7.169997309421572524e-32
6.366577091165675007e-32
5.648573687991709915e-32
5.013623923319739130e-32
4.452845770471241655e-32
3.951628550522237548e-32
3.508330363313024223e-32
3.116754119307914102e-32
2.766711236024915365e-32
2.457061041698047534e-32
2.183481748958212845e-32
1.938870618825693217e-32
1.722435046163970610e-32
1.531162084983812028e-32
1.360100973312644890e-32
1.208700701751130649e-32
1.074861195927033569e-32
9.551316100602547344e-33
8.491286023498934114e-33
7.553884278242107538e-33
6.715052587169120977e-33
5.972121359293335923e-33
5.314886799329077623e-33
4.726569806949796292e-33
4.205309056818385186e-33
3.743989065888373748e-33
3.330900946225833175e-33
2.964745172418563066e-33
2.640557273449016255e-33
2.350160550021374705e-33
2.092646394791418698e-33
1.864548695965188232e-33
1.660152393483923089e-33
1.478821247105246988e-33
1.318133219037842153e-33
1.174089784168163415e-33
1.046244744032361670e-33
9.329039689009105464e-34
8.312667939771179620e-34
7.410198227480527983e-34
6.609767719693544430e-34
5.891736442727975862e-34
5.253899902285889770e-34
4.687941523011161170e-34
4.180071249408502014e-34
3.728736131055223261e-34
3.328098441186183231e-34
2.968463023647223974e-34
2.648734353390704463e-34
2.364809389084617852e-34
2.109862891411524185e-34
1.883120963134202234e-34
1.681695967031676439e-34
1.500776643645402100e-34
1.339815576042260954e-34
1.196777792417534416e-34
1.068267239792703404e-34
9.538962130464747365e-35
8.522287239940867302e-35
7.608645272904817195e-35
6.795287046557824433e-35
6.072066175063515099e-35
5.421996819016939710e-35
4.843127380476708254e-35
4.328279500389402186e-35
3.865418139277821727e-35
3.453156467298313192e-35
3.086409709346376737e-35
2.756640759160321097e-35
2.462863201650086574e-35
2.201471041547245017e-35
1.966401870124634433e-35
1.756953497240447684e-35
1.570565836577043867e-35
1.402929499096233235e-35
1.253544264388568737e-35
1.120590744786308810e-35
1.001002859723145686e-35
8.944240493833893892e-36
7.995601209162080707e-36
7.142278018335312705e-36
6.381728071918775765e-36
5.704737638989224829e-36
5.095748975844458829e-36
4.552947904836069628e-36
4.069770055153164443e-36
3.635122230963859641e-36
3.247709746862239525e-36
2.902852781057311417e-36
2.592637351581038355e-36
2.316139337784801415e-36
2.070020623169213153e-36
1.848632896117050575e-36
1.651316485453542004e-36
1.475689253288417305e-36
1.317718608099483953e-36
1.176933665777212556e-36
1.051633902903534109e-36
9.389396144037224260e-37
8.385147228930724300e-37
7.491449867690997278e-37
6.687737346502041359e-37
5.971611656225061719e-37
5.334401390153749766e-37
4.761417701207184004e-37
4.250950213551722867e-37
3.796806097184533237e-37
3.388495583790163061e-37
3.024799409917517863e-37
2.701295222388829141e-37
2.410493723179691095e-37
2.151526363596257861e-37
1.921235837079876509e-37
1.714277340298254565e-37
1.530032684484254999e-37
1.366248930705439543e-37
1.219114313546600690e-37
1.088188965976283845e-37
9.718671210067751637e-38
8.674317384660227346e-38
7.745686520549866750e-38
6.921349958121867674e-38
6.181897467425722531e-38
5.525050402918036038e-38
4.942658295758297118e-38
4.420717222759514857e-38
3.957530774469171372e-38
3.547218832554070294e-38
3.179511188231087111e-38
2.853128366521052542e-38
2.563752522360875031e-38
2.303777103545978786e-38
2.072244614507852255e-38
1.865963030646702829e-38
1.679335812334636243e-38
1.511644583207493966e-38
1.360426309758713957e-38
1.221287704947513898e-38
1.093740557330736269e-38
9.752250987678641157e-39
8.630321328057794490e-39
7.582577276360981004e-39
6.544966516065773617e-39
5.557275293516287323e-39
4.742867490847391884e-39
3.764164097397177578e-39
2.890239993456210575e-39
3.032607058663202593e-39
2.093350267737345145e-39
-1.556112426219746185e-39
3.596546914350467277e-39
