2.402029056748525837e-12
-1.371214720157697489e-12
9.332384660211750773e-13
1.013546722134722478e-12
3.514113766916551862e-13
8.380263941875666825e-13
1.018539583383715602e-12
9.505309409746882084e-13
1.170401539920374517e-12
1.350205987110222100e-12
1.469004737915582537e-12
1.671752613474765420e-12
1.877023136575633548e-12
2.069939719756016821e-12
2.291259511833354015e-12
2.521413262685816474e-12
2.765322763938043553e-12
3.037460281724204939e-12
3.336266177307974559e-12
3.668260663314198503e-12
4.037218234806309993e-12
4.443686478096657258e-12
4.892088858735746358e-12
5.385191125852398152e-12
5.923922898358341453e-12
6.516266236763878634e-12
7.166901843169297137e-12
7.878142324055641582e-12
8.662794864913520436e-12
9.527178187130193686e-12
1.047512512968300229e-11
1.152416373047745569e-11
1.268237019286758986e-11
1.395504759529186428e-11
1.536509808861877848e-11
1.692298393917155966e-11
1.863581309174311514e-11
2.053345507934738101e-11
2.262938318670487756e-11
2.493317128922184956e-11
2.748310856565796473e-11
3.029592796427553932e-11
3.338423979746280140e-11
3.679557580416132292e-11
4.055003988465555275e-11
4.466364500111675983e-11
4.919379486665780046e-11
5.416422894901879933e-11
5.959463405022208750e-11
6.555319452756207308e-11
7.206780505498124371e-11
7.916211551313329943e-11
8.691657939319705183e-11
9.536409706560301000e-11
1.045326829381326071e-10
1.145174840976801728e-10
1.253577620218690345e-10
1.370865445955649329e-10
1.498176021762872891e-10
1.635986842809305165e-10
1.784689433828421894e-10
1.945669450299221413e-10
2.119521097185048465e-10
2.306715629948021464e-10
2.508978285564666745e-10
2.727064741851226087e-10
2.961554698203551607e-10
3.214640665164835632e-10
3.487299050814389661e-10
3.780259377103771906e-10
4.096348991949916242e-10
4.436839353279205703e-10
4.802665423848487981e-10
5.197497662102781222e-10
5.622991463099159062e-10
6.080357465397267820e-10
6.574355898749358301e-10
7.107128101398760614e-10
7.680244263700804091e-10
8.299834358763683504e-10
8.968638729478361798e-10
9.688682392249094348e-10
1.046777158567848379e-09
1.130936767238775896e-09
1.221605400503244965e-09
1.319763940537618362e-09
1.425843586736409741e-09
1.540169332265604458e-09
1.663956473348714257e-09
1.797735026848370548e-09
1.941907630973412038e-09
2.097959694350152070e-09
2.266534908283217847e-09
2.448124517126940233e-09
2.644522051825953759e-09
2.856501537531692271e-09
3.084653773132798231e-09
3.331122540585459530e-09
3.596831869206390236e-09
3.882483337990187693e-09
4.190620367283013138e-09
4.522341507959440786e-09
4.878471254603066955e-09
5.262014081650411528e-09
5.674275005846973342e-09
6.116215519176961596e-09
6.591381286505904925e-09
7.101326592314132301e-09
7.647167455898592052e-09
8.233098475845227588e-09
8.860981230555310374e-09
9.532109281446665454e-09
1.025147280088055736e-08
1.102131925145069438e-08
1.184315088827326629e-08
1.272295275847596241e-08
1.366346361788204693e-08
1.466643704838376183e-08
1.573912098499007164e-08
1.688488465992419116e-08
1.810579116946536197e-08
1.941070581613807845e-08
2.080380850336203164e-08
2.228755030695105483e-08
2.387287324699803075e-08
2.556499602360577890e-08
2.736686153684881841e-08
2.929207041994248527e-08
3.134716220900551348e-08
3.353570585474842339e-08
3.587468082549147586e-08
3.837228820513244094e-08
4.103289197523814939e-08
4.387772289634974153e-08
4.691704701278452066e-08
5.015623064378707702e-08
5.362179488551295509e-08
5.732654175483816592e-08
6.127708909537751654e-08
6.550647380501157620e-08
7.003058078022580303e-08
7.485757612705939384e-08
8.002845617754255940e-08
8.556282566383534826e-08
9.147075414548241514e-08
9.780290678391114759e-08
1.045833558201314801e-07
1.118245064361763126e-07
1.195887270892952609e-07
1.279054401137060080e-07
1.367899204945313159e-07
1.463186538966180575e-07
1.565274505091397260e-07
1.674351158506014544e-07
1.791350676502858818e-07
1.916707024180116070e-07
2.050651552231298361e-07
2.194319510604066146e-07
2.348234114620477838e-07
2.512679253376941323e-07
2.689025441630607735e-07
2.877899385518389988e-07
3.079647612707157253e-07
3.295910781912221561e-07
3.527433254782430195e-07
3.774634661424012397e-07
4.039459497951107108e-07
4.322782578106472513e-07
4.625107199505088127e-07
4.948712762544293281e-07
5.294614408764853020e-07
5.663410032735266981e-07
6.057741648353773186e-07
6.478770157753983386e-07
6.927200062950897554e-07
7.406060109307881386e-07
7.916657125417903350e-07
8.459815768879460234e-07
9.038971838972299059e-07
9.655574058737825472e-07
1.031058124751828661e-06
1.100785264196496845e-06
1.174897516580998170e-06
1.253505246086655407e-06
1.337038094742214507e-06
1.425669160544848547e-06
1.519523371221731616e-06
1.619075754120121573e-06
1.724516687333925414e-06
1.835984066119622531e-06
1.954001516797322536e-06
2.078783226967065390e-06
2.210476511154939559e-06
2.349660268432592012e-06
2.496583325721439055e-06
2.651397590747921282e-06
2.814749297237551998e-06
2.986936039961595122e-06
3.168110126616963438e-06
3.359003264252835447e-06
3.559975989156600134e-06
3.771180299960555476e-06
3.993455696671004444e-06
4.227234738142938044e-06
4.472674671794424251e-06
4.730744361051551020e-06
5.001947123906097685e-06
5.286458542365987560e-06
5.585391110342156489e-06
5.899304848569181797e-06
6.228412805467792708e-06
6.573973322146820956e-06
6.936579515319507730e-06
7.316502663017196656e-06
7.715138399109296155e-06
8.133089785839988815e-06
8.570702670040528516e-06
9.029500532475963410e-06
9.510088249855787722e-06
1.001289293234189773e-05
1.053957257344862528e-05
1.109075437158380597e-05
1.166694196474359691e-05
1.226996860361212443e-05
1.290053886534698730e-05
1.355921979486478182e-05
1.424810508728193781e-05
1.496805995394168442e-05
1.571970056184113956e-05
1.650550707646310301e-05
1.732659898398723687e-05
1.818363503280435845e-05
1.907963152605654500e-05
2.001604394189408513e-05
2.099358230524620085e-05
2.201595019728059773e-05
2.308499271817790582e-05
2.420149903167737463e-05
2.536999923742936595e-05
2.659275304795051347e-05
2.787067600680612149e-05
2.920925982415177810e-05
3.061119379760856473e-05
3.207758469541712159e-05
3.361504987823144404e-05
3.522674662652780628e-05
3.691405407992419965e-05
3.868495963807818040e-05
4.054318819016860929e-05
4.249048932880952913e-05
4.453659866685312632e-05
4.668599988707633209e-05
4.894092941350275215e-05
5.131341938739916595e-05
5.380901025563556670e-05
5.643055708164678358e-05
5.919311318875675529e-05
6.210368199575579280e-05
6.516586893107168509e-05
6.839862933043663158e-05
7.181094557166173341e-05
7.540726833294249991e-05
7.921147971895821274e-05
8.323519714157691948e-05
8.748371625860051513e-05
9.198708955882952158e-05
9.676046679206283660e-05
1.018098356590898054e-04
1.071731716439603961e-04
1.128705111947774214e-04
1.189082317368568028e-04
1.253351426549005252e-04
1.321783249117814741e-04
1.394442554819286511e-04
1.471977155103820973e-04
1.554762087160540022e-04
1.642864483036378159e-04
1.737178475484873292e-04
1.838232394009770476e-04
1.946107994854354096e-04
2.062076719243857595e-04
2.186883665703698201e-04
2.320655079262343243e-04
2.465210619947158185e-04
2.621582733752318684e-04
2.789990922572475125e-04
2.972987295069875720e-04
3.171956518497616017e-04
3.387267946302925247e-04
3.622358901488570535e-04
3.879015330790561156e-04
4.157794592975827866e-04
4.463108154650910161e-04
4.797186081977567688e-04
5.160762616235624106e-04
5.559291645915922370e-04
5.995533618879385178e-04
6.470335860199542257e-04
6.990436158945703650e-04
7.559351600096973376e-04
8.177999828259213634e-04
8.855185934509541374e-04
9.595660308241482682e-04
1.040058023561328841e-03
1.128256175334929308e-03
1.224834364371934917e-03
1.329998999855846326e-03
1.445674110198967013e-03
1.572815018042195319e-03
1.711858744346387608e-03
1.865703878979610908e-03
2.035618264588126471e-03
2.222471967595469194e-03
2.430266512131244467e-03
2.660465829223544309e-03
2.914558038334321213e-03
3.197243831722918189e-03
3.509818825888000402e-03
3.854389093608301831e-03
4.235058981331423986e-03
4.652314296051904621e-03
5.108469526343108018e-03
5.604749687306652579e-03
6.140061616552825764e-03
6.715937053316223780e-03
7.328000406418279551e-03
7.973102709965195281e-03
8.650483978580343972e-03
9.348520205533826857e-03
1.006251002690379190e-02
1.078787505961261405e-02
1.150761769792557447e-02
1.221774230680236321e-02
1.290933906788095491e-02
1.356816474631365038e-02
1.419541029905257296e-02
1.477973307850018875e-02
1.532564421866675075e-02
1.584586431657670005e-02
1.633216013406435865e-02
1.683033736573120304e-02
1.737124238159806072e-02
1.795914778478551257e-02
1.870446280623028895e-02
1.966016592376705965e-02
2.085458531442484220e-02
2.247660832497260994e-02
2.459941629426100340e-02
2.728507966248336358e-02
3.079326725599887751e-02
3.520710434694184626e-02
4.062455218028523940e-02
4.733780703101058557e-02
5.542164186996944436e-02
6.499918653565409099e-02
7.632675965736691881e-02
8.944857482787953173e-02
1.044873069506264823e-01
1.215790990418413459e-01
1.407190545529090342e-01
1.619928432901669713e-01
1.853436156925960254e-01
2.107110833789443971e-01
2.381071428971220094e-01
2.672532135054944136e-01
2.980454259801051387e-01
3.303997569694683278e-01
3.638554311478496839e-01
3.982943177747313435e-01
4.335420637012177281e-01
4.690653404582120767e-01
5.047702911599687425e-01
5.404299682060809129e-01
5.755909348625460886e-01
6.102177336070132574e-01
6.440919274181118315e-01
6.769849791940537598e-01
7.089361513626100120e-01
7.397993870596822896e-01
7.696543895534202484e-01
7.986067470586529771e-01
8.266248981921838768e-01
8.540842638884372784e-01
8.811267925803508705e-01
9.078386950399625066e-01
9.347854988315141833e-01
9.621057948444561303e-01
9.899672108136257087e-01
1.018966350381918406e+00
1.049203629792198722e+00
1.080868567225480303e+00
1.114434730044934208e+00
1.149944850988916301e+00
1.187553210844539686e+00
1.227511158700082650e+00
1.269801482493119638e+00
1.314510232047582550e+00
1.361642945434724306e+00
1.411131854226747251e+00
1.462993498920727165e+00
1.517026835779328842e+00
1.573126475647882438e+00
1.631261407584500667e+00
1.691093176225735517e+00
1.752490143382450904e+00
1.815401369901566975e+00
1.879418017276466513e+00
1.944392206560701553e+00
2.010270669609560912e+00
2.076623282080761523e+00
2.143298067007740837e+00
2.210241443596948852e+00
2.277035837586653066e+00
2.343541814138328849e+00
2.409697631399255080e+00
2.475128093964651388e+00
2.539725266174303275e+00
2.603412796871966695e+00
2.665890091478679391e+00
2.727095435450705541e+00
2.786941227844188518e+00
2.845230344915700815e+00
2.901950662363853795e+00
2.957016427213798426e+00
3.010345329070346576e+00
3.061964197301705326e+00
3.111804015177773497e+00
3.159880312569365302e+00
3.206238924233325793e+00
3.250834544425451611e+00
3.293739001553290802e+00
3.334998369830405096e+00
3.374585915037798145e+00
3.412583605457413682e+00
3.449030814184791183e+00
3.483906713208462236e+00
3.517278398569193332e+00
3.549187497995205831e+00
3.579609298246090088e+00
3.608607259943823475e+00
3.636244039118230020e+00
3.662493161109630524e+00
3.687454810384339865e+00
3.711227460883626872e+00
3.733798111588326751e+00
3.755345756538065682e+00
3.776001747612234727e+00
3.795786787833774767e+00
3.814970322376013190e+00
3.833690986608405016e+00
3.852015606330061903e+00
3.870268057345021884e+00
3.888553996937033741e+00
3.906981410091679763e+00
3.925853864936911020e+00
3.945206387146905413e+00
3.965165691394767489e+00
3.985932050475661459e+00
4.007452102155183660e+00
4.029841185347727617e+00
4.053140054027803529e+00
4.077217371344988628e+00
4.102153000048859077e+00
4.127820532909718843e+00
4.154045072197511068e+00
4.180862106243727006e+00
4.208019675805158677e+00
4.235344406862679989e+00
4.262833572611294031e+00
4.290183883695461553e+00
4.317263607852726004e+00
4.344045522989026686e+00
4.370257519742267505e+00
4.395832920593652382e+00
4.420733245156827529e+00
4.444784734160814210e+00
4.467987797006263584e+00
4.490302648414783881e+00
4.511687597514613124e+00
4.532193226480827342e+00
4.551787454501007524e+00
4.570551609578043184e+00
4.588558171280713083e+00
4.605792659081534346e+00
4.622410718205910207e+00
4.638477034360563245e+00
4.654001564555223958e+00
4.669143704194940625e+00
4.683938677865968181e+00
4.698416742707993699e+00
4.712677293309725179e+00
4.726718816657352384e+00
4.740573827123687245e+00
4.754252261904141186e+00
4.767724408881782061e+00
4.781002275549243841e+00
4.794022265602843724e+00
4.806746806828415153e+00
4.819156673904266164e+00
4.831163538372030608e+00
4.842746070440943740e+00
4.853864844095813424e+00
4.864460417833298855e+00
4.874546559321113470e+00
4.884088506185928935e+00
4.893088845186406743e+00
4.901603447444346173e+00
4.909620927916397370e+00
4.917210348052084790e+00
4.924462617444119950e+00
4.931388089969140687e+00
4.938105710950424054e+00
4.944722180694751223e+00
4.951251859925999810e+00
4.957835414642659977e+00
4.964568885647683949e+00
4.971453671518502482e+00
4.978614336615073022e+00
4.986111291250003852e+00
4.993927781213036710e+00
5.002129438855180688e+00
5.010730177053964951e+00
5.019697653409445515e+00
5.029014141575111729e+00
5.038659850253826455e+00
5.048590224444696517e+00
5.058727136464377772e+00
5.069046937869769565e+00
5.079501999170520143e+00
5.090017981308860406e+00
5.100589981612952961e+00
5.111190727530943612e+00
5.121803719814645994e+00
5.132437342029327887e+00
5.143114277016276326e+00
5.153873045348859705e+00
5.164707144711567111e+00
5.175700993712118780e+00
5.186895014603769560e+00
5.198243526358072408e+00
5.209866685092887195e+00
5.221749664216725151e+00
5.233808949144013845e+00
5.246139179327651725e+00
5.258652853137252059e+00
5.271256290978461045e+00
5.283962292551386497e+00
5.296652388749317097e+00
5.309259556045749839e+00
5.321717910307802057e+00
5.333955043974662580e+00
5.345952105847151081e+00
5.357619947861490317e+00
5.368970305560153200e+00
5.380020876246998540e+00
5.390697924872416280e+00
5.401034759941835794e+00
5.411048406602199101e+00
5.420678373931617777e+00
5.429886254486774533e+00
5.438672015328273268e+00
5.446998993486985796e+00
5.454798015536341360e+00
5.462076414110319966e+00
5.468868543275888783e+00
5.475187257674261510e+00
5.481046873735748726e+00
5.486562387472872615e+00
5.491792127522992395e+00
5.496720470031703165e+00
5.501455522098247286e+00
5.505997668761644093e+00
5.510315025057963112e+00
5.514431139884002242e+00
5.518348653651390379e+00
5.522074345663786410e+00
5.525577906734954858e+00
5.528897174203724951e+00
5.532056351378862757e+00
5.535008764415960236e+00
5.537791558704132200e+00
5.540429999417496809e+00
5.542848348624580090e+00
5.545077396964348537e+00
5.547174004578690365e+00
5.549060106227799771e+00
5.550747666147686665e+00
5.552303651423998510e+00
5.553678151968274967e+00
5.554859925313391678e+00
5.555898346552871736e+00
5.556790408698817352e+00
5.557515274265719007e+00
5.558080669953138653e+00
5.558529335420742790e+00
5.558846908280769661e+00
5.558997024490367700e+00
5.559046064521768749e+00
5.558998099457838293e+00
5.558792332847166229e+00
5.558488040406231789e+00
5.558105515231956950e+00
5.557590757387182556e+00
5.556971092065715823e+00
5.556270285330923819e+00
5.555468029666854157e+00
5.554552563330054760e+00
5.553537706825257381e+00
5.552446096467700265e+00
5.551239494820411124e+00
5.549916598744655261e+00
5.548530376502817774e+00
5.547040141987547912e+00
5.545434128094456128e+00
5.543768507174708482e+00
5.542021577235495933e+00
5.540180456463800418e+00
5.538278076083515522e+00
5.536319232809980839e+00
5.534297143310394240e+00
5.532209975760182807e+00
5.530080825940669520e+00
5.527910341789141313e+00
5.525669748654017610e+00
5.523384508832457129e+00
5.521058801218649670e+00
5.518656527010300294e+00
5.516192866380545290e+00
5.513669736028592894e+00
5.511062120625399352e+00
5.508371584829409251e+00
5.505593809481194256e+00
5.502723004089840053e+00
5.499751579138062674e+00
5.496669368604968575e+00
5.493486969329187453e+00
5.490194516945585690e+00
5.486781183844654741e+00
5.483265267745287552e+00
5.479639545458172556e+00
5.475900414602418387e+00
5.472065578688159349e+00
5.468131850290511409e+00
5.464109780483155987e+00
5.460012882342190288e+00
5.455840715557692455e+00
5.451621161852318487e+00
5.447365284814689623e+00
5.443073973305800450e+00
5.438791655434136452e+00
5.434530323208517366e+00
5.430293286375087014e+00
5.426137988082729180e+00
5.422077111157900475e+00
5.418119710747327566e+00
5.414330221264768817e+00
5.410717009311402315e+00
5.407296429823158057e+00
5.404131044609290058e+00
5.401219952048864847e+00
5.398583245245460738e+00
5.396271881196363474e+00
5.394275714517468678e+00
5.392612329775668734e+00
5.391314622335773521e+00
5.390366556728487524e+00
5.389780494106584108e+00
5.389568849657268679e+00
5.389710486021185964e+00
5.390215104016800929e+00
5.391070305546772801e+00
5.392246815193270315e+00
5.393753230628351325e+00
5.395540898100491312e+00
5.397571938299044803e+00
5.399847727570485922e+00
5.402272873957362442e+00
5.404809774464833794e+00
5.407441931519863410e+00
5.410038779677583953e+00
5.412580572130629264e+00
5.415029810675537014e+00
5.417268429487273274e+00
5.419313130302739978e+00
5.421118456500771288e+00
5.422647694710300392e+00
5.423963540081036427e+00
5.425037123333169120e+00
5.425961049966314675e+00
5.426834698349025210e+00
5.427666973740955747e+00
5.428666705565635020e+00
5.429936256053366606e+00
5.431526504841367675e+00
5.433681610067021772e+00
5.436457026985805463e+00
5.439928546516189733e+00
5.444261110641598123e+00
5.449423730977475344e+00
5.455484524604300667e+00
5.462436291051147030e+00
5.470162454032589494e+00
5.478688477462181794e+00
5.487810406201524493e+00
5.497373477235988126e+00
5.507340097477729124e+00
5.517368910678920990e+00
5.527332296738173945e+00
5.537137478474001284e+00
5.546425445220907413e+00
5.555137915732029086e+00
5.563163382769012344e+00
5.570251252034399414e+00
5.576412966418708983e+00
5.581565802641026863e+00
5.585641359638272796e+00
5.588693888145982669e+00
5.590701939878514715e+00
5.591770395671049165e+00
5.591967722545010844e+00
5.591334616645094790e+00
5.590072831519417029e+00
5.588245082407554243e+00
5.585927519724294577e+00
5.583321963790929487e+00
5.580467844303984570e+00
5.577441404136091130e+00
5.574372186899018367e+00
5.571258404241965501e+00
5.568149922928953721e+00
5.565073871657403082e+00
5.561980925815603882e+00
5.558882845496288638e+00
5.555709980862180153e+00
5.552384653106444468e+00
5.548880732704351004e+00
5.545061570369790083e+00
5.540860307583160171e+00
5.536222281283954771e+00
5.530989981216744233e+00
5.525139585183535651e+00
5.518605321187500579e+00
5.511259161796793649e+00
5.503120287675007383e+00
5.494132036272446840e+00
5.484228165618890039e+00
5.473440568236108028e+00
5.461733185146910863e+00
5.449098775922738724e+00
5.435551700227996719e+00
5.421071218091729094e+00
5.405682764728408252e+00
5.389384407733595062e+00
5.372156356541125888e+00
5.354044549200769332e+00
5.335065036462168564e+00
5.315196204477429909e+00
5.294531849939947854e+00
5.273140237315838696e+00
5.251019505227501938e+00
5.228353994852418474e+00
5.205259598824372169e+00
5.181786314181278996e+00
5.158206332721195331e+00
5.134633371295769244e+00
5.111179026480813903e+00
5.088121153858454981e+00
5.065513300556853338e+00
5.043495747421876452e+00
5.022233790682751220e+00
5.001705327691714942e+00
4.982021066140361221e+00
4.963176921890965154e+00
4.945120444952012306e+00
4.927893592480238283e+00
4.911391145081119625e+00
4.895602365984433213e+00
4.880511985662450591e+00
4.866067747626278361e+00
4.852340214388863870e+00
4.839306782831825693e+00
4.827089158264634250e+00
4.815813115391411436e+00
4.805490401623997876e+00
4.796406791408893255e+00
4.788673333379726671e+00
4.782331632805580490e+00
4.777699822293427268e+00
4.774817481214086001e+00
4.773711213285603883e+00
4.774583772144647575e+00
4.777401818688252533e+00
4.782135287964123016e+00
4.788815008871153189e+00
4.797380780879773710e+00
4.807747904891814805e+00
4.819828001937271900e+00
4.833580273248005987e+00
4.848911864416192152e+00
4.865701150394128760e+00
4.883930221597389654e+00
4.903550431475627747e+00
4.924434266308786334e+00
4.946545723128259908e+00
4.969895677179432703e+00
4.994296540451381716e+00
5.019647544623759394e+00
5.045986476094829420e+00
5.072992222806775864e+00
5.100491751288293685e+00
5.128497340397237814e+00
5.156549696066860200e+00
5.184449742422605922e+00
5.212153971398994834e+00
5.239165765273412489e+00
5.265334876504656592e+00
5.290576439667872499e+00
5.314518790570311069e+00
5.337120530324523493e+00
5.358303400198704658e+00
5.377955216293069718e+00
5.396157872134447864e+00
5.412888624049283948e+00
5.428332095977591365e+00
5.442661416838685540e+00
5.455930520101876624e+00
5.468552984028677066e+00
5.480737454477980997e+00
5.492600862143087959e+00
5.504659498151256436e+00
5.517105193284165487e+00
5.530083110733490237e+00
5.544088742819377025e+00
5.559263135885541551e+00
5.575744034172870123e+00
5.593922161854625763e+00
5.613872237666217124e+00
5.635700159509222651e+00
5.659649357461881358e+00
5.685724583320872938e+00
5.713986644188113750e+00
5.744514690477050323e+00
5.777248086876570987e+00
5.812194962807212484e+00
5.849268732416166294e+00
5.888357525209614529e+00
5.929412897301705954e+00
5.972201191016345057e+00
6.016584236289542531e+00
6.062461052128168326e+00
6.109498103652718726e+00
6.157561881560134509e+00
6.206515881578930305e+00
6.255998088394401968e+00
6.305906045957377692e+00
6.356096216106439378e+00
6.406251856878067308e+00
6.456313433879022234e+00
6.506160538158213491e+00
6.555570565988546150e+00
6.604521953029308001e+00
6.652936931081964822e+00
6.700696555864943171e+00
6.747802218667909635e+00
6.794221071321000949e+00
6.839914998751300601e+00
6.884893864886429071e+00
6.929157815276538734e+00
6.972715717396888557e+00
7.015579158219263256e+00
7.057764649857912964e+00
7.099303247808252060e+00
7.140209413890552526e+00
7.180503831002465809e+00
7.220231334953722602e+00
7.259413293752319696e+00
7.298070454709830734e+00
7.336263676250862176e+00
7.374022708321412267e+00
7.411370157508208933e+00
7.448385073282426383e+00
7.485102351967416467e+00
7.521549389630656002e+00
7.557818489074590751e+00
7.593943345937289813e+00
7.629956575338463942e+00
7.665951806108218136e+00
7.701955390091512754e+00
7.738002308384959171e+00
7.774173676273708367e+00
7.810485154484638315e+00
7.846969461919997002e+00
7.883685008390280302e+00
7.920636864112213793e+00
7.957851235723872207e+00
7.995360098263966542e+00
8.033160471539837033e+00
8.071269622188241399e+00
8.109695336348359263e+00
8.148429947667738205e+00
8.187481483785559178e+00
8.226839358710384076e+00
8.266494130356894843e+00
8.306445917499674536e+00
8.346672589017726906e+00
8.387164813989995693e+00
8.427917016375944925e+00
8.468901642637627347e+00
8.510110327802328456e+00
8.551534269615494566e+00
8.593145097609523830e+00
8.634935456228147288e+00
8.676895588654963021e+00
8.718999084047899473e+00
8.761239059400084628e+00
8.803606525738929989e+00
8.846077883508870698e+00
8.888645821951710602e+00
8.931303017424534474e+00
8.974027761660639868e+00
9.016811318526615437e+00
9.059647993466967364e+00
9.102515837284686384e+00
9.145403914467662432e+00
9.188307352796057259e+00
9.231201558392655215e+00
9.274073121993835045e+00
9.316916840107390740e+00
9.359703805681204969e+00
9.402418458003763746e+00
9.445054280806584046e+00
9.487577756094060177e+00
9.529971949554328248e+00
9.572228605974311577e+00
9.614310656449232440e+00
9.656200713972415528e+00
9.697889001391809316e+00
9.739336710073210668e+00
9.780526733361986302e+00
9.821448421870472956e+00
9.862062928418026786e+00
9.902353770230812202e+00
9.942310138024256005e+00
9.981894040748679586e+00
1.002108956779419913e+01
1.005988618617874586e+01
1.009824660171075017e+01
1.013615518639639212e+01
1.017360168029000178e+01
1.021054851798428764e+01
1.024698005064613682e+01
1.028288590346055464e+01
1.031822703223109272e+01
1.035298763679955059e+01
1.038715667316442115e+01
1.042069279767533097e+01
1.045358018509691966e+01
1.048580667455150817e+01
1.051732863023053888e+01
1.054813055280865974e+01
1.057819904136223421e+01
1.060748912176020653e+01
1.063598608010911839e+01
1.066367556668412497e+01
1.069051295745395436e+01
1.071648474579637345e+01
1.074157628129991338e+01
1.076574527016718719e+01
1.078897967577982264e+01
1.081126537779097241e+01
1.083256417146953510e+01
1.085286553622434802e+01
1.087215666893887267e+01
1.089040457545442564e+01
1.090760010087409704e+01
1.092373230031871856e+01
1.093877367830502756e+01
1.095271618476572506e+01
1.096555091153572903e+01
1.097725538432666958e+01
1.098782240433578927e+01
1.099724491643563518e+01
1.100550451177539735e+01
1.101259470388081496e+01
1.101850985241861913e+01
1.102323457394800243e+01
1.102676313020219645e+01
1.102909077367618984e+01
1.103020438445864038e+01
1.103009917813707119e+01
1.102877086750083180e+01
1.102620832927357952e+01
1.102240804405525409e+01
1.101736596176008476e+01
1.101107320307247228e+01
1.100352783325936912e+01
1.099472606090584037e+01
1.098466185561939135e+01
1.097333510143914737e+01
1.096074248375492921e+01
1.094688153045911783e+01
1.093175403304112336e+01
1.091535746599278234e+01
1.089769348018594108e+01
1.087876570790283459e+01
1.085857270563010779e+01
1.083712050560178142e+01
1.081441439540365046e+01
1.079045420201096483e+01
1.076525025525678103e+01
1.073880925750223803e+01
1.071113235648398465e+01
1.068223383081530642e+01
1.065212156764794571e+01
1.062079796516743180e+01
1.058828077671348922e+01
1.055457890059138926e+01
1.051969584569089555e+01
1.048365238156310220e+01
1.044645831594470842e+01
1.040811811807395948e+01
1.036865522439792997e+01
1.032808030989917292e+01
1.028639868729633200e+01
1.024363624677936713e+01
1.019980451901479590e+01
1.015490959487118339e+01
1.010897971075924673e+01
1.006202724074221599e+01
1.001405903324932467e+01
9.965105607829922718e+00
9.915180145951309143e+00
9.864290255899183180e+00
9.812468659104125024e+00
9.759729274553102130e+00
9.706080470655047421e+00
9.651557027168314207e+00
9.596173497918192297e+00
9.539938990542577102e+00
9.482890118242014665e+00
9.425041941963263170e+00
9.366404256617260060e+00
9.307015205102107558e+00
9.246890212684022003e+00
9.186039676911411433e+00
9.124502904462135078e+00
9.062295536762267290e+00
8.999428460669893326e+00
8.935941743643869728e+00
8.871851098936293312e+00
8.807167768209533065e+00
8.741932170240650279e+00
8.676159958691330942e+00
8.609862584640918470e+00
8.543080436476010675e+00
8.475828998526971247e+00
8.408119787849875237e+00
8.339992842432979003e+00
8.271463396077553654e+00
8.202542904570558235e+00
8.133270823819374939e+00
8.063662087069626949e+00
7.993727990769527558e+00
7.923507276055524073e+00
7.853014553229624717e+00
7.782260898513833958e+00
7.711284292651730432e+00
7.640099018200513292e+00
7.568715907227484330e+00
7.497172185934855015e+00
7.425481806993702527e+00
7.353655361661555645e+00
7.281729325764717764e+00
7.209717306071278919e+00
7.137629666088071367e+00
7.065502075289091799e+00
6.993347750472821645e+00
6.921176828864139985e+00
6.849024009015821868e+00
6.776902037479629826e+00
6.704820795561274416e+00
6.632813713634477359e+00
6.560892951881836410e+00
6.489068062697374906e+00
6.417370788334540777e+00
6.345812560370554856e+00
6.274402485052475775e+00
6.203170120555514977e+00
6.132126019511049186e+00
6.061278692767213094e+00
5.990655019957764615e+00
5.920264539623687483e+00
5.850115010153420947e+00
5.780230234243635579e+00
5.710618640504088184e+00
5.641287102097319206e+00
5.572256134502604930e+00
5.503533019630439505e+00
5.435123670406208696e+00
5.367045360905501106e+00
5.299304259431383279e+00
5.231905328401273536e+00
5.164862927747059906e+00
5.098182213990400946e+00
5.031867306605582790e+00
4.965930232142835798e+00
4.900375292510167569e+00
4.835205963749937830e+00
4.770432692718225454e+00
4.706059115994573716e+00
4.642088331571131654e+00
4.578530012861760312e+00
4.515387324157397408e+00
4.452663273820705037e+00
4.390367483345393396e+00
4.328502813856032638e+00
4.267072443659825076e+00
4.206086452959221234e+00
4.145547523494102826e+00
4.085459183836444019e+00
4.025832184576744410e+00
3.966669095295850322e+00
3.907973858098247266e+00
3.849757776266413689e+00
3.792023318305309587e+00
3.734774770022720514e+00
3.678023574658435990e+00
3.621772065201104951e+00
3.566024678732730990e+00
3.510792382273832501e+00
3.456077310331928221e+00
3.401883772122618055e+00
3.348221566828503359e+00
3.295092557278681777e+00
3.242500612932712301e+00
3.190453733133466141e+00
3.138953440402707518e+00
3.088002879794087274e+00
3.037607790217044634e+00
2.987769298161737197e+00
2.938489619074085457e+00
2.889772007613669924e+00
2.841617153023237918e+00
2.794026248031714399e+00
2.747000085231345423e+00
2.700538887092688523e+00
2.654642849345172362e+00
2.609310529592395067e+00
2.564541662191176297e+00
2.520335572118217904e+00
2.476688940988353682e+00
2.433601001085678561e+00
2.391070397596711583e+00
2.349092346340822868e+00
2.307665574338373826e+00
2.266788260671165123e+00
2.226454549711316400e+00
2.186662677237861008e+00
2.147410555661855014e+00
2.108691595340228986e+00
2.070503578367592912e+00
2.032844311239636159e+00
1.995706736579034413e+00
1.959088246371113007e+00
1.922986653503193422e+00
1.887394632496540714e+00
1.852309271009988656e+00
1.817728454295638896e+00
1.783644733444342378e+00
1.750054989668502037e+00
1.716957208850837580e+00
1.684343917986452333e+00
1.652211887920116418e+00
1.620559205674655390e+00
1.589378432223666371e+00
1.558666308624990782e+00
1.528421004049045129e+00
1.498635131030933598e+00
1.469305456289933476e+00
1.440430198814896201e+00
1.412002002396576472e+00
1.384017686471957553e+00
1.356475479561591868e+00
1.329368007237489380e+00
1.302692143543957792e+00
1.276446084330131958e+00
1.250622373918689689e+00
1.225217925581191469e+00
1.200230865437746042e+00
1.175653599314480546e+00
1.151483056823329854e+00
1.127717269463044847e+00
1.104348470707004592e+00
1.081373585033635232e+00
1.058790541670464602e+00
1.036591401985970995e+00
1.014773071517619085e+00
9.933333882511042878e-01
9.722642769222950010e-01
9.515626209105590982e-01
9.312261938569471598e-01
9.112468466934188216e-01
8.916214479212783983e-01
8.723477433345454557e-01
8.534175866796479548e-01
8.348278471157580816e-01
8.165762808200529577e-01
7.986548199402897508e-01
7.810603547058839746e-01
7.637906843505648524e-01
7.468378818593390811e-01
7.301988801854283340e-01
7.138715437622548121e-01
6.978481286429579766e-01
6.821256301611450246e-01
6.667019877206908918e-01
6.515696609489711744e-01
6.367257228055839269e-01
6.221681861741038544e-01
6.078897160095739771e-01
5.938874723769818065e-01
5.801595320493390107e-01
5.666987539518821837e-01
5.535023887334041826e-01
5.405685633867826079e-01
5.278903127751756186e-01
5.154649763882672708e-01
5.032907174886577240e-01
4.913607279618188994e-01
4.796724307082321226e-01
4.682240138919529504e-01
4.570088109507298157e-01
4.460243209966505695e-01
4.352687499504435120e-01
4.247355633884131176e-01
4.144223295614009039e-01
4.043272697126051862e-01
3.944439792160341907e-01
3.847700900321288642e-01
3.753038406052918163e-01
3.660389605706887983e-01
3.569731427209539842e-01
3.481046479408373417e-01
3.394273501972649432e-01
3.309390030173856578e-01
3.226378971132607965e-01
3.145180646747471331e-01
3.065773222752660176e-01
2.988139987384449969e-01
2.912223001227142727e-01
2.838001099900533952e-01
2.765458033222733536e-01
2.694537753878112896e-01
2.625219813571620375e-01
2.557488492649442335e-01
2.491289768369036872e-01
2.426603952418448784e-01
2.363415906875587502e-01
2.301673732034549003e-01
2.241358534135927394e-01
2.182455787546704329e-01
2.124915773159864463e-01
2.068720412859089419e-01
2.013855803627379315e-01
1.960274423176324443e-01
1.907959015449393891e-01
1.856896293408215326e-01
1.807040911604683442e-01
1.758376429055952261e-01
1.710890156302180831e-01
1.664538877489323276e-01
1.619306949233389747e-01
1.575182255425545408e-01
1.532123645702317682e-01
1.490116249945316607e-01
1.449148500774515846e-01
1.409181241979226007e-01
1.370200349019860542e-01
1.332194782158850899e-01
1.295127307877646794e-01
1.258984518936183405e-01
1.223755887560978167e-01
1.189406035115661703e-01
1.155922244491365686e-01
1.123294489400779445e-01
1.091489182551734355e-01
1.060494271563046514e-01
1.030300224542162191e-01
1.000875184790149947e-01
9.722077408925371145e-02
9.442888490396826595e-02
9.170883230861348601e-02
8.905953699830015946e-02
8.648014259936569192e-02
8.396779149805799758e-02
8.152146403738060043e-02
7.914035072288337636e-02
7.682174888653495182e-02
7.456469638484546081e-02
7.236842912159263674e-02
7.023039353423517206e-02
6.814968292324123655e-02
6.612557685537048813e-02
6.415566553061503863e-02
6.223909570717676282e-02
6.037518879659439092e-02
5.856167411322905220e-02
5.679774996876549992e-02
5.508277788471827724e-02
5.341462230736796629e-02
5.179253123832452954e-02
5.021590474478979799e-02
4.868273876703845676e-02
4.719232909207068255e-02
4.574411290515328909e-02
4.433621378440949501e-02
4.296797325646482119e-02
4.163886418761707925e-02
4.034713307654638759e-02
3.909216491991204107e-02
3.787346661807414888e-02
3.668940150941763650e-02
3.553939553827717424e-02
3.442298761301620935e-02
3.333865030626832066e-02
3.228584778052079329e-02
3.126414849025820064e-02
3.027212539764009835e-02
2.930927806370312375e-02
2.837520169176911342e-02
2.746856024723181092e-02
2.658888594213582035e-02
2.573579784387401356e-02
2.490804193628193622e-02
2.410518057341459394e-02
2.332685404796063303e-02
2.257188271947331223e-02
2.183985694284575410e-02
2.113043616877632869e-02
2.044250951915243392e-02
1.977569363874813815e-02
1.912966586372659081e-02
1.850338075041458100e-02
1.789647993805829063e-02
1.730865822614898950e-02
1.673893433233748090e-02
1.618697392900977222e-02
1.565248957775100883e-02
1.513456429712873447e-02
1.463288704257478291e-02
1.414718887598757739e-02
1.367661779261793858e-02
1.322088535961720053e-02
1.277974195553259473e-02
1.235240087555427614e-02
1.193859559252977848e-02
1.153809634375066971e-02
1.115018099878515266e-02
1.077460411949866630e-02
1.041115580727329515e-02
1.005917636278570206e-02
9.718440476607016071e-03
9.388757462444953170e-03
9.069526488251803201e-03
8.760541273350538546e-03
8.461629069342445006e-03
8.172243235044968773e-03
7.892195307214761729e-03
7.621328741126493639e-03
7.359145795191485671e-03
7.105474539960046805e-03
6.860172677453469509e-03
6.622786001949154677e-03
6.393157801833680189e-03
6.171158093047275119e-03
5.956371229538227202e-03
5.748654405865382712e-03
5.547888243285372702e-03
5.353691364560621974e-03
5.165933596160586332e-03
4.984504798902719865e-03
4.809054372273252262e-03
4.639463568632096191e-03
4.475630494556347670e-03
4.317232589041574906e-03
4.164161420931475864e-03
4.016322675733770275e-03
3.873419704429465187e-03
3.735353402686708481e-03
3.602036605452496165e-03
3.473196873292571946e-03
3.348743572253890053e-03
3.228596392424437373e-03
3.112505652625885411e-03
3.000388466018015943e-03
2.892171129694561318e-03
2.787625386193559509e-03
2.686675491174595268e-03
2.589254085183980997e-03
2.495153031190696247e-03
2.404303215240913196e-03
2.316643311205653002e-03
2.231983988448107536e-03
2.150262312052275953e-03
2.071422626609093452e-03
1.995293072839377305e-03
1.921816474197895813e-03
1.850942441358122961e-03
1.782515239606123061e-03
1.716483038440480384e-03
1.652800285882993986e-03
1.591326032401008637e-03
1.532013378182052335e-03
1.474821174617205535e-03
1.419621948199108240e-03
1.366373310888024245e-03
1.315038094294866547e-03
1.265501044712973163e-03
1.217723870852823864e-03
1.171672984198197671e-03
1.127244167754194552e-03
1.084402827121872448e-03
1.043118584078382011e-03
1.003297164372671723e-03
9.649072968484340542e-04
9.279214793622285766e-04
8.922543860635973089e-04
8.578777295888639865e-04
8.247665869096147640e-04
7.928436901936999339e-04
7.620834343040108197e-04
7.324632152630939546e-04
7.039130350688215659e-04
6.764097067103003007e-04
6.499327198718555772e-04
6.244186533684307127e-04
5.998465082664855563e-04
5.761976734624294589e-04
5.534146959674150030e-04
5.314785639379729755e-04
5.103723972033736385e-04
4.900441740192100926e-04
4.704766923997090195e-04
4.516546557941700083e-04
4.335309955640138826e-04
4.160901613247857604e-04
3.993183088030623999e-04
3.831728916171919536e-04
3.676398678426520249e-04
3.527067258796736369e-04
3.383350487596184595e-04
3.245121720880458525e-04
3.112268059572316221e-04
2.984443012067885463e-04
2.861532501575301981e-04
2.743434803049727409e-04
2.629837754294485699e-04
2.520638723819178056e-04
2.415746175439389878e-04
2.314879166895011367e-04
2.217945466173885168e-04
2.124862796006009573e-04
2.035378546015127927e-04
1.949409907313746524e-04
1.866882987484344504e-04
1.787570828940481622e-04
1.711399135711442197e-04
1.638301583232337636e-04
1.568074386776022644e-04
1.500650918614162405e-04
1.435971662650677410e-04
1.373853718536664434e-04
1.314237348852383342e-04
1.257069144266961802e-04
1.202184986464019541e-04
1.149531318877909940e-04
1.099060195178662333e-04
1.050624359882368239e-04
1.004175797162282528e-04
9.596714387449979547e-05
9.169791540682847722e-05
8.760558961365801306e-05
8.368629498063414175e-05
7.992817499389133712e-05
7.632737110751726427e-05
7.288040068250729473e-05
6.957662502067646284e-05
6.641258688338963771e-05
6.338515199308427371e-05
6.048477687198018345e-05
5.770836591286844980e-05
5.505309821549953154e-05
5.251041749589767962e-05
5.007755453102547038e-05
4.775197168847420732e-05
4.552600453027317418e-05
4.339717871620986557e-05
4.136321381322641852e-05
3.941725256822376688e-05
3.755708719395771514e-05
3.578067154781746273e-05
3.408187971711671327e-05
3.245874485019310704e-05
3.090943454735331958e-05
2.942848561951450729e-05
2.801414888145135990e-05
2.666478686571947419e-05
2.537553647645642894e-05
2.414484497648862127e-05
2.297125233812674354e-05
2.185043800837312126e-05
2.078102627991791848e-05
1.976171815774685917e-05
1.878868253090268994e-05
1.786070289409046784e-05
1.697662586624100949e-05
1.613306070234724849e-05
1.532893369562881845e-05
1.456322263096729881e-05
1.383293179866440554e-05
1.313711519304248074e-05
1.247486830420740956e-05
1.184354869376988488e-05
1.124232419257234059e-05
1.067039554490529217e-05
1.012543527294989971e-05
9.606712372408445484e-06
9.113521414957172678e-06
8.643814945975474104e-06
8.196951622985196398e-06
7.772309443739327365e-06
7.368089334941066604e-06
6.983729254567774835e-06
6.618681236073319975e-06
6.271366137019721557e-06
5.941291953145073989e-06
5.627976341806256559e-06
5.330034682445959485e-06
5.047036779741782146e-06
4.778558430339280375e-06
4.523386965652879241e-06
4.281146719597401472e-06
4.051465001098615466e-06
3.833281114767115490e-06
3.626267495481423296e-06
3.430097111123710636e-06
3.243843575758991032e-06
3.067221746792552152e-06
2.899945079639447738e-06
2.741205866901224003e-06
2.590756362693225453e-06
2.448345928490726926e-06
2.313271669875541939e-06
2.185318777481220058e-06
2.064268442309300812e-06
1.949510245361895177e-06
1.840858345345227561e-06
1.738122118164546429e-06
1.640772611327543501e-06
1.548649414427804134e-06
1.461586816846686873e-06
1.379127491762432930e-06
1.301133305047363888e-06
1.227460516673446488e-06
1.157714626273035413e-06
1.091776964475915147e-06
1.029523114756684221e-06
9.706135453043624190e-07
9.149465499068899058e-07
8.624146601499754628e-07
8.127263129119420495e-07
7.657945441019782632e-07
7.215267105693483426e-07
6.796730011552139480e-07
6.401592261559144475e-07
6.029056796094049868e-07
5.676987957516695883e-07
5.344754190473538115e-07
5.031671081909949344e-07
4.735916724143725656e-07
4.456954537545002594e-07
4.194197965031251108e-07
3.946095772645573063e-07
3.712192817411035335e-07
3.491987300516919084e-07
3.284160542363415729e-07
3.088326954142955957e-07
2.904057856708005172e-07
2.730233428600745999e-07
2.566527277971854332e-07
2.412573481955937176e-07
2.267421458818475925e-07
2.130795075253771730e-07
2.002381978487770900e-07
1.881375117801518477e-07
1.767540991983729830e-07
1.660612805100186054e-07
1.559905158428329059e-07
1.465220735949330393e-07
1.376331512828938281e-07
1.292655556451126686e-07
1.214026299729969600e-07
1.140248967987219700e-07
1.070830267488424347e-07
1.005629762419080611e-07
9.444815995138643440e-08
8.869690574152845852e-08
8.329738531875452716e-08
7.823556722653837033e-08
7.347642606540554072e-08
6.901000251242486460e-08
6.482453478167588849e-08
6.089074848758168967e-08
5.720025407121969909e-08
5.374328421631208257e-08
5.049547555404117937e-08
4.744975838538326905e-08
4.459806163626117591e-08
4.192012873561872192e-08
3.941001266096666635e-08
3.706101287136457811e-08
3.485622998084839822e-08
3.279069300692009740e-08
3.085874362916574277e-08
2.904618386234178359e-08
2.734891085419370094e-08
2.576201815937715533e-08
2.427348091507296235e-08
2.287997567774255587e-08
2.157713065280441495e-08
2.035470363574594588e-08
1.921006134150980843e-08
1.813923744015775005e-08
1.713350649053903203e-08
1.619082449730050385e-08
1.530758450140389629e-08
1.447641282410085770e-08
1.369574411113992438e-08
1.296235454326658295e-08
1.227013536104136000e-08
1.161789077956438068e-08
1.100286079692242783e-08
1.042016821577519357e-08
9.868891075911364602e-09
9.346852416423095529e-09
8.850386429518587602e-09
8.378766269057514275e-09
7.930517014400271380e-09
7.503116242222994376e-09
7.095964970723908335e-09
6.708345723366012422e-09
6.338703188753651799e-09
5.986502930788987181e-09
5.651712059299429919e-09
5.333439755442304210e-09
5.031157285595773970e-09
4.745292276166981197e-09
4.475243543599219593e-09
4.220445925995761865e-09
3.981461226934080206e-09
3.757642089054108078e-09
3.548378062138774472e-09
3.354044080994354340e-09
3.173758782901379376e-09
3.006898186772863231e-09
2.853445854901252985e-09
2.712288813492766230e-09
2.582851192496722417e-09
2.464692385375721017e-09
2.356614005931046939e-09
2.258154348487969100e-09
2.168563476747744205e-09
2.086746688056067653e-09
2.012399998433533125e-09
1.944648432403559526e-09
1.882638704651133211e-09
1.826230835984541082e-09
1.774595593927635997e-09
1.727163950481288295e-09
1.683931343059582441e-09
1.644222036208637229e-09
1.607710652962781481e-09
1.574479257373541017e-09
1.544042912240460992e-09
1.516236364056441039e-09
1.491176656769671963e-09
1.468556248517293421e-09
1.448282628529006744e-09
1.430465724753898884e-09
1.414937309973160147e-09
1.401607537089078719e-09
1.390551804507545257e-09
1.381697177984715209e-09
1.374907265411864475e-09
1.370210035886671874e-09
1.367586166704233399e-09
1.366819648675986932e-09
1.367890374454972591e-09
1.370794732182398335e-09
1.375216482962899503e-09
1.381096565152519510e-09
1.388413119770850713e-09
1.396743450476591836e-09
1.406005607595669138e-09
1.416132439499293991e-09
1.426609328877829423e-09
1.437350285597988234e-09
1.448229271391431246e-09
1.458680588233732316e-09
1.468630181725263735e-09
1.477900140889122831e-09
1.485939137985469482e-09
1.492692665273458387e-09
1.497961094229029084e-09
1.501284976345775029e-09
1.502626112470883048e-09
1.501809999136416624e-09
1.498537481309403976e-09
1.492775286450668077e-09
1.484422099057865452e-09
1.473376904846656120e-09
1.459599326838955261e-09
1.443091708557310979e-09
1.423947016503894662e-09
1.402113915845531818e-09
1.377698139726595813e-09
1.350945236393093689e-09
1.321802458070742797e-09
1.290447603207852619e-09
1.257218751009035590e-09
1.222082754893013857e-09
1.185240248920448041e-09
1.147065573846941955e-09
1.107568811519934455e-09
1.066926216880695365e-09
1.025510741696048125e-09
9.833903599935231796e-10
9.406883692421304669e-10
8.977586729516891497e-10
8.547244820146189814e-10
8.116520807235109406e-10
7.688692670045606346e-10
7.265336880200993324e-10
6.846693787729651424e-10
6.435698695381247021e-10
6.033953112534918181e-10
5.641489956492623667e-10
5.260749737138625237e-10
4.893040657078466457e-10
4.538358754259116108e-10
4.198453930776525876e-10
3.874125366668456353e-10
3.565404442939880176e-10
3.273193670838978955e-10
2.997720633186365872e-10
2.739036359649833873e-10
2.497158183979940688e-10
2.271821453273916774e-10
2.063040626659643068e-10
1.870059517605646343e-10
1.692287573592583370e-10
1.529654541381675342e-10
1.380861397681716016e-10
1.245177576839797683e-10
1.122434581714481981e-10
1.011070599964992258e-10
9.103677765511645703e-11
8.200809780946559925e-11
7.386412742994983379e-11
6.654379238013668143e-11
6.001901817220408047e-11
5.415035522770563263e-11
4.889110618654658336e-11
4.421380521884236116e-11
4.000565126150216735e-11
3.623381359379491587e-11
3.287440439644671791e-11
2.984282096163283362e-11
2.711741348178281282e-11
2.467924201489222785e-11
2.246851423318299929e-11
2.047152490377911962e-11
1.867431133276857192e-11
1.703635218160633153e-11
1.554905912069527726e-11
1.420267716111950079e-11
1.297031167332545005e-11
1.184643193014322400e-11
1.082443987776436430e-11
9.886413935461494895e-12
9.028569827391245935e-12
8.246479018784530606e-12
7.527854119784857303e-12
6.869910641417555776e-12
6.269622249555974236e-12
5.718180342050409375e-12
5.213413481755101086e-12
4.753173488669217397e-12
4.330849756235991577e-12
3.944696450693468880e-12
3.593118746972667619e-12
3.270985042020694663e-12
2.976883376741973771e-12
2.709584595459968399e-12
2.465037783125415850e-12
2.242111837864381416e-12
2.039838324679064992e-12
1.855012821122569274e-12
1.686744279128095318e-12
1.534264582307974289e-12
1.395057763853130597e-12
1.268434757286131158e-12
1.153788999889361465e-12
1.049168742603268110e-12
9.540500722567074011e-13
8.679589998448373936e-13
7.894010385155322653e-13
7.179831782021927059e-13
6.533396792338117175e-13
5.943393853177903295e-13
5.406901308665090578e-13
4.921130950106718009e-13
4.477596311968061289e-13
4.074134795510782746e-13
3.708641714003491657e-13
3.374784481191173086e-13
3.070962441154401315e-13
2.795597638275349015e-13
2.543974284376811238e-13
2.314903848259885997e-13
2.107207411475820888e-13
1.917370290183189631e-13
1.744505468469554687e-13
1.587732580920779356e-13
1.444424784009404954e-13
1.313916408424672891e-13
1.195548828174820890e-13
1.087351388676099647e-13
9.888221099005035943e-14
8.994666616122403935e-14
8.178010953227825913e-14
7.434455651086320660e-14
6.760276839225726445e-14
6.144265557734423310e-14
5.583542262866948583e-14
5.075292256679770503e-14
4.611031518945082688e-14
4.188576265369707194e-14
3.805793570310585907e-14
3.456255723347285147e-14
3.138307706840328644e-14
2.850330738530426855e-14
2.587454856256755234e-14
2.348427425859567782e-14
2.132019167849947723e-14
1.934542693998676669e-14
1.755051422142632413e-14
1.592612046588475646e-14
1.444435467390760007e-14
1.309807509080864566e-14
1.188020105857536992e-14
1.076966140752620527e-14
9.761075530129921899e-15
8.849077274260429798e-15
8.017766923760711235e-15
7.263095644092826547e-15
6.581001511160110652e-15
5.959500525791351151e-15
5.395549074909433296e-15
4.886076223293035753e-15
4.422058476473055936e-15
4.001209832828054729e-15
3.621211309541574082e-15
3.275274734961657816e-15
2.961684457104170920e-15
2.678691273732441647e-15
2.421192894871033938e-15
2.187902688377404846e-15
1.977502630680725239e-15
1.786160770734286401e-15
1.612912992774567837e-15
1.456767182595023540e-15
1.314847914049075351e-15
1.186433410490251228e-15
1.070777644569120867e-15
9.657249906735414028e-16
8.707356900573647933e-16
7.852493624609675631e-16
7.076517519809413092e-16
6.375397488902973814e-16
5.744929118447505973e-16
5.173039306418016790e-16
4.656722239421923770e-16
4.192827553420259575e-16
3.772339180018411155e-16
3.393019960111783728e-16
3.052512850316774448e-16
2.744096403207666920e-16
2.466109080439147744e-16
2.216790408186497330e-16
1.991139470069494104e-16
1.787925158913627875e-16
1.605835148191841037e-16
1.441156841286909036e-16
1.292980396637810072e-16
1.160329702622851002e-16
1.040455212625776622e-16
9.326863360491634777e-17
8.362987945315814412e-17
7.492614825187600740e-17
6.710815260554466585e-17
6.012229073673405940e-17
5.381892279999104033e-17
4.816192507125605025e-17
4.311173708867350972e-17
3.855841188304117415e-17
3.447554719782008366e-17
3.083402800348174198e-17
2.755329076212615169e-17
2.461409082107885446e-17
2.199506154719110503e-17
1.963732857784135079e-17
1.752690137453219107e-17
1.564814386081490342e-17
1.395814508992371606e-17
1.244676020071560569e-17
1.110257837218317735e-17
9.894404434637985627e-18
8.814900580065767038e-18
7.855761891201209416e-18
6.994367886851169481e-18
6.225424372140578994e-18
5.542902776094779759e-18
4.930441764546694861e-18
4.384231271759761927e-18
3.899906363395306149e-18
3.465662985520526585e-18
3.078766303845846620e-18
2.736063958862213306e-18
2.429061843809490180e-18
2.155802252357970515e-18
1.914014365022588282e-18
1.697602199937372387e-18
1.505168344231135905e-18
1.335081264804337320e-18
1.182978165289037793e-18
1.047864549915573623e-18
9.285713533035228059e-19
8.219851895651369767e-19
7.274005097551120430e-19
6.439819713451785559e-19
5.695144401367205963e-19
5.034989707209066010e-19
4.453404189706269949e-19
3.934676098384542041e-19
3.475288604886602506e-19
3.071014420000328714e-19
2.710744544386645107e-19
2.392008340267764377e-19
2.111812567963512862e-19
1.862327762971229882e-19
1.641823985941363124e-19
1.448188578213800529e-19
1.275921192475314909e-19
1.123814473769519924e-19
9.903821183969613242e-20
8.717723981471007817e-20
7.671453694362622740e-20
6.754587814856047483e-20
5.940239166644714543e-20
5.222582551710070519e-20
4.594332926994178121e-20
4.036779931183057694e-20
3.545895913359762494e-20
3.116605055049065245e-20
2.735926805046124855e-20
2.401084615801067426e-20
2.108552997451918159e-20
1.849353438380925713e-20
1.621577423764385087e-20
1.422783770522569256e-20
1.246780364769066048e-20
1.092259110160575039e-20
9.575347116921587300e-21
8.383490784892670736e-21
7.338081933902757603e-21
6.427520250087319544e-21
5.622608317684751655e-21
4.917253366921591041e-21
4.303493807973788877e-21
3.761366275084185920e-21
3.286730369073434361e-21
2.874137577109379038e-21
2.509977066277349703e-21
2.191443263546060733e-21
1.914818160340095254e-21
1.670848469486720008e-21
1.457638590738875902e-21
1.272658651419894503e-21
1.109635790024651305e-21
9.672929363534018259e-22
8.439135981504093445e-22
7.352575127307406226e-22
6.404667974937144395e-22
5.583801682216912817e-22
4.861395125014078230e-22
4.231701915829110168e-22
3.686887957442290117e-22
3.207743051321536783e-22
2.790428956814164634e-22
2.429675839336086390e-22
2.112608250328434016e-22
1.836669585153490600e-22
1.598324989595678314e-22
1.388968712036942897e-22
1.206902430141368214e-22
1.049761708033350590e-22
9.118102004364993602e-23
7.919226815971959664e-23
6.885219514348683352e-23
5.977944378286888629e-23
5.189964949650548315e-23
4.510788755142933662e-23
3.915127774721807485e-23
3.398079152107081585e-23
2.952680851592754100e-23
2.562205588438282818e-23
2.223428257071738467e-23
1.931740947065133432e-23
1.676105135709856360e-23
1.454403868063502992e-23
1.263594649435312599e-23
1.096409323352191375e-23
9.514610691231309793e-24
8.267455588525331206e-24
7.174872272482672975e-24
6.227792007136466038e-24
5.413038815323711487e-24
4.699295740133376620e-24
4.080642005655881008e-24
3.548433076737997186e-24
3.082168429083861321e-24
2.677987794616341242e-24
2.330229773835194189e-24
2.025495470860711052e-24
1.761270788267580949e-24
1.533853876576356201e-24
1.334499048365810695e-24
1.161570194598149239e-24
1.012650022665629091e-24
8.820361106883472974e-25
7.686641391959611675e-25
6.709573175259163083e-25
5.852002489834363049e-25
5.107005400714469012e-25
4.464304318784952855e-25
3.899700382736381321e-25
3.408686709185668486e-25
2.984566900800886676e-25
2.611578716140073370e-25
2.286785226628125220e-25
2.005823189932580345e-25
1.758419746416863975e-25
1.542657621443303595e-25
1.355692301296915894e-25
1.190820927935371211e-25
1.046788760205794012e-25
9.217393728662606496e-26
8.112915430533900212e-26
7.146214632880149925e-26
6.305155087099737321e-26
5.561029562992171802e-26
4.908407685699274725e-26
4.339336671061826045e-26
3.834947125530202433e-26
3.391642451596020501e-26
3.004195208449270176e-26
2.660154169021814149e-26
2.357124272153504317e-26
2.091656383932227892e-26
1.855496484742159647e-26
1.647039956541752910e-26
1.464000703848440184e-26
1.300878126977347116e-26
1.156590116311701133e-26
1.029613542055470071e-26
9.162611507618792995e-27
8.157981536109044342e-27
7.272038469324708532e-27
6.479907961462407221e-27
5.776565243965332571e-27
5.155127019874882044e-27
4.598700533670861194e-27
4.103825422593837362e-27
3.665828859096321323e-27
3.273159787198182832e-27
2.923418875647778624e-27
2.613412157520138804e-27
2.335187001009304287e-27
2.087068997311395804e-27
1.866860017618446621e-27
1.669048327223146830e-27
1.492458444218801258e-27
1.335567449804513434e-27
1.194531149282879409e-27
1.068519902739090818e-27
9.564718675830216484e-28
8.556902015793206489e-28
7.655866165262785594e-28
6.854163759004796378e-28
6.132775777469874810e-28
5.487514171298757601e-28
4.913127753527529485e-28
4.396141692670707204e-28
3.933564762924607965e-28
3.521676933709902689e-28
3.150893759088812887e-28
2.819073294552161919e-28
2.523569630363699452e-28
2.257543276276523793e-28
2.019457443497947505e-28
1.807423944616352189e-28
1.616549412629748592e-28
1.445729724500658471e-28
1.293613844410735487e-28
1.156693838540963831e-28
1.034175750631196347e-28
9.250909297853826743e-29
8.269210594670617181e-29
7.390949778044305693e-29
6.609171860171517461e-29
5.905781485853380525e-29
5.276669602424530917e-29
4.716837809950116031e-29
4.213277457925840630e-29
3.763033207680094202e-29
3.362511071189045779e-29
3.002358205982742593e-29
2.680450178185902795e-29
2.394202543154624248e-29
2.136892273941450230e-29
1.906993358467538931e-29
1.702647718746553362e-29
1.519024958753100384e-29
1.355029918513786071e-29
1.209327378950359926e-29
1.078449139107993158e-29
9.616100674053608287e-30
8.578513365267768620e-30
7.646849290040829987e-30
6.815486270683918628e-30
6.077544866397839758e-30
5.415194378844710733e-30
4.824413892479222410e-30
4.300272450936957740e-30
3.830005707683595698e-30
3.410741745401721878e-30
3.038950142303256651e-30
2.705504424539189529e-30
2.408356167310530614e-30
2.144980723380241181e-30
1.908861083743627911e-30
1.698538268212905701e-30
1.512209168015565616e-30
1.345226404955012796e-30
1.196552341208031221e-30
1.064900906720108700e-30
9.469626049228448443e-31
8.420005490006328506e-31
7.490987115183314395e-31
6.659036905969870258e-31
5.918929552480838377e-31
5.264149695068247662e-31
4.677986322364650622e-31
4.156739588830667988e-31
3.695782012518725565e-31
3.283264629935495469e-31
2.916571513551432071e-31
2.592420775798571015e-31
2.302422962675502007e-31
2.044731126325496701e-31
1.817021044749196756e-31
1.613361096790346205e-31
1.432449039835131510e-31
1.272641202657833624e-31
1.129749499247372484e-31
1.002856942019152724e-31
8.908027503507684750e-32
7.906338041451596178e-32
7.017051940540468814e-32
6.231982612002594402e-32
5.530333340571872489e-32
4.907573800285901909e-32
4.357937684074810313e-32
3.866797009764207048e-32
3.430972784962179206e-32
3.046408406703086962e-32
2.702826540373989065e-32
2.397998679765375343e-32
2.129074279590994333e-32
1.888840350818338506e-32
1.675736123652795352e-32
1.487760691035834430e-32
1.319856706009035257e-32
1.170931968404610822e-32
1.039583361248672506e-32
9.222681499871413266e-33
8.182225981875253654e-33
7.264636803560256623e-33
6.445116893971001424e-33
5.718329166099976248e-33
5.077392214153829305e-33
4.504962102641256839e-33
3.997311237834196861e-33
3.549626014803166035e-33
3.149783094582682005e-33
2.795180144513453756e-33
2.482452156223286418e-33
2.203129423782439831e-33
1.955395780833649747e-33
1.736900143324872768e-33
1.541727818060012386e-33
1.368611569578000197e-33
1.215909437658909902e-33
1.079492259046270135e-33
9.584758975993981582e-34
8.517140019318730337e-34
7.563244840677277470e-34
6.716904756505583452e-34
5.970118049354009561e-34
5.302769824226080727e-34
4.710555528160262628e-34
4.187890338127800274e-34
3.720735015139590330e-34
3.306085039207679271e-34
2.940042366191284517e-34
2.612806822918787961e-34
2.322280528237441154e-34
2.065742380582373199e-34
1.836349544813521531e-34
1.632636506022113510e-34
1.452703273867905868e-34
1.291770194315323172e-34
1.148812924698792871e-34
1.022504337804848807e-34
9.095043404375609611e-35
8.090964840818954509e-35
7.203533590560523069e-35
6.409395531988524127e-35
5.703535964172938089e-35
5.079470495306542986e-35
4.520859223482447737e-35
4.024189319773909218e-35
3.584924051393513476e-35
3.191622761724724634e-35
2.841822548276314470e-35
2.532347058888316566e-35
2.255179546668521404e-35
2.008591655018906744e-35
1.790357724589417936e-35
1.594855454161037940e-35
1.420870851876538613e-35
1.266843047645841733e-35
1.128825635870305177e-35
1.005965234239619606e-35
8.971662421196372278e-36
7.996565169031604878e-36
7.128358323174098424e-36
6.359346771473538866e-36
5.670052040450766796e-36
5.056252159722329506e-36
4.512549288825340529e-36
4.025244735780609172e-36
3.591355602961682943e-36
3.207088644590510943e-36
2.862794990072104987e-36
2.556365446898789404e-36
2.285133757237779866e-36
2.042124242681694906e-36
1.825779505258996993e-36
1.634057443687851010e-36
1.462414101309319801e-36
1.310032287402781358e-36
1.176150323225234675e-36
1.057124950006080203e-36
9.515190764222624395e-37
8.571742275255280330e-37
7.700441597578226777e-37
6.902225012958336821e-37
6.170309847323819037e-37
5.521093469421297473e-37
4.963194614276702979e-37
4.488161802472392227e-37
4.076108685960921402e-37
3.736278558373136110e-37
3.385130954534318542e-37
3.028851774928654810e-37
2.803294721235187996e-37
2.408799314561796631e-37
1.934328054056356112e-37
1.960412273087055624e-37
1.400330480192241525e-37
5.813354871208492253e-38
1.826213517679079485e-37
