1.834891571143959378e-21
-2.236417390971495726e-22
-2.257974376312345552e-21
-5.034355905342743808e-21
-9.985675319442804047e-21
-1.983999366744114207e-20
-3.632036270994694089e-20
-6.349071550187086273e-20
-9.849848354112788665e-20
-1.508522632672301971e-19
-2.203068371662884354e-19
-2.974069834938015746e-19
-4.069915691902650194e-19
-5.355700532483114698e-19
-6.551372212566469969e-19
-7.959108667331488270e-19
-9.474836732693259184e-19
-1.065275507554398814e-18
-1.226139512839650069e-18
-1.517767184805590362e-18
-1.779136244161410153e-18
-1.713864298412948334e-18
-1.712242423745044172e-18
-1.959173792428015626e-18
-1.236870945375593401e-18
-1.865188836684504428e-18
-4.545022381193869031e-18
-1.073643207921554271e-18
3.113479123750614211e-18
-4.905397492508842778e-19
1.006438741373138946e-17
1.293614572033778887e-17
-1.205049181977236172e-17
1.412688305394114287e-17
6.798757239899896029e-17
5.981790738561572175e-17
8.908323188631657438e-17
9.823128805679814102e-17
-1.023515421617535504e-17
8.393511431111729819e-17
6.459365990143366608e-16
1.287520648023554111e-15
5.036862056800276817e-16
-1.832001678330621706e-16
8.472187205576720261e-16
1.492464707860933189e-15
6.258992701423204345e-15
1.799436873937297548e-14
9.671131270951829706e-15
9.352173059219432500e-15
5.148615242332641680e-14
7.748920335046622902e-14
6.070076158766805736e-14
5.430423898643907086e-14
-1.304187569979460879e-13
1.731853017560911676e-14
9.127349143470144350e-13
1.856420392880799890e-12
1.624796465727077019e-12
5.541257040294007562e-13
-1.223898968483028543e-12
9.782851544646258620e-13
9.618393363710036894e-12
1.624318488332684701e-11
1.401287887336624127e-11
8.972952916218199992e-12
1.233648353675006140e-11
4.419265523861965975e-11
1.113785854727812683e-10
1.857814065607361999e-10
2.001884496138197249e-10
1.599253084782673416e-10
-1.162896754505091538e-10
-2.618925127277795227e-10
6.724451305135921077e-11
1.721296846219397966e-09
3.338099163792321459e-09
3.803936167527873646e-09
-8.447235771243377009e-10
-6.166757509432412843e-09
-6.973485844987909180e-09
7.830328884529300817e-09
3.124456308529252114e-08
5.158061445618257699e-08
3.606042821654727251e-08
-2.730974991527370378e-08
-1.114655098129600338e-07
-1.573771146108805423e-07
1.518243320959862270e-08
4.135303056779708015e-07
1.066171520666937099e-06
1.241190465081561548e-06
6.520496151517903674e-07
-1.611578919768257432e-06
-4.324592718610898069e-06
-6.190669917646442743e-06
-4.060249126414126489e-06
6.289594980165054422e-06
2.380320621034535448e-05
4.756678600706878984e-05
5.831055359139525465e-05
4.994597015060906197e-05
1.462402872119354574e-06
-8.542908477280558111e-05
-1.948140461010307572e-04
-2.991633369161215430e-04
-2.803899441686733950e-04
-1.150509828126313724e-04
3.010942731180296715e-04
1.025863818834130397e-03
2.027099655874671068e-03
3.310679624910261524e-03
4.752312757680297699e-03
6.340818116371555423e-03
7.998776242419560964e-03
9.785495387478056542e-03
1.176340330632111991e-02
1.402083394237554730e-02
1.696052836749501261e-02
2.073005462069003532e-02
2.574800578417910449e-02
3.265739653700435591e-02
4.151235094384615049e-02
5.269459349674344290e-02
6.570471649269526981e-02
7.990521602855887862e-02
9.464528641263214581e-02
1.079601801740905226e-01
1.197383049710313285e-01
1.287803107044138418e-01
1.345660776014868942e-01
1.377386202062551024e-01
1.377176077328365889e-01
1.352433498968110548e-01
1.302055152303312202e-01
1.226476279617202542e-01
1.127041460833158454e-01
1.000886226123157141e-01
8.548284054653350339e-02
6.987380871280636507e-02
5.360113556652972705e-02
3.798599343402330603e-02
2.451915087939595880e-02
1.348959050804245108e-02
5.586507271574504309e-03
5.053670400701574259e-04
-2.042149675952519266e-03
-2.583746443301500589e-03
-2.300215454964421157e-03
-1.375001659477375314e-03
-4.090152993291543853e-04
4.742158042467070449e-04
1.415390387859162850e-03
2.271636653495625723e-03
3.351976692103094888e-03
4.671770338446615788e-03
6.387579869287212525e-03
8.502641898529660416e-03
1.088134508483839906e-02
1.357015544341849504e-02
1.618845435175576136e-02
1.873723451919654878e-02
2.097523445658633703e-02
2.300546165422424905e-02
2.509920980178521541e-02
2.728097871087173734e-02
2.983945707457603611e-02
3.256503021346985466e-02
3.555183160477706078e-02
3.820606163336331268e-02
4.011612277470740645e-02
4.110255865427409755e-02
4.130149763619841985e-02
4.121911444248187867e-02
4.100267410531521078e-02
4.129594658554190667e-02
4.226237461360587977e-02
4.388020184991871936e-02
4.563333942986141922e-02
4.718096681755611782e-02
4.847229369746713229e-02
4.979236446062985239e-02
5.132414614369801981e-02
5.338560248854190560e-02
5.601197233746699200e-02
5.887620812903537892e-02
6.164637442809403622e-02
6.341868479877599274e-02
6.429581090353299333e-02
6.403936496721528149e-02
6.317017972408008053e-02
6.216325634575917830e-02
6.100700104976897187e-02
6.045231250760308567e-02
6.074125513591473874e-02
6.265991585362319649e-02
6.698526209954801247e-02
7.335727954186577193e-02
8.234259721849576663e-02
9.228794002504413230e-02
1.023106027023148873e-01
1.104936535257074887e-01
1.163277785004027676e-01
1.214962248251101884e-01
1.266148250890899163e-01
1.349340549334922257e-01
1.465352259829359183e-01
1.638345814314991766e-01
1.847708911727958536e-01
2.061526099307861293e-01
2.257014678878488112e-01
2.392503927928133767e-01
2.472426150932623135e-01
2.470941278474187985e-01
2.412106855072472245e-01
2.349132470238109172e-01
2.305052792488472557e-01
2.320719038584223848e-01
2.415349071232450184e-01
2.562004322623597230e-01
2.676915884459382666e-01
2.766203054866110400e-01
2.756445115687182201e-01
2.654466195726054578e-01
2.587210360927316155e-01
2.497322530905788096e-01
2.421126560279539819e-01
2.565790729373544354e-01
2.708636981027671697e-01
3.151375583379829592e-01
4.567907185784007562e-01
6.924580734678823513e-01
1.273333513235505920e+00
2.354536856437679848e+00
4.077617850857903292e+00
7.089229332423417240e+00
1.158363374239259080e+01
1.802587042619576252e+01
2.731643798221733377e+01
3.950521548576859487e+01
5.529511488008099462e+01
7.504468362479811105e+01
9.841693443274586173e+01
1.256813232629060053e+02
1.557075284158735542e+02
1.879057119549147785e+02
2.214443099703715063e+02
2.538848668403240083e+02
2.849332406306195367e+02
3.128864751090194432e+02
3.359187244506005072e+02
3.545165851064134586e+02
3.674111536237000450e+02
3.751788579115113293e+02
3.786869948126548593e+02
3.780927087713923811e+02
3.755337665746254174e+02
3.712647084155232733e+02
3.665033969523921655e+02
3.630416449223501445e+02
3.604622747960204379e+02
3.600238738927702684e+02
3.622882746232972409e+02
3.666844167319497956e+02
3.739086684961021092e+02
3.828751330090762508e+02
3.927662540434266703e+02
4.032993013829482720e+02
4.127843598562647571e+02
4.210336095030149295e+02
4.273901866604376778e+02
4.315661819812731324e+02
4.341386002057813016e+02
4.348246653237322903e+02
4.336115018556620839e+02
4.306438029063799604e+02
4.256999172247910792e+02
4.190745165744590395e+02
4.111480145670489037e+02
4.019823431212128071e+02
3.923154166999968311e+02
3.822603760017184982e+02
3.718710587815253348e+02
3.612603779985445840e+02
3.502394930591376578e+02
3.389046740459183980e+02
3.275880334340535001e+02
3.161960620819374412e+02
3.050573330411242523e+02
2.940198079718488202e+02
2.828525849796298530e+02
2.717410819913068849e+02
2.604435058314314801e+02
2.488691121156099086e+02
2.368513910452981861e+02
2.241088793564717037e+02
2.107817879362580697e+02
1.966560781727938263e+02
1.817900479856625680e+02
1.666882265370740299e+02
1.513574943053015147e+02
1.362993569411159172e+02
1.220014942147790293e+02
1.085571605419498411e+02
9.656572622210227053e+01
8.604731133138449195e+01
7.704495784718659479e+01
6.941530614585785486e+01
6.281634232043008836e+01
5.725777820976438903e+01
5.243117510316574936e+01
4.810899832205007698e+01
4.428776951594233680e+01
4.079396397050543044e+01
3.749955408570047410e+01
3.434239648896072339e+01
3.119716274761532659e+01
2.808144327521358363e+01
2.493079774303968676e+01
2.179370084165180188e+01
1.883735949228035267e+01
1.610255473821158745e+01
1.376597248946044338e+01
1.184162523354769014e+01
1.035804505341790716e+01
9.243636988751234185e+00
8.356779607842543811e+00
7.671834414811109504e+00
7.071133435491861796e+00
6.518310240190842819e+00
5.997448999617994936e+00
5.518854508874242448e+00
5.106654522840025301e+00
4.755617406482540943e+00
4.458245101402860122e+00
4.202516071254994046e+00
3.970139751827892471e+00
3.721203466612490462e+00
3.472405469743522488e+00
3.221269718407269611e+00
3.000223483953886827e+00
2.831231834835805206e+00
2.722220102266327046e+00
2.679053441149747528e+00
2.678444347170770623e+00
2.720982730331659383e+00
2.778135774404168146e+00
2.831342386362253993e+00
2.880856445077929262e+00
2.911716838421003484e+00
2.924870520078532099e+00
2.919855708532200556e+00
2.905244086367365863e+00
2.891881935215374622e+00
2.872663214845587731e+00
2.846589257160645037e+00
2.820750219145263582e+00
2.784917711511137650e+00
2.746478829043550451e+00
2.718647591830822829e+00
2.710215218743861509e+00
2.723329083815762885e+00
2.740531300859200936e+00
2.766938876082114973e+00
2.780217354443342614e+00
2.768888719353332917e+00
2.732842238839965798e+00
2.687500526207655227e+00
2.645601100994572796e+00
2.607277301161855743e+00
2.590436855156585505e+00
2.598502912251777541e+00
2.626399436453775049e+00
2.659996003618311899e+00
2.696470076281447081e+00
2.735845840080006308e+00
2.769545302749050197e+00
2.795464875315634146e+00
2.822263041625200142e+00
2.848545548074485012e+00
2.865156351948062952e+00
2.870490995359261444e+00
2.867898461815442612e+00
2.856615141681831727e+00
2.831154445064790526e+00
2.799667710293146428e+00
2.769525950161834782e+00
2.745057176104538588e+00
2.726269627405874640e+00
2.712805121990577550e+00
2.707502534146728035e+00
2.701006138023874570e+00
2.688548669579837735e+00
2.668274710550706530e+00
2.647999651221728978e+00
2.629103304628395588e+00
2.607900406619723110e+00
2.578424862739828960e+00
2.548248120828958019e+00
2.517877040140436229e+00
2.490297703144082053e+00
2.468088138208543114e+00
2.448827831615140393e+00
2.414158053336409093e+00
2.352567766939406724e+00
2.257114403974374017e+00
2.141561044268492253e+00
2.024574677798405720e+00
1.915722132806052747e+00
1.844584280273906751e+00
1.808304853301488935e+00
1.811949415863049806e+00
1.849044633288379424e+00
1.913120035427817500e+00
2.003120657077955613e+00
2.105401257261288794e+00
2.216499202863861928e+00
2.331719578633744128e+00
2.448222495315975689e+00
2.569745844696820658e+00
2.700449891217873155e+00
2.846703048701643368e+00
3.003242223597882177e+00
3.174182005053247213e+00
3.347599348939668484e+00
3.507948950544869771e+00
3.647131187289317733e+00
3.748083406475003709e+00
3.807059276495942779e+00
3.814387001716255998e+00
3.773036458708081131e+00
3.697206176194198779e+00
3.589916407983712698e+00
3.463076548147467904e+00
3.330311275973640850e+00
3.200735053935138907e+00
3.073498779522949587e+00
2.951317400462878382e+00
2.834358902274534575e+00
2.715331324868014651e+00
2.592614356282521015e+00
2.457484508132711021e+00
2.318811328084322998e+00
2.177932067186948650e+00
2.033564200057874860e+00
1.907591407084777702e+00
1.798887329542067093e+00
1.716708249842050948e+00
1.667110572927424705e+00
1.642368749623000612e+00
1.649066841835717279e+00
1.671816124479261978e+00
1.704885398440331379e+00
1.742751235925243725e+00
1.770152400508521184e+00
1.792667763399751202e+00
1.805316854750252054e+00
1.820009121807629748e+00
1.845664087139007981e+00
1.893061665527855153e+00
1.974533270653779482e+00
2.080625968528576397e+00
2.209452332460893675e+00
2.328299635435843840e+00
2.426456325356098009e+00
2.478551630241293324e+00
2.469540192667755818e+00
2.417878811046243914e+00
2.322669617519414142e+00
2.233833481097445617e+00
2.165725250910072397e+00
2.147236160264971438e+00
2.206309979140775202e+00
2.322307508666530573e+00
2.509660868935929656e+00
2.728420705617159658e+00
2.953253028832317550e+00
3.171046643862077463e+00
3.333633627609653427e+00
3.438810305820639623e+00
3.465747208351096731e+00
3.413157344035681273e+00
3.298224122716042928e+00
3.119223255615798607e+00
2.910668150080178318e+00
2.686633988541383022e+00
2.458824795207338543e+00
2.240560293640434519e+00
2.030583524530433781e+00
1.826752183052982703e+00
1.617386076257106842e+00
1.402669139132011189e+00
1.175453310397422735e+00
9.438623119461163613e-01
7.160356135714542880e-01
4.992220480849374198e-01
3.142433689394425467e-01
1.615859450712625045e-01
5.131630578416965238e-02
-1.810184948822910964e-02
-5.567545254780262992e-02
-6.236869457211314388e-02
-5.479298072199970115e-02
-3.860725812425117726e-02
-1.937340630228979663e-02
-4.904276190640900583e-03
5.695663227901995133e-03
1.043711000661465271e-02
1.114956370458486910e-02
9.620290813257168297e-03
6.400055413885912502e-03
3.538976093371442189e-03
1.231139232342166141e-03
-2.039684926976788619e-04
-8.350172717963899377e-04
-9.503021969299562657e-04
-6.818347777138618207e-04
-3.911390675232321603e-04
-1.233946291395251766e-04
4.306089723940810082e-05
1.070082235708416657e-04
1.130750391299889735e-04
7.422859137964556576e-05
4.037913653910166076e-05
1.537113008046749098e-05
5.443732988056829864e-06
5.898260969214988931e-06
1.108253028161153431e-05
1.710618319337058383e-05
1.880675844006043251e-05
1.775303352839004996e-05
1.321470297666560831e-05
7.795554814175003936e-06
2.762618552138619046e-06
-1.226405759649580094e-06
-3.359117635353268507e-06
-4.161251297397017169e-06
-3.648779185718784001e-06
-2.704033273904706747e-06
-1.676608651372584918e-06
-7.829113342292353678e-07
-2.577509229545673248e-07
2.479487110568607091e-08
6.466793659047259665e-08
3.720119154305638198e-08
8.855182569749536216e-10
-2.551997363591131282e-08
-2.186709414735780572e-08
-6.616442788915529175e-09
1.138989147685618285e-08
1.977905655502633515e-08
1.949070393704847553e-08
1.288013124980030355e-08
5.918882727962057855e-09
1.227823405787459064e-10
-2.608587958878118506e-09
-2.901174687866144330e-09
-2.039608023662976217e-09
-5.591954597192776814e-10
4.579063015490483459e-10
9.930764383120348828e-10
1.032730483429087443e-09
8.466122264541662717e-10
5.550367544160977529e-10
2.672265716271383379e-10
8.652134306578698787e-11
-2.284877910702099614e-11
-4.515527020020884919e-11
-2.874339138261003210e-11
-5.278994040497158707e-12
2.043685575933048603e-11
3.126019573565488073e-11
3.057836665183427783e-11
2.249105670945552481e-11
1.452977867095901869e-11
7.703260792055893199e-12
4.276285781716646123e-12
3.312227231152558014e-12
2.650304301223053769e-12
2.379681508703285698e-12
1.883444001523426962e-12
1.120234000548923649e-12
4.597357066978085056e-13
1.299498586247619885e-13
-4.047308769126365532e-14
-7.515351502930031212e-15
5.096323721849540155e-14
6.476472818766392636e-14
4.327424564052777383e-14
1.993335558877146919e-14
1.252095966267104782e-15
-5.747589933902373406e-15
-1.683761396593760256e-15
2.354968536820441248e-15
5.653854695519763196e-15
5.801156965825622153e-15
3.937127115004830065e-15
1.592784457242852058e-15
7.491852078781079608e-16
5.855604737375551343e-16
7.846647383369723971e-16
7.942847276102214183e-16
6.663932280076110660e-16
4.584783238496553321e-16
3.303999272579381967e-16
2.579808430541671432e-16
2.220415226081337022e-16
1.754442123657766757e-16
1.216865057618986990e-16
7.129298494917167117e-17
3.934515944429340979e-17
2.160733818708150114e-17
1.701198109303264388e-17
1.424250996509072251e-17
1.068160459107912407e-17
5.874756884704987279e-18
1.564335114021229631e-18
-5.400329158076820376e-19
-5.901037163602447918e-19
1.490686698673447567e-19
7.819022485313836759e-19
8.722978209563934037e-19
5.305958200203499797e-19
2.330465421886871574e-19
6.714344924441505532e-20
8.664355083716722176e-20
1.367935128468050603e-19
1.636629732950358200e-19
1.318991329735285427e-19
9.304860964548880821e-20
5.994696062684484694e-20
4.643512483284323654e-20
3.970637509970920220e-20
3.584850512246586509e-20
2.992591743600247630e-20
2.412571213634246516e-20
1.880672809077644848e-20
1.460930536547113298e-20
1.123717987226160938e-20
8.754156684169995581e-21
6.897641813958404822e-21
5.437550348969714877e-21
4.265120586249243232e-21
3.237350044916491594e-21
2.381774701052523146e-21
1.729175914652943627e-21
1.253219929541218424e-21
8.960995462390167252e-22
6.314175452114186373e-22
4.192832819973970280e-22
2.537668043515676893e-22
1.347662718441101138e-22
5.489481100209671489e-23
1.042838651136949527e-25
-2.970829242745226716e-23
-4.440729778033680245e-23
-5.025957243516825255e-23
-4.688581821610120289e-23
-4.068874980876830177e-23
-3.324404344484775244e-23
-2.513020485622824120e-23
-1.830398620518524039e-23
-1.249949049109438405e-23
-8.183024992179060014e-24
-5.159420565293390496e-24
-3.014559531306094193e-24
-1.775224227325480121e-24
-9.657824983730076316e-25
-4.747291850282093446e-25
-2.371953384479153192e-25
-9.257057084108250726e-26
-3.235563552443094637e-26
-1.159534741849438176e-26
2.058812685018106198e-27
1.916654013880398179e-27
2.772150876853600316e-27
3.866710888616901264e-27
2.078797760361840524e-27
1.445922417608067059e-27
1.177964210090496588e-27
4.565226372721845994e-28
3.069910339567638090e-28
2.663339534612928068e-28
8.196235064860688294e-29
3.960293906660881526e-29
2.055264758965876496e-29
-2.170045983430503103e-29
-1.662719340301760917e-29
-8.736794562650484601e-30
-1.126635558680935457e-29
-8.252664658630705173e-30
-5.772014637871692724e-30
-5.695332191455347586e-30
-4.339291518360071221e-30
-3.140498817649980357e-30
-2.686159203060477514e-30
-2.110703063005898220e-30
-1.629845855138702662e-30
-1.293367918961683553e-30
-9.619506742415759790e-31
-7.062397210904697792e-31
-5.179008199985160135e-31
-3.768808425287671145e-31
-2.714937213066630149e-31
-1.894983384813093294e-31
-1.295765123655456090e-31
-8.697334966447719743e-32
-5.623492610040099657e-32
-3.787610453618466558e-32
-2.626306029723626557e-32
-1.812317378044012475e-32
-1.204581664195089103e-32
-6.400041185806458111e-33
-1.580424714088693388e-33
1.207578089621053662e-33
1.860540548085318158e-33
1.069617457858887921e-33
-6.278994149250362130e-35
-3.563385222766036273e-35
-1.622465557902716601e-34
