-1.982170779370574942e-20
9.665311382851661711e-21
-2.995938791298470650e-21
-1.524888484334383902e-20
-4.349679572801084784e-21
-1.014235183612809257e-20
-2.024721237599190470e-20
-2.038598214770120835e-20
-2.129565923182916039e-20
-3.211328684392418279e-20
-5.349045437982859013e-20
-8.512158178880097340e-20
-2.454799749901503565e-19
-5.616948526122792369e-19
-9.289839570740507752e-19
-1.577341345847031165e-18
-2.043699477997807701e-18
-1.973551402728110386e-18
-2.824378818550896917e-18
-3.731158668434321106e-18
-3.206108750286055863e-18
-4.709145270079078172e-18
-4.765574901122018027e-18
9.886872034099079178e-19
-8.512835096553998414e-18
-1.249961865286685937e-17
1.556046260001906437e-17
9.847406270023936112e-18
-1.311531230820821929e-17
1.624899044704385948e-17
-1.787065507442255320e-16
-2.709470306499079745e-16
1.241392243587255020e-16
6.730792029111774807e-17
-1.312027855454163429e-16
5.462276726143646445e-16
-1.323502860913448062e-15
-2.091800674350523783e-15
3.027039183293468373e-15
2.851165463497664272e-15
1.627706213025550246e-15
1.123903104302862056e-14
-4.175827476933025073e-15
-1.093483496963482142e-14
4.095594072225459142e-14
3.110701516803889695e-14
-7.205018631334097037e-15
5.008227592160946568e-14
-8.015126709882042598e-14
-1.330608464227086822e-13
2.796953564615039887e-13
8.247075487982618947e-14
-3.270246327448967182e-13
2.332970230765357016e-13
5.110765391188106339e-13
9.017513796896829697e-13
2.704880747160579470e-12
-2.356300230896054645e-12
-7.397243904259591123e-12
-1.623314401020601524e-12
1.516814618278256874e-11
2.618937683496044063e-11
2.362837532914768883e-11
-3.244876987646023551e-11
-6.554036139659295538e-11
-1.374756811898096119e-12
1.570360490400565008e-10
2.193606871865033738e-10
1.128543906681561650e-10
-1.706882478859418529e-10
-1.968126076294178348e-10
3.220730307195109681e-10
8.954552138279962370e-10
1.104187674637615247e-09
1.365967823386851103e-09
2.347289748577026411e-09
1.595236341193664219e-09
-5.782887260053151802e-10
-6.760542223472182715e-09
2.276351183332186035e-09
3.760252186619944877e-08
7.714490746740208482e-08
1.626751534842969754e-08
-1.260883473925229544e-07
-2.243885681647520174e-07
1.125719274615347504e-07
8.976699251022427628e-07
1.192947429193985199e-06
-4.815409734434415921e-07
-3.136906929750412349e-06
-3.676154164805887280e-06
2.739750189721216000e-06
1.465291286931959985e-05
2.103592100824109906e-05
5.283881488595144097e-06
-2.112953117597160947e-05
-6.354713997020895971e-05
-1.354515856546645328e-05
1.796351773062768761e-04
6.254330426406975053e-04
1.485798892093850810e-03
2.690754132035527105e-03
4.285598269289335460e-03
6.053362344614726144e-03
7.871043154693471017e-03
9.637347561753660183e-03
1.112564728603747562e-02
1.240227164222774264e-02
1.332444702567522725e-02
1.391084662319766636e-02
1.441002019869265516e-02
1.478606539909107891e-02
1.533617735733361874e-02
1.618217884058903780e-02
1.738967072211783024e-02
1.927618529615037976e-02
2.178526508244610013e-02
2.487754061673089212e-02
2.831990659467603297e-02
3.208039796483124623e-02
3.584096767859914351e-02
3.917496581211729612e-02
4.232336388873995242e-02
4.531580517432909350e-02
4.899737105112830782e-02
5.360436232130957879e-02
6.002325587498111292e-02
6.822832623034126576e-02
7.697670671998073366e-02
8.636683642899926905e-02
9.471851715926270232e-02
1.012465121657092487e-01
1.058647330796714109e-01
1.089198181456801223e-01
1.106600464801256317e-01
1.111948045141157998e-01
1.100839285612923435e-01
1.068579433589875588e-01
1.003093814984904603e-01
8.985508092966419669e-02
7.710820645432055198e-02
6.181681358792202180e-02
4.635525404762775442e-02
3.236209954191750920e-02
2.070620000012278125e-02
1.239106446813691143e-02
6.604198187076834418e-03
3.572042815426001994e-03
2.337276009615352462e-03
2.030215024275451152e-03
2.457846327212061775e-03
3.012492141205508085e-03
3.641840611223344862e-03
4.331456606859035267e-03
5.187718360054553030e-03
6.318994140784995293e-03
7.764882740054158440e-03
9.450322566676020927e-03
1.135909154533168604e-02
1.339191190348929493e-02
1.565202672545379717e-02
1.834025462260783015e-02
2.160890277067804496e-02
2.577790015884763239e-02
3.071559428653304960e-02
3.651349835610983446e-02
4.283993273638717764e-02
4.930703651326812098e-02
5.574354053869190473e-02
6.151004410377652193e-02
6.644382190673348010e-02
7.035022711584364152e-02
7.254930867642857273e-02
7.297870886389214162e-02
7.142965207566605301e-02
6.873218296803218497e-02
6.560755220648178954e-02
6.230336080511872376e-02
5.966231849096786943e-02
5.801011754331674569e-02
5.745762415086102387e-02
5.793015330223161979e-02
5.949997909006366631e-02
6.258869157986514387e-02
6.835064005351919325e-02
7.637261226575764450e-02
8.657542158897037210e-02
9.718675011421468168e-02
1.073504182911120819e-01
1.163940478291961150e-01
1.230102859535494170e-01
1.273884358878486223e-01
1.299412747021773396e-01
1.318285739030551629e-01
1.324819147868734337e-01
1.316308146345412655e-01
1.280800415875088250e-01
1.223986347091383514e-01
1.140796123650038574e-01
1.039096849704573694e-01
9.414831591357615548e-02
8.534539636554598629e-02
8.065648183028793772e-02
8.005472832487579848e-02
8.414949561161040592e-02
9.370923473333259146e-02
1.077276925243468991e-01
1.269575756343944428e-01
1.498265033188497519e-01
1.751055659113565366e-01
2.021092058314405693e-01
2.278654433956019965e-01
2.518257596927689357e-01
2.726407190080937792e-01
2.888762013860727840e-01
3.014360976036965512e-01
3.093836690536124756e-01
3.132460132985644963e-01
3.152031385566787525e-01
3.142761787434708576e-01
3.125572586826353416e-01
3.153998917451236728e-01
3.208442117273821448e-01
3.274069998909764911e-01
3.453393446927549015e-01
3.642044956970818537e-01
3.982047208750043032e-01
4.806675737248837232e-01
6.065214733719271889e-01
9.028593463587610835e-01
1.463360738443225673e+00
2.379747418098771217e+00
4.021755455039632388e+00
6.533084480606794919e+00
1.018759556980511505e+01
1.546120805118741792e+01
2.242153861217537170e+01
3.136030523896802436e+01
4.241424402922149284e+01
5.550062046919324388e+01
7.063820651917380644e+01
8.742084029815110569e+01
1.057235536937409535e+02
1.252120674268181801e+02
1.452568505444550908e+02
1.658579692105424215e+02
1.865570532427796309e+02
2.069588381299539890e+02
2.272022220123097895e+02
2.469369624712527127e+02
2.662746855049116448e+02
2.853844794460431444e+02
3.043824797996539360e+02
3.240351726210559491e+02
3.442052468267432346e+02
3.654098010438033839e+02
3.875258666638063119e+02
4.097842616192814944e+02
4.320490555171711549e+02
4.533280389169838145e+02
4.733298310790489722e+02
4.919283324145085317e+02
5.087629247691962178e+02
5.234858645264858978e+02
5.357000577307518370e+02
5.442864043490910717e+02
5.491630924819997972e+02
5.500071172219676328e+02
5.469742611650539175e+02
5.407091671541030564e+02
5.312497500026154285e+02
5.193006632122790052e+02
5.051813402275993781e+02
4.893701444305408472e+02
4.728145338939798989e+02
4.556262253184909810e+02
4.382967061992127924e+02
4.207607337189932082e+02
4.030006705402947205e+02
3.848997442420950961e+02
3.664683785816985164e+02
3.479612377713276601e+02
3.293315229269874749e+02
3.109735262885769203e+02
2.930410932132061816e+02
2.755429021550149855e+02
2.587233726392923927e+02
2.426314292457602448e+02
2.272963260383920669e+02
2.127876583944463391e+02
1.990249921665841555e+02
1.860701846089189360e+02
1.738317601049965333e+02
1.622568544657924576e+02
1.513576159877443956e+02
1.411030336213373744e+02
1.314847974707098217e+02
1.224858188997171311e+02
1.140372727914635647e+02
1.060777954308417605e+02
9.856077389003409905e+01
9.146276750989926541e+01
8.474252368688232195e+01
7.838516077021786543e+01
7.234408750097325935e+01
6.661865384423826697e+01
6.122948142644404612e+01
5.620894941586767146e+01
5.157085429512856223e+01
4.731724016503758179e+01
4.341045775842474796e+01
3.982330018652942982e+01
3.658132651088119758e+01
3.363742077302779876e+01
3.093963396656372922e+01
2.849593740853918789e+01
2.625146185596717885e+01
2.417489087380490886e+01
2.225226055184509377e+01
2.047423638516336553e+01
1.884829218779034221e+01
1.734732876478183883e+01
1.596217603975510002e+01
1.469587451413136137e+01
1.350742016355654407e+01
1.237783786182555978e+01
1.132450501873920778e+01
1.032158038852682047e+01
9.378158694325289702e+00
8.514509328800581756e+00
7.719181450180388815e+00
6.994148802183069336e+00
6.348193217023756496e+00
5.775749654336016725e+00
5.270131164370804200e+00
4.832366104829302955e+00
4.461435962648806708e+00
4.144256778959309884e+00
3.874226565141321910e+00
3.657900749015355668e+00
3.489691010394107451e+00
3.355309450101491731e+00
3.257450163946278732e+00
3.181897768576605667e+00
3.116962485666324500e+00
3.060403255249283916e+00
3.010095263292543066e+00
2.965108458714781126e+00
2.923759320108819892e+00
2.887482862556076224e+00
2.855497464806960650e+00
2.826887893945552843e+00
2.802384246877796414e+00
2.781278785121073849e+00
2.763012042043769600e+00
2.749486272205857507e+00
2.742672193412072357e+00
2.745021448019723920e+00
2.753866913440334852e+00
2.767646619876893865e+00
2.784045449182205090e+00
2.803858696628575675e+00
2.829261055733358177e+00
2.859601777240449838e+00
2.895553246794886793e+00
2.934577607133729060e+00
2.976814641771975189e+00
3.008860986605709886e+00
3.024674313549263971e+00
3.024062892856198115e+00
3.002524844082016031e+00
2.961571793067017122e+00
2.897155212192293661e+00
2.828173398715328801e+00
2.766274550532953569e+00
2.715108163292695220e+00
2.702778650730050192e+00
2.737631004485950204e+00
2.837132792573676010e+00
2.998139977422936031e+00
3.203093004584028680e+00
3.448931585571437086e+00
3.701700546698997840e+00
3.950938310377377416e+00
4.178738163532525363e+00
4.362670228764513602e+00
4.511169343036439905e+00
4.621374569022324685e+00
4.696742756279236097e+00
4.742384816567379424e+00
4.755616965288655074e+00
4.750096390493416365e+00
4.729590282573775006e+00
4.682754458233680417e+00
4.611391430027220295e+00
4.520865087142898808e+00
4.417805171010487086e+00
4.310038919680977187e+00
4.196634170527408614e+00
4.097147471347946990e+00
4.025638545937225032e+00
3.974184559240013570e+00
3.945895296959767151e+00
3.933359792193816151e+00
3.931926547529727589e+00
3.933558879071179515e+00
3.926597761064143821e+00
3.913009949309059099e+00
3.891272195455500071e+00
3.861399599920058545e+00
3.822139136426399464e+00
3.773471541375650329e+00
3.715086499408832399e+00
3.645786819131718204e+00
3.562313060569803014e+00
3.467277791039433676e+00
3.367255649551148977e+00
3.264078178133918318e+00
3.167726119935086349e+00
3.082152916740748427e+00
3.012964869888513419e+00
2.963549076084764256e+00
2.929508036354254941e+00
2.909547585750677623e+00
2.895467329502423137e+00
2.886497360114365307e+00
2.877671200309443567e+00
2.868841576524661985e+00
2.866097807376425166e+00
2.873681478184590077e+00
2.904316925336690502e+00
2.955840161672062205e+00
3.037024485472309632e+00
3.141362340263917474e+00
3.253459695379214534e+00
3.366394651579165842e+00
3.450664021281179217e+00
3.501308283938504573e+00
3.504612396712141642e+00
3.458587283739808171e+00
3.379643663923564301e+00
3.272270363396872384e+00
3.162996181296581444e+00
3.062200364541977748e+00
2.977088926803644231e+00
2.914831522336076119e+00
2.870611627341537631e+00
2.839951031531803505e+00
2.814253101665067813e+00
2.789702447298824328e+00
2.767335046007184829e+00
2.751947567460881316e+00
2.744382591332884314e+00
2.758140610290216177e+00
2.800831264714948698e+00
2.868459923090919350e+00
2.959614922702817008e+00
3.047854489862903193e+00
3.125220273747358224e+00
3.164130539158363842e+00
3.155994251331579292e+00
3.111227683342185468e+00
3.037326681592433797e+00
2.991612260564538328e+00
2.981783533435028222e+00
3.053879957491993480e+00
3.210851550799281640e+00
3.424668819307008061e+00
3.689174144421416557e+00
3.916786010716478916e+00
4.089748230694755904e+00
4.152721322316447861e+00
4.072901966633824422e+00
3.877808085025682416e+00
3.550095673020799314e+00
3.151859563767525074e+00
2.713267611838189541e+00
2.265276853038319160e+00
1.860891372088102846e+00
1.498571668943985413e+00
1.201219391413908433e+00
9.628629827542000141e-01
7.698707876867274535e-01
6.192851560051890747e-01
4.917049843878882887e-01
3.843125459053895465e-01
2.911206775472616193e-01
2.127039481706688162e-01
1.512971889359084887e-01
1.095419223297411371e-01
9.071937902266725973e-02
9.019851961755066816e-02
1.086400719667793974e-01
1.322251428302375909e-01
1.546716867068488044e-01
1.685696284932448885e-01
1.649539691055185442e-01
1.481748222363456213e-01
1.167634890011995802e-01
8.173081685382721506e-02
4.830731414720620259e-02
2.095337564063600930e-02
4.295894580736277397e-03
-4.492306877051249932e-03
-5.482703302325167734e-03
-3.825518585915544788e-03
-1.347591059714595878e-03
6.750326561668914356e-04
1.266061432256806703e-03
1.177260459579153448e-03
5.451320017153158618e-04
8.156582080773050903e-05
-1.603824224361951386e-04
-1.712653162915809873e-04
-9.890791203698622383e-05
-1.896255423687169086e-05
2.448616075592509753e-05
2.162221685492942024e-05
5.314567953392376169e-06
-1.222952459344668804e-05
-1.550944788086008503e-05
-1.119342858056447141e-05
-3.003578859917915202e-06
1.733215288773499435e-06
3.919119235425656808e-06
3.375140507749074612e-06
2.246388523325991829e-06
1.283953782228500016e-06
7.063204291571888891e-07
4.826749133598432083e-07
3.738883291322528077e-07
3.061495300891603432e-07
2.413346156990806070e-07
2.138864997888617392e-07
1.813574310835120776e-07
1.066401541726534753e-07
1.897457759338330008e-08
-7.853289896951976763e-08
-1.382812048699392507e-07
-1.551744446055477248e-07
-1.224789934051781265e-07
-6.831212690278193307e-08
-1.582808204224688413e-08
2.186015069728210149e-08
3.561780850258783972e-08
3.516726285522485830e-08
2.450389464644098850e-08
1.553887799894179300e-08
9.247595077069333623e-09
7.133017668524856972e-09
7.625023289595882333e-09
8.929554499129306202e-09
1.041634652754516407e-08
1.083488503845709126e-08
1.033488521112175869e-08
8.642150463163252363e-09
6.419259823409277879e-09
4.051788707519095885e-09
1.937531908369761075e-09
5.916451833645894564e-10
-1.562698401724927277e-10
-2.660233386001728138e-10
-1.651246980403809980e-10
-1.428565428057724858e-11
8.625507312327324080e-11
8.785051120053935743e-11
5.843895840313118912e-11
1.770568977058852314e-11
1.992571556242342269e-12
1.190781730230856426e-12
7.968770190941104355e-12
9.226719996266195661e-12
6.924447950732348952e-12
1.895007865248021624e-12
-1.208507633427902649e-12
-2.007015207848080555e-12
-8.656892050460733193e-13
1.687079484918009410e-13
6.791525691186999632e-13
4.962514642943235441e-13
1.488413773329631158e-13
-7.254858189592955076e-14
-1.018743314301425727e-13
-3.907442490025360252e-14
1.773659349071109017e-14
3.350647155219981125e-14
1.797496009152966726e-14
2.983874197334276636e-15
-2.681956521881679517e-15
9.048834096238480469e-16
5.170944213812985610e-15
6.593145927730848115e-15
4.570429893367903996e-15
1.960184285600785669e-15
2.115878395215659100e-17
-4.153353732775652111e-16
-2.070675971630112124e-16
2.496799579590615349e-16
3.573027425794672415e-16
3.130612413904708109e-16
1.893905450158389784e-16
1.381057021432202509e-16
1.151310342701126550e-16
9.724248116445225066e-17
6.406437661023423276e-17
3.159116568989067993e-17
7.755946410281835541e-18
-2.375445097320455311e-18
-5.687767843448391027e-18
-2.805027930980575603e-18
1.074570769633057229e-18
5.115041254433438755e-18
8.346892912616021127e-18
9.495176849852950585e-18
8.712659060419497536e-18
6.119393448863300588e-18
3.359255746379342553e-18
1.085822246084531029e-18
-3.693845875928077892e-19
-9.372709822027106801e-19
-9.828734684187797095e-19
-5.972259553452609159e-19
-1.834641279715074778e-19
1.384573799835359477e-19
2.974439547551215927e-19
2.851261971281397952e-19
2.000699070043885212e-19
7.642165797766547613e-20
1.056525860902579231e-20
-3.891238271050296617e-21
2.361586591681965289e-20
5.200447755208515610e-20
6.907947092853312556e-20
7.039362844528253235e-20
6.294565218323132780e-20
5.550572904155709438e-20
5.086410360995428005e-20
4.850411178699581388e-20
4.624617446722575505e-20
4.096344011337946704e-20
3.259158722702456614e-20
2.292790420506612341e-20
1.345952540223406660e-20
6.787912543822357353e-21
2.262065130751736592e-21
3.878568911178706647e-22
-2.592081941359821037e-22
-2.543511155263033597e-22
-4.872269106646813357e-24
6.078475932123210037e-23
7.088015465547501007e-23
4.871159643857483853e-24
-4.350088601322009403e-23
-5.888248150990150913e-23
-5.026134729465277684e-23
-3.650396263286795985e-23
-2.093353889145630855e-23
-1.170578111363813642e-23
-7.255290496935364020e-24
-3.528144515009550220e-24
-1.331241402760606982e-24
-1.724599682276715789e-25
3.747708526640223694e-25
1.968264406788738361e-25
1.464374171498193411e-27
-1.013502881116404368e-25
-8.945198602166177183e-26
-4.833165125546662799e-26
-1.717073970527085057e-26
-1.460009994463222408e-26
-2.107066885577448278e-26
-2.405678356737118834e-26
-1.993798636572303385e-26
-1.457311527040014530e-26
-1.112322861543893478e-26
-9.673737661309810502e-27
-8.308903273547453571e-27
-6.391036342001127070e-27
-3.732624266577317771e-27
-1.541609525938060642e-27
3.768905620846307199e-29
6.944657417215245296e-28
8.294529849461109049e-28
6.965690444274337718e-28
4.043012034132486672e-28
1.776131979339934444e-28
5.123412948689558647e-30
-5.548370150044796337e-29
-6.467341116223747822e-29
-5.003357838787573597e-29
-2.974696352429508162e-29
-1.864631141799273914e-29
-1.262371554351227725e-29
-1.043287304011751605e-29
-8.180890344170871236e-30
-5.271411187572147908e-30
-2.653865898252660580e-30
-1.245173455807918199e-30
-6.200962381964353237e-31
-6.540519162135328134e-31
-6.228475631477105296e-31
-5.445911890004127216e-31
-3.918407048486887622e-31
-2.671195484668389748e-31
-1.819612488871796041e-31
-1.361398494746530500e-31
-1.052944571986129502e-31
-8.661131876064386637e-32
-7.087573368901616420e-32
-5.475892874312767854e-32
-4.282767928963363586e-32
-3.326698909473794604e-32
-2.492000318936265292e-32
-1.890737106268243731e-32
-1.436161842067224353e-32
-1.051104108387299728e-32
-8.049924653429422358e-33
-5.406836654155158482e-33
-2.998133138837998438e-33
-3.649877206997200224e-33
