1.562877437860877531e-11
-2.638196448250379090e-13
6.300319673743574619e-12
8.719383217085161279e-12
8.306697789114870289e-12
1.135132854640510964e-11
1.427107791456121556e-11
1.727253559358195946e-11
2.142504527791504342e-11
2.625630213045366835e-11
3.184668493381487300e-11
3.838672995112385767e-11
4.583275484143803820e-11
5.420793286551728150e-11
6.353831051173984969e-11
7.382039020703592959e-11
8.502638255359413540e-11
9.714526391778493068e-11
1.101594986381615758e-10
1.240282652227037335e-10
1.387533077252571640e-10
1.543137720245778506e-10
1.707272970868977516e-10
1.880422044690142864e-10
2.062575997690577172e-10
2.255001945396441455e-10
2.458748229839984483e-10
2.674150858253744302e-10
2.903701373346068326e-10
3.148915096504415804e-10
3.410489125983093722e-10
3.691909193111691268e-10
3.994951328614264824e-10
4.320558489426917187e-10
4.672906336718780662e-10
5.053872980654705474e-10
5.464626937752964481e-10
5.909700116080191761e-10
6.390761111238788939e-10
6.909160665010921801e-10
7.468992051014839464e-10
8.071321290701734699e-10
8.717401722337928307e-10
9.410259989515704660e-10
1.015047218652195785e-09
1.093907240262489543e-09
1.177845106185375700e-09
1.266923813983764095e-09
1.361248068750267110e-09
1.461100791963008423e-09
1.566602650168671190e-09
1.677890905570405844e-09
1.795408117532083696e-09
1.919380220770324551e-09
2.050007303046621592e-09
2.188010293205405136e-09
2.333763948668496500e-09
2.487562024961667483e-09
2.650508508707012852e-09
2.823158416323238417e-09
3.005922743932275703e-09
3.200372922801733074e-09
3.407275498368811885e-09
3.627178970046397845e-09
3.862216189001170841e-09
4.113409135984001792e-09
4.381475712940404326e-09
4.669230720988352533e-09
4.977999535709429045e-09
5.308717644207402155e-09
5.665010614152800389e-09
6.048545407081746286e-09
6.460532869129142170e-09
6.905525745718088936e-09
7.385560163636888337e-09
7.902184480807905447e-09
8.460983800987931840e-09
9.064389788074086608e-09
9.714356106295186441e-09
1.041761044327076010e-08
1.117701486311614839e-08
1.199500595874119666e-08
1.287958519061260547e-08
1.383409299813795344e-08
1.486153915011348307e-08
1.597135695982344642e-08
1.716742430310422559e-08
1.845342587554089626e-08
1.984040345004287248e-08
2.133283383868235669e-08
2.293518350362411698e-08
2.466027498034644551e-08
2.651323477880590487e-08
2.849941117280666700e-08
3.063354361043558651e-08
3.292143547038860065e-08
3.536939444187645254e-08
3.799414804504102013e-08
4.080217473230150693e-08
4.380078136215942783e-08
4.700868141399678464e-08
5.043300784255943334e-08
5.408205962117116495e-08
5.797649317508543992e-08
6.212408940968226786e-08
6.653409080353077866e-08
7.122910377398514204e-08
7.621762364171186659e-08
8.150977357683591266e-08
8.713032629909036913e-08
9.308871398337765549e-08
9.939591869658514467e-08
1.060795274275430953e-07
1.131503847884385902e-07
1.206204349847049611e-07
1.285214197256591886e-07
1.368664186360399885e-07
1.456686726687919434e-07
1.549663644470821574e-07
1.647760449674995017e-07
1.751129312342742012e-07
1.860250605867104262e-07
1.975341188285643518e-07
2.096584197865291935e-07
2.224604348413472725e-07
2.359690107956028770e-07
2.502071721081854041e-07
2.652573958035362249e-07
2.811579209058578334e-07
2.979385674913788702e-07
3.157079533253027903e-07
3.345158936717531221e-07
3.544014441978743551e-07
3.755053748647658003e-07
3.978908872378181182e-07
4.216088504175589588e-07
4.468371855470458551e-07
4.736535624850912823e-07
5.021230747592714197e-07
5.324638217881537102e-07
5.647679929495107148e-07
5.991167950661558687e-07
6.357687447084352006e-07
6.748294299422965276e-07
7.163971942917412501e-07
7.607680390232128147e-07
8.080588086375591730e-07
8.583848969448491192e-07
9.120740704836629937e-07
9.692518335859647460e-07
1.030049394106759517e-06
1.094819238411949386e-06
1.163693538793746987e-06
1.236817203154708449e-06
1.314561782591881576e-06
1.397066259046879923e-06
1.484486913848614780e-06
1.577214004899006140e-06
1.675397446679796807e-06
1.779203428832644602e-06
1.889050580355049878e-06
2.005109757766911047e-06
2.127557857952677526e-06
2.256866491526337421e-06
2.393245034682007958e-06
2.536885710422538418e-06
2.688357155749995658e-06
2.847933718420800462e-06
3.015832886872145423e-06
3.192787576307082040e-06
3.379173497901349864e-06
3.575249990122460588e-06
3.782008208433761847e-06
3.999972874734709913e-06
4.229469671556945026e-06
4.471873203641396858e-06
4.727918399655816546e-06
4.998031336154085885e-06
5.284133908019544985e-06
5.587249879326260830e-06
5.907952069606302478e-06
6.248923751162577680e-06
6.611579015069483960e-06
6.996700620999873680e-06
7.408012928797814768e-06
7.847450430119177331e-06
8.316092438937683874e-06
8.819065122653753036e-06
9.358985283659469113e-06
9.937346534176306681e-06
1.056112627047694497e-05
1.123381424785377917e-05
1.195747369806268929e-05
1.274146079052858092e-05
1.359034440438369138e-05
1.450695162882181641e-05
1.550358450605274433e-05
1.658608810255663251e-05
1.775827859808051001e-05
1.903594151360208739e-05
2.042635359444127093e-05
2.193455713562552712e-05
2.358024147555009769e-05
2.537219836132285447e-05
2.731691791064779057e-05
2.943821861255991400e-05
3.174640283366809919e-05
3.424959080492029616e-05
3.697573021778840103e-05
3.993655028511407815e-05
4.314193921553475804e-05
4.662378842746342310e-05
5.039511609168886874e-05
5.446769734283177976e-05
5.887708138931232825e-05
6.363739572836641766e-05
6.876244938956939704e-05
7.429110185087510259e-05
8.023832279563138375e-05
8.662015622224693821e-05
9.347822160852177758e-05
1.008278408199921250e-04
1.086874838960160148e-04
1.171003654282480730e-04
1.260812462576993464e-04
1.356509895672525668e-04
1.458520160178412948e-04
1.566970319970111545e-04
1.682086831346017968e-04
1.804244885590410615e-04
1.933530829717840151e-04
2.070173405941432888e-04
2.214441618817348807e-04
2.366359852338045745e-04
2.526132748583220311e-04
2.693861219911125636e-04
2.869493199227541344e-04
3.053175253602287810e-04
3.244795554897962728e-04
3.444227305484854652e-04
3.651526332551623816e-04
3.866367764635031293e-04
4.088575357405173707e-04
4.318095647414772818e-04
4.554456676473127752e-04
4.797483183559495684e-04
5.047020339277410355e-04
5.302587583937420435e-04
5.564080502001746273e-04
5.831283985815491995e-04
6.103905564307140477e-04
6.381989752150616767e-04
6.665332917171305641e-04
6.954054622896186548e-04
7.248422377479519238e-04
7.548334938372185153e-04
7.854539070261495849e-04
8.167586934908379996e-04
8.487573190867855367e-04
8.816050678958839426e-04
9.153903861178483902e-04
9.501503671795326301e-04
9.861341951302314730e-04
1.023467400192903899e-03
1.062220461437466583e-03
1.102746126695312379e-03
1.145210805554821220e-03
1.189721766226583188e-03
1.236743663000687337e-03
1.286488316496829307e-03
1.339101656004527052e-03
1.395169853878773384e-03
1.454955699620902624e-03
1.518645624837679968e-03
1.586959769406785228e-03
1.660217806490878493e-03
1.738650218784295806e-03
1.823125500685214735e-03
1.914024452202197192e-03
2.011628117793117388e-03
2.116964965724700987e-03
2.230476016879757474e-03
2.352502132978212014e-03
2.484231657216533738e-03
2.626155530338306066e-03
2.778683805131353188e-03
2.943141404052011714e-03
3.120046298630342260e-03
3.309881979996860766e-03
3.514054272434242662e-03
3.733073317864740986e-03
3.967488551159871132e-03
4.218699089575922434e-03
4.487167480573193458e-03
4.773484760619384031e-03
5.078941071723872512e-03
5.403921201197216771e-03
5.749016729712828379e-03
6.115329297332786074e-03
6.503165570702845212e-03
6.913068395811956639e-03
7.345948588641358461e-03
7.802085797520575024e-03
8.281934768649070952e-03
8.786352641018270460e-03
9.315712172840490482e-03
9.870377271297128483e-03
1.045148423599633752e-02
1.105969575827727043e-02
1.169535019830138071e-02
1.236042389283763254e-02
1.305613517368993219e-02
1.378295806239771167e-02
1.454448576831342960e-02
1.534280025183701497e-02
1.617877909761346669e-02
1.705855616319852316e-02
1.798538776324979868e-02
1.896090956562610647e-02
1.999476411824466573e-02
2.109166788940355572e-02
2.225440775244062405e-02
2.349710025814942885e-02
2.482621081904819518e-02
2.624607433312521262e-02
2.777639250698428139e-02
2.942578938736065478e-02
3.120060513563614399e-02
3.312780414844375410e-02
3.521887473790846768e-02
3.748288928806108034e-02
3.995683013332346906e-02
4.265613430755513941e-02
4.559390265755441235e-02
4.882101005814567379e-02
5.235806209192828825e-02
5.622417779608523264e-02
6.048793325092025053e-02
6.517572735872613487e-02
7.031493111429165666e-02
7.599278282987367850e-02
8.224042544320671333e-02
8.909469026753540077e-02
9.665594330166309145e-02
1.049564678166197834e-01
1.140409268162523998e-01
1.240083070376997720e-01
1.348859520272948920e-01
1.467204818440834557e-01
1.595872168155333393e-01
1.735015140679938561e-01
1.885020584519568054e-01
2.046165225312640557e-01
2.218428928731939476e-01
2.402005652980533090e-01
2.596533102198673726e-01
2.801806178757227928e-01
3.017740514230742854e-01
3.243334843446936677e-01
3.478242028973885236e-01
3.722082876164915510e-01
3.973409387473992305e-01
4.231819340151692366e-01
4.496708278924130275e-01
4.766518596930786056e-01
5.040896724507195614e-01
5.319151591258031164e-01
5.599994063704507585e-01
5.883208789210667700e-01
6.168183071556664343e-01
6.454203136416187814e-01
6.741244897506571965e-01
7.028917800606713229e-01
7.317242104024422877e-01
7.606391234006032454e-01
7.896285162557532544e-01
8.187659525613896205e-01
8.480842308339856528e-01
8.776080591238660800e-01
9.074634226268821768e-01
9.376896260564433483e-01
9.683380317676482107e-01
9.995532679531479170e-01
1.031368826530158822e+00
1.063849126603714224e+00
1.097114656797356647e+00
1.131180574475881384e+00
1.166104937072882208e+00
1.201943101494338029e+00
1.238684064875767987e+00
1.276358938412717636e+00
1.314933992317950384e+00
1.354373468747832376e+00
1.394667305944602864e+00
1.435699325626657918e+00
1.477420569542842843e+00
1.519779388427329847e+00
1.562616819946272217e+00
1.605887710400208279e+00
1.649514797675429634e+00
1.693354419502101749e+00
1.737378853788897670e+00
1.781511952621898542e+00
1.825674288006111867e+00
1.869857765845201802e+00
1.914012399881582782e+00
1.958136441110238657e+00
2.002230297460024566e+00
2.046280731287293708e+00
2.090332818021042538e+00
2.134377218576716917e+00
2.178428221502587192e+00
2.222518430979606219e+00
2.266614283234918314e+00
2.310734372807762949e+00
2.354843500701707004e+00
2.398882018901172142e+00
2.442849236728441120e+00
2.486620787185165771e+00
2.530123031062293748e+00
2.573325035843701425e+00
2.616036123873562769e+00
2.658188145439662531e+00
2.699726259537947204e+00
2.740446720394523084e+00
2.780303967817940869e+00
2.819237409250483495e+00
2.857086489646947669e+00
2.893836057610159163e+00
2.929439001917547802e+00
2.963813236071208390e+00
2.996971655744621987e+00
3.028892146336822577e+00
3.059576244418763746e+00
3.089056137720008532e+00
3.117335934445444323e+00
3.144481722146892366e+00
3.170534623094811266e+00
3.195518708635811223e+00
3.219534349309595811e+00
3.242622689898867705e+00
3.264818432867599540e+00
3.286226652549061100e+00
3.306882113088369213e+00
3.326820880757443089e+00
3.346131001822745699e+00
3.364837275521429749e+00
3.382969559367076329e+00
3.400587989214042040e+00
3.417706956728618461e+00
3.434345518417242449e+00
3.450536039111824937e+00
3.466285121697561866e+00
3.481600663352999003e+00
3.496496012825314192e+00
3.510974498311885572e+00
3.525036806583471627e+00
3.538689861320758911e+00
3.551938099716423380e+00
3.564781065892951961e+00
3.577230250656301180e+00
3.589293732314690288e+00
3.600974449263937061e+00
3.612294487893864314e+00
3.623265838415678619e+00
3.633895345315364178e+00
3.644216859998656854e+00
3.654245084884223171e+00
3.663988130662732434e+00
3.673490103792568462e+00
3.682766730009120248e+00
3.691825270193411779e+00
3.700717334158929450e+00
3.709457876204028448e+00
3.718054816629690063e+00
3.726562745518822606e+00
3.734993930616957059e+00
3.743361261235646609e+00
3.751715229431901832e+00
3.760063722549150445e+00
3.768427024780359513e+00
3.776843446770342450e+00
3.785315915452570845e+00
3.793868216007341587e+00
3.802521343793022979e+00
3.811274424979923747e+00
3.820145154259050102e+00
3.829138127689672988e+00
3.838250941879309597e+00
3.847486392376718189e+00
3.856838433987530124e+00
3.866304757939897030e+00
3.875872752264632570e+00
3.885531182063889144e+00
3.895277386057587332e+00
3.905092925164316497e+00
3.914962023582944095e+00
3.924879576723393715e+00
3.934834515240170472e+00
3.944803123200248951e+00
3.954776345372429613e+00
3.964757197930281141e+00
3.974712332218623967e+00
3.984629977552950120e+00
3.994522013238226865e+00
4.004350772334420050e+00
4.014105736416407666e+00
4.023794423216970451e+00
4.033386340549916405e+00
4.042876416626427272e+00
4.052256899182354211e+00
4.061514936305614221e+00
4.070652250888406876e+00
4.079645717534122085e+00
4.088501834257843193e+00
4.097226529251520866e+00
4.105792321270550715e+00
4.114216486294394848e+00
4.122504372481814450e+00
4.130639133604152136e+00
4.138635942762073583e+00
4.146495562413730518e+00
4.154222357239251373e+00
4.161820433007714648e+00
4.169284611887133174e+00
4.176642069319341566e+00
4.183884932432334836e+00
4.191003458693752570e+00
4.198039377018938367e+00
4.204978712709531941e+00
4.211810684969639951e+00
4.218574571661152461e+00
4.225259614221140048e+00
4.231859109517833950e+00
4.238389274677055063e+00
4.244852049505627001e+00
4.251249903934926522e+00
4.257563217242033460e+00
4.263811771276713181e+00
4.270008929748799531e+00
4.276105737647209359e+00
4.282135094958875676e+00
4.288116811803297956e+00
4.293997374394062483e+00
4.299807210964904591e+00
4.305563446701854424e+00
4.311234966524362555e+00
4.316831857729018118e+00
4.322360512803303578e+00
4.327824664603530991e+00
4.333207029930735033e+00
4.338501030520309776e+00
4.343740795683150857e+00
4.348890559800714151e+00
4.353933520511394484e+00
4.358921285844895799e+00
4.363816910022186413e+00
4.368597249835890040e+00
4.373315177345788562e+00
4.377946944566409648e+00
4.382466872773755462e+00
4.386908412604284102e+00
4.391266189649339680e+00
4.395517923817435779e+00
4.399654721385799938e+00
4.403687620679114012e+00
4.407609690489779020e+00
4.411353822940164982e+00
4.414949609872421021e+00
4.418428320217094196e+00
4.421668324366852865e+00
4.424718148591360922e+00
4.427673149451941903e+00
4.430389193119722790e+00
4.432883304454550810e+00
4.435299070588619941e+00
4.437579340634561831e+00
4.439621814308504000e+00
4.441474782705580715e+00
4.443231951325782525e+00
4.444869028477370421e+00
4.446288620829633942e+00
4.447668609412433582e+00
4.449037566363378993e+00
4.450223831269927821e+00
4.451383064379755616e+00
4.452561905378725093e+00
4.453606920905865074e+00
4.454591073234722920e+00
4.455545045363732193e+00
4.456401105477215019e+00
4.457131681075484408e+00
4.457734400730244850e+00
4.458254466180073372e+00
4.458588802309249921e+00
4.458703704578295124e+00
4.458735179304547991e+00
4.458556286485468867e+00
4.458122374929896381e+00
4.457598119728213071e+00
4.456887661539459700e+00
4.455963052145512471e+00
4.454943125244855473e+00
4.453798772853821752e+00
4.452538443079959940e+00
4.451182937558187724e+00
4.449773931684808836e+00
4.448356134439133136e+00
4.446847039673489377e+00
4.445333471572165074e+00
4.443875164270358447e+00
4.442329667774110646e+00
4.440788000117360745e+00
4.439293360467341465e+00
4.437712844270365942e+00
4.436104791486152443e+00
4.434471218249901092e+00
4.432749196080924214e+00
4.430946950892432845e+00
4.429021480745540806e+00
4.427001870480249401e+00
4.424852925227269473e+00
4.422506046847720640e+00
4.420057742633519027e+00
4.417453285531495411e+00
4.414630757012386830e+00
4.411699051527331328e+00
4.408611254198757656e+00
4.405340154939048070e+00
4.401951951543694008e+00
4.398425424977441267e+00
4.394777831530996437e+00
4.391004953008870615e+00
4.387113706691103232e+00
4.383153819821417052e+00
4.379060848612490453e+00
4.374859359329668074e+00
4.370605896625090026e+00
4.366214327203330470e+00
4.361711424071078369e+00
4.357135540184276401e+00
4.352423654860776203e+00
4.347592664536208851e+00
4.342650733380708949e+00
4.337586965327324684e+00
4.332404256704600165e+00
4.327085782989964713e+00
4.321674204864939917e+00
4.316161937843026486e+00
4.310524259298943228e+00
4.304833428971939213e+00
4.299078756162770354e+00
4.293245591620943991e+00
4.287399754414162878e+00
4.281534072653230716e+00
4.275652624799326951e+00
4.269784218300579859e+00
4.263927985981406543e+00
4.258102400884545169e+00
4.252288203150759394e+00
4.246489338520087919e+00
4.240726128799481742e+00
4.234944354163812541e+00
4.229148997844951907e+00
4.223351665048941328e+00
4.217493710787884709e+00
4.211578229185795053e+00
4.205608500684095752e+00
4.199554203904673599e+00
4.193416874366395319e+00
4.187203924501462282e+00
4.180931645018036491e+00
4.174603632750155668e+00
4.168246987200521225e+00
4.161918609070538899e+00
4.155628299566394901e+00
4.149427353152178810e+00
4.143385513051808466e+00
4.137519390339678083e+00
4.131888667638992096e+00
4.126540605178541377e+00
4.121493254161066488e+00
4.116782739086485954e+00
4.112409572030991889e+00
4.108383488171465814e+00
4.104686496332434764e+00
4.101271917201439798e+00
4.098132421406547543e+00
4.095187292324330208e+00
4.092365700943507711e+00
4.089641480776394999e+00
4.086894051476796186e+00
4.084061948884900595e+00
4.081107755009123927e+00
4.077916265904890203e+00
4.074461603243458185e+00
4.070708847811062014e+00
4.066592896194586082e+00
4.062130154393797987e+00
4.057301127953054198e+00
4.052112310736955436e+00
4.046609020351848329e+00
4.040792817391853475e+00
4.034730930909174340e+00
4.028473924230040915e+00
4.022040594939850777e+00
4.015524241323054078e+00
4.008959799192591156e+00
4.002373037564119329e+00
3.995844328374600796e+00
3.989383735063018577e+00
3.983013132233313325e+00
3.976775026650640754e+00
3.970658000933710241e+00
3.964673689775534360e+00
3.958823814505494365e+00
3.953086213275635696e+00
3.947462318504313838e+00
3.941927766531055255e+00
3.936460580552728405e+00
3.931056718324288823e+00
3.925686176405176031e+00
3.920333340334206884e+00
3.914994438902951401e+00
3.909648169972235632e+00
3.904285603023085915e+00
3.898906542077156256e+00
3.893500496736079342e+00
3.888061637237165247e+00
3.882592567225682245e+00
3.877084753028249953e+00
3.871531102968762017e+00
3.865932830248182572e+00
3.860270229505298634e+00
3.854532473386528935e+00
3.848714209777273965e+00
3.842775509463331574e+00
3.836702599775007272e+00
3.830480454834888970e+00
3.824050207935580037e+00
3.817399067398283830e+00
3.810503649891579858e+00
3.803299354600728321e+00
3.795779915732972132e+00
3.787919885837817358e+00
3.779670065083401642e+00
3.771035399931419008e+00
3.761997866276042490e+00
3.752544388891717375e+00
3.742692438012347633e+00
3.732440398596358122e+00
3.721822266858414441e+00
3.710864728207076357e+00
3.699586929431950111e+00
3.688065286723428926e+00
3.676328841155088512e+00
3.664414717775674291e+00
3.652422876936829876e+00
3.640377571865249795e+00
3.628324706176818015e+00
3.616363462819408792e+00
3.604509714072859694e+00
3.592806486765598439e+00
3.581334325787176809e+00
3.570102699631483745e+00
3.559142943037298945e+00
3.548513735623211485e+00
3.538224361409335827e+00
3.528292212699069452e+00
3.518764780092821454e+00
3.509657579674944738e+00
3.500978413087907359e+00
3.492778932635602462e+00
3.485083400846097579e+00
3.477897479199276720e+00
3.471285582831102445e+00
3.465278112894848217e+00
3.459884511872234114e+00
3.455178303766290870e+00
3.451190932880375595e+00
3.447937313714961149e+00
3.445488574679439253e+00
3.443874151620573087e+00
3.443112630637519711e+00
3.443264218107030317e+00
3.444358088031642229e+00
3.446414253064826294e+00
3.449484838756930571e+00
3.453603583001637833e+00
3.458791679683239639e+00
3.465105530648425525e+00
3.472585662693704833e+00
3.481255620922755867e+00
3.491185335921051180e+00
3.502415860276418602e+00
3.514972117648837990e+00
3.528928374660363687e+00
3.544309999372205144e+00
3.561136386674535359e+00
3.579452158625450409e+00
3.599246130739812699e+00
3.620518889125552864e+00
3.643236705363184669e+00
3.667336508588860511e+00
3.692785136313632588e+00
3.719430978988675918e+00
3.747159144213787041e+00
3.775894384819179717e+00
3.805362598327748813e+00
3.835416410366827122e+00
3.865944163595276706e+00
3.896592328265212402e+00
3.927214746652526234e+00
3.957684872604496196e+00
3.987651249607290893e+00
4.017005004302593996e+00
4.045636203936894937e+00
4.073286466382355364e+00
4.099908952446685184e+00
4.125440213951524271e+00
4.149779644450743099e+00
4.172946728504459024e+00
4.194940616985303627e+00
4.215830957867897411e+00
4.235686765649858465e+00
4.254565319555502434e+00
4.272662760379120073e+00
4.290067533456642934e+00
4.306871782936944726e+00
4.323317369826013667e+00
4.339481048440268829e+00
4.355457294664266676e+00
4.371448797088985927e+00
4.387499711927590695e+00
4.403677736852915636e+00
4.420088738909883297e+00
4.436739302162266085e+00
4.453654749790599610e+00
4.470830524222269453e+00
4.488245311733803256e+00
4.505883434606282378e+00
4.523657667311824504e+00
4.541536576023901262e+00
4.559478164182348969e+00
4.577363856490515914e+00
4.595169794933211982e+00
4.612847702229220914e+00
4.630299692730193151e+00
4.647520767719345081e+00
4.664473716018560090e+00
4.681116178768386149e+00
4.697464271661487167e+00
4.713501590825271315e+00
4.729251273778733555e+00
4.744744768542918045e+00
4.759987747506031042e+00
4.775056208712666006e+00
4.789986346348304558e+00
4.804800725960125085e+00
4.819601248191170306e+00
4.834417358124588837e+00
4.849279878628331097e+00
4.864285283331732934e+00
4.879447292870957575e+00
4.894795545127048619e+00
4.910394175431987307e+00
4.926237077511410156e+00
4.942344448301398074e+00
4.958731994056918779e+00
4.975375489282813923e+00
4.992280223203916734e+00
5.009411614371878763e+00
5.026734160055226219e+00
5.044236851909004393e+00
5.061847000478159053e+00
5.079527609200231275e+00
5.097254605701594166e+00
5.114939332246400738e+00
5.132552921096007914e+00
5.150065322501111709e+00
5.167396926274991031e+00
5.184533514687248434e+00
5.201447820554617074e+00
5.218089387942701940e+00
5.234460398956018778e+00
5.250543919435076035e+00
5.266328268745506413e+00
5.281829191389560307e+00
5.297044051232044914e+00
5.311997756932687942e+00
5.326713969228234369e+00
5.341203877455247273e+00
5.355518002326564719e+00
5.369681895267276239e+00
5.383716570421460013e+00
5.397683892170744180e+00
5.411606878262664289e+00
5.425510882898255005e+00
5.439456856637570503e+00
5.453463292614189051e+00
5.467555028463788602e+00
5.481784872254945817e+00
5.496166881715002006e+00
5.510722434484118359e+00
5.525494126053994925e+00
5.540492707166692732e+00
5.555735208127113189e+00
5.571255172798402988e+00
5.587061149469402466e+00
5.603166274733361263e+00
5.619596959588271545e+00
5.636360021682901511e+00
5.653465517612120017e+00
5.670933682904588657e+00
5.688769411556633848e+00
5.706980141374994986e+00
5.725579512656866932e+00
5.744570004271122521e+00
5.763956343437516949e+00
5.783744442720475831e+00
5.803934038072160462e+00
5.824526743465193057e+00
5.845519987933919026e+00
5.866910905370285256e+00
5.888697714107404835e+00
5.910869831027508070e+00
5.933422435217458712e+00
5.956350538603512490e+00
5.979637471682250016e+00
6.003277417423904971e+00
6.027262950126517360e+00
6.051574273715753627e+00
6.076205540166642827e+00
6.101148078939552910e+00
6.126382144030260157e+00
6.151902552626093978e+00
6.177700681833125707e+00
6.203759378866224417e+00
6.230074408303757139e+00
6.256638240287994535e+00
6.283437658776688473e+00
6.310469262300493654e+00
6.337727175382942058e+00
6.365202143818724956e+00
6.392891239670270842e+00
6.420790263468084902e+00
6.448892933244160908e+00
6.477196389636155516e+00
6.505697710347763341e+00
6.534392133420297455e+00
6.563276590613999595e+00
6.592348841688182581e+00
6.621604294609497288e+00
6.651039605228569407e+00
6.680652655706137644e+00
6.710438155516865955e+00
6.740392607353929755e+00
6.770513648301787590e+00
6.800795006315738078e+00
6.831233247500608563e+00
6.861825632322960722e+00
6.892565069828155977e+00
6.923448380796020096e+00
6.954472497773419803e+00
6.985629853720126903e+00
7.016917598706336356e+00
7.048332460140337652e+00
7.079866664773696527e+00
7.111517616284774412e+00
7.143281933971081799e+00
7.175151692562653061e+00
7.207124349261061269e+00
7.239196432522153835e+00
7.271359699801265286e+00
7.303611402363231697e+00
7.335947917386786088e+00
7.368360400642437469e+00
7.400845653136862268e+00
7.433399804872158789e+00
7.466013142552111681e+00
7.498681845890499353e+00
7.531401719956323682e+00
7.564162038462341364e+00
7.596958289756145177e+00
7.629785932524797865e+00
7.662633245579112184e+00
7.695495053131534924e+00
7.728366510478381635e+00
7.761235049617300596e+00
7.794094929235206415e+00
7.826941087321833912e+00
7.859760310197754229e+00
7.892546426363979073e+00
7.925294247273431125e+00
7.957990084602429626e+00
7.990627478117612092e+00
8.023201170400639626e+00
8.055697085636962740e+00
8.088108603989233814e+00
8.120430402412107895e+00
8.152648016522567431e+00
8.184754779202878083e+00
8.216745254295279466e+00
8.248604543366276687e+00
8.280326032743991149e+00
8.311904102190316834e+00
8.343323400467991036e+00
8.374577463485483264e+00
8.405660432566181228e+00
8.436556577950902636e+00
8.467259677572739562e+00
8.497763633492935398e+00
8.528052535282409252e+00
8.558120482202831170e+00
8.587961208193151563e+00
8.617558920897909758e+00
8.646908088837912842e+00
8.676002412175657597e+00
8.704826543917619119e+00
8.733375318419911437e+00
8.761642565219952772e+00
8.789613640490903990e+00
8.817283677564093480e+00
8.844646778740710147e+00
8.871689103702548707e+00
8.898405958330291909e+00
8.924791795786758186e+00
8.950833478127933063e+00
8.976526320332482101e+00
9.001865113220436143e+00
9.026837137628628938e+00
9.051437554099091898e+00
9.075661389714447580e+00
9.099495956952084796e+00
9.122936139573310399e+00
9.145977042875445662e+00
9.168605634883743249e+00
9.190816474687864002e+00
9.212604580562876677e+00
9.233956324975599372e+00
9.254865983991843237e+00
9.275328367600657486e+00
9.295329204511306287e+00
9.314862611472189968e+00
9.333923149718094336e+00
9.352496078595267548e+00
9.370575534038033894e+00
9.388155880971813971e+00
9.405222265533842219e+00
9.421769037816561720e+00
9.437790497585030636e+00
9.453272131233207531e+00
9.468208676433599535e+00
9.482594543968978940e+00
9.496416011891533060e+00
9.509668329703677259e+00
9.522346199411694911e+00
9.534437055435057928e+00
9.545936722649353001e+00
9.556840342921077536e+00
9.567136735972722406e+00
9.576822309511014097e+00
9.585892741164395048e+00
9.594338322071472192e+00
9.602156010251846396e+00
9.609342058470600634e+00
9.615888200114923734e+00
9.621791891588058476e+00
9.627049954223808825e+00
9.631655465167101582e+00
9.635606326239022579e+00
9.638899893067755187e+00
9.641530465441965347e+00
9.643496348560992359e+00
9.644795388896250543e+00
9.645422999611955817e+00
9.645377862654099133e+00
9.644658276173963429e+00
9.643260686295747064e+00
9.641184139001071074e+00
9.638427355562923182e+00
9.634987765016697736e+00
9.630864773902716891e+00
9.626057508766065141e+00
9.620564354047312250e+00
9.614385077376729427e+00
9.607519199961215506e+00
9.599966046220114180e+00
9.591725745336015407e+00
9.582798205563687333e+00
9.573183679471839014e+00
9.562882655810879484e+00
9.551895422111266853e+00
9.540223146057204673e+00
9.527866670634713486e+00
9.514826653256976741e+00
9.501105160871732735e+00
9.486703382141653762e+00
9.471622333271106697e+00
9.455864962105239968e+00
9.439432792042893539e+00
9.422327186001639987e+00
9.404551953197495706e+00
9.386108939949648899e+00
9.366999843944389781e+00
9.347229317395830961e+00
9.326799519006215178e+00
9.305712470915686652e+00
9.283973654660341523e+00
9.261585534642312822e+00
9.238550450748705956e+00
9.214874709476232439e+00
9.190561080508937053e+00
9.165612220727430426e+00
9.140035271089239188e+00
9.113833313788971324e+00
9.087009330023802178e+00
9.059571320944966644e+00
9.031522695626030384e+00
9.002866775849829750e+00
8.973612462745743201e+00
8.943763510890141433e+00
8.913323606345668892e+00
8.882302595723517769e+00
8.850704596874232166e+00
8.818533686611267797e+00
8.785800693885574830e+00
8.752510110266014109e+00
8.718666424907436152e+00
8.684281459148225579e+00
8.649360074919290042e+00
8.613907180933605190e+00
8.577935556172887388e+00
8.541450410808904437e+00
8.504457056684591620e+00
8.466969137788785460e+00
8.428992169416678948e+00
8.390531819859045726e+00
8.351602443418379096e+00
8.312209797522134735e+00
8.272359828164608686e+00
8.232067390181539324e+00
8.191338404642452886e+00
8.150178988632653443e+00
8.108604250456361129e+00
8.066620187743252401e+00
8.024232964270892055e+00
7.981457683399874270e+00
7.938300332010984839e+00
7.894766992924118654e+00
7.850872524561833821e+00
7.806622824214283440e+00
7.762023779430336390e+00
7.717089810938825956e+00
7.671826664130829698e+00
7.626239946163983596e+00
7.580343518271352110e+00
7.534142934890405208e+00
7.487643479425016402e+00
7.440858418481343328e+00
7.393793104564906571e+00
7.346452503107323118e+00
7.298849343829378000e+00
7.250988796795554414e+00
7.202875565584002437e+00
7.154521989850373132e+00
7.105933106542774880e+00
7.057113458656456118e+00
7.008075217985059169e+00
6.958823363242779614e+00
6.909362412175418022e+00
6.859704643118285539e+00
6.809855068686604618e+00
6.759818334758509017e+00
6.709607121051571532e+00
6.659226571308784592e+00
6.608681611459398475e+00
6.557985599459780879e+00
6.507143897527956078e+00
6.456161841016698766e+00
6.405053683449747126e+00
6.353825067218610734e+00
6.302481823734819244e+00
6.251039220583641587e+00
6.199503202568521054e+00
6.147880124651467604e+00
6.096186257752703064e+00
6.044427822952215479e+00
5.992611657438896344e+00
5.940754880755235057e+00
5.888863914096059027e+00
5.836945966184398316e+00
5.785018712254152540e+00
5.733088654091937464e+00
5.681163201557692055e+00
5.629260182122600931e+00
5.577386029569294301e+00
5.525548143933879608e+00
5.473764037463070053e+00
5.422039917759459371e+00
5.370382949404777229e+00
5.318809855916938112e+00
5.267326472036247154e+00
5.215939514947466549e+00
5.164664499185510849e+00
5.113506770148569913e+00
5.062472425256443920e+00
5.011575453188686247e+00
4.960820636760871594e+00
4.910213339831006607e+00
4.859765844367554877e+00
4.809482346057623481e+00
4.759367429224355739e+00
4.709431635103033642e+00
4.659678594097028004e+00
4.610112131659265700e+00
4.560741150470033034e+00
4.511568775218320226e+00
4.462598149605977227e+00
4.413836748476720473e+00
4.365287275504149633e+00
4.316952310009082083e+00
4.268838180458838671e+00
4.220947265560886841e+00
4.173281719235389708e+00
4.125847035239824656e+00
4.078645362139366348e+00
4.031678571224277974e+00
3.984951626375733635e+00
3.938466529834367957e+00
3.892225002101617815e+00
3.846231745713515338e+00
3.800488683065978979e+00
3.754997494232888755e+00
3.709762832459887250e+00
3.664786586402138724e+00
3.620070478228408106e+00
3.575619256416110670e+00
3.531434801193258366e+00
3.487518928710845234e+00
3.443876556409508183e+00
3.400509561974305317e+00
3.357419876719831109e+00
3.314612592823951598e+00
3.272089574271515477e+00
3.229852859951151789e+00
3.187907661956472793e+00
3.146255805299250863e+00
3.104899403558754489e+00
3.063843684031021031e+00
3.023090396625312426e+00
2.982641676212582027e+00
2.942502623889997171e+00
2.902674871068760876e+00
2.863160505921591881e+00
2.823964340281083452e+00
2.785087840378120294e+00
2.746532971956488822e+00
2.708304088953136901e+00
2.670402446789397644e+00
2.632829812694262639e+00
2.595589924714873487e+00
2.558683787372827645e+00
2.522112900281734404e+00
2.485880253301662179e+00
2.449986569717700569e+00
2.414433025996823634e+00
2.379221769703728118e+00
2.344353225692595188e+00
2.309828210423497286e+00
2.275647981776932394e+00
2.241812664130607757e+00
2.208322698763980352e+00
2.175178456686986284e+00
2.142379775123201657e+00
2.109926727255075907e+00
2.077818848160318144e+00
2.046055714906701795e+00
2.014637060011845726e+00
1.983561674284439746e+00
1.952828911926265398e+00
1.922438208491819234e+00
1.892387731211812030e+00
1.862676654460117431e+00
1.833304171159694240e+00
1.804267960367240242e+00
1.775567060455467860e+00
1.747200480288938040e+00
1.719165545991537813e+00
1.691461199966778350e+00
1.664086323579745619e+00
1.637038011735645782e+00
1.610315143575483221e+00
1.583916522194552590e+00
1.557839109333216010e+00
1.532081744204870866e+00
1.506643189770586533e+00
1.481520343176916166e+00
1.456712017230078260e+00
1.432216959909921927e+00
1.408032041638552778e+00
1.384156053502644923e+00
1.360587740672974943e+00
1.337323956928066382e+00
1.314363469494114423e+00
1.291705021546652787e+00
1.269345438496015666e+00
1.247283457256940231e+00
1.225517811235227628e+00
1.204045271616461799e+00
1.182864536782308740e+00
1.161974317353718700e+00
1.141371298270598800e+00
1.121054131566279644e+00
1.101021490191959940e+00
1.081269941758985276e+00
1.061798086135547825e+00
1.042604544793511723e+00
1.023685743343314858e+00
1.005040226617066601e+00
9.866665541023088570e-01
9.685609946603587206e-01
9.507220385308348121e-01
9.331481774096529458e-01
9.158355201860183259e-01
8.987825061907722679e-01
8.819875587993898369e-01
8.654466352189976730e-01
8.491581304274539166e-01
8.331204041199758992e-01
8.173292804125079636e-01
8.017831188201269832e-01
7.864802245361336430e-01
7.714163154784570153e-01
7.565897262985524785e-01
7.419987204262307179e-01
7.276389423379271415e-01
7.135087134599437109e-01
6.996062705857951647e-01
6.859272207502420393e-01
6.724698841402739768e-01
6.592324871887594862e-01
6.462106361185212533e-01
6.334026615147785311e-01
6.208067956614803373e-01
6.084186787678026453e-01
5.962366624356650879e-01
5.842589998394251971e-01
5.724813959604946323e-01
5.609022324135016779e-01
5.495197961866503666e-01
5.383298820292710118e-01
5.273309084582298301e-01
5.165212063536359643e-01
5.058966781778195809e-01
4.954557838204782794e-01
4.851969048079980418e-01
4.751160615609486548e-01
4.652117572945622670e-01
4.554824274097928338e-01
4.459242128519897985e-01
4.365356597345202982e-01
4.273152571202009642e-01
4.182592620714702392e-01
4.093662611652646444e-01
4.006347938430124267e-01
3.920612232476581305e-01
3.836441725563961569e-01
3.753822258731094874e-01
3.672718386370789623e-01
3.593116660589767974e-01
3.515003296217966700e-01
3.438343617745628911e-01
3.363124452783861074e-01
3.289332311720502555e-01
3.216933144965478664e-01
3.145914019098697834e-01
3.076261667332964023e-01
3.007942552594993768e-01
2.940943958156320703e-01
2.875252783067523410e-01
2.810835937546143914e-01
2.747680917075637774e-01
2.685774753455956732e-01
2.625084797155013971e-01
2.565598769728116846e-01
2.507303831258782534e-01
2.450167824482779588e-01
2.394178726722118178e-01
2.339323850884541534e-01
2.285571634538958452e-01
2.232910351283220185e-01
2.181327516247610065e-01
2.130792298551984210e-01
2.081293312880592994e-01
2.032818342836260062e-01
1.985337438740279736e-01
1.938839598761980809e-01
1.893312947686982828e-01
1.848728557583536602e-01
1.805075844434625709e-01
1.762343342567837812e-01
1.720503258427089899e-01
1.679545448389366535e-01
1.639458911103098271e-01
1.600217059654192864e-01
1.561810200347455713e-01
1.524227831265047850e-01
1.487444599508666587e-01
1.451451258716122683e-01
1.416237819677861609e-01
1.381780149104620825e-01
1.348069435768123048e-01
1.315096196203543177e-01
1.282837469470633485e-01
1.251284860970981461e-01
1.220429370239197592e-01
1.190249140583510418e-01
1.160736172495635543e-01
1.131881915930230548e-01
1.103665541765156410e-01
1.076079423660727535e-01
1.049115425604685847e-01
1.022753671045368434e-01
9.969868862711732393e-02
9.718073140987237846e-02
9.471959642080095276e-02
9.231458972411608899e-02
8.996497041568697617e-02
8.766892266474179962e-02
8.542578439131359724e-02
8.323484704621360308e-02
8.109437383852736991e-02
7.900373319374694170e-02
7.696224707909336826e-02
7.496825469023063460e-02
7.302115380206776474e-02
7.112029559519784938e-02
6.926409305363517843e-02
6.745197230372841635e-02
6.568331284153995642e-02
6.395659982210720462e-02
6.227128685114190904e-02
6.062678111209986870e-02
5.902163864780542862e-02
5.745533976830920903e-02
5.592731886977139050e-02
5.443620173447558802e-02
5.298149467043037492e-02
5.156265887651478169e-02
5.017838871132299094e-02
4.882821581336423827e-02
4.751162777698399869e-02
4.622738625261147566e-02
4.497504755044586661e-02
4.375412521504417479e-02
4.256344671251858364e-02
4.140259234662179572e-02
4.027110110348568889e-02
3.916786455788517224e-02
3.809248628762034600e-02
3.704453013397069477e-02
3.602294983125212818e-02
3.502737145723210793e-02
3.405738303803538397e-02
3.311199829001649358e-02
3.219086495915664953e-02
3.129359450298963702e-02
3.041925824858433478e-02
2.956752472709959015e-02
2.873802799746090486e-02
2.792989448212569378e-02
2.714281257686065527e-02
2.637643804680982196e-02
2.562994980905806963e-02
2.490305518397619919e-02
2.419543069790094925e-02
2.350630513705927530e-02
2.283540380625116717e-02
2.218242301621430046e-02
2.154663882903163144e-02
2.092779361119578851e-02
2.032560246891336117e-02
1.973938622735483400e-02
1.916890342328468957e-02
1.861388697700732189e-02
1.807370008074394782e-02
1.754811659041629820e-02
1.703688628470749478e-02
1.653941246564874165e-02
1.605548350139893860e-02
1.558486511368928178e-02
1.512699860336673592e-02
1.468168608749421088e-02
1.424870836580089534e-02
1.382754276724476074e-02
1.341800443413957572e-02
1.301988843362855176e-02
1.263270627578761025e-02
1.225628543848581407e-02
1.189043449868123353e-02
1.153469740108106767e-02
1.118891329729570540e-02
1.085290356332580843e-02
1.052624290724607503e-02
1.020878151522634780e-02
9.900352889261570047e-03
9.600560881698000371e-03
9.309266093036790146e-03
9.026313505960229661e-03
8.751334532664021768e-03
8.484199584868117039e-03
8.224764499449959548e-03
7.972686688652010079e-03
7.727845789280593687e-03
7.490107878281849346e-03
7.259154830448006669e-03
7.034874939671757928e-03
6.817143917939552829e-03
6.605666591769739603e-03
6.400339364171394978e-03
6.201046986136514449e-03
6.007515760835420437e-03
5.819649674557676733e-03
5.637341932733407578e-03
5.460338887290926840e-03
5.288551605963648893e-03
5.121881179661056001e-03
4.960092639884487557e-03
4.803103659302658014e-03
4.650822665767217166e-03
4.503032069699244334e-03
4.359655698175608080e-03
4.220608792476174785e-03
4.085689916771686331e-03
3.954828627987990244e-03
3.827946486082593053e-03
3.704857062886617123e-03
3.585495246026845339e-03
3.469788450661762808e-03
3.357564189641230185e-03
3.248762306648305797e-03
3.143315641023265977e-03
3.041064657151991684e-03
2.941953803583245274e-03
2.845920945254948580e-03
2.752818581649444513e-03
2.662595437430904238e-03
2.575194036018710417e-03
2.490478063531803479e-03
2.408400213565894347e-03
2.328907330779202492e-03
2.251873502186643120e-03
2.177255103979569215e-03
2.105002992758118249e-03
2.035000928456876402e-03
1.967208703742997274e-03
1.901580903760217425e-03
1.838010286708591278e-03
1.776459815158929487e-03
1.716887543240316720e-03
1.659194602101834006e-03
1.603346896354071330e-03
1.549305711333364343e-03
1.496979971410698253e-03
1.446338312969016942e-03
1.397345034441662553e-03
1.349916315508537098e-03
1.304023330235594370e-03
1.259633189486061193e-03
1.216668828165129749e-03
1.175103778431241383e-03
1.134907777997799534e-03
1.096010050522094230e-03
1.058386319340525296e-03
1.022008776091733878e-03
9.868124960231421539e-04
9.527752376042414014e-04
9.198714837500794389e-04
8.880417493585714009e-04
8.572656812330768520e-04
8.275198990505321312e-04
7.987499671069114458e-04
7.709372816791410258e-04
7.440604511111397097e-04
7.180697178488016676e-04
6.929480958098400761e-04
6.686760391900070264e-04
6.452081146818450545e-04
6.225288285331323068e-04
6.006203427562694991e-04
5.794412110964303588e-04
5.589773131917269997e-04
5.392123857204182387e-04
5.201086492159624850e-04
5.016532442451544999e-04
4.838313544642921702e-04
4.666085646447977985e-04
4.499731705461269132e-04
4.339116814353281815e-04
4.183927624854701772e-04
4.034057659102023032e-04
3.889384124584587400e-04
3.749621834658813276e-04
3.614673960592581169e-04
3.484428763575857517e-04
3.358626777256496659e-04
3.237179979211346199e-04
3.119986708306675622e-04
3.006810978030917598e-04
2.897572800936256180e-04
2.792179703927442479e-04
2.690417134963172868e-04
2.592212438892819429e-04
2.497481525016995770e-04
2.406029414641883992e-04
2.317790146551129162e-04
2.232687285257460141e-04
2.150543733953676087e-04
2.071299645861535881e-04
1.994885584228432566e-04
1.921140795614319436e-04
1.850011020984009544e-04
1.781433227676291846e-04
1.715261602832219678e-04
1.651446995092140785e-04
1.589932234151154693e-04
1.530585164413244084e-04
1.473361302931866404e-04
1.418208844835404663e-04
1.365008113654975859e-04
1.313718891279650467e-04
1.264294279496544786e-04
1.216625996247687713e-04
1.170677716147447645e-04
1.126407022057179086e-04
1.083716025812054700e-04
1.042571950825207499e-04
1.002936465324505660e-04
9.647211515963727247e-05
9.278964636420053435e-05
8.924277872127271054e-05
8.582353229217691028e-05
8.252924609973391645e-05
7.935679635059544239e-05
7.629898634413632443e-05
7.335342152600827224e-05
7.051728417963928225e-05
6.778408837173398945e-05
6.515168088170438453e-05
6.261752097557382515e-05
6.017576668329278569e-05
5.782448303522858332e-05
5.556137953286317100e-05
5.338119668556798168e-05
5.128219662075886705e-05
4.926231458727679829e-05
4.731681726419845370e-05
4.544414460370898532e-05
4.364243535359110847e-05
4.190743130658201274e-05
4.023773281649651185e-05
3.863166218050514782e-05
3.708539069105727307e-05
3.559766347133493108e-05
3.416696879128886785e-05
3.278986729205110449e-05
3.146523488596631986e-05
3.019171055976672914e-05
2.896620912567295892e-05
2.778772469845302155e-05
2.665503370477916955e-05
2.556537371071705212e-05
2.451784547286872367e-05
2.351135085327960497e-05
2.254342070277888231e-05
2.161325148697757577e-05
2.071985881649926931e-05
1.986103743963556784e-05
1.903606892079603359e-05
1.824407039376215603e-05
1.748307009463459676e-05
1.675242430421122034e-05
1.605133863506069629e-05
1.537804375468018110e-05
1.473196066840781819e-05
1.411237028703613874e-05
1.351767603912794876e-05
1.294735441422436286e-05
1.240074997222508644e-05
1.187641367206875362e-05
1.137386940530599694e-05
1.089251738671141754e-05
1.043103804189775411e-05
9.988996011723796033e-06
9.565844386505661552e-06
9.160383045893549252e-06
8.772212174336126348e-06
8.400840055342822428e-06
8.045182211077321846e-06
7.704870391019992917e-06
7.379473115372825172e-06
7.068019737962859458e-06
6.770170522233003942e-06
6.485557883529680200e-06
6.213320352407100558e-06
5.953144415317826757e-06
5.704724448247225571e-06
5.467297456003365504e-06
5.240574701728881891e-06
5.024302776700015367e-06
4.817800485439442196e-06
4.620803513661156030e-06
4.433094268069633649e-06
4.254054061405384642e-06
4.083443871109502039e-06
3.921063156251410602e-06
3.766338757858191898e-06
3.619058757232609223e-06
3.479024075119020668e-06
3.345696459465454737e-06
3.218893078448677470e-06
3.098408112293816297e-06
2.983735300008284888e-06
2.874722030328999304e-06
2.771155990214040202e-06
2.672566084177579443e-06
2.578829387215295199e-06
2.489733532245532559e-06
2.404848497091402788e-06
2.324078597141228009e-06
2.247219921847139256e-06
2.173888876409368421e-06
2.104013045737836728e-06
2.037403730701811211e-06
1.973726705961252843e-06
1.912928065342489288e-06
1.854837491678256083e-06
1.799170559737064671e-06
1.745887006647173158e-06
1.694835151009609365e-06
1.645779332710176533e-06
1.598688359194242502e-06
1.553428901743650609e-06
1.509812723123905061e-06
1.467813580069761292e-06
1.427318206359190094e-06
1.388184550599591722e-06
1.350387785206789617e-06
1.313839530402045730e-06
1.278442161384026377e-06
1.244169568968514013e-06
1.210965090585708381e-06
1.178771935242159723e-06
1.147561127017034414e-06
1.117313546734814094e-06
1.088006615771541734e-06
1.059608090543675830e-06
1.032137657627256856e-06
1.005597054997817582e-06
9.799512810722984161e-07
9.552531749401565502e-07
9.315167347475723571e-07
9.087051195159358329e-07
8.868918763999491568e-07
8.660912258842073093e-07
8.462654048511619394e-07
8.274921378189951804e-07
8.097761798616178474e-07
7.930797118345779256e-07
7.774681734036117581e-07
7.629309274035719091e-07
7.494312092757260587e-07
7.370096148063873659e-07
7.256378135567239842e-07
7.152817822571697267e-07
7.059506440462178220e-07
6.975982363896355329e-07
6.901955353583549461e-07
6.837192280578279875e-07
6.781055369821351077e-07
6.733327796797528115e-07
6.693480202326605870e-07
6.660695184839168379e-07
6.634845873102017550e-07
6.615151189256409226e-07
6.600612362867421786e-07
6.591195587316536926e-07
6.585918251335586986e-07
6.583622337993221498e-07
6.584354747651647297e-07
6.586992634294639309e-07
6.590289735840699005e-07
6.594348858594423057e-07
6.597995281954537001e-07
6.600025219399351704e-07
6.600566056695764368e-07
6.598518493236710419e-07
6.592894689358516561e-07
6.583814471244995012e-07
6.570412159270377761e-07
6.552085879041076269e-07
6.528918568864562176e-07
6.500432544465698660e-07
6.466517803369977575e-07
6.427195691523374452e-07
6.382474879204567052e-07
6.332730241028624270e-07
6.277903150474623958e-07
6.218484711410169952e-07
6.155203030986187053e-07
6.087910421321078198e-07
6.017459551830495798e-07
5.944710498641745604e-07
5.869430615003784401e-07
5.792625744468329416e-07
5.715046354049200049e-07
5.636394900223063872e-07
5.557598409830145017e-07
5.479110537070090264e-07
5.400604070485970072e-07
5.322742730162104403e-07
5.245600655868748286e-07
5.168865982430318172e-07
5.092850497840131828e-07
5.017280250625506461e-07
4.941904808669006883e-07
4.866700297979943476e-07
4.791163060863655557e-07
4.715142130734715331e-07
4.638372224206020823e-07
4.560278988983415308e-07
4.480834288945101700e-07
4.399658845941340950e-07
4.316261650107274270e-07
4.230743437693943513e-07
4.142729507206381852e-07
4.051929202398470620e-07
3.958561737919954860e-07
3.862340731913521969e-07
3.763240493450822231e-07
3.661574842522450583e-07
3.557187055805965887e-07
3.450326592433856236e-07
3.341368230406929610e-07
3.230289378645617747e-07
3.117576855739097148e-07
3.003626961862700195e-07
2.888530062891029802e-07
2.772936148544648117e-07
2.657222292722824059e-07
2.541556406208173476e-07
2.426656142452370684e-07
2.312842409150664404e-07
2.200320279947197192e-07
2.089775527090774287e-07
1.981445012724656389e-07
1.875532577597778247e-07
1.772605799999896503e-07
1.672802851545535503e-07
1.576295056505951479e-07
1.483472781842330814e-07
1.394375849026288885e-07
1.309122353797212770e-07
1.227901458983221947e-07
1.150668554955054571e-07
1.077479900632210270e-07
1.008334203527784380e-07
9.431256843990358344e-08
8.818515967414552843e-08
8.243580099314169720e-08
7.705048129467413606e-08
7.202418315265045038e-08
6.733150811538019334e-08
6.295749545307455670e-08
5.889401941791754011e-08
5.511110164541324357e-08
5.159472006748147695e-08
4.833533520536051089e-08
4.530293973145633640e-08
4.248557894646995514e-08
3.987372353927057141e-08
3.744044073472024739e-08
3.517626126339411696e-08
3.307263635899003726e-08
3.110727664099979672e-08
2.927309156146002362e-08
2.756300089884779564e-08
2.595966415368561588e-08
2.445796785862110817e-08
2.305239131561982113e-08
2.173002572802089540e-08
2.048723830476335093e-08
1.931990130175710393e-08
1.821863680080538862e-08
1.718083475781840152e-08
1.620347515798600992e-08
1.527975820677213514e-08
1.440774029746880315e-08
1.358520975775897771e-08
1.280713170252653295e-08
1.207198488072956931e-08
1.137811208942440525e-08
1.072164019656667382e-08
1.010132002823121938e-08
9.515861752264787840e-09
8.962152778070424712e-09
8.439131562003727487e-09
7.945751895841426371e-09
7.479417682875277960e-09
7.039210614663795835e-09
6.624253076114010763e-09
6.232326831554576223e-09
5.862633599115208697e-09
5.514421593075398291e-09
5.185773998655934907e-09
4.875998867062513982e-09
4.584446261507363487e-09
4.309456620367159380e-09
4.050434000277575421e-09
3.806815951638667793e-09
3.577170471640081802e-09
3.360988022845181872e-09
3.157783559166318539e-09
2.966328366600061458e-09
2.786189698556065023e-09
2.616951460678485008e-09
2.457565679091449229e-09
2.307666858253676377e-09
2.166899993968786719e-09
2.034376095350442341e-09
1.909787788035094656e-09
1.792833650926027689e-09
1.682762927757161716e-09
1.579317948889589488e-09
1.482243804257556322e-09
1.390908721625450635e-09
1.305097213568097288e-09
1.224594386012012879e-09
1.148870076631763279e-09
1.077744408331210100e-09
1.011036683288248439e-09
9.483030153515284053e-10
8.893934835049334754e-10
8.341564720565687339e-10
7.822210522484569586e-10
7.334624391738062973e-10
6.877536651553081417e-10
6.447853078338148748e-10
6.044536302561344660e-10
5.666524994770681764e-10
5.311242128537253024e-10
4.977826232234861402e-10
4.665391673857077178e-10
4.371795266187279774e-10
4.096322238489878938e-10
3.838234766139574800e-10
3.595752672970497106e-10
3.368283291771873345e-10
3.155212823447867831e-10
2.955064075147063082e-10
2.767345821102388828e-10
2.591548054556785285e-10
2.426445858129834069e-10
2.271632153827651576e-10
2.126683568113641778e-10
1.990584797585204499e-10
1.862998494885775140e-10
1.743573427477500868e-10
1.631468176792750237e-10
1.526403152567048370e-10
1.428087080827411186e-10
1.335822640551427102e-10
1.249378085475723028e-10
1.168511908142019591e-10
1.092646151917291578e-10
1.021588724373572288e-10
9.551393945200720477e-11
8.928190975219728235e-11
8.344686337803784953e-11
7.799220009458476567e-11
7.287821124317557035e-11
6.809170780995943997e-11
6.361892872545608377e-11
5.942696669963106986e-11
5.550490193136284837e-11
5.184132963305375980e-11
4.840899024571332494e-11
4.519885053818325332e-11
4.220146250728651893e-11
3.939425983883161509e-11
3.676977801812825172e-11
3.432019499537360494e-11
3.202684632525465459e-11
2.988357157521531471e-11
2.788390024676915784e-11
2.601241211402560886e-11
2.426403009395804220e-11
2.263340721791870569e-11
2.110781979145152166e-11
1.968308974552191089e-11
1.835480381869703549e-11
1.711247796676930678e-11
1.595267912459600480e-11
1.487176948048500299e-11
1.386112311152898971e-11
1.291792332149969623e-11
1.203917567855478559e-11
1.121779367407518593e-11
1.045146964600733519e-11
9.737742286250701379e-12
9.070798377315078558e-12
8.448749869172873113e-12
7.869576556415348384e-12
7.328516530560475666e-12
6.824027002537790361e-12
6.354452133247763629e-12
5.915896454144696942e-12
5.507100757011436377e-12
5.126709665428329511e-12
4.771540495489785561e-12
4.440566574101748470e-12
4.132679863820578538e-12
3.845283039896450969e-12
3.577539821223389805e-12
3.328545436420149012e-12
3.096182495978967676e-12
2.879770397861100955e-12
2.678571151992550690e-12
2.490860288199694950e-12
2.316084351472861773e-12
2.153641996527507545e-12
2.002130011571233368e-12
1.861098681010059524e-12
1.730058464686535751e-12
1.607868514932684911e-12
1.494163682906966633e-12
1.388545800557079863e-12
1.290088070209402979e-12
1.198494226811613683e-12
1.113440696393161687e-12
1.034175158115350213e-12
9.604574161405079560e-13
8.920247352943128781e-13
8.282668998706167056e-13
7.689893215312498597e-13
7.139788417908784489e-13
6.627408973836019497e-13
6.151179726744269953e-13
5.709372753708090852e-13
5.297982975276857421e-13
4.915736376689436371e-13
4.561233441894059658e-13
4.231233446292070420e-13
3.924706814837958372e-13
3.640521000971275832e-13
3.376055979619853960e-13
3.130480438197481233e-13
2.902878680123601737e-13
2.691134331154345166e-13
2.494576758014935345e-13
2.312466256792074417e-13
2.143094796073157349e-13
1.985921853958793002e-13
1.840350436680628054e-13
1.705003304086643399e-13
1.579445201865021171e-13
1.463194755147860662e-13
1.355142459260094168e-13
1.254938152118483860e-13
1.162194044186484216e-13
1.076017138363372851e-13
9.961259945462374257e-14
9.222085041085544116e-14
8.535465947097122595e-14
7.899142771555380460e-14
7.310605880461936117e-14
6.764086563516609208e-14
6.257771948104987647e-14
5.789645957019088200e-14
5.355078647038776778e-14
4.952617181089625757e-14
4.580643508722413632e-14
4.235445256622704446e-14
3.915859296069347324e-14
3.620588270209501030e-14
3.346658473876538961e-14
3.093139676455602027e-14
2.858992671142551910e-14
2.641837854578854242e-14
2.440932042921108025e-14
2.255443643345248799e-14
2.083470434248562806e-14
1.924419304347542244e-14
1.777625477196618375e-14
1.641569955455459944e-14
1.515779910975950675e-14
1.399724476403330792e-14
1.292191986675284496e-14
1.192805917820615254e-14
1.101142791211239785e-14
1.016237156979779761e-14
9.377895118018673765e-15
8.654624109360719996e-15
7.984874449642031395e-15
7.366266391571337899e-15
6.796114021936290618e-15
6.268308361937293079e-15
5.780960621271107210e-15
5.331935325151046031e-15
4.916381174522694398e-15
4.532800669349275436e-15
4.179497878500570031e-15
3.852624537291863237e-15
3.550994633375690526e-15
3.273262818166331232e-15
3.016379816806497737e-15
2.779407285610238372e-15
2.561279170275742218e-15
2.359581882731723978e-15
2.173573775805629767e-15
2.002411029164225481e-15
1.844185209061017849e-15
1.698310705980124621e-15
1.564120317214253483e-15
1.440106560682267134e-15
1.325807474223036500e-15
1.220696051621388828e-15
1.123582688632923887e-15
1.034103300172444578e-15
9.518420351731341917e-16
8.758610258616935828e-16
8.058735864726048753e-16
7.415518949893476600e-16
6.821572288543173205e-16
6.274640488812751366e-16
5.772141708190539690e-16
5.308262533012988492e-16
4.881230188875840279e-16
4.489013142291688236e-16
4.127040535191540464e-16
3.793920171013357502e-16
3.488054959118148510e-16
3.205854157578359782e-16
2.946225419227094979e-16
2.707914297318997021e-16
2.488102469107347078e-16
2.285933628150486310e-16
2.100423322349465138e-16
1.929361437951619067e-16
1.772077318488699571e-16
1.627799072449097432e-16
1.494795086420674888e-16
1.372540593009913335e-16
1.260430900099981551e-16
1.157110527310552328e-16
1.062169248725350437e-16
9.751337781577483438e-17
8.949440457903392700e-17
8.212796729436624635e-17
7.537705598730557557e-17
6.915884443446788212e-17
6.344833581610129985e-17
5.821661582460923952e-17
5.339903160994755330e-17
4.897609886387715261e-17
4.492524922887009545e-17
4.119606421053160029e-17
3.777337103373967328e-17
3.463957120430044107e-17
3.175538462623802604e-17
2.910900733709241449e-17
2.668672936963256191e-17
2.445797786141301355e-17
2.241357839717857037e-17
2.054286055334400732e-17
1.882205136748799175e-17
1.724402684813081502e-17
1.580049016175824925e-17
1.447297334594319645e-17
1.325594964086803526e-17
1.214297391526955604e-17
1.111971275440693349e-17
1.018188236682973414e-17
9.324480739293450097e-18
8.536393547650817480e-18
7.814303338280236418e-18
7.154331663090791979e-18
6.547868040637941365e-18
5.992345577110052829e-18
5.484759729051817430e-18
5.018445636119337733e-18
4.591418830409080273e-18
4.201353824555565867e-18
3.843096177396540139e-18
3.515112972046978533e-18
3.215605868133695822e-18
2.940591908432599522e-18
2.688887955822447783e-18
2.459104509020622520e-18
2.248166403198878983e-18
2.055161217125021514e-18
1.879016244621909905e-18
1.717359165130292300e-18
1.569486906731150355e-18
1.434572019737958567e-18
1.310785888942240924e-18
1.197587203214124333e-18
1.094338222027732661e-18
9.996305800624987970e-19
9.130478544551161295e-19
8.340989236258203268e-19
7.616999832392745300e-19
6.955309527374042006e-19
6.352139328917526307e-19
5.799155759286089393e-19
5.293900617511833082e-19
4.833468523250465602e-19
4.411457149241921452e-19
4.025980220582984442e-19
3.674805877604710287e-19
3.353019595829058910e-19
3.059175207997862625e-19
2.791559688708361164e-19
2.546403805504674188e-19
2.322599774580373573e-19
2.118833916249185368e-19
1.932217891566344017e-19
1.761903863683695776e-19
1.606885272635393993e-19
1.464950735996679723e-19
1.335451934152877678e-19
1.217618300135969006e-19
1.109758234458783112e-19
1.011376417586826432e-19
9.218834654042495960e-20
8.399865289295637807e-20
7.653075122965792681e-20
6.973960123874909512e-20
6.352648085137543679e-20
5.786255373322807810e-20
5.271343101712680922e-20
4.800379493135660252e-20
4.371167185667041487e-20
3.981082882833992113e-20
3.624385439193850216e-20
3.299401885827478595e-20
3.004132867724149030e-20
2.734206000794901337e-20
2.488348666219538684e-20
2.265038407279053283e-20
2.060948202989275623e-20
1.875110826963841179e-20
1.706368011084654490e-20
1.552190432936203613e-20
1.411843638585361210e-20
1.284447244145688317e-20
1.168080150151164661e-20
1.062185190446700894e-20
9.660938478272727051e-21
8.783484180444556351e-21
7.985266592034447411e-21
7.261214624162092964e-21
6.600278769572167661e-21
5.999262430912435524e-21
5.454323004318096158e-21
4.957093138112121926e-21
4.505155007875980918e-21
4.095599550400185413e-21
3.722095207902927436e-21
3.382814291540021219e-21
3.075555281515265815e-21
2.795528854393416931e-21
2.541354538956684014e-21
2.311365651770301762e-21
2.101944012223592071e-21
1.912051112342564853e-21
1.740430458652384919e-21
1.584369597222354548e-21
1.443091257798843994e-21
1.315673297559608572e-21
1.200060380934398924e-21
1.095624575156930945e-21
1.001642988218295665e-21
9.163127066301478341e-22
8.390414894868068829e-22
7.690692402734611160e-22
7.048487524831261368e-22
6.460108277821787241e-22
5.920010132659157791e-22
5.421370832993277222e-22
4.962953998963156527e-22
4.541834346643840532e-22
4.149983805371783652e-22
3.786380843762614028e-22
3.425512167275624997e-22
3.067396202779508046e-22
2.755004746246998653e-22
2.390120015396785814e-22
2.039013321663581135e-22
1.977208701730670041e-22
1.517531880761065478e-22
5.768997606317718529e-23
2.096851782254088070e-22
