2.051314980224384443e-08
-7.098673937300150338e-09
4.373247986385223525e-09
7.367360229081865165e-09
1.499752780935760986e-09
5.736540836926609340e-09
7.141214825329817880e-09
6.116339391266798950e-09
7.982907527898803305e-09
9.164831402094296109e-09
9.669028180464041516e-09
1.097353221073893282e-08
1.207990322854002099e-08
1.293490494533214039e-08
1.395707282179611870e-08
1.487013838827921096e-08
1.567888518850379498e-08
1.651729962577382406e-08
1.732134100670202534e-08
1.811611581571952074e-08
1.894234035122527976e-08
1.978803966894998833e-08
2.067765914095386479e-08
2.162921667649144021e-08
2.264737990035472936e-08
2.376381159627343528e-08
2.498804556364706624e-08
2.633142486499982516e-08
2.781715839248978013e-08
2.944436344907057626e-08
3.122249274906488952e-08
3.315659639993227783e-08
3.523996047575106027e-08
3.747769436578171025e-08
3.986309130181696044e-08
4.238918557931926992e-08
4.505861823102857783e-08
4.786225661393340191e-08
5.079489893978904357e-08
5.385882353707733306e-08
5.704671935855453341e-08
6.035459419670025062e-08
6.378509071591024257e-08
6.733263988890739632e-08
7.099353347366648235e-08
7.477059041369410419e-08
7.865882818783515562e-08
8.265445007131579143e-08
8.676006593080069562e-08
9.097067205548692059e-08
9.528249522937493536e-08
9.969758827594291093e-08
1.042110787291697264e-07
1.088197297243772435e-07
1.135247282286015251e-07
1.183222835038510635e-07
1.232107536988466322e-07
1.281902125010506269e-07
1.332599173361004568e-07
1.384216221270165069e-07
1.436741773429756578e-07
1.490231189609968909e-07
1.544762351456055643e-07
1.600313012637867778e-07
1.657047182468884220e-07
1.715136648193257404e-07
1.774554055085147309e-07
1.835628879087761444e-07
1.898663007740189096e-07
1.963635251393030068e-07
2.031100147461074047e-07
2.101519994710373358e-07
2.174897080227747806e-07
2.252058693101030895e-07
2.333640293289232722e-07
2.419689304014417083e-07
2.511321873266425779e-07
2.609329631817374265e-07
2.713826747749062365e-07
2.826182719289400277e-07
2.947290181076744353e-07
3.077344820193377848e-07
3.217869224661137901e-07
3.369763683762206396e-07
3.533305756229246750e-07
3.710007682060494532e-07
3.900657513497972808e-07
4.105594930027294633e-07
4.326116567888104228e-07
4.562774795430642360e-07
4.815930830152968590e-07
5.086458748632950867e-07
5.374577646752828675e-07
5.680615178426935608e-07
6.004864313585106352e-07
6.347166210808068175e-07
6.707758504646817015e-07
7.086288083554393542e-07
7.482241372216075204e-07
7.895725095410400099e-07
8.325792700055276910e-07
8.771663024615751378e-07
9.233301820436062308e-07
9.709331479341070410e-07
1.019883123003002359e-06
1.070165431197504369e-06
1.121622433989564603e-06
1.174161447565384257e-06
1.227762858901416984e-06
1.282273368362325485e-06
1.337610064382785828e-06
1.393756629102385540e-06
1.450583268426335405e-06
1.508021945075817378e-06
1.566067495233188871e-06
1.624623673980534321e-06
1.683636829834762132e-06
1.743118135916756800e-06
1.803004955987505539e-06
1.863253601243406298e-06
1.923892545029237326e-06
1.984885225918701594e-06
2.046192435957440912e-06
2.107856433622252010e-06
2.169856151151219141e-06
2.232153281712014443e-06
2.294796991761988535e-06
2.357773057721882235e-06
2.421044388451850005e-06
2.484658941457078181e-06
2.548606368024507055e-06
2.612855431391719924e-06
2.677445964523571242e-06
2.742375684473657949e-06
2.807627061479484422e-06
2.873228087713918969e-06
2.939194968510265901e-06
3.005532860481586557e-06
3.072258371868813212e-06
3.139420238191434846e-06
3.207054221701285285e-06
3.275169917455898578e-06
3.343863303684994959e-06
3.413206237905626726e-06
3.483208341103964861e-06
3.554026549506140981e-06
3.625772025341001205e-06
3.698462556322113447e-06
3.772329841281679123e-06
3.847527217457091118e-06
3.924088923839925486e-06
4.002340001365528956e-06
4.082481900603245294e-06
4.164574318209749202e-06
4.249066941156277517e-06
4.336222194357242840e-06
4.426137623604862483e-06
4.519440790228001188e-06
4.616477538151811405e-06
4.717403516704640335e-06
4.823105944799693968e-06
4.934045712861390490e-06
5.050469521428510629e-06
5.173633783336572933e-06
5.304150569582679594e-06
5.442405768155884068e-06
5.590150307345480719e-06
5.748179940058753540e-06
5.917079971520885389e-06
6.099214849925133574e-06
6.295585607813971035e-06
6.507038384106031611e-06
6.736641496511018978e-06
6.985614136451710929e-06
7.255108361458919431e-06
7.548956423972457413e-06
7.868623058644811383e-06
8.215577813453039428e-06
8.594494659598094034e-06
9.007180312940075783e-06
9.455396425363618730e-06
9.944877763699071726e-06
1.047802614551042265e-05
1.105686042298651193e-05
1.168874014729046755e-05
1.237717782135675394e-05
1.312447720005066757e-05
1.394077773127948721e-05
1.483156797596070984e-05
1.579964362563918679e-05
1.685986799792464063e-05
1.802093461756949775e-05
1.928665465062694240e-05
2.067936258055081192e-05
2.221243065840912810e-05
2.389163105493014581e-05
2.575001252880029247e-05
2.780705651943193307e-05
3.007186592564190441e-05
3.259123660484373628e-05
3.539170213888997182e-05
3.848732143137402971e-05
4.194041184150660537e-05
4.578449686882153240e-05
5.004010328400845695e-05
5.478442589175547224e-05
6.005646573101202653e-05
6.588408648713365223e-05
7.235540250841015488e-05
7.951173084551963323e-05
8.738792792199410726e-05
9.607553896144459705e-05
1.056135760040382692e-04
1.160418931419630119e-04
1.274451995526224295e-04
1.398547605924543272e-04
1.533116476570075832e-04
1.678824479637863211e-04
1.835854722668296723e-04
2.004577176813519780e-04
2.185378871462647732e-04
2.378277456861970873e-04
2.583541126322625391e-04
2.801225629472413390e-04
3.031179754430421945e-04
3.273511733696015291e-04
3.527971109773197990e-04
3.794285169920284654e-04
4.072361962670478634e-04
4.361781915648873359e-04
4.662267622500182907e-04
4.973524924911778894e-04
5.295250071039005668e-04
5.627361770697453551e-04
5.969425898466337128e-04
6.321717006705500656e-04
6.684635993003950087e-04
7.057764578503124319e-04
7.442600104943841765e-04
7.840372538625600034e-04
8.250952265971981184e-04
8.677836273408924593e-04
9.123431401414752772e-04
9.588287782604067513e-04
1.007868259383313094e-03
1.059845505157901201e-03
1.114930490541756825e-03
1.174086719439801320e-03
1.237847140811605467e-03
1.306542501571875342e-03
1.381485760831456218e-03
1.463337155806464186e-03
1.552619636162467847e-03
1.650947374083704816e-03
1.759058179143872238e-03
1.877670448453753202e-03
2.008588420645650210e-03
2.152559654592174371e-03
2.310464134025083053e-03
2.484145329216409012e-03
2.674294125342157463e-03
2.881882605826779475e-03
3.108649159779508422e-03
3.355186829757036970e-03
3.622469510588307434e-03
3.912049611471335279e-03
4.224425710314718904e-03
4.560488839259598144e-03
4.921634167597716339e-03
5.308318769533983648e-03
5.721302677229782828e-03
6.161973943521597934e-03
6.630834754602314175e-03
7.128526969267686558e-03
7.656663178260303404e-03
8.215873769056339718e-03
8.806762478159476520e-03
9.431386494212502455e-03
1.009053353930284939e-02
1.078489650195165600e-02
1.151705831083955738e-02
1.228789133938081903e-02
1.309830533680734176e-02
1.395122914399077839e-02
1.484742058017784160e-02
1.578807029295472078e-02
1.677594843680150355e-02
1.781139118121794623e-02
1.889580833965594925e-02
2.003103029369381408e-02
2.121663200147745967e-02
2.245402091625013294e-02
2.374322879481669327e-02
2.508283002470807280e-02
2.647386942192491918e-02
2.791399816831763303e-02
2.940082320595316032e-02
3.093462369542087850e-02
3.251083263762271497e-02
3.412656867408642852e-02
3.578107375354166314e-02
3.746894713430808793e-02
3.918786183814090829e-02
4.093611159760610768e-02
4.271039593767902987e-02
4.451054317113693065e-02
4.633457582697305538e-02
4.818576073214889122e-02
5.006805568540929202e-02
5.198061598115825271e-02
5.393874450927953895e-02
5.595249250395706309e-02
5.802423124749134242e-02
6.018666096795675241e-02
6.245734354678824513e-02
6.484432197182964097e-02
6.740138778467547054e-02
7.015391405350081266e-02
7.311787563926076816e-02
7.636852167014299142e-02
7.993778798422182530e-02
8.385091479247026858e-02
8.820039661652255558e-02
9.302180830096785924e-02
9.834935933134654473e-02
1.042836678989434995e-01
1.108596268909860655e-01
1.181180462856255137e-01
1.261545334889829506e-01
1.349982464810058069e-01
1.446921604753617918e-01
1.553118080373704357e-01
1.668757455603957496e-01
1.794231419399516803e-01
1.929953241607366143e-01
2.075965334405917295e-01
2.232556084064576674e-01
2.399694700454073626e-01
2.577262901423778008e-01
2.765387475417050989e-01
2.963555313377357892e-01
3.171494308250711880e-01
3.389130857146840925e-01
3.615508370406163574e-01
3.850232753257712415e-01
4.093020755991975679e-01
4.342587136610063792e-01
4.598468464826361290e-01
4.860197322441425771e-01
5.126334116866937407e-01
5.396410852153793458e-01
5.669834732491021434e-01
5.945215314397979123e-01
6.222144732025610692e-01
6.499988043562636708e-01
6.777597326871876993e-01
7.054676050198730453e-01
7.330639219703566356e-01
7.604724357936935020e-01
7.876772750806665391e-01
8.146330907272117949e-01
8.413083445959405049e-01
8.677005903411348919e-01
8.937828993356360385e-01
9.195653618410229990e-01
9.450558986659460814e-01
9.702472333573339824e-01
9.951801589035444984e-01
1.019868316149534104e+00
1.044321226263352331e+00
1.068595272935509266e+00
1.092705144097114944e+00
1.116671340087965758e+00
1.140551292486530199e+00
1.164357477853768197e+00
1.188114499195287666e+00
1.211871025237764909e+00
1.235636248078926469e+00
1.259432919311022081e+00
1.283297911516589673e+00
1.307238086633778718e+00
1.331270649397588768e+00
1.355423684149697605e+00
1.379703765736149501e+00
1.404121413473610858e+00
1.428701948533019683e+00
1.453453529961868940e+00
1.478380761460544646e+00
1.503511291648077508e+00
1.528855498141306946e+00
1.554413611826553021e+00
1.580216418515536070e+00
1.606275382825434583e+00
1.632587583024603717e+00
1.659181805686798405e+00
1.686067809018923613e+00
1.713239696532081524e+00
1.740713624117576686e+00
1.768493874359689855e+00
1.796570483432844201e+00
1.824933417098430377e+00
1.853577901830103514e+00
1.882487851365808984e+00
1.911614939308383221e+00
1.940943379112391343e+00
1.970448841128363382e+00
2.000039415309287083e+00
2.029689223330178205e+00
2.059364893319422851e+00
2.088937016064564833e+00
2.118373832337641538e+00
2.147634850040227139e+00
2.176572034035721970e+00
2.205154291269105560e+00
2.233339261845416868e+00
2.260988468753934111e+00
2.288078140774238545e+00
2.314571817450754576e+00
2.340370012882608375e+00
2.365460398473814951e+00
2.389820509830336892e+00
2.413410600666337391e+00
2.436229557703793347e+00
2.458274591478510462e+00
2.479569933105509882e+00
2.500121096425036438e+00
2.519946019637890000e+00
2.539118335331874032e+00
2.557643223978221414e+00
2.575554975562879712e+00
2.592947914914931484e+00
2.609820871838630207e+00
2.626215703626534559e+00
2.642215165223759765e+00
2.657809956062995749e+00
2.673039072634452840e+00
2.687950751511102965e+00
2.702531703120837125e+00
2.716809764557973406e+00
2.730794791001972310e+00
2.744478490667928039e+00
2.757874633632553252e+00
2.770971486139041318e+00
2.783775818433870342e+00
2.796290733289521047e+00
2.808511912277549261e+00
2.820467481498713180e+00
2.832157208567785300e+00
2.843610546470138889e+00
2.854876087984936195e+00
2.865956917226714307e+00
2.876926587325075335e+00
2.887846033393369094e+00
2.898723626027307265e+00
2.909666966178426240e+00
2.920737244347353379e+00
2.931944804755914902e+00
2.943407453370735727e+00
2.955175105255568369e+00
2.967254768137560728e+00
2.979749107481477921e+00
2.992688918709672574e+00
3.006075314011660726e+00
3.019978580405396240e+00
3.034406742345503005e+00
3.049357896171544180e+00
3.064862801072456566e+00
3.080906043814167550e+00
3.097489765336026490e+00
3.114604313530822566e+00
3.132212170707215915e+00
3.150326533134947926e+00
3.168898954146400992e+00
3.187873467304600528e+00
3.207276762151044291e+00
3.227025986215836806e+00
3.247053685445715931e+00
3.267395485915359554e+00
3.287944352072462717e+00
3.308631653756906044e+00
3.329491233713648857e+00
3.350409229538260814e+00
3.371327538097524279e+00
3.392265426275353324e+00
3.413123030161045790e+00
3.433862260861254345e+00
3.454479040230233000e+00
3.474904244825250288e+00
3.495123456392196903e+00
3.515109697342028383e+00
3.534830310959517607e+00
3.554290843391407773e+00
3.573451693376448635e+00
3.592309657089585162e+00
3.610881079565634977e+00
3.629128294747707262e+00
3.647062671586339011e+00
3.664701552306778964e+00
3.682019326733131148e+00
3.699027742901945359e+00
3.715739822650069524e+00
3.732142181985084850e+00
3.748240297644819918e+00
3.764044100398626913e+00
3.779545102528548473e+00
3.794744484335675239e+00
3.809654224244476861e+00
3.824264727142236975e+00
3.838578881332518566e+00
3.852614111257492535e+00
3.866362678468540093e+00
3.879832786519469057e+00
3.893044481370019572e+00
3.906002639908047414e+00
3.918718011523850464e+00
3.931204614758622373e+00
3.943487627934047612e+00
3.955571400137023463e+00
3.967455121084781933e+00
3.979176218034600421e+00
3.990721196866417131e+00
4.002072931591229121e+00
4.013254668309573781e+00
4.024227389285974787e+00
4.034967474573654123e+00
4.045453386527566586e+00
4.055624805852613868e+00
4.065469386592881484e+00
4.074911352337662329e+00
4.083891565204840646e+00
4.092424051476883484e+00
4.100408404363258263e+00
4.107823501440697633e+00
4.114709683286364772e+00
4.121000982779837507e+00
4.126744938965777543e+00
4.131988116480055595e+00
4.136748244206159164e+00
4.141137868227336760e+00
4.145180012793312940e+00
4.148973999495447096e+00
4.152649875357835363e+00
4.156189547077416613e+00
4.159716687455475181e+00
4.163315717606121957e+00
4.166937465995650847e+00
4.170662777229908080e+00
4.174500006524537454e+00
4.178398180872438417e+00
4.182371963213583399e+00
4.186377372092249693e+00
4.190383896870071290e+00
4.194367270432514339e+00
4.198279802829353535e+00
4.202111483437264816e+00
4.205832819910063414e+00
4.209419999637749044e+00
4.212874658756244450e+00
4.216164700573512114e+00
4.219286218253079923e+00
4.222255785089996216e+00
4.225024161032945536e+00
4.227596712658799660e+00
4.230015905331952375e+00
4.232220896582298053e+00
4.234223864102982127e+00
4.236087386640211783e+00
4.237772628279807385e+00
4.239296352368644882e+00
4.240709923361420941e+00
4.242032154086421869e+00
4.243276158251229724e+00
4.244444388379208455e+00
4.245622325299444277e+00
4.246813097265138559e+00
4.247947900193604909e+00
4.249129736960579606e+00
4.250380974472094842e+00
4.251605872378485529e+00
4.252847419018264574e+00
4.254151371250441294e+00
4.255489242808556227e+00
4.256834492477079124e+00
4.258199021850079369e+00
4.259620240834954608e+00
4.261022113260410471e+00
4.262377216386351364e+00
4.263762186154679945e+00
4.265096486644389451e+00
4.266334544798902506e+00
4.267549722842578497e+00
4.268696788872053283e+00
4.269737468028384164e+00
4.270706616631449570e+00
4.271607220922322590e+00
4.272422559512498275e+00
4.273139266496422728e+00
4.273791752644273245e+00
4.274385552615071582e+00
4.274878266933485271e+00
4.275305252318405635e+00
4.275684235166768765e+00
4.275976893693280267e+00
4.276196816057817429e+00
4.276360552729696174e+00
4.276459139574730450e+00
4.276481275583715380e+00
4.276433725145158959e+00
4.276340757880041643e+00
4.276179335480981614e+00
4.275946663938982262e+00
4.275684403270456180e+00
4.275374824527910178e+00
4.275012743882212085e+00
4.274634200635080816e+00
4.274236776237121838e+00
4.273821295656213159e+00
4.273401357895576957e+00
4.272989578167446290e+00
4.272596973752034621e+00
4.272210740254300809e+00
4.271851490707534005e+00
4.271538219462073016e+00
4.271239505104357015e+00
4.270975609770828463e+00
4.270766494953755377e+00
4.270576123131744062e+00
4.270418396908863379e+00
4.270306430221157079e+00
4.270213510500898479e+00
4.270144727068492685e+00
4.270101907471478775e+00
4.270076554735362073e+00
4.270065866443039759e+00
4.270061629840897766e+00
4.270074617275514406e+00
4.270097634163060540e+00
4.270118642889552341e+00
4.270160964606517950e+00
4.270217761237734777e+00
4.270280942490135345e+00
4.270374826214344388e+00
4.270497149293555061e+00
4.270648689661026509e+00
4.270843036927912451e+00
4.271084445503361415e+00
4.271381418096297899e+00
4.271729377530658844e+00
4.272137701707289459e+00
4.272614999961548143e+00
4.273138057066964812e+00
4.273716765179746524e+00
4.274348522916119109e+00
4.274998167116971892e+00
4.275669784344765745e+00
4.276339565109811502e+00
4.276971938253652183e+00
4.277559755005055031e+00
4.278054620145037568e+00
4.278432718598090823e+00
4.278673848916576539e+00
4.278711520666499624e+00
4.278541757925400368e+00
4.278134547580335401e+00
4.277421067504403318e+00
4.276418039585290209e+00
4.275093138375464896e+00
4.273395446520106944e+00
4.271355980788125173e+00
4.268949068471898478e+00
4.266158967856530815e+00
4.263020338750378890e+00
4.259521255612092716e+00
4.255688581789885738e+00
4.251550139400177564e+00
4.247110833286313003e+00
4.242434859926868640e+00
4.237536593483397063e+00
4.232436812330421461e+00
4.227221812215033125e+00
4.221891308499411188e+00
4.216478579933768067e+00
4.211073479252536167e+00
4.205664335608206628e+00
4.200292985201609319e+00
4.195037547619676843e+00
4.189880166559343699e+00
4.184867530215067966e+00
4.180057112165779465e+00
4.175429257255218296e+00
4.171031705657243016e+00
4.166898095387643330e+00
4.163008993645575195e+00
4.159408762260061287e+00
4.156107354758596273e+00
4.153085422324591214e+00
4.150378941213417328e+00
4.147975536536229413e+00
4.145855181049951987e+00
4.144040353094796458e+00
4.142497742699105423e+00
4.141207186222399805e+00
4.140172864535042407e+00
4.139342204858951213e+00
4.138698118859090336e+00
4.138222791070614193e+00
4.137848671178962157e+00
4.137567522883445648e+00
4.137339059269698360e+00
4.137091236576002196e+00
4.136830790552505022e+00
4.136500642036817332e+00
4.136041930630740993e+00
4.135478973696578464e+00
4.134750517504166112e+00
4.133829949524413294e+00
4.132755028420187493e+00
4.131475605578756927e+00
4.130006127887821066e+00
4.128387154182711960e+00
4.126589331503383029e+00
4.124657310758652606e+00
4.122621933057844856e+00
4.120472321277135919e+00
4.118254979968317464e+00
4.115983001933950725e+00
4.113651087638035442e+00
4.111277045118745477e+00
4.108856276896127646e+00
4.106375196947635864e+00
4.103809078374154318e+00
4.101142006169149035e+00
4.098348347973189476e+00
4.095372509441322251e+00
4.092194480864416839e+00
4.088786737586152853e+00
4.085091934990304985e+00
4.081089575508745071e+00
4.076767365425101097e+00
4.072093833703948285e+00
4.067048241441747258e+00
4.061644780040617242e+00
4.055888074763253748e+00
4.049758474007588482e+00
4.043292918873883757e+00
4.036522921521449980e+00
4.029436390581301985e+00
4.022075840631591959e+00
4.014482422728288036e+00
4.006662114539238928e+00
3.998643546076059874e+00
3.990466386880516581e+00
3.982162373738701078e+00
3.973737085729991403e+00
3.965229022698629091e+00
3.956692752430972515e+00
3.948116958069534110e+00
3.939544109342765221e+00
3.931035886128814827e+00
3.922580091022303872e+00
3.914222098097179359e+00
3.906008413935071477e+00
3.897940725550034902e+00
3.890055497876641954e+00
3.882366250717671274e+00
3.874893550535759346e+00
3.867649023708378042e+00
3.860608640529505475e+00
3.853806251418285811e+00
3.847221103208662729e+00
3.840801806235870419e+00
3.834584965684175284e+00
3.828526390437746674e+00
3.822566713670572103e+00
3.816736615866133775e+00
3.810991045174961567e+00
3.805282663258449105e+00
3.799632676319706803e+00
3.794019568538267606e+00
3.788421343111008088e+00
3.782850275513517602e+00
3.777321810592713103e+00
3.771842157921824423e+00
3.766416333397524685e+00
3.761093012133461144e+00
3.755899377852861765e+00
3.750833925043597361e+00
3.745960580208981483e+00
3.741314186412815435e+00
3.736886529923660660e+00
3.732733751802182365e+00
3.728885102501923843e+00
3.725325939544958498e+00
3.722086779009707413e+00
3.719183587823350567e+00
3.716597357532121393e+00
3.714327023919548054e+00
3.712375169567854627e+00
3.710722367471204208e+00
3.709342628992589486e+00
3.708230430137259503e+00
3.707370364543994601e+00
3.706725918817030063e+00
3.706289760815957290e+00
3.706053222083221410e+00
3.705983789664992756e+00
3.706076418722664911e+00
3.706328469597639508e+00
3.706719759623143151e+00
3.707249064546308759e+00
3.707915702328458796e+00
3.708712051294851708e+00
3.709641218641110516e+00
3.710699173868093226e+00
3.711885888131913447e+00
3.713209495768095447e+00
3.714659208184509342e+00
3.716237707396746970e+00
3.717958748330129293e+00
3.719805584117779507e+00
3.721783018947132593e+00
3.723909886636759925e+00
3.726168611774539396e+00
3.728570625288593732e+00
3.731137809582548925e+00
3.733859101891602972e+00
3.736759411809348119e+00
3.739860903109029078e+00
3.743165398839797486e+00
3.746715899395091753e+00
3.750532359957316597e+00
3.754632211152150845e+00
3.759075041863594979e+00
3.763876747331199812e+00
3.769068366216511645e+00
3.774717642893574254e+00
3.780834994333182930e+00
3.787459239539474165e+00
3.794654145494728681e+00
3.802423662531638993e+00
3.810807189985009114e+00
3.819854541090809352e+00
3.829563089679878019e+00
3.839967191327848806e+00
3.851099623165335384e+00
3.862952091944681587e+00
3.875551801304237376e+00
3.888918017497493995e+00
3.903037737679567964e+00
3.917932115926203718e+00
3.933611009120419055e+00
3.950056110500163697e+00
3.967284289631985761e+00
3.985293049148431521e+00
4.004056161783182688e+00
4.023585518810008033e+00
4.043853781826300953e+00
4.064824166789489546e+00
4.086499205389095835e+00
4.108811260030820200e+00
4.131713986081282819e+00
4.155194577560012092e+00
4.179139342060563145e+00
4.203499452316715512e+00
4.228243607525214998e+00
4.253226042803818885e+00
4.278407207145898283e+00
4.303740717984522846e+00
4.329081544877769083e+00
4.354410585893030650e+00
4.379676558110653595e+00
4.404773626892280802e+00
4.429707596215575194e+00
4.454435302226561255e+00
4.478916010406868153e+00
4.503175112613672759e+00
4.527187573414424016e+00
4.550978694699982618e+00
4.574580404654278176e+00
4.597988431488960082e+00
4.621270490914462847e+00
4.644450214475910776e+00
4.667538734297902003e+00
4.690610135737240505e+00
4.713669637772848198e+00
4.736733408916580679e+00
4.759849753354765234e+00
4.783003892606588536e+00
4.806206280321345226e+00
4.829463220056134709e+00
4.852746666976014644e+00
4.876054247153294163e+00
4.899353279612086887e+00
4.922614011128986000e+00
4.945819874794838533e+00
4.968916738011585288e+00
4.991884661391222444e+00
5.014697218793389588e+00
5.037301869788344710e+00
5.059695677015603188e+00
5.081850508474356154e+00
5.103734630043745391e+00
5.125362589202578256e+00
5.146713367883217316e+00
5.167784549953481132e+00
5.188602128244921730e+00
5.209158150252320318e+00
5.229474674221216368e+00
5.249579169282244884e+00
5.269477251829164821e+00
5.289199773418093997e+00
5.308765848261856490e+00
5.328189461438875618e+00
5.347491085769859431e+00
5.366675788630296928e+00
5.385757624822350209e+00
5.404733807789597222e+00
5.423596122542597264e+00
5.442351796497393757e+00
5.460976152810840922e+00
5.479454554997762905e+00
5.497786053599387657e+00
5.515941437600738517e+00
5.533909692829015903e+00
5.551687289623785659e+00
5.569267346847915690e+00
5.586651451101023014e+00
5.603843572959596564e+00
5.620882951818398254e+00
5.637787888219954802e+00
5.654579053968312508e+00
5.671349587800059489e+00
5.688131975941627338e+00
5.704966316874788390e+00
5.721984771030516725e+00
5.739225790352172396e+00
5.756742328087042893e+00
5.774671658114331585e+00
5.793047502945497307e+00
5.811921472460265470e+00
5.831395838034659995e+00
5.851490493564281081e+00
5.872239489946843527e+00
5.893679978074785275e+00
5.915813712558971815e+00
5.938645887710734428e+00
5.962140392105300890e+00
5.986282368870049275e+00
6.011046702096069616e+00
6.036340157070507750e+00
6.062137313507887093e+00
6.088391717807695613e+00
6.114985515441754949e+00
6.141890462451566890e+00
6.169054250923174720e+00
6.196369495782561465e+00
6.223811654912854152e+00
6.251338168093202086e+00
6.278876841266520792e+00
6.306410403558331268e+00
6.333915945405930614e+00
6.361364158740106411e+00
6.388745545188655228e+00
6.416058295482258700e+00
6.443308050857247338e+00
6.470491634403376935e+00
6.497622418358379726e+00
6.524724676380763810e+00
6.551799607793067359e+00
6.578866321357547342e+00
6.605951754926052466e+00
6.633060041502798931e+00
6.660207517680176714e+00
6.687414315041088742e+00
6.714686768675922401e+00
6.742033946267420141e+00
6.769467834853352350e+00
6.796996559087649992e+00
6.824622139893024020e+00
6.852352872668080686e+00
6.880198040349424282e+00
6.908156156927621971e+00
6.936237863637391143e+00
6.964452464861419223e+00
6.992799406885969127e+00
7.021295532627753744e+00
7.049948633138068743e+00
7.078762226629117471e+00
7.107759157066722899e+00
7.136944160433700723e+00
7.166325506724593453e+00
7.195928053143248349e+00
7.225752372918443633e+00
7.255809771189500879e+00
7.286121091158992868e+00
7.316682355448424602e+00
7.347504742057047622e+00
7.378599212541606001e+00
7.409957609971866255e+00
7.441587646229005593e+00
7.473486453385437045e+00
7.505642643974333339e+00
7.538058013768215382e+00
7.570714674767988761e+00
7.603599234006412466e+00
7.636706568684783925e+00
7.670005210081765057e+00
7.703480953725521552e+00
7.737122206109723344e+00
7.770887178892535552e+00
7.804761798157398012e+00
7.838729493154459327e+00
7.872742179501397430e+00
7.906786513847087861e+00
7.940842915838035587e+00
7.974860877062185160e+00
8.008828076129580253e+00
8.042723853613120255e+00
8.076498459681042519e+00
8.110140685847165187e+00
8.143630371776131582e+00
8.176920874731719024e+00
8.210002106191540250e+00
8.242855529458273267e+00
8.275439222140818174e+00
8.307744210716641931e+00
8.339754292708137839e+00
8.371433287454237870e+00
8.402773330083162406e+00
8.433760928126822876e+00
8.464366134605105785e+00
8.494582157977516701e+00
8.524398309217929182e+00
8.553790825758460059e+00
8.582753901727413037e+00
8.611279486382658277e+00
8.639349428543354747e+00
8.666958780075287194e+00
8.694101743872986177e+00
8.720764830739833329e+00
8.746943828433726864e+00
8.772634685018930512e+00
8.797827531270105084e+00
8.822518824332727050e+00
8.846705773170976173e+00
8.870381306852808123e+00
8.893542554703078196e+00
8.916187670789271991e+00
8.938311966622540794e+00
8.959913277366323925e+00
8.980990621029857124e+00
9.001541635592724688e+00
9.021564853101034842e+00
9.041060253864888097e+00
9.060027848047129240e+00
9.078466746490322592e+00
9.096378012924871470e+00
9.113763843414451671e+00
9.130623682070003966e+00
9.146959637247590535e+00
9.162775442408376492e+00
9.178070547896753695e+00
9.192847791431601578e+00
9.207111331241062402e+00
9.220860307665009969e+00
9.234097705900156328e+00
9.246826767815308656e+00
9.259046115805587007e+00
9.270758169748896549e+00
9.281964055114904966e+00
9.292661837046551909e+00
9.302852730139768767e+00
9.312535029660436336e+00
9.321706372909936533e+00
9.330366389415319262e+00
9.338510501141701781e+00
9.346136160353758271e+00
9.353241391296906571e+00
9.359819336321200112e+00
9.365867535237780928e+00
9.371382727880130048e+00
9.376356789222421995e+00
9.380787571552977155e+00
9.384671074250814371e+00
9.387999031045671572e+00
9.390769738908094411e+00
9.392979058589563834e+00
9.394619543825401209e+00
9.395689971713943933e+00
9.396186572145017735e+00
9.396103343731587287e+00
9.395439510680397177e+00
9.394191991747701920e+00
9.392356481763329157e+00
9.389932592454730553e+00
9.386918042925922023e+00
9.383310175018538146e+00
9.379108938389029149e+00
9.374312797088814264e+00
9.368920519598406216e+00
9.362932373404705189e+00
9.356347419055095926e+00
9.349165589324522685e+00
9.341387479286547446e+00
9.333012579163950662e+00
9.324041771271101453e+00
9.314476004575086066e+00
9.304315066499944109e+00
9.293560656967185807e+00
9.282214103316917431e+00
9.270275413648956686e+00
9.257747044044771556e+00
9.244630707023540950e+00
9.230926604506397126e+00
9.216637916974265821e+00
9.201766722330772197e+00
9.186313415700036344e+00
9.170281852585395299e+00
9.153674428841696908e+00
9.136491730519146870e+00
9.118738185427551102e+00
9.100416437753910515e+00
9.081527238731720075e+00
9.062075419257082487e+00
9.042063789531225027e+00
9.021493207366285461e+00
9.000368683670377123e+00
8.978693110619973439e+00
8.956467365907974099e+00
8.933696398438186748e+00
8.910383106942793674e+00
8.886528291025504345e+00
8.862136625142026602e+00
8.837210955963870518e+00
8.811751919851767312e+00
8.785763784510056240e+00
8.759249307919461103e+00
8.732208916106747765e+00
8.704646458590785230e+00
8.676564592042694812e+00
8.647963543440171819e+00
8.618846874753074871e+00
8.589217152055271143e+00
8.559074483438434910e+00
8.528422412281857490e+00
8.497263445578839836e+00
8.465597719516937403e+00
8.433429137395370034e+00
8.400760196031530569e+00
8.367591258735712856e+00
8.333927028117988911e+00
8.299770053537089964e+00
8.265121151397638144e+00
8.229986264270849006e+00
8.194368067129630617e+00
8.158268051313042335e+00
8.121693781300324488e+00
8.084648137556600389e+00
8.047133472352223649e+00
8.009159244898572894e+00
7.970728623670925828e+00
7.931844944890904969e+00
7.892519692587878666e+00
7.852756403132448604e+00
7.812559438310857196e+00
7.771942281209807568e+00
7.730908906876737596e+00
7.689464655624484557e+00
7.647624835675649102e+00
7.605393915305733721e+00
7.562778082361884202e+00
7.519794174318648494e+00
7.476447184344807262e+00
7.432743948798559153e+00
7.388702457323660155e+00
7.344328231930830064e+00
7.299628515681632734e+00
7.254622042232498735e+00
7.209314836709491026e+00
7.163714295851760561e+00
7.117839510970795480e+00
7.071696956097927256e+00
7.025293951087001609e+00
6.978649627758080065e+00
6.931770830073717526e+00
6.884664623313422105e+00
6.837349964612113418e+00
6.789833969147575310e+00
6.742123343949246284e+00
6.694236767975927371e+00
6.646181514264931423e+00
6.597963908497018082e+00
6.549602341898629554e+00
6.501104121937170355e+00
6.452475239617503355e+00
6.403733839571245312e+00
6.354887134483866440e+00
6.305940870265039244e+00
6.256912977818573474e+00
6.207810444986248122e+00
6.158638868085851037e+00
6.109415930078943013e+00
6.060148269579102909e+00
6.010841397093236615e+00
5.961512605450746349e+00
5.912168073745185382e+00
5.862813230833050504e+00
5.813464720336970259e+00
5.764128175158212741e+00
5.714808877016229083e+00
5.665522472943997911e+00
5.616273995481044778e+00
5.567068455088524992e+00
5.517920127266074282e+00
5.468833428592155599e+00
5.419812944681674516e+00
5.370871255064863625e+00
5.322012184773320165e+00
5.273239750804892267e+00
5.224564638159157504e+00
5.175990140787010141e+00
5.127519611843948333e+00
5.079161822461125908e+00
5.030919623192936285e+00
4.982795684753503096e+00
4.934797042396105837e+00
4.886926206149138530e+00
4.839185233026136679e+00
4.791579776680483072e+00
4.744112111737909920e+00
4.696783829122183285e+00
4.649599676993041442e+00
4.602561790380740092e+00
4.555671495989204622e+00
4.508933159538989877e+00
4.462348854439469825e+00
4.415919865071282757e+00
4.369650665713047388e+00
4.323543323650219428e+00
4.277599286910746201e+00
4.231823529518548455e+00
4.186218144830079702e+00
4.140784904096602936e+00
4.095529527145143511e+00
4.050454144591777883e+00
4.005560944122318112e+00
3.960856474709113950e+00
3.916342898783170323e+00
3.872022840024973878e+00
3.827903606701987815e+00
3.783987376319834173e+00
3.740277159368022186e+00
3.696780831633547759e+00
3.653500562953437836e+00
3.610439647287884579e+00
3.567606258954386433e+00
3.525002535797498115e+00
3.482631918372142810e+00
3.440502582153170064e+00
3.398616610040776198e+00
3.356977441372205551e+00
3.315592971290051594e+00
3.274465207337082351e+00
3.233597449693210280e+00
3.192997080549536459e+00
3.152666013636808540e+00
3.112607297883151602e+00
3.072827636611874080e+00
3.033328831361169708e+00
2.994113602736113489e+00
2.955187878039026828e+00
2.916553325925585582e+00
2.878212298379232426e+00
2.840169907077129352e+00
2.802427662911096906e+00
2.764987540792332776e+00
2.727853835137118654e+00
2.691027869546285256e+00
2.654511255631470057e+00
2.618307485068608109e+00
2.582417661527256936e+00
2.546843057761456475e+00
2.511586375274257765e+00
2.476648465554958989e+00
2.442030287075779960e+00
2.407733751761463648e+00
2.373759431905341000e+00
2.340107989338396255e+00
2.306780534991212050e+00
2.273777345253220616e+00
2.241098793800053723e+00
2.208745176171755809e+00
2.176716470482122023e+00
2.145012764233657609e+00
2.113633534957446880e+00
2.082578476344481011e+00
2.051847391436299795e+00
2.021438964612767730e+00
1.991352634366680974e+00
1.961587928333479169e+00
1.932142801778335306e+00
1.903016479061192312e+00
1.874208235306992654e+00
1.845715403803971810e+00
1.817537042187050700e+00
1.789672213092132091e+00
1.762117772531129445e+00
1.734872658867242068e+00
1.707935778320041287e+00
1.681303677685012543e+00
1.654975217773112517e+00
1.628949215158067121e+00
1.603222078950456542e+00
1.577792624262528198e+00
1.552659647093847850e+00
1.527819572618968946e+00
1.503271190427947213e+00
1.479013337883559709e+00
1.455042574070507966e+00
1.431357672152502980e+00
1.407957557381373626e+00
1.384838993265105733e+00
1.362000737091602076e+00
1.339441827795806228e+00
1.317159253560222121e+00
1.295151751427593645e+00
1.273418477677643379e+00
1.251956620518307028e+00
1.230764891200387012e+00
1.209842547350846065e+00
1.189186919341486570e+00
1.168796688927334460e+00
1.148671184838008896e+00
1.128807803516403752e+00
1.109205197142220989e+00
1.089862727929390429e+00
1.070777779104016281e+00
1.051948977235240390e+00
1.033375679791498802e+00
1.015055186724087344e+00
9.969861062853767608e-01
9.791677577490099926e-01
9.615973051782141789e-01
9.442733477213115512e-01
9.271951411171159840e-01
9.103596819696231357e-01
8.937655698396684834e-01
8.774119808898155348e-01
8.612957332953948830e-01
8.454154354285817741e-01
8.297701765928892081e-01
8.143566028566651127e-01
7.991733376866423377e-01
7.842193833947042059e-01
7.694912326988538886e-01
7.549875278119122513e-01
7.407071890624665755e-01
7.266465817632070667e-01
7.128043677957465185e-01
6.991793937443685492e-01
6.857679258381811360e-01
6.725686440323324078e-01
6.595803310900356653e-01
6.467991809675857073e-01
6.342238880003527868e-01
6.218531816148732405e-01
6.096832060669848952e-01
5.977126648503847672e-01
5.859402443400777427e-01
5.743620559390830715e-01
5.629768062411126817e-01
5.517831481672853533e-01
5.407771711320540353e-01
5.299575787279013905e-01
5.193229990542630459e-01
5.088695052906685445e-01
4.985957927352824837e-01
4.885004722465077776e-01
4.785796032201126149e-01
4.688318690047508785e-01
4.592558698579660703e-01
4.498476529743277719e-01
4.406058884371147344e-01
4.315291719074150767e-01
4.226135417433250496e-01
4.138576562469304942e-01
4.052601123110382564e-01
3.968169470110554653e-01
3.885268112822017894e-01
3.803883094317294655e-01
3.723974907152947100e-01
3.645530058007794838e-01
3.568534734294285804e-01
3.492949750908422302e-01
3.418761703639350280e-01
3.345957005798896877e-01
3.274497055510101062e-01
3.204368641288966590e-01
3.135558495243271904e-01
3.068028901978523404e-01
3.001766947550997822e-01
2.936759783304634941e-01
2.872970897575877758e-01
2.810387769179007456e-01
2.748998069093909757e-01
2.688766785842529594e-01
2.629681867269458850e-01
2.571731593832767837e-01
2.514882694153108278e-01
2.459123635927365215e-01
2.404443376645929442e-01
2.350810537790035959e-01
2.298214129557987206e-01
2.246643821119791717e-01
2.196070172596312764e-01
2.146482732491116208e-01
2.097871876336774022e-01
2.050210036630929766e-01
2.003487274041163280e-01
1.957694623645434839e-01
1.912806223098220959e-01
1.868812604486980444e-01
1.825705379007212803e-01
1.783460146815440961e-01
1.742067864330139049e-01
1.701520609651839544e-01
1.661795162789908575e-01
1.622882858671034212e-01
1.584776122220291350e-01
1.547452629652603939e-01
1.510904055567109938e-01
1.475123056989326720e-01
1.440087957472581670e-01
1.405790742601395193e-01
1.372224206634076182e-01
1.339367133241910757e-01
1.307211801038715981e-01
1.275751076743415757e-01
1.244964093050366788e-01
1.214843412904074854e-01
1.185381945317722646e-01
1.156559138368117162e-01
1.128367837193286344e-01
1.100800996167720508e-01
1.073838412484186128e-01
1.047473214851136619e-01
1.021698433085870966e-01
9.964942965997865276e-02
9.718542198535877474e-02
9.477713559561984358e-02
9.242264772896650882e-02
9.012132850785818661e-02
8.787251111326431496e-02
8.567433877487572180e-02
8.352621016210204363e-02
8.142748168950787735e-02
7.937637307965542122e-02
7.737231114908106611e-02
7.541468001376545882e-02
7.350178390508402271e-02
7.163307713088334916e-02
6.980797463905201450e-02
6.802486999549776925e-02
6.628324413609987253e-02
6.458254447077167726e-02
6.292125538985647581e-02
6.129888345336914623e-02
5.971490873760260804e-02
5.816790492991078670e-02
5.665740314375086045e-02
5.518291514790513858e-02
5.374310003056301938e-02
5.233751239314282655e-02
5.096569389254885368e-02
4.962638358138631717e-02
4.831915855081313910e-02
4.704358808946199760e-02
4.579848509825671515e-02
4.458344827141008659e-02
4.339807217038921250e-02
4.224123751184100106e-02
4.111256383829444555e-02
4.001166879809545107e-02
3.893749554363582638e-02
3.788968383716750238e-02
3.686787257479073182e-02
3.587106293941566548e-02
3.489891438131553086e-02
3.395108561662973229e-02
3.302663249902612619e-02
3.212523368689997744e-02
3.124656666703949648e-02
3.038973950913756786e-02
2.955444960123355946e-02
2.874039242663871396e-02
2.794672644234802786e-02
2.717316724394382502e-02
2.641942767650386215e-02
2.568471505053222456e-02
2.496876257172979049e-02
2.427129982088390217e-02
2.359158142071421729e-02
2.292935749973048012e-02
2.228437366219209251e-02
2.165593007921748706e-02
2.104379302697660659e-02
2.044772329269993819e-02
1.986706450990457715e-02
1.930159825440177709e-02
1.875109953963696383e-02
1.821495306593920102e-02
1.769295481072638565e-02
1.718489299435769016e-02
1.669019077660314002e-02
1.620865761447647796e-02
1.574009392801507118e-02
1.528395866068737140e-02
1.484007382899964027e-02
1.440825113048441186e-02
1.398798269703270362e-02
1.357910221037464567e-02
1.318143186159806586e-02
1.279449457902275163e-02
1.241813486239009244e-02
1.205218477411604955e-02
1.169619592918814260e-02
1.135002286325930039e-02
1.101350704262685047e-02
1.068622697248969820e-02
1.036804652153932617e-02
1.005881621684550330e-02
9.758139960392743506e-03
9.465890339155747998e-03
9.181926679341650618e-03
8.905877049857463187e-03
8.637622231507959686e-03
8.377030125676475023e-03
8.123751946289102868e-03
7.877676228237548775e-03
7.638679225876573303e-03
7.406434423225165785e-03
7.180837740847102225e-03
6.961773542128808084e-03
6.748936794078969764e-03
6.542230486106533939e-03
6.341546814144515681e-03
6.146601475653491221e-03
5.957304240370786715e-03
5.773554826792656226e-03
5.595088899707015284e-03
5.421822725860891978e-03
5.253663207611309650e-03
5.090365167950165401e-03
4.931851073341658384e-03
4.778034649320841466e-03
4.628688998031485306e-03
4.483742462133860456e-03
4.343115214003185655e-03
4.206597675243088294e-03
4.074123711137697147e-03
3.945619554104630271e-03
3.820891908418169117e-03
3.699879782746871761e-03
3.582515076890734323e-03
3.468619681205481822e-03
3.358137353624886506e-03
3.251005267829714957e-03
3.147059372372952579e-03
3.046247779799439188e-03
2.948512549524201238e-03
2.853702564337770586e-03
2.761769910948033008e-03
2.672661159099906213e-03
2.586237042015741925e-03
2.502453266706258610e-03
2.421260558364825895e-03
2.342530488479468900e-03
2.266222065293446893e-03
2.192289841942898256e-03
2.120615309819333123e-03
2.051160497490568928e-03
1.983883490466943622e-03
1.918674885855600450e-03
1.855499488790789348e-03
1.794318654869539280e-03
1.735031375485933088e-03
1.677605021556278228e-03
1.622003987704909514e-03
1.568135039981755768e-03
1.515967931491444534e-03
1.465469891219852100e-03
1.416554915237071667e-03
1.369194976502706830e-03
1.323359953683009163e-03
1.278970584727246807e-03
1.236000916347277691e-03
1.194423305642485075e-03
1.154164784176233555e-03
1.115201338906894211e-03
1.077507642121685802e-03
1.041016598185213029e-03
1.005706011136148085e-03
9.715527096762406091e-04
9.384950701617277924e-04
9.065125996330526811e-04
8.755841274560023473e-04
8.456531181216514871e-04
8.167006759331663828e-04
7.887074784631409969e-04
7.616217113492273301e-04
7.354259780764669857e-04
7.101026565613936846e-04
6.856043046824804484e-04
6.619149338197237963e-04
6.390184805496265533e-04
6.168715453163213513e-04
5.954594618176916243e-04
5.747675910811525643e-04
5.547562660063450968e-04
5.354120615608104613e-04
5.167216372276887352e-04
4.986487672440656710e-04
4.811811902375088645e-04
4.643067465815602958e-04
4.479923786182516895e-04
4.322269136236734244e-04
4.169992636520055383e-04
4.022792827052888817e-04
3.880568137763476446e-04
3.743217396603755877e-04
3.610465857012429432e-04
3.482221395350401801e-04
3.358391621220309094e-04
3.238726258782714698e-04
3.123141938514738323e-04
3.011554212544309138e-04
2.903735196994080398e-04
2.799609603346233429e-04
2.699100177506522894e-04
2.601999516801903486e-04
2.508239760734769339e-04
2.417750192866971665e-04
2.330342149618834903e-04
2.245954566412583758e-04
2.164522699479152926e-04
2.085875045134452221e-04
2.009956724304122781e-04
1.936708485380586999e-04
1.865974555167273271e-04
1.797705652686205078e-04
1.731847610484692267e-04
1.668259086767295667e-04
1.606895836579623666e-04
1.547708424940498224e-04
1.490568749516340164e-04
1.435437068192724544e-04
1.382268364818952527e-04
1.330946668389209383e-04
1.281436240011859238e-04
1.233696188999697024e-04
1.187621631632338723e-04
1.143180371582189106e-04
1.100335355959307197e-04
1.058991795798607443e-04
1.019120621137476265e-04
9.806883258680440150e-05
9.436092719090467221e-05
9.078571488103940798e-05
8.734017008767926604e-05
8.401655533622152386e-05
8.081248412699600428e-05
7.772522628125644675e-05
7.474778914677935725e-05
7.187800475010458479e-05
6.911340971758127391e-05
6.644768384847666166e-05
6.387885683824567385e-05
6.140470586785218917e-05
5.901952128444703030e-05
5.672151412970040954e-05
5.450867918592250334e-05
5.237586576685014406e-05
5.032145344185714997e-05
4.834363511351381752e-05
4.643777564217511797e-05
4.460241248620596945e-05
4.283591981453852005e-05
4.113413882296405242e-05
3.949575500879645658e-05
3.791930792816333549e-05
3.640107553014520039e-05
3.493988112701554017e-05
3.353441300683784377e-05
3.218134253951545845e-05
3.087961957649202683e-05
2.962806286319879587e-05
2.842368966925652729e-05
2.726556395801817755e-05
2.615261594912391611e-05
2.508216029370914448e-05
2.405336182849695167e-05
2.306524534372083064e-05
2.211537913776812767e-05
2.120301533529704127e-05
2.032726217057033519e-05
1.948590836803606744e-05
1.867827969139669738e-05
1.790356517363961297e-05
1.715975381066176520e-05
1.644623133392000508e-05
1.576227309926740892e-05
1.510605875264084858e-05
1.447702039339293797e-05
1.387452911888115213e-05
1.329694914971372944e-05
1.274374607644140191e-05
1.221439284926951328e-05
1.170742749086458803e-05
1.122233846820683983e-05
1.075869619434092522e-05
1.031519173459652784e-05
9.891330262008925545e-06
9.486761120704021547e-06
9.100298212921324308e-06
8.731463612376295970e-06
8.379955090817100240e-06
8.044675940384127534e-06
7.725172168828904753e-06
7.421155056866783010e-06
7.131589314341612229e-06
6.856057010252767340e-06
6.594253477717862352e-06
6.345189230435295249e-06
6.108495870444030439e-06
5.883836795342851049e-06
5.670266964397226016e-06
5.467477820899986237e-06
5.275101222848743206e-06
5.092245914368894319e-06
4.918666774606475572e-06
4.753977936735613532e-06
4.597355044219081045e-06
4.448612049013558500e-06
4.307365500959991823e-06
4.172867835000806161e-06
4.044981174561458249e-06
3.923342962806543054e-06
3.807284931309109457e-06
3.696703308774863878e-06
3.591267580023674947e-06
3.490384079143104970e-06
3.393969883719115457e-06
3.301729065872104231e-06
3.213135013203639479e-06
3.128116381552805236e-06
3.046409175524247853e-06
2.967550074526227819e-06
2.891475409281521800e-06
2.817951716659422067e-06
2.746584742836434465e-06
2.677319163892980596e-06
2.609958204752219470e-06
2.544193248204518431e-06
2.479979900906288736e-06
2.417174173346563247e-06
2.355574934185892253e-06
2.295149703891147524e-06
2.235829253697589621e-06
2.177535702551463370e-06
2.120245027890822866e-06
2.063980651963475270e-06
2.008785144161733785e-06
1.954634417861373753e-06
1.901646710520300961e-06
1.849956777135527057e-06
1.799529189144048319e-06
1.750556312598069571e-06
1.703214907079517787e-06
1.657448666356256698e-06
1.613482654490628229e-06
1.571477214039060123e-06
1.531351975488338663e-06
1.493313997676383141e-06
1.457458440066154367e-06
1.423686347719037106e-06
1.392142705166658804e-06
1.362832217352336460e-06
1.335650163117235429e-06
1.310655070921494629e-06
1.287763302926262767e-06
1.266880122817191968e-06
1.247977592026540066e-06
1.230906736496836513e-06
1.215596108263948512e-06
1.201951049575494599e-06
1.189788861562080647e-06
1.179068329455088206e-06
1.169657191299609140e-06
1.161367467131763227e-06
1.154187747740514763e-06
1.147975851763405620e-06
1.142557049643515518e-06
1.137943653367892032e-06
1.134002830899259476e-06
1.130581023831943593e-06
1.127705594693353413e-06
1.125262167725259605e-06
1.123119151031983546e-06
1.121310497481428781e-06
1.119741599195174678e-06
1.118301236118770945e-06
1.117023202924403002e-06
1.115830307820324842e-06
1.114631298400197782e-06
1.113454892165952884e-06
1.112238988487498478e-06
1.110914341073885053e-06
1.109500853749592976e-06
1.107951151558113355e-06
1.106221402271211710e-06
1.104319543291863216e-06
1.102214403842098615e-06
1.099889769044915927e-06
1.097339030553240185e-06
1.094548909680442243e-06
1.091529002221754298e-06
1.088256770750738762e-06
1.084736588725051648e-06
1.080996339953071585e-06
1.076998239411875793e-06
1.072760619225189322e-06
1.068316763181116963e-06
1.063616946780212560e-06
1.058686200746928945e-06
1.053547559822568300e-06
1.048145144448861432e-06
1.042501327799873773e-06
1.036614644289053726e-06
1.030430408565943681e-06
1.023959414224746015e-06
1.017167201866517358e-06
1.010007832956988094e-06
1.002474656511898331e-06
9.945005743133074642e-07
9.860548200489470494e-07
9.771122460872247932e-07
9.675831150364739894e-07
9.574562183514898119e-07
9.466920151093978183e-07
9.351960172487006399e-07
9.229785405272712017e-07
9.099938599276124955e-07
8.961646964773322227e-07
8.815224463091329860e-07
8.660255295343622895e-07
8.496350024989783262e-07
8.324006473733201169e-07
8.142951648869511876e-07
7.953333895950599423e-07
7.755787314413610918e-07
7.550259946556662134e-07
7.337498269492150514e-07
7.118207320071936779e-07
6.892595557056451949e-07
6.661956293760426024e-07
6.426988260352005527e-07
6.188152793271815693e-07
5.947133996272301254e-07
5.704545259362986585e-07
5.461047263481894539e-07
5.218485077799497525e-07
4.977319319730027483e-07
4.738320744007517298e-07
4.503240277116943620e-07
4.272343136681511526e-07
4.046403260465066818e-07
3.826851044637532603e-07
3.613746974574245303e-07
3.407765833704827920e-07
3.209864935799571606e-07
3.019924404278023841e-07
2.838442736027511018e-07
2.665849646925242409e-07
2.501894851405863764e-07
2.346862166905792954e-07
2.200695255953166545e-07
2.063075090393965240e-07
1.934074120589696049e-07
1.813262741514143985e-07
1.700311676907431057e-07
1.595119520682992747e-07
1.497029980898792681e-07
1.405747542644609254e-07
1.321054162173184830e-07
1.242209840307322935e-07
1.168977245833909219e-07
1.101082425758457672e-07
1.037813950778630651e-07
9.789986263157692079e-08
9.243577892175403484e-08
8.732780242964336331e-08
8.256430419566262721e-08
7.812040396245614851e-08
7.394738788589122689e-08
7.003793894356730203e-08
6.637186050697166734e-08
6.291281622634155991e-08
5.965633116142606796e-08
5.658717166405483262e-08
5.367937728679468681e-08
5.093010147775709782e-08
4.832846515902586356e-08
4.585628470590683081e-08
4.351151193611493157e-08
4.128663320283040684e-08
3.916880853723172202e-08
3.715631531906915504e-08
3.524399937779715312e-08
3.342245858332424768e-08
3.169008220827351767e-08
3.004324724602719378e-08
2.847467733791045501e-08
2.698281273616440818e-08
2.556496974604488594e-08
2.421518611960991143e-08
2.293196293391435174e-08
2.171317835993891293e-08
2.055372774166670956e-08
1.945220351401078002e-08
1.840682808334364347e-08
1.741311843402858235e-08
1.646978539405961467e-08
1.557528141827652507e-08
1.472563011685801221e-08
1.391967618625139887e-08
1.315604708786840596e-08
1.243121555463509399e-08
1.174416398285151372e-08
1.109366944522309115e-08
1.047661835484582426e-08
9.892125838238722288e-09
9.339105616778264227e-09
8.814827290442264909e-09
8.318528230371332535e-09
7.849249493551269966e-09
7.404611852051380109e-09
6.983961694570837342e-09
6.586458042755418005e-09
6.210038302263634824e-09
5.854143941337316530e-09
5.518041527630008115e-09
5.199949376083864089e-09
4.899390709894541951e-09
4.615728437993978057e-09
4.347426809925783914e-09
4.094078831828650610e-09
3.855132441382326147e-09
3.629265259513627932e-09
3.416129750991421658e-09
3.215248124924140361e-09
3.025482269372558441e-09
2.846535422661267757e-09
2.677994324503141461e-09
2.518879887091440665e-09
2.368938891437635467e-09
2.227814100914911023e-09
2.094663957998139520e-09
1.969272751077089879e-09
1.851332003487274837e-09
1.740119507645267508e-09
1.635451959871039665e-09
1.537063493393284815e-09
1.444335809030414813e-09
1.357113628463512343e-09
1.275168462242896320e-09
1.197972644613697395e-09
1.125395094538601373e-09
1.057240180746413184e-09
9.930592788136794645e-10
9.327421234254650975e-10
8.761219612980583608e-10
8.228189398700375089e-10
7.727406090194372399e-10
7.257455241171387808e-10
6.815134179491677896e-10
6.399669981905479819e-10
6.009868894350243827e-10
5.643041626314835520e-10
5.298543453567871984e-10
4.975371791069973907e-10
4.671276853869875007e-10
4.385721743009555444e-10
4.117868215763453044e-10
3.865840253447624829e-10
3.629191215307169892e-10
3.407223025080363263e-10
3.198375480404302204e-10
3.002277209599599892e-10
2.818348764990121573e-10
2.645295224385186722e-10
2.482807816083052099e-10
2.330406780643896463e-10
2.187018887308898706e-10
2.052387340726209645e-10
1.926115631429839060e-10
1.807315014182644321e-10
1.695771816346559199e-10
1.591158688690768791e-10
1.492739910468658841e-10
1.400337585569396641e-10
1.313681583553030672e-10
1.232162818468045750e-10
1.155633092113051649e-10
1.083869470466880014e-10
1.016367512558737976e-10
9.530036950968316354e-11
8.935939369926332891e-11
8.377202134103208655e-11
7.852795261070765908e-11
7.361197462307331223e-11
6.898942115043576519e-11
6.465170179332026886e-11
6.058623097618935706e-11
5.676423877254114239e-11
5.317856020466538272e-11
4.981877126272319669e-11
4.666097845502234793e-11
4.369920672036489513e-11
4.092481249013052220e-11
3.831794025195046113e-11
3.587360918375060292e-11
3.358464457774568264e-11
3.143453931525003250e-11
2.941914388515268358e-11
2.753249767754207055e-11
2.576087418037223259e-11
2.410081924682799728e-11
2.254737782261138992e-11
2.108913569298715336e-11
1.972322041464275956e-11
1.844551144199466585e-11
1.724651975282240908e-11
1.612385940945907201e-11
1.507410370489595590e-11
1.408936803514561361e-11
1.316767311807822691e-11
1.230617002859258340e-11
1.149831208400956853e-11
1.074245961216374061e-11
1.003624539002433181e-11
9.374238700019485502e-12
8.755083156253232684e-12
8.176813422502917153e-12
7.634929477831770596e-12
7.128310907675734102e-12
6.655327748709733539e-12
6.212255760008412446e-12
5.798170774806546531e-12
5.411722626470988640e-12
5.049833164519445859e-12
4.711741157156841918e-12
4.396329706657041262e-12
4.101058125241255651e-12
3.825300223215446682e-12
3.568133374538356875e-12
3.327463379519851758e-12
3.102775780534154768e-12
2.893309527295420996e-12
2.697340773800571894e-12
2.514447355898213114e-12
2.344002398609237851e-12
2.184588773591867768e-12
2.035860436082729035e-12
1.897301749107248970e-12
1.767749198536320423e-12
1.646919430702125412e-12
1.534388876143092970e-12
1.429203402848785546e-12
1.331131222623603505e-12
1.239824841922324071e-12
1.154502739969513532e-12
1.074975493425109217e-12
1.000958372372950993e-12
9.318119581449465480e-13
8.673815959934513449e-13
8.074342607002794129e-13
7.514473683505209281e-13
6.992947698967687573e-13
6.507859759126637468e-13
6.054943461203854657e-13
5.633170797793813153e-13
5.240986350577016618e-13
4.874910684389160587e-13
4.534106848845556013e-13
4.217306202738003934e-13
3.921674086431100518e-13
3.646529738937947334e-13
3.390839564377609284e-13
3.152296591104443918e-13
2.930347617985642571e-13
2.724151466659788605e-13
2.531832548197455997e-13
2.352941735661204117e-13
2.186795184676662863e-13
2.031869565290535251e-13
1.887800577561328590e-13
1.754032870668183968e-13
1.629330438938039495e-13
1.513398052058602511e-13
1.405785172758781396e-13
1.305489891100170744e-13
1.212273160106046715e-13
1.125769837207200142e-13
1.045168527898489546e-13
9.702758420007377784e-14
9.007961278060801919e-14
8.360728696790617141e-14
7.759497450481159510e-14
7.201875855258969454e-14
6.682556504872181758e-14
6.200276843647863952e-14
5.753103780595928695e-14
5.336750274297425394e-14
4.950197442027167581e-14
4.591884132792493636e-14
4.258350288319900186e-14
3.948774340487666866e-14
3.661896497314009045e-14
3.394926337981258553e-14
3.147201939655175634e-14
2.917707454167318166e-14
2.704194219260083001e-14
2.506129375948696583e-14
2.322694371888778543e-14
2.152078484098771393e-14
1.993853111234770920e-14
1.847359139968975938e-14
1.711139584297869174e-14
1.584849995161609227e-14
1.467960008011046235e-14
1.359298145148557495e-14
1.258587827230856715e-14
1.165402581912474673e-14
1.078801202254608365e-14
9.985618021539415021e-15
9.243416872087924306e-15
8.553852374263669652e-15
7.915146052113881344e-15
7.324546103075432005e-15
6.775991007497941963e-15
6.268056584794442725e-15
5.798534765005902952e-15
5.362566962762107754e-15
4.959013786835296928e-15
4.586104794429462699e-15
4.239948843259764176e-15
3.919635258794987350e-15
3.623745603878953483e-15
3.349166222488377553e-15
3.095169957475257546e-15
2.860621325023955818e-15
2.643031027945375966e-15
2.441819021849911250e-15
2.256077117190888301e-15
2.083817016237285487e-15
1.924576490887903622e-15
1.777629806119331000e-15
1.641390349614168694e-15
1.515490153896917525e-15
1.399349834129149211e-15
1.291704560780035162e-15
1.192261704377241509e-15
1.100559175558999687e-15
1.015589686926826346e-15
9.371207605753107281e-16
8.647842347976392798e-16
7.977787537920202992e-16
7.359198153364491454e-16
6.789144034312949854e-16
6.261256631339438798e-16
5.774073158315705636e-16
5.325264059447246876e-16
4.909773489478846999e-16
4.526442874224398980e-16
4.173422195947986752e-16
3.846702026059027128e-16
3.545365645574137953e-16
3.267945498823344445e-16
3.011265397299550701e-16
2.774600697673449642e-16
2.556788541111316029e-16
2.355315497575605813e-16
2.169609305179683230e-16
1.998749570336667755e-16
1.840749431829102531e-16
1.695157392844427562e-16
1.561245778838946235e-16
1.437445624114452226e-16
1.323401042812465958e-16
1.218537359381111856e-16
1.121616886824300688e-16
1.032359359665531622e-16
9.503114244024544242e-17
8.744977162860369684e-17
8.046977205243507721e-17
7.405541738607720813e-17
6.812992013814247374e-17
6.267594541160317085e-17
5.766536858180395041e-17
5.303779613576294818e-17
4.877961280772850360e-17
4.486870072616821463e-17
4.125760549918725250e-17
3.793564253603567947e-17
3.488543500784471702e-17
3.206973007886640797e-17
2.948015010743220977e-17
2.710305612030113567e-17
2.490923015375735428e-17
2.289210890474729395e-17
2.104099712496599581e-17
1.933299883506110622e-17
1.776297639289541512e-17
1.632255040552489942e-17
1.499379427274954944e-17
1.377268963414500232e-17
1.265267713513586143e-17
1.161973263721165882e-17
1.067071578173552233e-17
9.800496179666120290e-18
8.998111496093643683e-18
8.261109534942315576e-18
7.585480773131165858e-18
6.962662994327027259e-18
6.390742931070518178e-18
5.866589467024061641e-18
5.383520214448511536e-18
4.940043619023991518e-18
4.533716371156968858e-18
4.159327191550482205e-18
3.815714244750852533e-18
3.500972344509061054e-18
3.211040529457291829e-18
2.945014536561620618e-18
2.701409859436692741e-18
2.477064285258241601e-18
2.271274584773329923e-18
2.082884859606887606e-18
1.909434520991975930e-18
1.750377104427371699e-18
1.604813196021299706e-18
1.470829508043058185e-18
1.348001716876023508e-18
1.235630450177672352e-18
1.132229036412425329e-18
1.037468245088491494e-18
9.508046312177204129e-19
8.710838582124123778e-19
7.980506701613243841e-19
7.312831145442061291e-19
6.698855503574601666e-19
6.136601878548936535e-19
5.622796810486976189e-19
5.150495020949305469e-19
4.718164016480927587e-19
4.323266106597670063e-19
3.960417037655436292e-19
3.628428684008715068e-19
3.325335352808922790e-19
3.046963018144435126e-19
2.792388285934313888e-19
2.560090104409128158e-19
2.346826463376322207e-19
2.151873981066308881e-19
1.974052151666537306e-19
1.810828415180445935e-19
1.661631302996869920e-19
1.525535829831555355e-19
1.400557508888800932e-19
1.286248103573328612e-19
1.181892808521569766e-19
1.085944831213009672e-19
9.980453564492420714e-20
9.175902606728852409e-20
8.432123219607400341e-20
7.746359008086891713e-20
7.110864784897657050e-20
6.517616913546596068e-20
5.969133215242647513e-20
5.461756699981994340e-20
5.007063380550284360e-20
4.612526351339887671e-20
4.262349127677019256e-20
3.935675918815014651e-20
3.656586194998057843e-20
3.284340690375616156e-20
2.839541794449276983e-20
2.581642955951998187e-20
2.033695861820960999e-20
1.339322301590789221e-20
1.705422778481609538e-20
1.202680543552853137e-20
-6.551189467227218910e-21
2.225973213504039307e-20
