2.544169291940503198e-08
-8.073688421663547537e-09
7.223022773750559193e-09
8.401490418075556775e-09
3.757518954634680712e-09
5.898920003841543123e-09
6.627510963034931597e-09
6.051792515990624864e-09
6.612213847920555876e-09
6.993489304342626866e-09
7.104512187813851742e-09
7.426415541603172051e-09
7.735181002841278621e-09
8.000588959757859726e-09
8.310600941337195647e-09
8.624861315593431467e-09
8.934101441207257899e-09
9.259809818520079712e-09
9.594249174549427460e-09
9.940757185867299783e-09
1.030492410014913992e-08
1.068688087872446475e-08
1.109187732906838893e-08
1.152377230357941370e-08
1.198128033163416916e-08
1.246535267637019552e-08
1.298248591793936812e-08
1.352162378303803067e-08
1.410578712577396587e-08
1.476205120017573936e-08
1.549549182799093039e-08
1.639322392912987352e-08
1.748564111848915920e-08
1.881817122350831598e-08
2.045371461275024871e-08
2.235986241815475050e-08
2.456846089251106247e-08
2.697739781423657413e-08
2.949960331138162842e-08
3.209761006359733344e-08
3.457722887696629660e-08
3.689500332858406968e-08
3.898674714029766601e-08
4.077751584195390990e-08
4.230801288181352421e-08
4.356141770301085594e-08
4.463246419018686983e-08
4.558272037913213449e-08
4.644712259027892213e-08
4.735272418001523898e-08
4.831852554463511257e-08
4.938234086606390577e-08
5.058608033697716170e-08
5.191065694892808287e-08
5.336500225329981203e-08
5.491585263204177031e-08
5.654514648488597734e-08
5.824085664301660377e-08
5.996659139469851576e-08
6.172673296791177645e-08
6.351057830210079554e-08
6.532125291702856768e-08
6.717874672923430246e-08
6.908485983845212393e-08
7.107474768822958399e-08
7.316824079975148297e-08
7.537640461493466593e-08
7.773983300358461332e-08
8.027034937021736105e-08
8.298049657661854426e-08
8.590044102424437907e-08
8.903593735318301387e-08
9.239678208662009731e-08
9.600336733870814415e-08
9.986065464307438722e-08
1.039761124456476314e-07
1.083682670931347504e-07
1.130447015780753876e-07
1.180128311603768825e-07
1.232956560821918592e-07
1.289041367169387097e-07
1.348474014343823067e-07
1.411554373522412909e-07
1.478422973223207857e-07
1.549195648849035721e-07
1.624249437364682596e-07
1.703758142265299654e-07
1.787865231344882269e-07
1.877040869651111322e-07
1.971506987204085156e-07
2.071440784873795652e-07
2.177448175136931826e-07
2.289829598911983468e-07
2.408810821386323252e-07
2.535215896434541933e-07
2.669473453479009910e-07
2.811886895967662113e-07
2.963635584021795325e-07
3.125351316916360556e-07
3.297465746002744201e-07
3.481724550379762841e-07
3.679070024640510707e-07
3.890143910784831156e-07
4.117563585256829403e-07
4.362727257346897102e-07
4.626611056458277085e-07
4.913120065654329208e-07
5.224293787903629694e-07
5.561620092262739533e-07
5.930823065711843477e-07
6.334804344660032407e-07
6.775800695724508015e-07
7.261987157716368788e-07
7.797371161140651491e-07
8.385234253418835181e-07
9.036895235974343914e-07
9.757712926216604393e-07
1.055235547625992246e-06
1.143597337451807928e-06
1.241549787476417035e-06
1.349734473762350805e-06
1.470109533528884911e-06
1.603542401880566080e-06
1.750883489188666818e-06
1.914576799494981137e-06
2.095674552662296457e-06
2.295263497181108674e-06
2.516294042930001240e-06
2.760007729429103738e-06
3.027744737985360426e-06
3.322961972982318407e-06
3.647092801916163778e-06
4.001736204909431098e-06
4.390847247672674106e-06
4.816059269087081647e-06
5.279226821005661556e-06
5.784810108466113659e-06
6.334667008513124364e-06
6.930904778542112275e-06
7.578544338688958870e-06
8.279720825686271338e-06
9.036806369639117855e-06
9.855522441272031729e-06
1.073837108065956051e-05
1.168803444579432639e-05
1.271118412589944932e-05
1.381081620620476905e-05
1.499001696670569489e-05
1.625676631388200442e-05
1.761470610917411622e-05
1.906747589745812804e-05
2.062478717737509313e-05
2.229107443627930819e-05
2.407072216348643220e-05
2.597556788523549065e-05
2.801093692552415477e-05
3.018215535811770084e-05
3.250341786849753907e-05
3.498094288428143524e-05
3.762113773086537963e-05
4.044048357946602735e-05
4.344596794289774436e-05
4.664508881720129272e-05
5.005616452721212926e-05
5.368671533166301111e-05
5.754515268302065790e-05
6.165087239488958534e-05
6.601166210264976762e-05
7.063648379305427570e-05
7.554502531936841032e-05
8.074520759131654634e-05
8.624609314808601970e-05
9.206736321943671678e-05
9.821728041418933063e-05
1.047046861637029023e-04
1.115500885329018493e-04
1.187628363457013516e-04
1.263516616080847209e-04
1.343404194766941752e-04
1.427408991733782029e-04
1.515625741243672661e-04
1.608370020224924896e-04
1.705802268440930532e-04
1.808042179714883918e-04
1.915538681493981685e-04
2.028513258250324138e-04
2.147135846664459835e-04
2.272043913336349596e-04
2.403532334400302261e-04
2.541849131223716243e-04
2.687854084913536535e-04
2.841914640430438896e-04
3.004378641965815616e-04
3.176319578637307379e-04
3.358158605609634141e-04
3.550348996021393121e-04
3.754113542859631707e-04
3.969890213735270700e-04
4.198219309328011877e-04
4.440354834724111535e-04
4.696703037309034865e-04
4.967846926122863232e-04
5.254921640312273110e-04
5.558253727905328439e-04
5.878405239884467717e-04
6.216248983108013789e-04
6.571999301867788605e-04
6.946129123773738976e-04
7.339157617706820388e-04
7.751182836027849070e-04
8.182535587552528010e-04
8.633380154554295320e-04
9.103728832287194409e-04
9.593751024481084232e-04
1.010336094145349852e-03
1.063254683203648191e-03
1.118134199841347258e-03
1.174960733076409322e-03
1.233738713907530813e-03
1.294464703163870608e-03
1.357144086315678578e-03
1.421794938411575322e-03
1.488416730929180464e-03
1.557057967606582894e-03
1.627756783679627653e-03
1.700525686607390558e-03
1.775474252818240494e-03
1.852664827759349306e-03
1.932131068766985938e-03
2.014053986635380624e-03
2.098523137516921603e-03
2.185598081162936582e-03
2.275537959201968507e-03
2.368464641724491501e-03
2.464465933848236905e-03
2.563892742880024764e-03
2.666911489965299777e-03
2.773642192988498654e-03
2.884563973031275055e-03
2.999912586019068319e-03
3.119852761305035287e-03
3.245067480560926906e-03
3.375902474726331665e-03
3.512596243892648906e-03
3.656159280972519094e-03
3.807101929820260518e-03
3.965787774184215998e-03
4.133718146644394312e-03
4.311627180848814390e-03
4.500075972457604975e-03
4.701227312625228319e-03
4.916085672297900236e-03
5.145491457161806108e-03
5.392391391359122911e-03
5.658072914661923559e-03
5.943723988421293312e-03
6.253084024357892338e-03
6.587684010367820218e-03
6.949084770829938411e-03
7.341661671043536036e-03
7.767091514664568180e-03
8.227264572275634624e-03
8.726859118509504298e-03
9.267553414334356310e-03
9.851445169084959916e-03
1.048305327997758885e-02
1.116389529305097245e-02
1.189609055048962416e-02
1.268350587347218811e-02
1.352735474235178953e-02
1.442956709556898753e-02
1.539295230505984685e-02
1.641832511338856340e-02
1.750723927031885493e-02
1.866121752389056365e-02
1.988064075022271185e-02
2.116656392612918311e-02
2.251919293111979622e-02
2.393848978009574524e-02
2.542496542590548872e-02
2.697763402093757146e-02
2.859608747749916788e-02
3.028030904947489124e-02
3.202833844937064134e-02
3.383947878621940825e-02
3.571323732275532431e-02
3.764697824951732802e-02
3.963986006018171276e-02
4.169099576048203998e-02
4.379754716343210036e-02
4.595879160927379692e-02
4.817359915486938565e-02
5.043975011540816067e-02
5.275707179148150100e-02
5.512449101379335303e-02
5.754171712248355025e-02
6.000971531534929349e-02
6.252799047719155567e-02
6.509992885440743504e-02
6.772826796658371062e-02
7.041383127293902866e-02
7.316549961683732617e-02
7.598825603874538592e-02
7.888506742987436149e-02
8.187153332541879935e-02
8.495494918096380133e-02
8.814106527684369141e-02
9.145207499849157540e-02
9.489706727075065962e-02
9.848470294719809115e-02
1.022417821430539192e-01
1.061780704453521712e-01
1.103045024552871817e-01
1.146486835090480411e-01
1.192195448072330272e-01
1.240288577438146134e-01
1.291001613680878568e-01
1.344400273228326115e-01
1.400590777074988968e-01
1.459721336360667310e-01
1.521823048940118828e-01
1.586970263654581825e-01
1.655193964877736679e-01
1.726487240777983823e-01
1.800877612531632810e-01
1.878275808808650138e-01
1.958642348185519744e-01
2.041953279902186391e-01
2.128025883675993546e-01
2.216800929842776824e-01
2.308210745408915410e-01
2.402029559794248703e-01
2.498194970566119666e-01
2.596614190214128759e-01
2.697078838494504915e-01
2.799539005433546168e-01
2.903901466597426650e-01
3.010028878892231918e-01
3.117894242767292878e-01
3.227427944556491290e-01
3.338595238427046197e-01
3.451394379322154649e-01
3.565796016731906382e-01
3.681867992697898662e-01
3.799627531002041647e-01
3.919089832677171148e-01
4.040392891324293689e-01
4.163559935532274991e-01
4.288640964394086486e-01
4.415787899834218710e-01
4.545014443103447266e-01
4.676384022318046951e-01
4.809999176827386980e-01
4.945851261294892942e-01
5.083990494431301910e-01
5.224420382147998421e-01
5.367104701797325017e-01
5.512057368869354157e-01
5.659165360952363999e-01
5.808369872945957635e-01
5.959637551349169504e-01
6.112762601418596509e-01
6.267677839115665117e-01
6.424308822721466194e-01
6.582416418587844209e-01
6.741943628794414556e-01
6.902796998465041689e-01
7.064778695135808251e-01
7.227857737479649325e-01
7.391951548496343838e-01
7.556964718301641959e-01
7.722899108800412860e-01
7.889708394822460003e-01
8.057422493665903351e-01
8.226071846474041216e-01
8.395655963655421772e-01
8.566307214389556890e-01
8.738073196284079636e-01
8.910988871427378832e-01
9.085237013683591378e-01
9.260872539629353417e-01
9.437942123965162855e-01
9.616633728472012699e-01
9.797010392919581756e-01
9.979109429038430790e-01
1.016312347346552736e+00
1.034913834355457585e+00
1.053718172205332815e+00
1.072751066958415489e+00
1.092025509531258765e+00
1.111546289339341964e+00
1.131355018994525397e+00
1.151470201935494098e+00
1.171903735123532408e+00
1.192719524885203386e+00
1.213939754964014961e+00
1.235587705108067036e+00
1.257745015215956608e+00
1.280431907761310883e+00
1.303682648162829638e+00
1.327576649979477441e+00
1.352123968768772500e+00
1.377362108279306163e+00
1.403336282917110545e+00
1.430039066890191890e+00
1.457496863604626824e+00
1.485688945759469304e+00
1.514588261718130768e+00
1.544194275295191154e+00
1.574405490604648294e+00
1.605180901035601293e+00
1.636483487404773340e+00
1.668145408063531399e+00
1.700124045761121749e+00
1.732349205800253422e+00
1.764629784412565128e+00
1.796935427975002497e+00
1.829179956920601091e+00
1.861204821501637463e+00
1.893000599572147280e+00
1.924489972924799730e+00
1.955591070658363018e+00
1.986314441434797518e+00
2.016613234986966319e+00
2.046494952149846558e+00
2.075980303304617802e+00
2.105061612465780829e+00
2.133813389878158162e+00
2.162253511105976411e+00
2.190406429346000383e+00
2.218370537719223989e+00
2.246151669467715717e+00
2.273788983440859113e+00
2.301363684124633657e+00
2.328868059979987581e+00
2.356337988368196523e+00
2.383815791428252506e+00
2.411285229695109500e+00
2.438768383245615734e+00
2.466269381171088515e+00
2.493770333424074614e+00
2.521278525008085136e+00
2.548773458086214028e+00
2.576239937999514673e+00
2.603675433520394655e+00
2.631048672412488632e+00
2.658347646410526899e+00
2.685565688171588139e+00
2.712668038234631762e+00
2.739644211844553201e+00
2.766486576143053266e+00
2.793158557600307734e+00
2.819649887259850107e+00
2.845952570906147727e+00
2.872028827267856688e+00
2.897868841316272093e+00
2.923463922527032910e+00
2.948777535990345200e+00
2.973801566730907453e+00
2.998526720343789531e+00
3.022921482364022694e+00
3.046980492365845450e+00
3.070694727493254561e+00
3.094040577420619442e+00
3.117015601982463746e+00
3.139612450801301691e+00
3.161815998545819184e+00
3.183626108313667658e+00
3.205038646248665302e+00
3.226045531129633215e+00
3.246648027656994007e+00
3.266846382576758412e+00
3.286637392548472203e+00
3.306022982607569105e+00
3.325007770690906028e+00
3.343591856467682089e+00
3.361777494959482748e+00
3.379571811857221331e+00
3.396977990695779326e+00
3.413998752221226951e+00
3.430640271746815628e+00
3.446909890640633023e+00
3.462811201088936031e+00
3.478346025976726708e+00
3.493527221871187916e+00
3.508359468146295512e+00
3.522839264477897192e+00
3.536985000973939197e+00
3.550801977130502163e+00
3.564284306878468200e+00
3.577453356171338417e+00
3.590313786825755304e+00
3.602863284843953906e+00
3.615121357834934823e+00
3.627090521022854119e+00
3.638777703765821325e+00
3.650195602641039816e+00
3.661343816534722517e+00
3.672239921253953820e+00
3.682887701285193938e+00
3.693284629661034213e+00
3.703454025558529761e+00
3.713393377812439056e+00
3.723100374410902358e+00
3.732594542803080895e+00
3.741873633711642722e+00
3.750938369094589664e+00
3.759795250486592355e+00
3.768449349087012568e+00
3.776906037693327889e+00
3.785155369185411178e+00
3.793212937741192281e+00
3.801087871722527378e+00
3.808758858150991244e+00
3.816248720704199737e+00
3.823566944897797359e+00
3.830692373001731710e+00
3.837646275871995361e+00
3.844434181505030690e+00
3.851047123054703203e+00
3.857495061854001150e+00
3.863776757477259238e+00
3.869901554150983802e+00
3.875863020627221989e+00
3.881653692700543612e+00
3.887298200509753610e+00
3.892776805150326869e+00
3.898079816887388915e+00
3.903236613073354011e+00
3.908224556309471520e+00
3.913037375139286400e+00
3.917696296418263113e+00
3.922188626229248243e+00
3.926516117267995654e+00
3.930682185414089869e+00
3.934693080893607142e+00
3.938560124654394201e+00
3.942266147208181692e+00
3.945837425769834095e+00
3.949292914959239287e+00
3.952600319992457312e+00
3.955799519703470768e+00
3.958912538080982646e+00
3.961905187259301631e+00
3.964821030222859033e+00
3.967678960726576332e+00
3.970460729272583311e+00
3.973204131811333806e+00
3.975917961169057602e+00
3.978614667466522814e+00
3.981318356910797718e+00
3.984022073573271427e+00
3.986770195371238668e+00
3.989566387366041855e+00
3.992387747054307656e+00
3.995292852243345294e+00
3.998261366009994600e+00
4.001262927062404273e+00
4.004341251817147729e+00
4.007456149841917004e+00
4.010584346842748893e+00
4.013732547881952328e+00
4.016854931893369063e+00
4.019947280781944521e+00
4.022979122937267782e+00
4.025919403318796164e+00
4.028784278549918163e+00
4.031526866082499438e+00
4.034144362451319132e+00
4.036661716089490426e+00
4.039039484262578306e+00
4.041295106368945511e+00
4.043444169000180999e+00
4.045463639266246858e+00
4.047379461641553711e+00
4.049194252916878511e+00
4.050894091602240898e+00
4.052515891205724863e+00
4.054070319860959337e+00
4.055539964573426026e+00
4.056928391282281332e+00
4.058255914342216109e+00
4.059522346820928718e+00
4.060711871538830842e+00
4.061830134905234146e+00
4.062900113351169296e+00
4.063899235857412862e+00
4.064812195979950360e+00
4.065674254150852818e+00
4.066470588506645889e+00
4.067172949213976985e+00
4.067813631325091883e+00
4.068389821377871307e+00
4.068873868921184744e+00
4.069283082515884331e+00
4.069623939391592948e+00
4.069880926024830536e+00
4.070052193739989832e+00
4.070147094754617001e+00
4.070167715055390545e+00
4.070096487215027814e+00
4.069940112138767496e+00
4.069716903861531065e+00
4.069402113783319841e+00
4.068997573764250753e+00
4.068530750433430931e+00
4.067979728375782145e+00
4.067342809221060840e+00
4.066646431265203532e+00
4.065879419378098270e+00
4.065039936767216311e+00
4.064143774753559590e+00
4.063193746956406116e+00
4.062191145600383635e+00
4.061135746311764549e+00
4.060042261325171431e+00
4.058916473841670758e+00
4.057743164949572545e+00
4.056542881721107108e+00
4.055324716015182851e+00
4.054065351100335057e+00
4.052783851591976294e+00
4.051489547468357877e+00
4.050160775615384345e+00
4.048809390945234732e+00
4.047441492385652317e+00
4.046045526378173385e+00
4.044623819878678361e+00
4.043176895209257715e+00
4.041707049617369485e+00
4.040208414569705475e+00
4.038675574813781033e+00
4.037122443423226237e+00
4.035538788909028618e+00
4.033914823085913426e+00
4.032269154979677417e+00
4.030591678935819822e+00
4.028870932635797431e+00
4.027121750911610398e+00
4.025337573658227974e+00
4.023507994097045071e+00
4.021637619959375520e+00
4.019724761706636507e+00
4.017761883462259043e+00
4.015741478416408938e+00
4.013665852672212431e+00
4.011530893547866405e+00
4.009320282795512114e+00
4.007037978031178227e+00
4.004683075102486889e+00
4.002237539392154986e+00
3.999704428265392409e+00
3.997086153476079762e+00
3.994371024994461283e+00
3.991559732882161260e+00
3.988659243958766254e+00
3.985670008500903361e+00
3.982590673820805005e+00
3.979434687654263225e+00
3.976215721343651754e+00
3.972932171171146276e+00
3.969604778753405228e+00
3.966256183872084673e+00
3.962886549756101218e+00
3.959521725790728919e+00
3.956185410706345440e+00
3.952880397650042621e+00
3.949632311785701955e+00
3.946457752543749198e+00
3.943361299469968717e+00
3.940362179633697171e+00
3.937465052323966486e+00
3.934674408487068842e+00
3.931999448275474762e+00
3.929433259934112854e+00
3.926978683687492033e+00
3.924635741229170360e+00
3.922390784812861408e+00
3.920244696084969060e+00
3.918192570221073368e+00
3.916220507890553648e+00
3.914328245577790355e+00
3.912510370746106858e+00
3.910757677735634541e+00
3.909069761757063333e+00
3.907442401414357835e+00
3.905872610689002489e+00
3.904360202445904537e+00
3.902900590450890661e+00
3.901495198027804090e+00
3.900143681625624748e+00
3.898838027389385008e+00
3.897580460319044260e+00
3.896369907641664465e+00
3.895192674413635370e+00
3.894048345358021468e+00
3.892934862643640415e+00
3.891832694379696367e+00
3.890737058232726753e+00
3.889645024102704962e+00
3.888533200937901224e+00
3.887393166188056526e+00
3.886221339388232110e+00
3.884994156672727517e+00
3.883702538478678523e+00
3.882342489579517775e+00
3.880895297732598337e+00
3.879355338875512427e+00
3.877718720126620777e+00
3.875977199356063441e+00
3.874132053694428368e+00
3.872180585082040327e+00
3.870129429612898075e+00
3.867987761989198248e+00
3.865755542961058833e+00
3.863454900985934248e+00
3.861100619632472419e+00
3.858696333784193300e+00
3.856274705572587891e+00
3.853851291590499439e+00
3.851433045176178904e+00
3.849053441202508807e+00
3.846723530450478545e+00
3.844451600802178959e+00
3.842261210953667128e+00
3.840155604089753982e+00
3.838141566329705157e+00
3.836225955311001190e+00
3.834404324329499403e+00
3.832679697275001018e+00
3.831042677098118521e+00
3.829484382282147603e+00
3.828003589057545231e+00
3.826581894166422249e+00
3.825210586283497083e+00
3.823885700382378072e+00
3.822589898409838316e+00
3.821318291515080290e+00
3.820066790002312640e+00
3.818826752853505369e+00
3.817598155633984192e+00
3.816379084827419277e+00
3.815171147966072596e+00
3.813977347938364293e+00
3.812798780933533749e+00
3.811642578591119435e+00
3.810511221757403533e+00
3.809407880751618070e+00
3.808337314735621870e+00
3.807298229939458878e+00
3.806293773105766665e+00
3.805319865581558769e+00
3.804370383228267372e+00
3.803446313254466915e+00
3.802533453062979518e+00
3.801622859470688010e+00
3.800712258181514258e+00
3.799782352231952487e+00
3.798825806296521446e+00
3.797837570152597042e+00
3.796802647750932902e+00
3.795720186208343616e+00
3.794584261917027135e+00
3.793393780525210701e+00
3.792157284992927035e+00
3.790870493281417453e+00
3.789551453200777686e+00
3.788217366541426046e+00
3.786867615665903131e+00
3.785537307193644008e+00
3.784247806807686132e+00
3.783002750461787134e+00
3.781844933095701577e+00
3.780793211751545702e+00
3.779854275659643381e+00
3.779065144466159598e+00
3.778435879442800793e+00
3.777973659502936510e+00
3.777697287225983303e+00
3.777604530219124346e+00
3.777700190830831861e+00
3.777978321044240584e+00
3.778424923937405477e+00
3.779040494759717816e+00
3.779796266430980989e+00
3.780670681076082840e+00
3.781659783955040766e+00
3.782721549947390738e+00
3.783833072690863997e+00
3.784987662976623479e+00
3.786143470310705528e+00
3.787282253500705576e+00
3.788397428900324826e+00
3.789459672567385695e+00
3.790459354207960541e+00
3.791392778584087520e+00
3.792250368981621378e+00
3.793032077618077924e+00
3.793738740767270468e+00
3.794380933668046740e+00
3.794966409135836383e+00
3.795500512392437908e+00
3.796008498531448172e+00
3.796502451737217232e+00
3.796990726181632692e+00
3.797504629083285455e+00
3.798056801416224815e+00
3.798656354795898693e+00
3.799332044097558647e+00
3.800094167368893494e+00
3.800950480987407065e+00
3.801921123100775901e+00
3.803012687475701981e+00
3.804230291152196131e+00
3.805583232251211978e+00
3.807074654488284082e+00
3.808706862280742289e+00
3.810479970617123513e+00
3.812395133373349676e+00
3.814452638458976974e+00
3.816647932659948950e+00
3.818982121222981529e+00
3.821454792902182263e+00
3.824062298324914178e+00
3.826807279646029514e+00
3.829689883465408951e+00
3.832711821900099292e+00
3.835877798984923981e+00
3.839189184399256494e+00
3.842654486911373013e+00
3.846279625951091408e+00
3.850066958313653753e+00
3.854029328862238035e+00
3.858171918302697012e+00
3.862496972143349527e+00
3.867016032529509317e+00
3.871731282174819544e+00
3.876643304157280756e+00
3.881755754756117227e+00
3.887066287107792117e+00
3.892572471915390242e+00
3.898265458187406107e+00
3.904138356253051612e+00
3.910185217697681903e+00
3.916384309936744135e+00
3.922725855578653054e+00
3.929201070878484359e+00
3.935779783177560720e+00
3.942452062347703734e+00
3.949208045522629273e+00
3.956016918367565083e+00
3.962871356233078401e+00
3.969762694973534067e+00
3.976667791459850054e+00
3.983583680395158311e+00
3.990504936119011248e+00
3.997421949378296535e+00
4.004336327083096059e+00
4.011247022257355077e+00
4.018159530329921125e+00
4.025078853049426364e+00
4.032008251071259153e+00
4.038965544981524936e+00
4.045957259358781144e+00
4.052989814761868814e+00
4.060087793026498026e+00
4.067257537211760088e+00
4.074506901553029969e+00
4.081861254180244813e+00
4.089325842560372237e+00
4.096908295949358347e+00
4.104630509546495887e+00
4.112496654160897158e+00
4.120513077110685707e+00
4.128696712470699914e+00
4.137051285483910767e+00
4.145581625653345093e+00
4.154300695181569303e+00
4.163212462817237558e+00
4.172320666634327324e+00
4.181636452835999940e+00
4.191164299111614255e+00
4.200907509661875316e+00
4.210877148196987996e+00
4.221077858955507800e+00
4.231512927106611421e+00
4.242193556488982331e+00
4.253123767681803891e+00
4.264306723369313268e+00
4.275752346197420728e+00
4.287463171555173425e+00
4.299441668341328793e+00
4.311694182022244526e+00
4.324221210928606673e+00
4.337023815996954745e+00
4.350102784960247604e+00
4.363456544824498629e+00
4.377084296353697113e+00
4.390980592390668846e+00
4.405142244702286547e+00
4.419566667715852049e+00
4.434243152897662021e+00
4.449167641042129695e+00
4.464336361340439652e+00
4.479735608819832571e+00
4.495361235175251657e+00
4.511209183571947001e+00
4.527265520588699133e+00
4.543526645740586289e+00
4.559989101830243641e+00
4.576641203464014929e+00
4.593480328573364524e+00
4.610504261576943819e+00
4.627705281520841929e+00
4.645082008184854061e+00
4.662633804476645771e+00
4.680357818696557537e+00
4.698254079102476943e+00
4.716323641158349567e+00
4.734568825451369811e+00
4.752991164366187071e+00
4.771593417915227953e+00
4.790382973083857188e+00
4.809362832069606242e+00
4.828537414947742690e+00
4.847918619861617096e+00
4.867510633276031840e+00
4.887319353819338907e+00
4.907359909284891408e+00
4.927637033918647269e+00
4.948157625881559163e+00
4.968937761203844339e+00
4.989981762100918594e+00
5.011296633310266202e+00
5.032896199096504652e+00
5.054783301352244962e+00
5.076963805154497855e+00
5.099445822508343440e+00
5.122229894477825951e+00
5.145319438923612765e+00
5.168714249614307477e+00
5.192412335710354654e+00
5.216413740349642225e+00
5.240709276624595070e+00
5.265294914253067837e+00
5.290167164926747212e+00
5.315309593027622626e+00
5.340717161363294885e+00
5.366383586323845378e+00
5.392288760522784941e+00
5.418427773468754260e+00
5.444792925905155734e+00
5.471364480552412424e+00
5.498138414564134990e+00
5.525107109487398027e+00
5.552254162018659400e+00
5.579576572073708718e+00
5.607067867362893310e+00
5.634715953109928677e+00
5.662518457307054831e+00
5.690470393677618866e+00
5.718563115312023548e+00
5.746794313297382217e+00
5.775160187745933094e+00
5.803653860588817714e+00
5.832272727697297654e+00
5.861013605138392535e+00
5.889870064148115425e+00
5.918839206596829605e+00
5.947918020270154926e+00
5.977100171351946045e+00
6.006382682740663448e+00
6.035762580637894281e+00
6.065233984135340428e+00
6.094793960047205417e+00
6.124439651249113048e+00
6.154165908681274999e+00
6.183969655320011860e+00
6.213848187620374830e+00
6.243796625397957989e+00
6.273811297833881362e+00
6.303889470197201028e+00
6.334025323173253952e+00
6.364214181099601575e+00
6.394452919046087480e+00
6.424733516098512176e+00
6.455050277339965170e+00
6.485399406516772380e+00
6.515770283583202094e+00
6.546156748182880847e+00
6.576554408019912756e+00
6.606951030579211626e+00
6.637340968499678695e+00
6.667719764926786752e+00
6.698075692565719663e+00
6.728404624350755370e+00
6.758702855287043398e+00
6.788961495326643281e+00
6.819178534341555853e+00
6.849351755917775897e+00
6.879476569203549552e+00
6.909553007570527150e+00
6.939580635909173623e+00
6.969559068262555890e+00
6.999489673594857742e+00
7.029373472970327441e+00
7.059212663728949622e+00
7.089008897324656111e+00
7.118763806199265076e+00
7.148479697180667891e+00
7.178157494583572884e+00
7.207798389395999372e+00
7.237402428212097227e+00
7.266969156322621082e+00
7.296498435672257976e+00
7.325986587776966097e+00
7.355431615149395697e+00
7.384831604217276357e+00
7.414178941835786851e+00
7.443470347751266480e+00
7.472702212540717426e+00
7.501863880724905620e+00
7.530951282578333128e+00
7.559959612162823639e+00
7.588876664675809458e+00
7.617698090315655257e+00
7.646418580129736853e+00
7.675025876365709543e+00
7.703515713410443944e+00
7.731882922872241437e+00
7.760116227039703496e+00
7.788211597957263699e+00
7.816164423180481435e+00
7.843964764121949429e+00
7.871608798386854566e+00
7.899092587102664709e+00
7.926407270730862820e+00
7.953549097292952119e+00
7.980514658502297465e+00
8.007295536974556427e+00
8.033887910246292563e+00
8.060288606664107292e+00
8.086488951148291804e+00
8.112484980530082268e+00
8.138273449135402515e+00
8.163844936477483216e+00
8.189195374169448982e+00
8.214321229344584196e+00
8.239212220877746518e+00
8.263864305925807230e+00
8.288273612439040150e+00
8.312429271607472359e+00
8.336327445983400253e+00
8.359964035557139184e+00
8.383328130935764122e+00
8.406416265729275139e+00
8.429224334468523594e+00
8.451742014021656146e+00
8.473966302004638962e+00
8.495893337539117240e+00
8.517513882967303829e+00
8.538825385365393927e+00
8.559824419791164374e+00
8.580503050943287136e+00
8.600859053060686321e+00
8.620889508478084551e+00
8.640587661667852970e+00
8.659951417636863269e+00
8.678978298538511993e+00
8.697662318359258293e+00
8.716001298299831390e+00
8.733993020471400470e+00
8.751631706983356906e+00
8.768914922082158725e+00
8.785840475041229780e+00
8.802402255135575615e+00
8.818597482298947909e+00
8.834423777926241783e+00
8.849874327622451631e+00
8.864946021844636093e+00
8.879636155319328594e+00
8.893937092891691876e+00
8.907845498528859096e+00
8.921358307185212055e+00
8.934467199529013470e+00
8.947168767437679193e+00
8.959459653776088217e+00
8.971331173492147926e+00
8.982780007022885371e+00
8.993802641073108006e+00
9.004390415343742404e+00
9.014540227191186972e+00
9.024248565864722238e+00
9.033507151044840811e+00
9.042313171677319517e+00
9.050663259064897659e+00
9.058549760645318472e+00
9.065970176710784756e+00
9.072921374651075510e+00
9.079396447301681050e+00
9.085393185910588087e+00
9.090908736417366853e+00
9.095936946227901387e+00
9.100475859206033746e+00
9.104522901577624339e+00
9.108072623196367346e+00
9.111123284886303964e+00
9.113672573780448261e+00
9.115715678672367872e+00
9.117251057286036797e+00
9.118276636486305264e+00
9.118788204209682391e+00
9.118784413967672364e+00
9.118263421952452319e+00
9.117221612130940400e+00
9.115657847415123527e+00
9.113570517309945274e+00
9.110956629043638344e+00
9.107815275453509329e+00
9.104145094097329860e+00
9.099943756334713640e+00
9.095210604877211225e+00
9.089944543753324169e+00
9.084143945760141392e+00
9.077808418120406841e+00
9.070937146759776581e+00
9.063529228701762364e+00
9.055584543566695288e+00
9.047102567761411862e+00
9.038083128179422943e+00
9.028526378970573418e+00
9.018432088256256307e+00
9.007800805167617497e+00
8.996632956772490530e+00
8.984928598695065105e+00
8.972688988052832215e+00
8.959914821278246677e+00
8.946606434624724713e+00
8.932765778212498731e+00
8.918393813284049898e+00
8.903491149490941226e+00
8.888060417188178519e+00
8.872102836882740817e+00
8.855619285112526384e+00
8.838613061429766660e+00
8.821085638445779864e+00
8.803038153557549705e+00
8.784474563071231756e+00
8.765396582083223365e+00
8.745805602146171864e+00
8.725706218101814571e+00
8.705100374749013881e+00
8.683989708914106487e+00
8.662379425870719629e+00
8.640271683852448703e+00
8.617668352615202920e+00
8.594575207240815473e+00
8.570994599837286287e+00
8.546928616625262265e+00
8.522383548985972723e+00
8.497361920810067915e+00
8.471866014373196307e+00
8.445902573218090126e+00
8.419474269726455518e+00
8.392583558914679998e+00
8.365237566545308923e+00
8.337439090854314117e+00
8.309190735182516718e+00
8.280499938754973144e+00
8.251369605944459451e+00
8.221802465276395466e+00
8.191806210292307711e+00
8.161383837169779554e+00
8.130538180474401244e+00
8.099277147370850471e+00
8.067603819238032159e+00
8.035521124311037156e+00
8.003037169093868641e+00
7.970155123075191028e+00
7.936878005057560692e+00
7.903214138581449610e+00
7.869166794390022979e+00
7.834739089811463941e+00
7.799939616756158323e+00
7.764771769806999124e+00
7.729238784443349886e+00
7.693349602381875485e+00
7.657107771464897183e+00
7.620516675570796927e+00
7.583585708391679781e+00
7.546318602881701310e+00
7.508718929162850664e+00
7.470796640924942444e+00
7.432555684724172274e+00
7.393999857324724978e+00
7.355139767405700191e+00
7.315979593853846552e+00
7.276523396343097083e+00
7.236782500245431571e+00
7.196761319809159119e+00
7.156464202250400142e+00
7.115903199815972080e+00
7.075082945131353718e+00
7.034008078819096177e+00
6.992691325997619778e+00
6.951137498971230677e+00
6.909351513459953686e+00
6.867346645125818050e+00
6.825127827081135301e+00
6.782700205231556367e+00
6.740077421185881157e+00
6.697264454680063039e+00
6.654266611685422994e+00
6.611097669069066818e+00
6.567762571345826750e+00
6.524266694665045385e+00
6.480623698733931626e+00
6.436838412722334368e+00
6.392916182271078718e+00
6.348870304790583674e+00
6.304705425366791793e+00
6.260426758928926638e+00
6.216047031849707416e+00
6.171570656140384692e+00
6.127002628166793308e+00
6.082354955384272621e+00
6.037631793099688338e+00
5.992837854127713193e+00
5.947984355696793735e+00
5.903075199956916208e+00
5.858114781405203253e+00
5.813113536554190830e+00
5.768075142709303549e+00
5.723003674393158491e+00
5.677908869754445753e+00
5.632794227994438074e+00
5.587663532973940583e+00
5.542525960823319053e+00
5.497384888585322038e+00
5.452243862909390337e+00
5.407111661854259843e+00
5.361991594974019115e+00
5.316887038977160529e+00
5.271806536207309435e+00
5.226753372327021196e+00
5.181730823269023567e+00
5.136747329764808967e+00
5.091806178879964229e+00
5.046910605506048419e+00
5.002069035367902039e+00
4.957284760688714265e+00
4.912561016997595509e+00
4.867906245749431982e+00
4.823323727921173365e+00
4.778816718931138574e+00
4.734393654567342402e+00
4.690057773638509175e+00
4.645812348818346926e+00
4.601665751196031273e+00
4.557621140547339245e+00
4.513681787330614092e+00
4.469855922801495574e+00
4.426146594376291432e+00
4.382557042137626979e+00
4.339095289472290951e+00
4.295764249744020269e+00
4.252567104944920295e+00
4.209511628712189868e+00
4.166600594994083195e+00
4.123837108208658897e+00
4.081228686521900073e+00
4.038777975497535699e+00
3.996487995154952344e+00
3.954366036809272789e+00
3.912414640374084041e+00
3.870636747189920346e+00
3.829039471173472098e+00
3.787625272645693375e+00
3.746397027832880866e+00
3.705361721453316992e+00
3.664521753574829788e+00
3.623879948580663868e+00
3.583443183740490312e+00
3.543213802314162830e+00
3.503194580334943797e+00
3.463392261162117070e+00
3.423809112901798901e+00
3.384447848673439285e+00
3.345314990992636961e+00
3.306412691767857126e+00
3.267743563907298476e+00
3.229313762991785186e+00
3.191125265642892561e+00
3.153180525093516540e+00
3.115485140646345741e+00
3.078040845983304408e+00
3.040849859298853541e+00
3.003917019138857558e+00
2.967243752459174377e+00
2.930831962238036770e+00
2.894685541671211837e+00
2.858805563841010144e+00
2.823193545359998780e+00
2.787852304225937328e+00
2.752782539522124594e+00
2.717985333188158048e+00
2.683462380386538282e+00
2.649214018852389607e+00
2.615240881276441609e+00
2.581543588842053261e+00
2.548122163239404880e+00
2.514976812674984519e+00
2.482107227722654574e+00
2.449513185980832564e+00
2.417194534310393550e+00
2.385150252567119988e+00
2.353379962198145048e+00
2.321883242728945973e+00
2.290658629150991832e+00
2.259705677500505772e+00
2.229023812158311024e+00
2.198611397747937346e+00
2.168468005283016975e+00
2.138593018833160109e+00
2.108984878580699718e+00
2.079643229860029141e+00
2.050567518340855155e+00
2.021756446489078929e+00
1.993209765810752598e+00
1.964927059675781296e+00
1.936907401102289983e+00
1.909150650743494770e+00
1.881656571792966970e+00
1.854424632048788046e+00
1.827454778848675021e+00
1.800746960942918973e+00
1.774300988724958117e+00
1.748116855409790338e+00
1.722194667868522266e+00
1.696534468490571212e+00
1.671136246217923782e+00
1.646000213159437786e+00
1.621126498647242231e+00
1.596515036866252624e+00
1.572166077231166748e+00
1.548079681537958718e+00
1.524255685786540804e+00
1.500694304720019856e+00
1.477395390457477697e+00
1.454358649173409512e+00
1.431584194651168040e+00
1.409071555062310521e+00
1.386820288667258483e+00
1.364830354828971082e+00
1.343100879461852415e+00
1.321631267545785304e+00
1.300421287331509523e+00
1.279469621266281942e+00
1.258775525832128706e+00
1.238338559108645542e+00
1.218156951898758278e+00
1.198229823837100749e+00
1.178556519863841912e+00
1.159134837062793633e+00
1.139963773678434933e+00
1.121042471639438043e+00
1.102368330794521789e+00
1.083940245029429539e+00
1.065757172992545021e+00
1.047816165813023170e+00
1.030116030417160156e+00
1.012655568244574589e+00
9.954315374929555427e-01
9.784426755447569457e-01
9.616876563971716863e-01
9.451630053022892497e-01
9.288674076318570449e-01
9.127994414251333621e-01
8.969554611361799656e-01
8.813341178792394315e-01
8.659339254470505010e-01
8.507511299882121181e-01
8.357843660979117351e-01
8.210321139857440498e-01
8.064905721040079856e-01
7.921583755521317549e-01
7.780339993001406107e-01
7.641136499757750222e-01
7.503959784212533846e-01
7.368794790558532704e-01
7.235604145856052716e-01
7.104374638712198653e-01
6.975091605160620434e-01
6.847718602150868472e-01
6.722242781944918200e-01
6.598650009753440626e-01
6.476905010386787565e-01
6.356995339121630506e-01
6.238907462167189166e-01
6.122607372402252279e-01
6.008083024792959526e-01
5.895321494113998639e-01
5.784290014073892872e-01
5.674976900780779321e-01
5.567369789361712451e-01
5.461437025398608869e-01
5.357167224221851543e-01
5.254548491892134798e-01
5.153550091400815880e-01
5.054160865715749962e-01
4.956369279456305788e-01
4.860145292839344600e-01
4.765477908099521875e-01
4.672355831892636702e-01
4.580749512068658102e-01
4.490648054848338511e-01
4.402040304586409825e-01
4.314897025066985470e-01
4.229207389956754493e-01
4.144960300742361881e-01
4.062126718707548267e-01
3.980695868458942743e-01
3.900656657589171572e-01
3.821980183139376819e-01
3.744655721933928816e-01
3.668672166360386622e-01
3.594000738094498826e-01
3.520630780847988084e-01
3.448551176057544354e-01
3.377733297863822481e-01
3.308166579950477804e-01
3.239839916020950672e-01
3.172724886387247034e-01
3.106811041950219843e-01
3.042087323744578908e-01
2.978525586741677111e-01
2.916115527714542854e-01
2.854846175849973799e-01
2.794689736844254146e-01
2.735636082308743888e-01
2.677674371950357068e-01
2.620777242736923029e-01
2.564934770534924025e-01
2.510136287263789456e-01
2.456354945985598504e-01
2.403581057293969481e-01
2.351804165592507878e-01
2.300998029773242692e-01
2.251153226897433524e-01
2.202259552591936398e-01
2.154291465564492081e-01
2.107239841509088440e-01
2.061094764145130487e-01
2.015831486723697330e-01
1.971441213987287500e-01
1.927914351590747088e-01
1.885227035961463404e-01
1.843370826260539719e-01
1.802336478755640625e-01
1.762101086154646279e-01
1.722656578582665021e-01
1.683994083605444836e-01
1.646091697520051245e-01
1.608941725782944976e-01
1.572535677084937189e-01
1.536852664079479680e-01
1.501885357753954542e-01
1.467625644793527917e-01
1.434053627554191801e-01
1.401162318677963148e-01
1.368943966159356929e-01
1.337379596707650165e-01
1.306462529139174322e-01
1.276185343887503432e-01
1.246529894967686042e-01
1.217489764917005779e-01
1.189057828944008327e-01
1.161216652260249060e-01
1.133960037771869350e-01
1.107281114033388802e-01
1.081163038689557793e-01
1.055599797212744551e-01
1.030584732211594495e-01
1.006101489760463236e-01
9.821442112680199565e-02
9.587064220197016873e-02
9.357721825770722035e-02
9.133357785535591022e-02
8.913908990657128106e-02
8.699219856331713574e-02
8.489234723514310632e-02
8.283892084453402249e-02
8.083040267142553581e-02
7.886625283064481462e-02
7.694587340029546141e-02
7.506779179043901462e-02
7.323148768742215875e-02
7.143638273168272101e-02
6.968105633893870166e-02
6.796501105538403642e-02
6.628769128031795910e-02
6.464773761321379597e-02
6.304467852874026668e-02
6.147798456643399634e-02
5.994636624037690681e-02
5.844938022556426388e-02
5.698652613944101691e-02
5.555659108781015737e-02
5.415916101097670299e-02
5.279376655890576781e-02
5.145927487285823637e-02
5.015530083850435611e-02
4.888140675342119573e-02
4.763653944027099879e-02
4.642034109551080451e-02
4.523240482228072651e-02
4.407175308256172652e-02
4.293805272000219414e-02
4.183092547319051252e-02
4.074946242214562420e-02
3.969335179373232464e-02
3.866224079973617361e-02
3.765528026129947442e-02
3.667217640232916381e-02
3.571259821952005309e-02
3.477574683473003830e-02
3.386134339508139329e-02
3.296907496912224872e-02
3.209818418555075020e-02
3.124840467094008520e-02
3.041943827232910028e-02
2.961056190355887408e-02
2.882152001787414985e-02
2.805202668472873626e-02
2.730138797726425204e-02
2.656935831523683442e-02
2.585566232631103870e-02
2.515963231425536947e-02
2.448103247013378239e-02
2.381959719970445921e-02
2.317468405012633806e-02
2.254606724714436003e-02
2.193349093990294360e-02
2.133633838194129093e-02
2.075439432676575227e-02
2.018741315822682528e-02
1.963480516317065924e-02
1.909636614239226815e-02
1.857186148628053521e-02
1.806073014905291638e-02
1.756277937786402191e-02
1.707778639672903956e-02
1.660522032629744432e-02
1.614490005849288437e-02
1.569661535858744156e-02
1.525986658742731206e-02
1.483448425865902844e-02
1.442027115481887833e-02
1.401675938167350373e-02
1.362379085049211618e-02
1.324118155241364898e-02
1.286849524368677104e-02
1.250558484843442703e-02
1.215227946620134510e-02
1.180817385094132081e-02
1.147313143700862646e-02
1.114699406402832292e-02
1.082938634689468820e-02
1.052018164481516305e-02
1.021923394098525791e-02
9.926196174702710609e-03
9.640950986964857625e-03
9.363363727355801872e-03
9.093113808590720312e-03
8.830092471091092673e-03
8.574175523855120593e-03
8.325066775652799692e-03
8.082665361880882193e-03
7.846856567207056640e-03
7.617366388508174831e-03
7.394101150110999297e-03
7.176954606371716873e-03
6.965672709145320600e-03
6.760168289100972755e-03
6.560342596204784583e-03
6.365959389331127261e-03
6.176937373780052448e-03
5.993184402836655017e-03
5.814480083856516691e-03
5.640748441087059355e-03
5.471903161038929771e-03
5.307738014327712840e-03
5.148181882178844669e-03
4.993153662238169858e-03
4.842459927101292784e-03
4.696034053043345730e-03
4.553799682571150510e-03
4.415575162811082900e-03
4.281298096832131077e-03
4.150896550916026613e-03
4.024199922563012968e-03
3.901149849536099477e-03
3.781678619754650934e-03
3.665626197279113572e-03
3.552938113831118853e-03
3.443550759442127757e-03
3.337314339460668421e-03
3.234178163185691835e-03
3.134082646322860956e-03
3.036887983805049845e-03
2.942547146188698517e-03
2.851004505536100259e-03
2.762129994319699380e-03
2.675880110248654662e-03
2.592203092326215205e-03
2.510978305354128349e-03
2.432165612802390884e-03
2.355716995402718037e-03
2.281520864587280231e-03
2.209540259727423451e-03
2.139730738243360818e-03
2.071989289091436762e-03
2.006281914775674430e-03
1.942567550117686725e-03
1.880751225238318398e-03
1.820801679882440641e-03
1.762681004501840407e-03
1.706301694363568074e-03
1.651634998708920816e-03
1.598645933489595836e-03
1.547253874554068874e-03
1.497432361413673007e-03
1.449149110171117074e-03
1.402329812173955812e-03
1.356950094317916538e-03
1.312980162146010210e-03
1.270351497528712532e-03
1.229041632701470804e-03
1.189023072110922908e-03
1.150232614707479310e-03
1.112649538068650459e-03
1.076248476508975642e-03
1.040971126796217316e-03
1.006798372434650982e-03
9.737068281212577295e-04
9.416427191814034708e-04
9.105884130315274267e-04
8.805223709223256338e-04
8.513950191875520627e-04
8.231901006717352821e-04
7.958878005251388043e-04
7.694424506017008732e-04
7.438390705622557365e-04
7.190594540027738261e-04
6.950615661444925790e-04
6.718316119196913625e-04
6.493528823434715743e-04
6.275867208844031339e-04
6.065204316369513741e-04
5.861386951279393045e-04
5.664059917210727442e-04
5.473106435455687936e-04
5.288386158988993800e-04
5.109572980145725809e-04
4.936559543716984933e-04
4.769217344865311621e-04
4.607247232856819734e-04
4.450550582895191807e-04
4.299009783404393018e-04
4.152350679658715557e-04
4.010482756916704879e-04
3.873298418136633778e-04
3.740546730743347860e-04
3.612144746399928376e-04
3.487994081844123287e-04
3.367865438993564316e-04
3.251682964860941132e-04
3.139356766103265726e-04
3.030677753746624970e-04
2.925576758601355822e-04
2.823971719662612587e-04
2.725672447620328879e-04
2.630616084506476478e-04
2.538727792060502535e-04
2.449835025955002070e-04
2.363880881543496248e-04
2.280797159949513530e-04
2.200427699146326633e-04
2.122721181492963122e-04
2.047615471122885792e-04
1.974969469655132143e-04
1.904737055015434200e-04
1.836861574967616070e-04
1.771215602909383471e-04
1.707757789576372885e-04
1.646436389417956468e-04
1.587136207388105825e-04
1.529820219197672640e-04
1.474441036152859136e-04
1.420894275719457864e-04
1.369146783230124759e-04
1.319155047333810669e-04
1.270824204617256449e-04
1.224124531613419130e-04
1.179016039432830335e-04
1.135412331773261646e-04
1.093286719046598069e-04
1.052602554805522598e-04
1.013281190525615810e-04
9.752986298644721692e-05
9.386215881236754357e-05
9.031788043850187220e-05
8.689486918429059376e-05
8.359015219959853684e-05
8.039733502308752885e-05
7.731447552686067121e-05
7.433898468165578552e-05
7.146520399638675298e-05
6.869138449052861846e-05
6.601534326140117998e-05
6.343214890359171224e-05
6.094022014786296148e-05
5.853777918635269962e-05
5.622057467822094506e-05
5.398716405963346264e-05
5.183613549634059106e-05
4.976381667224636019e-05
4.776887229921781002e-05
4.585017344424722184e-05
4.400447285688791673e-05
4.223051263361525206e-05
4.052732701898102029e-05
3.889190779291878231e-05
3.732305158932265919e-05
3.581981980862767803e-05
3.437926104155773825e-05
3.300021539177574076e-05
3.168164722516855081e-05
3.042052329630571216e-05
2.921572952489972561e-05
2.806604800855427037e-05
2.696829875497571433e-05
2.592142663212659390e-05
2.492400259113909246e-05
2.397271913799165228e-05
2.306659781751158118e-05
2.220402859766996051e-05
2.138166786852596310e-05
2.059862875220971914e-05
1.985319801358092592e-05
1.914213042300573950e-05
1.846463697573169350e-05
1.781900640283802064e-05
1.720223396605902294e-05
1.661362420118679329e-05
1.605157840279396547e-05
1.551345093897832592e-05
1.499862706113434331e-05
1.450571853531199515e-05
1.403251423556496333e-05
1.357846373520168696e-05
1.314246246616870521e-05
1.272275921179484124e-05
1.231885320089707351e-05
1.192996529583558288e-05
1.155478302267021517e-05
1.119284570547996095e-05
1.084370662298735298e-05
1.050643369495650978e-05
1.018060223752624543e-05
9.866069164199515884e-06
9.562199330359609121e-06
9.268603238736528783e-06
8.985379110399927674e-06
8.712093458774396244e-06
8.448391560982953952e-06
8.194524404789074791e-06
7.950166980965555510e-06
7.714997641907325656e-06
7.489318804413073875e-06
7.272836148526405887e-06
7.065258677468126161e-06
6.866843934805395741e-06
6.677276019861204594e-06
6.496293705632706816e-06
6.324036201017950598e-06
6.160143326870058206e-06
6.004386518032676059e-06
5.856748358676579058e-06
5.716827866929043651e-06
5.584436135466297307e-06
5.459399044960839562e-06
5.341295028901238153e-06
5.229983578243499360e-06
5.125165423602512436e-06
5.026423718685002870e-06
4.933672600961426025e-06
4.846537760847975550e-06
4.764627854551989045e-06
4.687911300745815427e-06
4.615992666918055614e-06
4.548517412079265983e-06
4.485499325663246773e-06
4.426567427282004164e-06
4.371405467389079304e-06
4.320056464849646875e-06
4.272203825376117514e-06
4.227563589025495620e-06
4.186188739119732088e-06
4.147828988558569134e-06
4.112221836120377995e-06
4.079413097847396149e-06
4.049213990266997756e-06
4.021369621408523108e-06
3.995908066978314131e-06
3.972683960429911083e-06
3.951434510976240215e-06
3.932168183866740557e-06
3.914756307534995526e-06
3.898913323936513720e-06
3.884634325374183518e-06
3.871777678925770224e-06
3.860025213222979916e-06
3.849370130421560469e-06
3.839632260341906726e-06
3.830462162291691641e-06
3.821863757506581946e-06
3.813604983883855349e-06
3.805323340417088529e-06
3.797042946917001639e-06
3.788486425091882759e-06
3.779314843808108948e-06
3.769575440236546800e-06
3.758976146822671436e-06
3.747250957333399763e-06
3.734464704210357100e-06
3.720362205711857078e-06
3.704799178645529173e-06
3.687844244548918070e-06
3.669339508736394267e-06
3.649293569337445444e-06
3.627759134454213804e-06
3.604725930429334126e-06
3.580354969037584203e-06
3.554661817156858129e-06
3.527804969598021404e-06
3.500061564093548090e-06
3.471392777931697993e-06
3.442106744370795393e-06
3.412532873516900233e-06
3.382569884918650049e-06
3.352618717755783694e-06
3.322987163004149520e-06
3.293515813589973667e-06
3.264619755123211349e-06
3.236520686001102546e-06
3.209017764426483379e-06
3.182462454615555345e-06
3.156949291216292806e-06
3.132261524637308265e-06
3.108630536774080537e-06
3.086010911580874079e-06
3.064198400690790039e-06
3.043280139527116437e-06
3.023083266166263651e-06
3.003440913187160806e-06
2.984303663252144987e-06
2.965402241422163756e-06
2.946623667297883136e-06
2.927812664151382508e-06
2.908646307999441637e-06
2.889071585813986540e-06
2.868869151923192833e-06
2.847711363142125030e-06
2.825601603145036275e-06
2.802299014064989307e-06
2.777520992185223663e-06
2.751316780615467813e-06
2.723460675140474508e-06
2.693759193037291512e-06
2.662293294519099837e-06
2.628879951778761827e-06
2.593445610845403344e-06
2.556088289796973884e-06
2.516684845071420925e-06
2.475292542531824553e-06
2.432013661398945394e-06
2.386791682542902658e-06
2.339802880219191685e-06
2.291144459890683085e-06
2.240823417987459924e-06
2.189103516320745096e-06
2.136071832882180226e-06
2.081787596339684799e-06
2.026559197245999446e-06
1.970462772626770580e-06
1.913593222916490879e-06
1.856260366049806097e-06
1.798531853852524524e-06
1.740520132275004996e-06
1.682502669679248034e-06
1.624542607256244772e-06
1.566753826762364995e-06
1.509362474417738159e-06
1.452430620751761820e-06
1.396061924493082244e-06
1.340426916397654363e-06
1.285587823012885281e-06
1.231631596474034833e-06
1.178679080239567984e-06
1.126790949576152070e-06
1.076035309543492148e-06
1.026493295205682433e-06
9.782198386040672392e-07
9.312647321855445278e-07
8.856782486127656812e-07
8.415042707550784574e-07
7.987758520379720083e-07
7.575175565976391289e-07
7.177575174599782598e-07
6.795136569149839440e-07
6.427865062188880095e-07
6.075857910071998146e-07
5.739157053030557135e-07
5.417529174126362665e-07
5.110888486606321862e-07
4.819154356132124411e-07
4.541864419229569834e-07
4.278777220942773998e-07
4.029708755286101399e-07
3.793999772145123034e-07
3.571298876728453691e-07
3.361344101871489014e-07
3.163335772921216322e-07
2.976865363121518591e-07
2.801623043121512108e-07
2.636740167250153508e-07
2.481800097172592105e-07
2.336475986363802205e-07
2.199902155961995840e-07
2.071691370860170836e-07
1.951526791118054911e-07
1.838604738132752451e-07
1.732590020513279306e-07
1.633195536789619724e-07
1.539717720563065589e-07
1.451881864271024431e-07
1.369441624666044745e-07
1.291809334010198797e-07
1.218768401559388999e-07
1.150116206091185273e-07
1.085378353834020910e-07
1.024387644297606012e-07
9.669821677569351576e-08
9.127864162152122572e-08
8.616715805610964353e-08
8.135100796169915626e-08
7.680059370257176257e-08
7.250583609867730172e-08
6.845666833867786758e-08
6.462953489094756302e-08
6.101633355657555467e-08
5.760900666997284452e-08
5.438845160649597052e-08
5.134796625806828754e-08
4.848096088084770983e-08
4.577161511370461844e-08
4.321426254060614904e-08
4.080339688380972683e-08
3.852569122740425333e-08
3.637629985337642362e-08
3.435054837349203376e-08
3.243709886643667149e-08
3.063179951592533102e-08
2.893065014189003302e-08
2.732397770430740228e-08
2.580824051823363897e-08
2.438001160135905542e-08
2.303105716063692105e-08
2.175837817130950198e-08
2.055904904070343844e-08
1.942609618532117274e-08
1.835699992827996693e-08
1.734927703557423665e-08
1.639705537365257925e-08
1.549823229631199917e-08
1.465071298558873476e-08
1.384957877114070705e-08
1.309308374529896341e-08
1.237947037322053616e-08
1.170463535498235532e-08
1.106713339271862382e-08
1.046549619036519454e-08
9.896309714796496812e-09
9.358379034224392901e-09
8.850481117777968554e-09
8.369779127103241694e-09
7.915284967927262816e-09
7.485981737226915180e-09
7.079512614593591540e-09
6.695059542936711883e-09
6.331777713392497815e-09
5.987707668644502808e-09
5.662170786133961825e-09
5.354465244469755547e-09
5.062959586209297700e-09
4.787089424717522869e-09
4.526271297087679793e-09
4.279144033040051430e-09
4.045236838900075159e-09
3.824063904303503637e-09
3.614486577573581128e-09
3.416110789171662273e-09
3.228531052762784218e-09
3.050791842294155129e-09
2.882562053477312047e-09
2.723502092255890646e-09
2.572807190979413717e-09
2.430198018608173507e-09
2.295388934456382467e-09
2.167699457629017824e-09
2.046892963716694239e-09
1.932727979238814236e-09
1.824626785471653819e-09
1.722388157535884539e-09
1.625806858470152685e-09
1.534390541092911184e-09
1.447967520111499222e-09
1.366362447330092159e-09
1.289154375774895341e-09
1.216196473835386061e-09
1.147338259202076966e-09
1.082218995601995975e-09
1.020712952871194564e-09
9.626905711520528695e-10
9.078423500639070069e-10
8.560606336161900884e-10
8.072336918399429289e-10
7.610960056436243506e-10
7.175555151932263190e-10
6.765158740026803139e-10
6.377495933599760382e-10
6.011781393359673968e-10
5.667185745111016653e-10
5.341764582508167437e-10
5.034850122772222159e-10
4.745730664087679418e-10
4.472749594129997221e-10
4.215341216238737169e-10
3.972897370023105502e-10
3.744011869892638300e-10
3.528207361904979255e-10
3.324966674487134394e-10
3.133100803639615078e-10
2.952208420043821936e-10
2.781851935599175309e-10
2.621029686798060942e-10
2.469405315771307428e-10
2.326610340536386724e-10
2.191803616331280033e-10
2.064703892426450031e-10
1.945002167159332429e-10
1.831993827776281415e-10
1.725444017330227278e-10
1.625094444098154467e-10
1.530355783758980014e-10
1.441031978194306564e-10
1.356907564759945394e-10
1.277489930922409831e-10
1.202615294244489944e-10
1.132104059187030263e-10
1.065544308601170135e-10
1.002799015758899823e-10
9.437184135748227299e-11
8.879576672790626468e-11
8.354018988544734649e-11
7.859260261281059144e-11
7.392408800438638001e-11
6.952499311902856577e-11
6.538484744531723015e-11
6.147935411785836666e-11
5.780038434273862793e-11
5.433914974163707335e-11
5.107519560583748971e-11
4.800166451247426838e-11
4.511116004365051864e-11
4.238643380274623129e-11
3.982169425480404382e-11
3.741070186915220343e-11
3.513889561953846806e-11
3.300138221944790694e-11
3.099288908496506655e-11
2.910111800069276776e-11
2.732193613683407679e-11
2.565088401187889817e-11
2.407757678646869141e-11
2.259852766382089849e-11
2.120996476270533683e-11
1.990312651413311326e-11
1.867507604779451977e-11
1.752262558500969876e-11
1.643839356524485652e-11
1.541991144871805656e-11
1.446448910642602951e-11
1.356591900733729988e-11
1.272213106245567742e-11
1.193085965066868638e-11
1.118689543091332124e-11
1.048850657980461775e-11
9.833789431703567727e-12
9.218381872414770201e-12
8.640838386244163774e-12
8.099563359373526477e-12
7.590911935812200889e-12
7.113680082790845916e-12
6.666533607341677400e-12
6.246433014043183580e-12
5.852377202961655710e-12
5.483253048889118076e-12
5.136530297378733197e-12
4.811377787653705322e-12
4.506868631863474763e-12
4.220899578193611943e-12
3.952781330369558535e-12
3.701743314602013996e-12
3.466039272082803406e-12
3.245098027303856381e-12
3.038279764880289881e-12
2.844135942707912691e-12
2.662193541864660519e-12
2.491921819186159441e-12
2.332120026929717430e-12
2.182396602333045274e-12
2.042311586277276115e-12
1.910870181325789433e-12
1.787748368105163233e-12
1.672581634515208893e-12
1.564546198227219126e-12
1.463374027013179245e-12
1.368763251842787530e-12
1.280032023447614945e-12
1.196958714785884386e-12
1.119293445781445864e-12
1.046472135541609818e-12
9.783116226207753429e-13
9.146051683196896951e-13
8.548863987368549637e-13
7.990040380374791181e-13
7.467871473667021877e-13
6.978504059659167057e-13
6.520689662477792304e-13
6.093015962469820543e-13
5.692301965130264924e-13
5.317518168981404885e-13
4.967498714032540151e-13
4.639619854194797161e-13
4.333033412083941598e-13
4.046777904058497303e-13
3.778691212426925500e-13
3.528075178964162202e-13
3.294137667585897480e-13
3.075098626906353849e-13
2.870383887229162928e-13
2.679341485926783781e-13
2.500507241344910915e-13
2.333409338696036292e-13
2.177511691502896058e-13
2.031610944849985580e-13
1.895319678975554687e-13
1.768197462662406369e-13
1.649256050757005691e-13
1.538177531323830922e-13
1.434600323701505215e-13
1.337713380655240171e-13
1.247255980178219577e-13
1.162931453702897794e-13
1.084074570401907331e-13
1.010471625420059081e-13
9.418793275751248844e-14
8.777523364947974699e-14
8.179155781090029202e-14
7.621696157692385621e-14
7.100676198974396984e-14
6.614662437491632119e-14
6.162020607092868749e-14
5.739091488848778508e-14
5.344702121121114788e-14
4.977513837026452712e-14
4.634531726440089089e-14
4.314796680741431224e-14
4.017212664904186972e-14
3.739330103693165710e-14
3.480365406115827095e-14
3.239421701506201728e-14
3.014496997522438403e-14
2.804951712438421399e-14
2.610052469789995829e-14
2.428164533140208084e-14
2.258766421004224265e-14
2.101258965329098826e-14
1.954308651338059956e-14
1.817490782428474823e-14
1.690316334826394367e-14
1.571698704694081275e-14
1.461292437980895447e-14
1.358698862888403612e-14
1.263033600657375145e-14
1.174016001937208274e-14
1.091321454550723959e-14
1.014231033127081278e-14
9.425170145997890159e-15
8.759154283405090851e-15
8.138425502115000788e-15
7.561138188261030253e-15
7.025148539631345225e-15
6.525722605799553312e-15
6.061366222252285460e-15
5.630340521549744664e-15
5.228810576540680604e-15
4.855567962631467717e-15
4.509203944676896049e-15
4.186615102871267004e-15
3.886824995898757321e-15
3.608693607054245876e-15
3.349711883612074780e-15
3.109091478277957596e-15
2.885910766287356952e-15
2.678142999317767077e-15
2.485152162926829924e-15
2.306193869123025109e-15
2.139632276815494748e-15
1.984954620763167702e-15
1.841560165592020250e-15
1.708129570032900517e-15
1.584249704558425356e-15
1.469436135505474237e-15
1.362625546031072590e-15
1.263485297901241286e-15
1.171625024916879282e-15
1.086188356437185950e-15
1.006907644769730966e-15
9.334685454767139956e-16
8.651818641424071712e-16
8.018324110442261406e-16
7.431672414357162062e-16
6.886321690920901368e-16
6.380543485757685224e-16
5.912304160441905964e-16
5.477152427111476167e-16
5.073701814610305136e-16
4.700319388257887401e-16
4.353435600117550036e-16
4.031940247762404081e-16
3.734524948728147946e-16
3.458333199061028081e-16
3.202477331086831431e-16
2.965912117402830502e-16
2.746354780956248289e-16
2.543094984961950244e-16
2.355298976786141050e-16
2.181138185121485132e-16
2.020041095381222144e-16
1.871338816064195962e-16
1.733554234669462364e-16
1.606224019868636281e-16
1.488802628504373488e-16
1.380086781573174024e-16
1.279701058326075739e-16
1.187196170296050813e-16
1.101597734618818448e-16
1.022602715910978319e-16
9.498500587735583021e-17
8.825465332508282658e-17
8.204335792053301923e-17
7.632141469725727742e-17
7.101825347494219790e-17
6.611030674162709928e-17
6.156830668257582597e-17
5.733140518843122828e-17
5.338451079660245895e-17
4.970874579403334519e-17
4.628721736391048489e-17
4.311404646682577038e-17
4.020595742590467256e-17
3.750792271281400426e-17
3.496699941938961815e-17
3.252307331151451700e-17
3.001289938251452421e-17
2.743408392960716460e-17
2.472170284093677417e-17
2.199255092077343782e-17
1.935070817614816480e-17
1.684537761607126713e-17
1.464228529047150664e-17
1.278816680961890547e-17
1.108523901531325502e-17
9.611229578714564489e-18
8.883211313648417973e-18
7.358308780447293363e-18
5.742635590133662544e-18
8.393747908827611896e-18
7.186485527412703449e-18
-1.038292675728390180e-17
1.975523700019362210e-17
