2.021962669261710303e-09
5.302260799900709888e-10
1.151987227949997808e-09
1.497412366714592786e-09
1.535300585565901640e-09
1.900359096867648549e-09
2.230600469422852466e-09
2.493219104648366187e-09
2.801714944743329000e-09
3.093395989544579803e-09
3.365390822702536818e-09
3.645498382785369925e-09
3.928012161391120994e-09
4.224091413273340952e-09
4.539129992151155537e-09
4.874824634532039520e-09
5.234864514762469924e-09
5.619474996886669785e-09
6.028970633869973419e-09
6.465061623861901745e-09
6.928979773156857262e-09
7.421113652240315037e-09
7.945957350705880483e-09
8.505608613559360831e-09
9.101856282680325140e-09
9.740495617800583360e-09
1.042260233869147808e-08
1.115015999349213036e-08
1.192539741318410276e-08
1.274791629091637155e-08
1.361784576908164180e-08
1.453523591700980120e-08
1.550111279903936590e-08
1.651539048155231035e-08
1.758257642748302951e-08
1.870630454226973498e-08
1.988883680441157378e-08
2.113988662894046184e-08
2.246356532906914562e-08
2.386384948489117667e-08
2.535137328851149167e-08
2.692961485068714630e-08
2.860255988664239143e-08
3.038045756893112764e-08
3.226721973046390315e-08
3.426684038098024621e-08
3.639127783326413921e-08
3.864574329711145882e-08
4.103520032826063142e-08
4.357472625347043065e-08
4.627060263775844603e-08
4.912920601277529060e-08
5.216845519895028848e-08
5.539533416404439575e-08
5.881751924728393007e-08
6.245538937214841929e-08
6.631677583892495127e-08
7.041058694101180997e-08
7.476012757396236277e-08
7.937456333360774855e-08
8.426424442285416438e-08
8.945647909367919131e-08
9.496229438131687663e-08
1.007938513433727552e-07
1.069837358704935416e-07
1.135453511090008895e-07
1.204930741199059537e-07
1.278661680151477968e-07
1.356810092467147989e-07
1.439546228076559733e-07
1.527346270619928535e-07
1.620411453117421761e-07
1.718943599444773868e-07
1.823523915689742714e-07
1.934401260978806632e-07
2.051815533816463218e-07
2.176480974546384219e-07
2.308707264245762063e-07
2.448780997987298273e-07
2.597585968472647502e-07
2.755509549364371380e-07
2.922896651583898485e-07
3.100847626552276805e-07
3.289848572559166202e-07
3.490318338260958558e-07
3.703632848892152314e-07
3.930402194437308931e-07
4.171139748256639177e-07
4.427568396580705876e-07
4.700451136518788435e-07
4.990422054651602185e-07
5.299633273470344416e-07
5.629031884227308126e-07
5.979404447105798457e-07
6.353421766795749329e-07
6.752246438068606511e-07
7.176853838109975686e-07
7.630524415893462621e-07
8.114665668525555328e-07
8.630480680935140473e-07
9.181945756639428227e-07
9.770739172061714935e-07
1.039833036804444729e-06
1.106946855625830263e-06
1.178612557685593498e-06
1.255007288144618192e-06
1.336690129181085617e-06
1.423889951551234333e-06
1.516817224053891030e-06
1.616122168048947729e-06
1.722068483516468510e-06
1.834902783648267173e-06
1.955375543199479921e-06
2.083790389684844807e-06
2.220433159684998148e-06
2.366168901754565803e-06
2.521349597747512640e-06
2.686304679306495635e-06
2.862036981573015332e-06
3.048959891574759111e-06
3.247453527201863530e-06
3.458694075573148042e-06
3.683174800765178026e-06
3.921337882344828840e-06
4.174582856960539896e-06
4.443506613817529154e-06
4.728630341035052530e-06
5.031640848846408024e-06
5.353266266993633472e-06
5.694129817371041399e-06
6.056279488270886285e-06
6.440603423912562841e-06
6.847855255070436834e-06
7.280520595886140738e-06
7.739673919896839895e-06
8.226230794981457723e-06
8.743183655881756316e-06
9.291813510809078890e-06
9.873229039629864462e-06
1.049098173616954618e-05
1.114657083886284242e-05
1.184132479971532725e-05
1.257938337237599753e-05
1.336246750874033543e-05
1.419214389341016799e-05
1.507314815883918195e-05
1.600742246538017794e-05
1.699678020996125464e-05
1.804655117901044579e-05
1.915890296318676771e-05
2.033589568491631558e-05
2.158346661607364372e-05
2.290403045469603592e-05
2.429989134176776156e-05
2.577765752373906662e-05
2.734004498858535578e-05
2.898960654100278010e-05
3.073377614778368289e-05
3.257567237266780906e-05
3.451812209563415759e-05
3.656967055675706810e-05
3.873399801213795504e-05
4.101426630518642319e-05
4.342057711277772680e-05
4.595739278250154524e-05
4.862831966361060043e-05
5.144562956928739494e-05
5.441484211666088668e-05
5.754017487795350956e-05
6.083683387239944640e-05
6.431170814077265231e-05
6.796985139590114007e-05
7.183026934720814708e-05
7.590154087436971019e-05
8.018983051017274642e-05
8.471883171875232565e-05
8.949910452325549352e-05
9.453823021872300011e-05
9.986539797629126545e-05
1.054933691336929738e-04
1.114314515523162744e-04
1.177149424040861291e-04
1.243589121322050573e-04
1.313746756025391293e-04
1.388039415022483214e-04
1.466640507198725197e-04
1.549685419688738705e-04
1.637654378946676445e-04
1.730741448045477505e-04
1.829105492722915181e-04
1.933284381056518978e-04
2.043489132849977876e-04
2.159902224520598350e-04
2.283109258088009748e-04
2.413333176850811918e-04
2.550779081237699599e-04
2.696066945132770550e-04
2.849425956327287916e-04
3.011081937516832266e-04
3.181674428819496517e-04
3.361433682528890219e-04
3.550603879594376659e-04
3.749831114069587020e-04
3.959343657371632865e-04
4.179401950810894659e-04
4.410651930199100388e-04
4.653321042222373360e-04
4.907685173936498840e-04
5.174395250354210272e-04
5.453685529470908523e-04
5.745849098436990252e-04
6.051564861383767644e-04
6.371090068587982125e-04
6.704740795505003065e-04
7.053270024032593996e-04
7.416983955370170384e-04
7.796232921503362711e-04
8.191916124666703001e-04
8.604424130706445290e-04
9.034159374292453091e-04
9.482264208475419667e-04
9.949255897216443666e-04
1.043561370567238494e-03
1.094283773222671586e-03
1.147161607683979366e-03
1.202253545990969149e-03
1.259757208021100366e-03
1.319762328160021224e-03
1.382341707320946861e-03
1.447750767654400151e-03
1.516102529022903466e-03
1.587487170828881045e-03
1.662224061561965284e-03
1.740449497684198356e-03
1.822273544237403746e-03
1.908079282199800228e-03
1.998023270642367705e-03
2.092236558370185948e-03
2.191157713975153305e-03
2.294957425747615361e-03
2.403786855109080970e-03
2.518123647717392024e-03
2.638143993686349262e-03
2.764016081212791482e-03
2.896233817336231475e-03
3.034969216470575614e-03
3.180402458926920046e-03
3.333018412406533928e-03
3.492976308925106483e-03
3.660462219007469455e-03
3.835929818609496236e-03
4.019520432922187199e-03
4.211420287816049213e-03
4.412039153332232740e-03
4.621500938633580323e-03
4.839988381977896291e-03
5.067869523124641715e-03
5.305258214520126685e-03
5.552333751969819320e-03
5.809442596623609623e-03
6.076702707956643627e-03
6.354294678870686143e-03
6.642581180665124187e-03
6.941703763703112491e-03
7.251853816813082394e-03
7.573461704623421324e-03
7.906714782089577578e-03
8.251828506092956719e-03
8.609359447514628241e-03
8.979562706522252122e-03
9.362693016821745443e-03
9.759491136441532030e-03
1.017029908197836750e-02
1.059542582481747680e-02
1.103584767587894450e-02
1.149200887722862802e-02
1.196428555490688418e-02
1.245393201112948538e-02
1.296150701502845649e-02
1.348746415101489265e-02
1.403337202061336053e-02
1.459991582316561010e-02
1.518763564641529597e-02
1.579845181895920408e-02
1.643319058787318099e-02
1.709248975845547094e-02
1.777866812343987732e-02
1.849271163406081622e-02
1.923537378306297910e-02
2.000943072585853466e-02
2.081604772795236924e-02
2.165612212810098802e-02
2.253294902850362311e-02
2.344788471640493754e-02
2.440200767023375031e-02
2.539917111833221719e-02
2.644091350391642239e-02
2.752853251311962110e-02
2.866642151500438385e-02
2.985626175647450656e-02
3.109959352914397346e-02
3.240124910533569158e-02
3.376298555287535891e-02
3.518657754065068755e-02
3.667712131848814561e-02
3.823637951399213447e-02
3.986631375504644248e-02
4.157210323457923712e-02
4.335548861658377467e-02
4.521854578720266998e-02
4.716647362711456209e-02
4.920105933108560176e-02
5.132443571736731297e-02
5.354201529103111423e-02
5.585582853595519315e-02
5.826808100132301743e-02
6.078492876656280824e-02
6.340895061483722839e-02
6.614256190284613368e-02
6.899346603480566165e-02
7.196511600351292171e-02
7.506039917836146436e-02
7.828940652376790987e-02
8.165667602378674783e-02
8.516589055717338486e-02
8.883004905401485629e-02
9.265474070387037797e-02
9.664470552287780791e-02
1.008157243731770403e-01
1.051741080004105072e-01
1.097257181164333767e-01
1.144882312473138319e-01
1.194681303630334007e-01
1.246721887347604224e-01
1.301185470935298516e-01
1.358132857768691582e-01
1.417636395745646150e-01
1.479867400111543052e-01
1.544878989718531936e-01
1.612742720251603146e-01
1.683610474059792639e-01
1.757527729243693049e-01
1.834560936909092332e-01
1.914842324087749070e-01
1.998413462243369410e-01
2.085333985092205911e-01
2.175724958238223206e-01
2.269629747979020895e-01
2.367102263159509279e-01
2.468265183527105500e-01
2.573168729843676172e-01
2.681863822735535696e-01
2.794485647957571373e-01
2.911093477732023538e-01
3.031737851140230422e-01
3.156570694505505537e-01
3.285658771651044918e-01
3.419053423638704903e-01
3.556919410610310806e-01
3.699326119359384601e-01
3.846325290158936760e-01
3.998083661666478883e-01
4.154666010495079997e-01
4.316123121859483658e-01
4.482607216293199581e-01
4.654169330445062092e-01
4.830857292108332035e-01
5.012785856359448511e-01
5.199981116390693936e-01
5.392484259421438386e-01
5.590340852130201155e-01
5.793538981753028061e-01
6.002105680074781846e-01
6.215977082999707415e-01
6.435090592799701525e-01
6.659446312532152357e-01
6.888830241250225583e-01
7.123121877244699141e-01
7.362278225930164455e-01
7.605911597679139158e-01
7.853848359201816010e-01
8.105989311935796193e-01
8.361788304379619285e-01
8.621039634782116101e-01
8.883587087605980814e-01
9.148793176575539254e-01
9.416455292541727751e-01
9.686378579543318823e-01
9.957944568915052530e-01
1.023099247746310558e+00
1.050532497733414283e+00
1.078046121006176694e+00
1.105630865717504463e+00
1.133270912217039461e+00
1.160939604560701888e+00
1.188634567941141418e+00
1.216346655720448533e+00
1.244070063010366711e+00
1.271806454956373456e+00
1.299553057608447526e+00
1.327315565284058030e+00
1.355095125019400770e+00
1.382891687553422733e+00
1.410708316626594794e+00
1.438541558054885483e+00
1.466388642578434931e+00
1.494238014111740398e+00
1.522080101653545015e+00
1.549904960323362557e+00
1.577682799504994904e+00
1.605399767041613801e+00
1.633037829083246351e+00
1.660555688419561582e+00
1.687939365710394712e+00
1.715166185932322174e+00
1.742196844659340549e+00
1.769021430771712033e+00
1.795618939814475956e+00
1.821965205944802824e+00
1.848056439073831214e+00
1.873879433212332080e+00
1.899431363978989040e+00
1.924713638733148047e+00
1.949723875303720932e+00
1.974477427886514702e+00
1.998977896454172898e+00
2.023232419479678690e+00
2.047264692147009679e+00
2.071077348351122893e+00
2.094682396216660525e+00
2.118101057797335152e+00
2.141333402223660531e+00
2.164390742860931471e+00
2.187285209380424256e+00
2.210014814860270516e+00
2.232586157583547948e+00
2.255001866574431801e+00
2.277259786022280963e+00
2.299360614929943480e+00
2.321301801110405183e+00
2.343082936370770586e+00
2.364700259573933483e+00
2.386151723435866678e+00
2.407439518694432845e+00
2.428558252676771279e+00
2.449510354253079392e+00
2.470300091128412756e+00
2.490923221075898919e+00
2.511387470531280641e+00
2.531697744002241901e+00
2.551852680323727807e+00
2.571863335205295087e+00
2.591733699613960606e+00
2.611465612949323223e+00
2.631070172090425263e+00
2.650549482619690700e+00
2.669907653754125310e+00
2.689152890970432974e+00
2.708285299927764012e+00
2.727309525694765924e+00
2.746229466486525439e+00
2.765043803276544754e+00
2.783755751364747510e+00
2.802365263163880016e+00
2.820870406796398999e+00
2.839271410525183281e+00
2.857565769997701732e+00
2.875751499941886280e+00
2.893825338717022522e+00
2.911783751345807136e+00
2.929624713897373667e+00
2.947342466208397127e+00
2.964932719964002761e+00
2.982392920499950861e+00
2.999717166779793498e+00
3.016899220109884983e+00
3.033935352871548474e+00
3.050822290082535471e+00
3.067549917103084223e+00
3.084113053565330720e+00
3.100512655928383765e+00
3.116733599268536548e+00
3.132769730597285029e+00
3.148625339741727647e+00
3.164281369862086635e+00
3.179731945381030656e+00
3.194981259731402456e+00
3.210009914362927930e+00
3.224813838979035285e+00
3.239392953287969501e+00
3.253732288601675293e+00
3.267830570736197426e+00
3.281681355784193954e+00
3.295277615902441060e+00
3.308620648196438641e+00
3.321699688431654973e+00
3.334515782369342318e+00
3.347071318319084110e+00
3.359356905463438903e+00
3.371378136571886230e+00
3.383136539725224434e+00
3.394630228589049281e+00
3.405864192670342572e+00
3.416837918852119405e+00
3.427559497371722497e+00
3.438029793931665523e+00
3.448246761986403897e+00
3.458225142545185538e+00
3.467962149209278255e+00
3.477456290624099111e+00
3.486721446115883527e+00
3.495755424949388068e+00
3.504559745547978888e+00
3.513140323966803091e+00
3.521500811845072576e+00
3.529646941904222235e+00
3.537574555504299667e+00
3.545295884575933698e+00
3.552819888016896410e+00
3.560136608414932180e+00
3.567265221240198070e+00
3.574215144952315626e+00
3.580978507169755076e+00
3.587576369688567635e+00
3.594015596018264702e+00
3.600296855497131521e+00
3.606437548821622929e+00
3.612440358184707989e+00
3.618315630557372931e+00
3.624073869554044425e+00
3.629714046667828153e+00
3.635251669140322051e+00
3.640690402558770966e+00
3.646027533676043486e+00
3.651276672176953397e+00
3.656437022230041745e+00
3.661506485894205909e+00
3.666491413473607963e+00
3.671389436329529854e+00
3.676200484730260953e+00
3.680922533721600498e+00
3.685553670906167145e+00
3.690095961006624403e+00
3.694541601992041624e+00
3.698889931400135556e+00
3.703144370752289749e+00
3.707295051041919809e+00
3.711342590421361276e+00
3.715290941304224770e+00
3.719130951322123568e+00
3.722864565550092930e+00
3.726495865380859751e+00
3.730018549819871243e+00
3.733436296791813991e+00
3.736752875491293313e+00
3.739967709705766197e+00
3.743086333664976895e+00
3.746110760465433120e+00
3.749049220159713869e+00
3.751907764337738982e+00
3.754684280414030795e+00
3.757395643944457131e+00
3.760045601728116083e+00
3.762626853987928399e+00
3.765158422219922585e+00
3.767639741963100253e+00
3.770061483175798145e+00
3.772433982464362234e+00
3.774753818781110493e+00
3.777016742486550172e+00
3.779216714123049936e+00
3.781351546188246981e+00
3.783427806452208220e+00
3.785425356830019794e+00
3.787346220717250578e+00
3.789206194252793036e+00
3.790982249355645539e+00
3.792680197056289781e+00
3.794317361526296839e+00
3.795880720483736592e+00
3.797375652268457191e+00
3.798810304670221072e+00
3.800189785995545577e+00
3.801516884387799333e+00
3.802784101485711332e+00
3.804011411902838091e+00
3.805198577665267479e+00
3.806326191708465867e+00
3.807416628267222602e+00
3.808467696848945483e+00
3.809459958023255322e+00
3.810405704296685681e+00
3.811301884761615355e+00
3.812140540777239739e+00
3.812918761398770062e+00
3.813633273626278797e+00
3.814291502769162623e+00
3.814879371392720930e+00
3.815394129574270377e+00
3.815853242511817456e+00
3.816240747190491778e+00
3.816555457020258668e+00
3.816814464833138576e+00
3.817008390324552636e+00
3.817138369447115931e+00
3.817212196116427148e+00
3.817230409823182402e+00
3.817196168740338180e+00
3.817105270472152867e+00
3.816965752559690284e+00
3.816781261253355151e+00
3.816539698041291118e+00
3.816250935857798954e+00
3.815917077230716714e+00
3.815525806806045583e+00
3.815083532978725156e+00
3.814589502470161264e+00
3.814037811210727824e+00
3.813429043769259952e+00
3.812759878940128022e+00
3.812033075680991256e+00
3.811244463548482120e+00
3.810389981057785036e+00
3.809478459110364312e+00
3.808504130224430018e+00
3.807464579402591642e+00
3.806369432399106856e+00
3.805214528993117185e+00
3.804000736954483042e+00
3.802733700389202109e+00
3.801412554731248061e+00
3.800041456335897294e+00
3.798620149702913285e+00
3.797150790791395281e+00
3.795639228984227120e+00
3.794080700315169974e+00
3.792478741090516081e+00
3.790838592714737221e+00
3.789154347590699690e+00
3.787429027004062476e+00
3.785665493061719289e+00
3.783859925335814722e+00
3.782013663595046538e+00
3.780126795013516894e+00
3.778199013042446097e+00
3.776229945994571846e+00
3.774217844694705892e+00
3.772165087202978384e+00
3.770070422030027846e+00
3.767931691648982007e+00
3.765751701104690152e+00
3.763529313349763594e+00
3.761262884484878999e+00
3.758953478990505914e+00
3.756600586319942092e+00
3.754203098046553944e+00
3.751759566282792946e+00
3.749269953430450997e+00
3.746733257905126013e+00
3.744146492666020620e+00
3.741509612221478154e+00
3.738821652816056496e+00
3.736080036877385879e+00
3.733284437771753783e+00
3.730434600349843866e+00
3.727529928240837620e+00
3.724570030677077259e+00
3.721556333478576395e+00
3.718490390539422208e+00
3.715372273880207299e+00
3.712205473569785585e+00
3.708992435069651705e+00
3.705734068858896446e+00
3.702435170437840650e+00
3.699097335347519167e+00
3.695722192486130098e+00
3.692314240858276975e+00
3.688873214851045024e+00
3.685400891451793282e+00
3.681899987216127546e+00
3.678368726188873339e+00
3.674808393081585134e+00
3.671219467199574371e+00
3.667600041288050949e+00
3.663950611931778401e+00
3.660270246213573220e+00
3.656558330913117771e+00
3.652814786730672392e+00
3.649038868222987730e+00
3.645231828348457270e+00
3.641393577940021498e+00
3.637525094401671044e+00
3.633628988169792517e+00
3.629705759821308053e+00
3.625758937361415857e+00
3.621791401986657721e+00
3.617804605742632518e+00
3.613804558712998993e+00
3.609793541537715811e+00
3.605773978715916872e+00
3.601753577565938613e+00
3.597733879866355178e+00
3.593718012843776677e+00
3.589714202323183390e+00
3.585723796532611640e+00
3.581750186484004228e+00
3.577800875688882609e+00
3.573877764395828383e+00
3.569984033671479207e+00
3.566125506542376922e+00
3.562305056058061581e+00
3.558525280351759523e+00
3.554789999179480464e+00
3.551102926293134399e+00
3.547465930972847570e+00
3.543881347494282963e+00
3.540353181258190762e+00
3.536882715311003178e+00
3.533471961071767975e+00
3.530124559368514436e+00
3.526841554178027138e+00
3.523625741917189913e+00
3.520479868093962850e+00
3.517405041121726583e+00
3.514404967391623114e+00
3.511481136662331526e+00
3.508634685181627688e+00
3.505868817360228373e+00
3.503183514239491370e+00
3.500579435323060817e+00
3.498056697715935304e+00
3.495613611609175830e+00
3.493249593802654207e+00
3.490959209249068440e+00
3.488739120874051025e+00
3.486586966316421510e+00
3.484490958324274246e+00
3.482446444294383880e+00
3.480449456457861857e+00
3.478483507240934358e+00
3.476543273002623113e+00
3.474624169665811113e+00
3.472708507153489776e+00
3.470791075717617247e+00
3.468868047358248941e+00
3.466924137568395015e+00
3.464954922408417293e+00
3.462958325221665135e+00
3.460923396615872338e+00
3.458846898750298493e+00
3.456728518329968747e+00
3.454561235381609308e+00
3.452343167593580731e+00
3.450074777004913162e+00
3.447751160544944238e+00
3.445371909601353977e+00
3.442936911938938138e+00
3.440442042048536653e+00
3.437888572615568350e+00
3.435275020168841120e+00
3.432598697148881328e+00
3.429862810674311202e+00
3.427064868202207126e+00
3.424206376910777561e+00
3.421292559557207014e+00
3.418321341046803408e+00
3.415301835786843210e+00
3.412240964953195732e+00
3.409138826953767687e+00
3.406014153835478897e+00
3.402874805666701530e+00
3.399724229757780325e+00
3.396590014254263767e+00
3.393479966416915072e+00
3.390400937880338805e+00
3.387385976295894441e+00
3.384441972134273779e+00
3.381578218765612931e+00
3.378828671707748033e+00
3.376198870057088186e+00
3.373699159078860976e+00
3.371360551349206869e+00
3.369187299993004370e+00
3.367189633415984318e+00
3.365393607554731048e+00
3.363802561959041260e+00
3.362425966353983497e+00
3.361284621790555871e+00
3.360381293291929694e+00
3.359724422870698834e+00
3.359329874835505603e+00
3.359199844242782618e+00
3.359341435579960677e+00
3.359765266020588115e+00
3.360472522110961702e+00
3.361468292463088314e+00
3.362756441529857199e+00
3.364336401853746050e+00
3.366210207880909966e+00
3.368372725506936671e+00
3.370820903715857852e+00
3.373552682130771530e+00
3.376552149022858718e+00
3.379813432587913891e+00
3.383329840218056273e+00
3.387074665323899669e+00
3.391039544709015363e+00
3.395213502522389959e+00
3.399561489624585153e+00
3.404073695299327351e+00
3.408736169531554783e+00
3.413510198713007870e+00
3.418386058022106155e+00
3.423348828122498855e+00
3.428361914619562967e+00
3.433417264896847509e+00
3.438501199171536626e+00
3.443584574789062547e+00
3.448662163337788744e+00
3.453723396879142538e+00
3.458750071910355217e+00
3.463740167362153954e+00
3.468687347531350440e+00
3.473585273290889841e+00
3.478434713247025467e+00
3.483233762701816172e+00
3.487986495096482731e+00
3.492695531976541812e+00
3.497362789386183390e+00
3.501999856342813189e+00
3.506610200100473751e+00
3.511198472439642781e+00
3.515780645337767130e+00
3.520360337431811981e+00
3.524943787622291769e+00
3.529548907448139872e+00
3.534179217142549678e+00
3.538841642759170458e+00
3.543554547738283045e+00
3.548321396754086976e+00
3.553149241845724671e+00
3.558055984830845286e+00
3.563045073028689114e+00
3.568123329264626609e+00
3.573307201596881644e+00
3.578599926335894299e+00
3.584007718947262333e+00
3.589544087415560636e+00
3.595211626360595769e+00
3.601015397403172003e+00
3.606964132101804665e+00
3.613059326423382345e+00
3.619304229498593983e+00
3.625701252562455679e+00
3.632250585451109348e+00
3.638953130351870957e+00
3.645804472532741425e+00
3.652803690804403036e+00
3.659949199863466784e+00
3.667230674466291251e+00
3.674646611169661181e+00
3.682193319458145542e+00
3.689856679461521960e+00
3.697635223713508612e+00
3.705523962742157007e+00
3.713507596065178884e+00
3.721585131171610161e+00
3.729751236308553874e+00
3.737991742445971877e+00
3.746306249286003975e+00
3.754689893649362009e+00
3.763131143558182234e+00
3.771630029526818806e+00
3.780182653002180260e+00
3.788780783391331397e+00
3.797424616293561428e+00
3.806111415577670076e+00
3.814836399319835980e+00
3.823599746334541027e+00
3.832399929043475595e+00
3.841235645504159635e+00
3.850107060106856327e+00
3.859013905966838909e+00
3.867958494270304470e+00
3.876941141871457219e+00
3.885962967344590790e+00
3.895030069654600524e+00
3.904143148405108565e+00
3.913304851615845070e+00
3.922525033332527666e+00
3.931804957407539991e+00
3.941148838699742640e+00
3.950569794734493545e+00
3.960069718752003975e+00
3.969654208589171063e+00
3.979338601965434208e+00
3.989125363538349234e+00
3.999021033216501930e+00
4.009041698456973002e+00
4.019190249824291072e+00
4.029473534470477070e+00
4.039906782608649216e+00
4.050493124434559000e+00
4.061239019829509189e+00
4.072157441387108001e+00
4.083251567130719017e+00
4.094526867881602250e+00
4.105993145107972531e+00
4.117653444825429609e+00
4.129511859708741461e+00
4.141574735404323526e+00
4.153844823533562547e+00
4.166324719237722185e+00
4.179017636715958162e+00
4.191925889841480846e+00
4.205050713782862992e+00
4.218392963606267365e+00
4.231954392993736214e+00
4.245735200467611214e+00
4.259734848930258444e+00
4.273954432757228084e+00
4.288393515038496417e+00
4.303051048555467162e+00
4.317927395550155367e+00
4.333021845276654460e+00
4.348333403555350252e+00
4.363861659821244743e+00
4.379605853737420951e+00
4.395565164397577718e+00
4.411738411958482153e+00
4.428124822770294955e+00
4.444723450584628033e+00
4.461532412142273252e+00
4.478550782783178086e+00
4.495776940501441388e+00
4.513208444414591902e+00
4.530843984502681110e+00
4.548680716994351059e+00
4.566715874509822193e+00
4.584947547180489913e+00
4.603371385005725180e+00
4.621984593118253493e+00
4.640784581590680524e+00
4.659765637976550856e+00
4.678925263793879630e+00
4.698260312196556043e+00
4.717764297238999482e+00
4.737435305405583996e+00
4.757269955897878155e+00
4.777261885640908368e+00
4.797409958987453926e+00
4.817711008187219868e+00
4.838159753725144618e+00
4.858755892810679988e+00
4.879496920905651791e+00
4.900379400629583770e+00
4.921403767640853744e+00
4.942568509933178866e+00
4.963872382498957236e+00
4.985316337666830577e+00
5.006899977088527187e+00
5.028624101586815165e+00
5.050489879657384940e+00
5.072497912738040959e+00
5.094650450343246817e+00
5.116948559878158775e+00
5.139393529709801456e+00
5.161988167384477855e+00
5.184733165079659756e+00
5.207630068440397331e+00
5.230681274432736672e+00
5.253886913217756138e+00
5.277248342264971193e+00
5.300766712852888141e+00
5.324441513709319729e+00
5.348273544327440732e+00
5.372262162453446344e+00
5.396406237479737023e+00
5.420705777605646425e+00
5.445158152502203031e+00
5.469761709421550933e+00
5.494515589500516661e+00
5.519415310625191751e+00
5.544458833513851381e+00
5.569644498543571132e+00
5.594966351772689528e+00
5.620422106013002406e+00
5.646009469371517042e+00
5.671721523887345739e+00
5.697555850897035867e+00
5.723509747969543149e+00
5.749575858225045799e+00
5.775751714389445901e+00
5.802034433420345749e+00
5.828416678132313677e+00
5.854895982785676800e+00
5.881469487912750260e+00
5.908130217644182558e+00
5.934875733338299320e+00
5.961703356018539957e+00
5.988606674177304079e+00
6.015583287244274935e+00
6.042630794939888972e+00
6.069743413807241694e+00
6.096918785739696034e+00
6.124154824407047393e+00
6.151446312419938778e+00
6.178790936423133040e+00
6.206186897842216332e+00
6.233629382857508006e+00
6.261116124179770814e+00
6.288645530782936532e+00
6.316212964469738900e+00
6.343816203087467187e+00
6.371453742827516642e+00
6.399120869612477058e+00
6.426815400613286933e+00
6.454535778474769891e+00
6.482276980885668394e+00
6.510036850674722153e+00
6.537813638636319702e+00
6.565601836738861330e+00
6.593399289904240845e+00
6.621203943289544647e+00
6.649009702615507500e+00
6.676814381803072074e+00
6.704615548206114717e+00
6.732406503500030226e+00
6.760184992031519791e+00
6.787948182180110202e+00
6.815688828124950582e+00
6.843404568555770062e+00
6.871092203626603556e+00
6.898744053955680577e+00
6.926357629430282437e+00
6.953929438232918869e+00
6.981451519260345684e+00
7.008921253214428049e+00
7.036334966363683385e+00
7.063684587447299101e+00
7.090967395723755118e+00
7.118179664490596359e+00
7.145313387289193408e+00
7.172365795642241970e+00
7.199333241199415312e+00
7.226207944493584279e+00
7.252987158504509146e+00
7.279667430181905097e+00
7.306241338880190561e+00
7.332706227079827777e+00
7.359058924125359447e+00
7.385292451337439168e+00
7.411404289463772166e+00
7.437391595329636118e+00
7.463247851264935839e+00
7.488970691765946874e+00
7.514557597758730445e+00
7.540002460399738204e+00
7.565303044807308197e+00
7.590457105382584224e+00
7.615458824469790500e+00
7.640306041301926143e+00
7.664996695426583351e+00
7.689525097256272979e+00
7.713889084538712915e+00
7.738086672475442462e+00
7.762112121918367968e+00
7.785963193519865655e+00
7.809637867756909380e+00
7.833130198676996336e+00
7.856437812563599188e+00
7.879558563523860748e+00
7.902486192079583027e+00
7.925218163866428078e+00
7.947752148390637927e+00
7.970081534415434099e+00
7.992203635722558097e+00
8.014115919219939599e+00
8.035811454145767030e+00
8.057287441618331769e+00
8.078541166340629687e+00
8.099565467463316182e+00
8.120357491856170284e+00
8.140914391674405337e+00
8.161228898825713785e+00
8.181298169599740433e+00
8.201119289071259644e+00
8.220685010715087060e+00
8.239992556256042988e+00
8.259039010740504949e+00
8.277817259779373771e+00
8.296324629976680853e+00
8.314558263145064743e+00
8.332511253398015683e+00
8.350181051520218389e+00
8.367564895209001818e+00
8.384656123662358240e+00
8.401452312520211407e+00
8.417950814454474795e+00
8.434145214581803884e+00
8.450033200585789217e+00
8.465612241278593686e+00
8.480876143559473945e+00
8.495822687620671942e+00
8.510449446780340210e+00
8.524750414318306824e+00
8.538723443168311888e+00
8.552366193132632688e+00
8.565672810241556689e+00
8.578641205061769526e+00
8.591269105608096979e+00
8.603550788613983258e+00
8.615484214532820317e+00
8.627067165835185847e+00
8.638294044883048528e+00
8.649162862227800730e+00
8.659671448410811934e+00
8.669814344348756308e+00
8.679589617864639450e+00
8.688995149475626789e+00
8.698025647172785924e+00
8.706679248285855266e+00
8.714953892806304836e+00
8.722844495387137798e+00
8.730349277991441781e+00
8.737466255372678958e+00
8.744190594164750863e+00
8.750520617001960488e+00
8.756454432112793285e+00
8.761987504054884468e+00
8.767118271541734842e+00
8.771844955979792857e+00
8.776163362206329310e+00
8.780072058756394071e+00
8.783569398770843861e+00
8.786651563121759878e+00
8.789317261653527780e+00
8.791564995038671171e+00
8.793391347524520896e+00
8.794795179233096505e+00
8.795775150394968378e+00
8.796328266747210023e+00
8.796453545063064539e+00
8.796149812925909472e+00
8.795414506357966289e+00
8.794246802569761101e+00
8.792645700017743593e+00
8.790609064845936516e+00
8.788136235935878560e+00
8.785226382082228724e+00
8.781877791091094565e+00
8.778089962267559443e+00
8.773862230521300987e+00
8.769193289542558389e+00
8.764082795503295387e+00
8.758530242001766553e+00
8.752534706985871438e+00
8.746095998001214511e+00
8.739213757375120295e+00
8.731887422071418214e+00
8.724116944251838035e+00
8.715902103470220652e+00
8.707242670093746639e+00
8.698138733910747433e+00
8.688590200102652261e+00
8.678597150798884385e+00
8.668159807566986785e+00
8.657278191487327135e+00
8.645952684020315360e+00
8.634183635404999890e+00
8.621971177167692346e+00
8.609315992454105171e+00
8.596218561402471536e+00
8.582679127388749052e+00
8.568698697389455887e+00
8.554277888287733944e+00
8.539417065888368796e+00
8.524117606217506804e+00
8.508380275985384600e+00
8.492205584680792896e+00
8.475595346021780330e+00
8.458550495493124544e+00
8.441071718307645355e+00
8.423161354349923968e+00
8.404820531112271453e+00
8.386050150610277143e+00
8.366853179138148633e+00
8.347230960890231088e+00
8.327184660981119535e+00
8.306717971783058374e+00
8.285832476484214837e+00
8.264529649048597548e+00
8.242813991471111379e+00
8.220687341382346247e+00
8.198151519638495088e+00
8.175211888482024847e+00
8.151870544261653251e+00
8.128129677442009537e+00
8.103995512834304193e+00
8.079470395209948919e+00
8.054556885189343873e+00
8.029262013181410751e+00
8.003588345855137121e+00
7.977538787641780260e+00
7.951121054466021576e+00
7.924337892846178732e+00
7.897192496387567928e+00
7.869693088654416080e+00
7.841842541789954879e+00
7.813644258371895468e+00
7.785106748995225701e+00
7.756232950818965577e+00
7.727026376654971607e+00
7.697495584488070364e+00
7.667643517033003953e+00
7.637473690800422155e+00
7.606994481957303655e+00
7.576208788598396637e+00
7.545120029703659803e+00
7.513736211749633576e+00
7.482060154658924489e+00
7.450095097479946027e+00
7.417848557690517985e+00
7.385323265261093617e+00
7.352522227449998837e+00
7.319452440584882424e+00
7.286116556534655508e+00
7.252517337249174467e+00
7.218661319051570047e+00
7.184551109212299558e+00
7.150189251515325140e+00
7.115581968605115826e+00
7.080731872657032966e+00
7.045641353270611695e+00
7.010316529256421347e+00
6.974760074756148676e+00
6.938974316455959190e+00
6.902965510734090593e+00
6.866736448538468984e+00
6.830289498399062076e+00
6.793631290199461326e+00
6.756764774937070506e+00
6.719692465447447915e+00
6.682421559780528320e+00
6.644955193331316678e+00
6.607296108300843684e+00
6.569452195747619072e+00
6.531426776954099012e+00
6.493222879224052058e+00
6.454849125036123070e+00
6.416309000153137099e+00
6.377605836540777950e+00
6.338748937744743017e+00
6.299741913408296590e+00
6.260588382642496619e+00
6.221298202521615472e+00
6.181875053336948866e+00
6.142322791582338404e+00
6.102651645731487662e+00
6.062865308906672190e+00
6.022967802279162619e+00
5.982969517894788147e+00
5.942874107297289932e+00
5.902685672501308822e+00
5.862414565303796898e+00
5.822064351215932909e+00
5.781639130221750911e+00
5.741149039460831993e+00
5.700597528044917262e+00
5.659988622328779861e+00
5.619332117136983662e+00
5.578631330211556438e+00
5.537890161011039147e+00
5.497117988569372393e+00
5.456317998343571674e+00
5.415493931054289334e+00
5.374654728387550762e+00
5.333803453298567199e+00
5.292943676591868041e+00
5.252083922951398698e+00
5.211227148848419866e+00
5.170376760818622408e+00
5.129540914066463841e+00
5.088722476219464497e+00
5.047924706299396824e+00
5.007155448669147191e+00
4.966417497429929107e+00
4.925713985670657102e+00
4.885052502276399089e+00
4.844435778081570554e+00
4.803866840973583408e+00
4.763353065866674285e+00
4.722897124225677423e+00
4.682501954382171760e+00
4.642174739187492349e+00
4.601918088322757505e+00
4.561734858744654453e+00
4.521632042616672287e+00
4.481612180225988062e+00
4.441678047362884740e+00
4.401836429364274217e+00
4.362089786093648947e+00
4.322440805475504355e+00
4.282896038004325057e+00
4.243457850693475031e+00
4.204128832143171124e+00
4.164915264902465886e+00
4.125819411227510614e+00
4.086843746859059046e+00
4.047994254839255568e+00
4.009273082837067292e+00
3.970682580825924735e+00
3.932228407793344704e+00
3.893912590125294226e+00
3.855737342062675044e+00
3.817707984703350377e+00
3.779826420094861472e+00
3.742094721369284560e+00
3.704517870274388169e+00
3.667097645078839729e+00
3.629835977842598371e+00
3.592737521526458977e+00
3.555803934301651648e+00
3.519037012569970813e+00
3.482441100965226521e+00
3.446017743500827901e+00
3.409768610874427619e+00
3.373697766243632490e+00
3.337806646550308898e+00
3.302096809786091658e+00
3.266572066505366134e+00
3.231233753600164516e+00
3.196083330458029170e+00
3.161124381302238717e+00
3.126358148787957703e+00
3.091786006792139663e+00
3.057411332658553693e+00
3.023235278503179746e+00
2.989259142800330782e+00
2.955486105469100178e+00
2.921917229149883610e+00
2.888553742499345489e+00
2.855398625867594742e+00
2.822452850816302483e+00
2.789717576404758592e+00
2.757195569959559833e+00
2.724887708167355260e+00
2.692795075356812617e+00
2.660920203266049722e+00
2.629263868623605394e+00
2.597827071425333756e+00
2.566612079939176283e+00
2.535619565743552517e+00
2.504850432055322873e+00
2.474306655238769359e+00
2.443988797648770195e+00
2.413897652527081217e+00
2.384034880259912281e+00
2.354400932062722163e+00
2.324996479456746368e+00
2.295822851321299485e+00
2.266880388622040332e+00
2.238169632787449626e+00
2.209691576932573565e+00
2.181446455603649692e+00
2.153434676452889551e+00
2.125656904662363456e+00
2.098113274739050294e+00
2.070804062066335494e+00
2.043729622654394618e+00
2.016889999080181184e+00
1.990285340801433600e+00
1.963915721531190206e+00
1.937781100686405855e+00
1.911881511886988072e+00
1.886216777687498736e+00
1.860786782684209939e+00
1.835591456918544973e+00
1.810630403087700069e+00
1.785903437975808972e+00
1.761410400747878358e+00
1.737150702120252355e+00
1.713124096193189283e+00
1.689330342841912413e+00
1.665768682774310117e+00
1.642438810528913828e+00
1.619340416035935926e+00
1.596472585005092482e+00
1.573834953806994008e+00
1.551427148985034199e+00
1.529248109664265387e+00
1.507297414295126536e+00
1.485574629864890861e+00
1.464078552247012110e+00
1.442808701812564154e+00
1.421764587664627877e+00
1.400944862890633580e+00
1.380348989952729477e+00
1.359976420484513726e+00
1.339825664775312397e+00
1.319896128475472219e+00
1.300187205926065515e+00
1.280697266221824782e+00
1.261425660591110498e+00
1.242371726951141175e+00
1.223533697872679626e+00
1.204910873943292549e+00
1.186502538890896519e+00
1.168306797134684771e+00
1.150322903640970118e+00
1.132550091867265074e+00
1.114986349969302015e+00
1.097630893199992075e+00
1.080482910285020193e+00
1.063540287651229432e+00
1.046802207165037357e+00
1.030267819571601740e+00
1.013934925429952338e+00
9.978026794620579176e-01
9.818702017432178186e-01
9.661352226577261115e-01
9.505968754802768261e-01
9.352542567184175537e-01
9.201050407105145768e-01
9.051483440838977712e-01
8.903832459345246697e-01
8.758073760525509899e-01
8.614198381187634368e-01
8.472196984560610433e-01
8.332045505962262233e-01
8.193734878428751145e-01
8.057255665635336683e-01
7.922583490981733867e-01
7.789709199417905738e-01
7.658623265210899866e-01
7.529301023479865185e-01
7.401733239392972452e-01
7.275910293230509751e-01
7.151807237835074993e-01
7.029414762955795704e-01
6.908723141343199314e-01
6.789707143640035802e-01
6.672357388219083418e-01
6.556664024858753770e-01
6.442601547919285521e-01
6.330160511284642633e-01
6.219330931404541962e-01
6.110087047753279821e-01
6.002419361638869910e-01
5.896317756485358608e-01
5.791756259567063525e-01
5.688725337439290985e-01
5.587214754630204228e-01
5.487198391302477996e-01
5.388666702545616971e-01
5.291609362253756332e-01
5.196000187501560452e-01
5.101829649117332055e-01
5.009087370356991586e-01
4.917747201150270975e-01
4.827799656973772446e-01
4.739234357772339479e-01
4.652025285294443258e-01
4.566163027918450079e-01
4.481637251571763403e-01
4.398422162913098177e-01
4.316508448789614927e-01
4.235885867169076335e-01
4.156528929631477798e-01
4.078428443010198023e-01
4.001574296045332102e-01
3.925941367771461632e-01
3.851520601918438924e-01
3.778302047018792797e-01
3.706260993431393369e-01
3.635388534277726458e-01
3.565674896665143589e-01
3.497095809204135430e-01
3.429642523228881301e-01
3.363305454061230049e-01
3.298060782349793718e-01
3.233899923811271448e-01
3.170813484683555061e-01
3.108778103105298007e-01
3.047785363742684939e-01
2.987826062209040789e-01
2.928877296015522380e-01
2.870930822626845402e-01
2.813977623865757116e-01
2.757995258849546549e-01
2.702975661596485613e-01
2.648909997469372501e-01
2.595776292399257779e-01
2.543566660968639703e-01
2.492272451319267057e-01
2.441872165599460465e-01
2.392358103341509779e-01
2.343721797284385178e-01
2.295942239381898731e-01
2.249011918832534984e-01
2.202922557403893533e-01
2.157653653707196639e-01
2.113197891509968063e-01
2.069547188219809097e-01
2.026681567757177282e-01
1.984593913347519056e-01
1.943276346110523189e-01
1.902709434051806925e-01
1.862886264497895794e-01
1.823799170963318617e-01
1.785429282806305362e-01
1.747769895601590795e-01
1.710813563688236005e-01
1.674541992121087730e-01
1.638948688117394525e-01
1.604026434222532993e-01
1.569757521520105115e-01
1.536135671266063152e-01
1.503153899879945965e-01
1.470795090094655644e-01
1.439053178395204580e-01
1.407921418538550518e-01
1.377383285533465007e-01
1.347432930938208817e-01
1.318063846826858232e-01
1.289260096250717247e-01
1.261016044291946026e-01
1.233325419793377814e-01
1.206172865272704259e-01
1.179552956452974838e-01
1.153459655060922739e-01
1.127878170993100171e-01
1.102803286561531843e-01
1.078229190558179090e-01
1.054141645702916241e-01
1.030535635926609489e-01
1.007405569894887915e-01
9.847377472570378876e-02
9.625273479787531394e-02
9.407689926795277657e-02
9.194495017893755673e-02
8.985642454300925286e-02
8.781080481709191421e-02
8.580682357377329705e-02
8.384403625311835639e-02
8.192194495447650826e-02
8.003933136454817465e-02
7.819576878795832242e-02
7.639077830375902434e-02
7.462318946725858548e-02
7.289259292566999116e-02
7.119852818892132007e-02
6.953987161278674112e-02
6.791623071541588730e-02
6.632716300826978217e-02
6.477159073867086447e-02
6.324913787577816915e-02
6.175937961189504471e-02
6.030128329923897107e-02
5.887448898483682580e-02
5.747858930651587178e-02
5.611259600907853723e-02
5.477616488144888135e-02
5.346890582620716231e-02
5.218987429150950819e-02
5.093874149685992392e-02
4.971513444992036596e-02
4.851815158778596121e-02
4.734747926010310359e-02
4.620276140921106278e-02
4.508313868081790382e-02
4.398831225152025765e-02
4.291794279012642321e-02
4.187121227418236918e-02
4.084783638890294305e-02
3.984749226318537452e-02
3.886940221387619881e-02
3.791329609104675258e-02
3.697886714630182342e-02
3.606537691923612787e-02
3.517256904800842437e-02
3.430015249321651666e-02
3.344742677850550544e-02
3.261414891589294734e-02
3.180004308642350036e-02
3.100444544758072449e-02
3.022712593242870768e-02
2.946782338637006504e-02
2.872590915681385790e-02
2.800116560866712859e-02
2.729334563987997897e-02
2.660185427348700504e-02
2.592648578589719366e-02
2.526700647509662681e-02
2.462285348211777983e-02
2.399383245122292674e-02
2.337972240410669811e-02
2.277999102782940141e-02
2.219445477726967111e-02
2.162290471514617674e-02
2.106483751729863740e-02
2.052007988916839179e-02
1.998843426229324205e-02
1.946942478607848609e-02
1.896288786458477649e-02
1.846863665158555989e-02
1.798622132073071644e-02
1.751548744106814007e-02
1.705625828019329687e-02
1.660810867151129785e-02
1.617089284243383024e-02
1.574444361340600687e-02
1.532835921085060234e-02
1.492250204751036959e-02
1.452671398871736852e-02
1.414061549119961791e-02
1.376407671765898615e-02
1.339694812508609306e-02
1.303887134136657265e-02
1.268972388285042469e-02
1.234936439772849580e-02
1.201745472274160648e-02
1.169387936945494137e-02
1.137850482435379985e-02
1.107101225559948589e-02
1.077129284596498211e-02
1.047922060708670298e-02
1.019449523018031711e-02
9.917014274428649981e-03
9.646658993737939822e-03
9.383146845192320840e-03
9.126381492458968819e-03
8.876251168853046061e-03
8.632490373193166949e-03
8.395008617831602529e-03
8.163700862651572868e-03
7.938317940531316314e-03
7.718774966378839225e-03
7.504973374972648270e-03
7.296679628483772329e-03
7.093814202364847471e-03
6.896284748821071044e-03
6.703872648029969572e-03
6.516503493908616142e-03
6.334090888253592760e-03
6.156430406687982831e-03
5.983452516885138205e-03
5.815076490075631738e-03
5.651111363389340649e-03
5.491492230041871564e-03
5.336143738806733462e-03
5.184887647005294829e-03
5.037663422333116779e-03
4.894400790273004294e-03
4.754933486785362269e-03
4.619205102026223766e-03
4.487150132851398798e-03
4.358613561124563378e-03
4.233542849208375355e-03
4.111876960898660539e-03
3.993471409712203574e-03
3.878277284846942761e-03
3.766237719163768871e-03
3.657218071151255735e-03
3.551172819449704282e-03
3.448048979911556844e-03
3.347721104417637414e-03
3.250146834364820488e-03
3.155276798628066717e-03
3.062994131341825309e-03
2.973259422791311307e-03
2.886026664022229866e-03
2.801187003571417155e-03
2.718703780908761965e-03
2.638534119082176516e-03
2.560576656840217371e-03
2.484797297835204810e-03
2.411156087776377983e-03
2.339558673265182149e-03
2.269973351599246462e-03
2.202362901530836772e-03
2.136639533400712127e-03
2.072773781171913590e-03
2.010730984663213882e-03
1.950429507285528523e-03
1.891841974815212934e-03
1.834936131077565804e-03
1.779636109907353205e-03
1.725916494407809046e-03
1.673747287251909494e-03
1.623058032655395238e-03
1.573825145058409779e-03
1.526020749774235864e-03
1.479579459195078626e-03
1.434479399889146758e-03
1.390694690018406607e-03
1.348164682346675476e-03
1.306869101867309943e-03
1.266783934422581036e-03
1.227852958264531941e-03
1.190057388056967643e-03
1.153374956010592934e-03
1.117753564840541286e-03
1.083175815433605211e-03
1.049621069349122296e-03
1.017041069997622277e-03
9.854197076476515962e-04
9.547378620968748888e-04
9.249508561920786196e-04
8.960437813357777746e-04
8.679989328505005467e-04
8.407749799550236734e-04
8.143581376367331178e-04
7.887320251314324134e-04
7.638584571720360853e-04
7.397247068842870881e-04
7.163156388969195562e-04
6.935960448152984903e-04
6.715542024074979766e-04
6.501761565262765630e-04
6.294295334863950686e-04
6.093035718768493193e-04
5.897854427159757553e-04
5.708454795814465500e-04
5.524738433733928722e-04
5.346587834070591974e-04
5.173732117982522303e-04
5.006081729047403726e-04
4.843529457223942907e-04
4.685828744840026742e-04
4.532898422713438195e-04
4.384641009662031803e-04
4.240832509114422972e-04
4.101399594560949341e-04
3.966253805772089664e-04
3.835191623172081485e-04
3.708146910829356328e-04
3.585039360948052739e-04
3.465683609070381479e-04
3.350019969651468581e-04
3.237975289601240916e-04
3.129379989402082240e-04
3.024180045638058122e-04
2.922308417126543681e-04
2.823609134464692347e-04
2.728033044943915710e-04
2.635518250805369308e-04
2.545920635247731607e-04
2.459195157007280940e-04
2.375284287719028366e-04
2.294054544106626252e-04
2.215464289491706265e-04
2.139459863265187221e-04
2.065917702580353068e-04
1.994798932344733040e-04
1.926053529937692957e-04
1.859567458341612831e-04
1.795304041170815246e-04
1.733216844403969532e-04
1.673200996557491381e-04
1.615221569043437822e-04
1.559235687398051473e-04
1.505147042014717417e-04
1.452922158618693855e-04
1.402521540605849255e-04
1.353856434446425573e-04
1.306894725360495369e-04
1.261599846092137508e-04
1.217889228799439539e-04
1.175732232701470070e-04
1.135094510432025028e-04
1.095898186598509528e-04
1.058114378155870956e-04
1.021710136722693796e-04
9.866110368310480893e-05
9.527903152815158370e-05
9.202157528038935744e-05
8.888157538387278164e-05
8.585659980444286131e-05
8.294347675580084859e-05
8.013535182157772118e-05
7.743005511201141275e-05
7.482450671813756996e-05
7.231225904125831419e-05
6.989140191271111873e-05
6.755905407629180610e-05
6.530932249901458882e-05
6.314053429012088956e-05
6.105015424400639509e-05
5.903298445825777221e-05
5.708755206383894955e-05
5.521181105740440091e-05
5.340133743463252171e-05
5.165481365663188835e-05
4.997077097343826654e-05
4.834554136148993685e-05
4.677791735428518910e-05
4.526700309754302026e-05
4.380977124811101650e-05
4.240508371024898993e-05
4.105251286623790133e-05
3.974949335010510761e-05
3.849492403521717897e-05
3.728866616549497904e-05
3.612842844354269858e-05
3.501312598271417482e-05
3.394270356206886239e-05
3.291499852956669979e-05
3.192893653358730433e-05
3.098436694612884422e-05
3.007918204637152922e-05
2.921232970023492838e-05
2.838344817303307087e-05
2.759048142553745787e-05
2.683242813323576256e-05
2.610867465796991654e-05
2.541725843304926008e-05
2.475726961044801160e-05
2.412786559261675303e-05
2.352722991498642631e-05
2.295458779153822831e-05
2.240893092706704767e-05
2.188862509710637870e-05
2.139306562853626972e-05
2.092115807705028155e-05
2.047145834940860954e-05
2.004354805269419079e-05
1.963632495783631136e-05
1.924851817618439769e-05
1.887988706090100116e-05
1.852938911492426382e-05
1.819589676719103765e-05
1.787931464048896229e-05
1.757871224059881531e-05
1.729307452205206138e-05
1.702240215979921684e-05
1.676591140219098425e-05
1.652267464425446832e-05
1.629273410739793697e-05
1.607546806019181595e-05
1.587001674738886136e-05
1.567641649646135690e-05
1.549420168027165954e-05
1.532256155596932421e-05
1.516149609682401551e-05
1.501066783630741613e-05
1.486929187336702249e-05
1.473732340731286878e-05
1.461450418724531646e-05
1.450004630969997303e-05
1.439387294170812330e-05
1.429573919979255918e-05
1.420482446020711918e-05
1.412104722843868492e-05
1.404410190933770015e-05
1.397311517450131929e-05
1.390803230263096600e-05
1.384841905220559471e-05
1.379335223862936380e-05
1.374282769949739103e-05
1.369624007655148065e-05
1.365265210710573319e-05
1.361211716602327847e-05
1.357386193069028901e-05
1.353700513705079619e-05
1.350164461445033765e-05
1.346690143850673503e-05
1.343204398861787094e-05
1.339718539478974259e-05
1.336146145164830538e-05
1.332438561001341103e-05
1.328605050057418940e-05
1.324576391651531903e-05
1.320335452327394482e-05
1.315886239408638982e-05
1.311192310805630498e-05
1.306270164187504921e-05
1.301116369072219748e-05
1.295738144056278842e-05
1.290181579574963738e-05
1.284434668771864779e-05
1.278550758453512175e-05
1.272595653877618489e-05
1.266548217676242012e-05
1.260500479076748409e-05
1.254523977632680569e-05
1.248587975771725258e-05
1.242807165988131858e-05
1.237243318302038141e-05
1.231855598751367953e-05
1.226760510086677342e-05
1.221995672562704360e-05
1.217510050260782071e-05
1.213401120385743819e-05
1.209671186240280121e-05
1.206260010005232829e-05
1.203229639438998607e-05
1.200540400755942471e-05
1.198125542529790778e-05
1.196002527829289410e-05
1.194088215892166689e-05
1.192313820686308097e-05
1.190651135050724329e-05
1.188977612947741083e-05
1.187228255094874915e-05
1.185335324445493218e-05
1.183146784559043476e-05
1.180607781264610393e-05
1.177622612582780341e-05
1.174025555439342688e-05
1.169777914093723367e-05
1.164770911245730833e-05
1.158846046015995563e-05
1.151985668822954088e-05
1.144084087567081108e-05
1.135013826725898369e-05
1.124781384948567669e-05
1.113299607082211271e-05
1.100494903687928529e-05
1.086398656087537132e-05
1.070954998846225402e-05
1.054161244349511652e-05
1.036071565861805412e-05
1.016669499323727547e-05
9.960297842698280157e-06
9.742243328252594674e-06
9.512779977113129193e-06
9.273362523515292193e-06
9.024811650972628546e-06
8.767739963546576965e-06
8.504115199458499994e-06
8.234769608171849638e-06
7.960570216519577655e-06
7.683715449779055423e-06
7.404961091525064536e-06
7.125280830049675427e-06
6.846797223249886595e-06
6.570120149673748777e-06
6.296176542853604856e-06
6.026750501748792751e-06
5.762266933641580116e-06
5.503480122524805107e-06
5.251668314333694652e-06
5.007066057739865385e-06
4.770180379966327117e-06
4.541731574693528175e-06
4.321786708011795277e-06
4.110589937455737925e-06
3.908354033098381334e-06
3.715018575974083385e-06
3.530599434075084794e-06
3.354919109253395013e-06
3.187834480640330998e-06
3.029198022694641097e-06
2.878583212990144607e-06
2.735804178100977168e-06
2.600622596863804990e-06
2.472492548546238536e-06
2.351215487216231835e-06
2.236524673739874097e-06
2.127852287551259018e-06
2.025006556189241719e-06
1.927735110288013091e-06
1.835508536107907219e-06
1.748152525431171211e-06
1.665451271092490207e-06
1.586942492205935926e-06
1.512474002218292304e-06
1.441872630390779012e-06
1.374750432646754472e-06
1.310978331713843248e-06
1.250422154768700850e-06
1.192763643384467594e-06
1.137895732260723009e-06
1.085715557015017511e-06
1.035964962849546167e-06
9.885566359002586731e-07
9.434109856862051885e-07
9.003193795489911452e-07
8.592113812465524006e-07
8.200240440756350250e-07
7.825884406220778585e-07
7.468479251966888699e-07
7.127513716465901939e-07
6.801610935330970911e-07
6.490312677369791997e-07
6.193193133152908744e-07
5.909117778093510746e-07
5.637710651166989821e-07
5.378609744624909605e-07
5.130866876850438220e-07
4.894167555200953082e-07
4.668199211014110975e-07
4.452156981596286768e-07
4.245772459320289111e-07
4.048772795636712428e-07
3.860464769823042885e-07
3.680615455831102074e-07
3.508984986797720542e-07
3.344969358824585484e-07
3.188364188786768719e-07
3.038957791500739121e-07
2.896219895096557911e-07
2.759970195094864755e-07
2.630021638741827592e-07
2.505906955455345367e-07
2.387466927647855797e-07
2.274536364716938775e-07
2.166703229266164810e-07
2.063827165368779151e-07
1.965762536893386702e-07
1.872146456192621169e-07
1.782855551016709392e-07
1.697761701215293018e-07
1.616545982530223450e-07
1.539100274435479013e-07
1.465312103587193509e-07
1.394901814263865208e-07
1.327774886809635834e-07
1.263832757469331537e-07
1.202830678884817343e-07
1.144686165601003255e-07
1.089312954814698815e-07
1.036497157128572938e-07
9.861668642873316564e-08
9.382466433434128847e-08
8.925497469101618763e-08
8.490135199431216722e-08
8.075720339083772577e-08
7.680623290682706848e-08
7.304298243635528475e-08
6.946169173756077562e-08
6.604814527585503985e-08
6.279758884356204969e-08
5.970499110659080943e-08
5.675795461703537427e-08
5.395233902387195388e-08
5.128375118230567821e-08
4.874138261368713826e-08
4.632162877518518738e-08
4.402065554554813327e-08
4.182904391596470094e-08
3.974365747417543128e-08
3.776115201517268141e-08
3.587332426554865093e-08
3.407744708945170342e-08
3.237060574970353686e-08
3.074566109303323242e-08
2.920024387850615523e-08
2.773181582285278409e-08
2.633416919442590821e-08
2.500524762260332310e-08
2.374284267129778970e-08
2.254156156417741511e-08
2.139962123887570347e-08
2.031510206245271496e-08
1.928332378468377688e-08
1.830274184034937952e-08
1.737168922551545984e-08
1.648610803904955977e-08
1.564466157889715363e-08
1.484590359036529315e-08
1.408631912922723946e-08
1.336475242354714177e-08
1.267994989404851553e-08
1.202886971235954035e-08
1.141051339546247839e-08
1.082379534725676299e-08
1.026608550009480138e-08
9.736521948214483084e-09
9.234165392052911847e-09
8.756743713772450945e-09
8.303513475402798363e-09
7.873662655490393840e-09
7.465229973315753845e-09
7.077574653186073721e-09
6.709995297060722407e-09
6.360800281083295792e-09
6.029437718692234061e-09
5.715302269496687359e-09
5.416936025087266402e-09
5.133864001443546311e-09
4.865564191821405955e-09
4.610781074903769950e-09
4.369106148523316379e-09
4.140089636115927907e-09
3.922651126950355235e-09
3.716439549483121203e-09
3.521067677412618052e-09
3.335606485788634181e-09
3.159754478230661573e-09
2.993178547694683357e-09
2.835080438617653801e-09
2.685201417271087639e-09
2.543255159456050281e-09
2.408556279725915128e-09
2.280882903389676735e-09
2.159989111186404544e-09
2.045286861177538491e-09
1.936586025570784198e-09
1.833675550763418272e-09
1.736051281605439211e-09
1.643550413746432663e-09
1.555991953039856203e-09
1.472943978384541317e-09
1.394267184134531220e-09
1.319806469566194854e-09
1.249192065480118480e-09
1.182304860224687359e-09
1.119012038884355281e-09
1.058997267928580102e-09
1.002158776253153609e-09
9.483829136752967656e-10
8.973992527288557007e-10
8.491209006762061276e-10
8.034506744050084268e-10
7.601575527503088804e-10
7.191673981759906565e-10
6.803971650357134543e-10
6.436496316972862651e-10
6.088615862594485880e-10
5.759621105401174399e-10
5.447829494638479595e-10
5.152702413815101725e-10
4.873634628373796003e-10
4.609191624835364572e-10
4.358914735544881649e-10
4.122287749135920976e-10
3.898088362615379622e-10
3.685926207478428287e-10
3.485361253046607250e-10
3.295352600666306495e-10
3.115568178511055960e-10
2.945633095662689570e-10
2.784661394849275996e-10
2.632370722770538872e-10
2.488441845397676892e-10
2.352121039052437023e-10
2.223168321381522626e-10
2.101311978702832512e-10
1.985911057493675973e-10
1.876761660709000690e-10
1.773632620734593556e-10
1.675979090950914389e-10
1.583627889020129446e-10
1.496382421385299982e-10
1.413779698791212133e-10
1.335672670054742454e-10
1.261894206898454509e-10
1.192051005272565125e-10
1.126018237224557890e-10
1.063653873460761572e-10
1.004623907812249825e-10
9.488224064388868521e-11
8.961287104486257773e-11
8.462592549396450220e-11
7.991241659579611722e-11
7.546209733709231285e-11
7.125090073501237677e-11
6.727120420077497247e-11
6.351430827615795796e-11
5.995979286332825190e-11
5.660119500026877102e-11
5.343113153080641008e-11
5.043228220248030078e-11
4.759916915296291828e-11
4.492552850897059347e-11
4.239667430498152054e-11
4.000796533261910261e-11
3.775408920429836719e-11
3.562259808709725493e-11
3.360956116653116040e-11
3.171047466938863589e-11
2.991479182984546191e-11
2.821918483992683694e-11
2.661983691988827871e-11
2.510781560281214289e-11
2.368030475833117804e-11
2.233407109015499954e-11
2.106155247744915080e-11
1.986036680729105900e-11
1.872777618905861246e-11
1.765738134783685404e-11
1.664716816657860322e-11
1.569481923095627104e-11
1.479492165403305224e-11
1.394577320539218250e-11
1.314541321951765255e-11
1.238926517905585740e-11
1.167589107367726475e-11
1.100363280208602918e-11
1.036862271918307798e-11
9.769646558278257271e-12
9.205302726404681849e-12
8.672324135553303446e-12
8.169685907677698750e-12
7.696203825131825498e-12
7.249119376701624980e-12
6.827567927235070057e-12
6.430549395898473759e-12
6.055735773428436190e-12
5.702397952312867316e-12
5.369691767351878088e-12
5.055653468484777899e-12
4.759668526474430065e-12
4.481024739737581044e-12
4.218066437482280223e-12
3.970275918460648939e-12
3.737052623836418215e-12
3.517001335786003034e-12
3.309686146868586224e-12
3.114600907383811371e-12
2.930570493311582345e-12
2.757228061798212020e-12
2.594147262487368373e-12
2.440338877288742351e-12
2.295494354011604265e-12
2.159254760982571130e-12
2.030787836735085768e-12
1.909834203963991417e-12
1.796091862183500966e-12
1.688861002486907512e-12
1.587923712455178651e-12
1.493026042614301505e-12
1.403579903422598024e-12
1.319402328872853308e-12
1.240279904535421388e-12
1.165718724893850549e-12
1.095565261550318540e-12
1.029640276654205321e-12
9.675292244797496157e-13
9.091033607765658172e-13
8.542122475901642187e-13
8.025081724791463200e-13
7.538832462748291413e-13
7.082112866642658678e-13
6.652008347738039580e-13
6.247615408199546527e-13
5.867876394017794243e-13
5.510349946193185385e-13
5.174279997677491552e-13
4.858780654375292276e-13
4.561808452877722416e-13
4.282731195066032188e-13
4.020807404050355021e-13
3.774328026401315957e-13
3.542764907172111247e-13
3.325497944422186677e-13
3.121099079118962895e-13
2.929127552823158504e-13
2.749065260964744008e-13
2.579720304780089260e-13
2.420725378529385381e-13
2.271648139238437646e-13
2.131495313734700224e-13
1.999961367796165358e-13
1.876686181374473941e-13
1.760843660062497494e-13
1.652180157722768901e-13
1.550396502320842300e-13
1.454807106447561753e-13
1.365201591617915708e-13
1.281332211145567900e-13
1.202630451674220429e-13
1.128921271900322008e-13
1.059999903239427691e-13
9.953929845754352618e-14
9.349531524059380097e-14
8.785102867501341166e-14
8.256642522822007435e-14
7.762882615632899749e-14
7.302373048526023630e-14
6.871631125719792300e-14
6.469552145943244918e-14
6.094823885469415936e-14
5.744361335102845414e-14
5.417264667674315405e-14
5.112300226576180202e-14
4.826984252156546822e-14
4.560757048779880788e-14
4.312680697807333555e-14
4.081236672559844642e-14
3.866037877467366236e-14
3.666606337556689383e-14
3.481542212073607747e-14
3.309902215417451306e-14
3.151518122590429654e-14
3.003701619671553484e-14
2.864171718282262796e-14
2.731752210135880524e-14
2.596280196414721947e-14
2.453196483277269016e-14
2.294281064260113635e-14
2.113655204413390360e-14
1.916812373658574263e-14
1.701883682833479593e-14
1.488454212511434133e-14
1.291822869592936602e-14
1.086223633339978090e-14
8.949548739052495891e-15
8.016036761943744378e-15
6.101268621475528915e-15
3.305247341927759414e-15
7.467752710833047583e-15
