3.955693873234567868e-09
-3.790256977793335128e-10
1.553319391358325216e-09
1.919562536201965559e-09
1.531278473241836541e-09
1.940881414974682709e-09
2.254859661970389241e-09
2.444186964911793635e-09
2.773697225103125011e-09
3.121436847235785479e-09
3.474975740219450164e-09
3.877665128854662076e-09
4.311738825003056308e-09
4.774267399214177068e-09
5.273427280830058724e-09
5.806185611790971212e-09
6.374294401806736243e-09
6.980366357573963094e-09
7.624719419503162250e-09
8.310875363256156526e-09
9.039849559567360622e-09
9.812883658672411409e-09
1.063171243881986886e-08
1.149635500136285435e-08
1.240706488989953150e-08
1.336519022072359443e-08
1.437294686599039997e-08
1.543080925985403116e-08
1.654661835897162985e-08
1.772615438806682344e-08
1.897222165536411218e-08
2.029978187799548503e-08
2.171580733646210534e-08
2.322495958212197490e-08
2.484590432775301520e-08
2.658585743650453079e-08
2.845154674827589343e-08
3.046478656167759238e-08
3.263254534430525682e-08
3.496478511911131164e-08
3.748133830365621463e-08
4.018563765649404390e-08
4.308754598736019316e-08
4.619330196677652141e-08
4.950195735952339752e-08
5.301662942619599790e-08
5.673021731240866596e-08
6.064507097744589908e-08
6.475789425043101086e-08
6.907070806200859187e-08
7.359873955415393064e-08
7.834252145437740270e-08
8.333630975974212088e-08
8.860795571891179313e-08
9.417071667592472696e-08
1.000896419670832574e-07
1.063961753850255046e-07
1.131146764953082533e-07
1.203211707218040664e-07
1.280444003720869625e-07
1.363122683496415714e-07
1.451980673895933657e-07
1.547298379814159692e-07
1.649347946180203661e-07
1.758861885500292463e-07
1.876171264580939059e-07
2.001556596543585906e-07
2.135857010495306667e-07
2.279493565701181497e-07
2.432792462698102849e-07
2.596785486770017044e-07
2.771996261614116975e-07
2.958824761552071491e-07
3.158538934588395470e-07
3.371769771390082693e-07
3.599006563657136060e-07
3.841780190282633754e-07
4.100838686343307242e-07
4.376772686327044171e-07
4.671406164629671892e-07
4.985618277679001603e-07
5.320114933665097005e-07
5.677047976782903441e-07
6.057441282547510505e-07
6.462131334052815983e-07
6.893630356134484430e-07
7.353117162270608555e-07
7.841572704463696858e-07
8.361894891000821552e-07
8.915424571334140622e-07
9.503297524078184789e-07
1.012881623430559353e-06
1.079349071569876996e-06
1.149861819473102505e-06
1.224792615583131264e-06
1.304310715778234983e-06
1.388562529824252476e-06
1.477967115237368816e-06
1.572714898268645643e-06
1.672969994855247376e-06
1.779205794905244543e-06
1.891639627939065499e-06
2.010455772730149739e-06
2.136197284109460663e-06
2.269118330542227939e-06
2.409428509040448511e-06
2.557766492715901123e-06
2.714438723017057310e-06
2.879689363953386608e-06
3.054292148527838770e-06
3.238627612246134648e-06
3.432989092367827683e-06
3.638339911203562348e-06
3.855163026045351286e-06
4.083821707915395965e-06
4.325537950110736159e-06
4.580930972271189203e-06
4.850460857827686896e-06
5.135688505478105135e-06
5.437406415184985962e-06
5.756203285316856390e-06
6.094063699939110882e-06
6.451989972974655253e-06
6.830733603996223099e-06
7.232782699696376751e-06
7.659380833783985027e-06
8.111475059056902424e-06
8.592120773383559538e-06
9.102824446425825764e-06
9.644755341472984112e-06
1.022157332399134746e-05
1.083505595411513626e-05
1.148661062032825686e-05
1.218050532761869324e-05
1.291878230553342531e-05
1.370308881156024739e-05
1.453827100931145017e-05
1.542661718575990439e-05
1.637000115785879298e-05
1.737379256395087137e-05
1.844050141997059732e-05
1.957220246675004920e-05
2.077472793244411082e-05
2.205078942846593339e-05
2.340263135565475870e-05
2.483650731012427898e-05
2.635532612789898266e-05
2.796147496324504641e-05
2.966163556477057441e-05
3.145893595464479729e-05
3.335589497347864278e-05
3.535970147821228688e-05
3.747375770711814356e-05
3.970072936127813613e-05
4.204847689135739197e-05
4.452076565586042994e-05
4.712045628128235913e-05
4.985632900270987357e-05
5.273262944946295280e-05
5.575249514577264727e-05
5.892594077444719794e-05
6.225782711596013794e-05
6.575167955327430316e-05
6.941910043511278919e-05
7.326570630065990994e-05
7.729554114476992906e-05
8.152215702147443252e-05
8.595206345240406342e-05
9.058996349133068742e-05
9.545170880164468826e-05
1.005448334610637334e-04
1.058748429205922222e-04
1.114602228625025614e-04
1.173096644248251336e-04
1.234296218203433581e-04
1.298415513680933593e-04
1.365554490206312335e-04
1.435788757988180702e-04
1.509366318885718282e-04
1.586401985899796242e-04
1.666984289920864107e-04
1.751399156498257550e-04
1.839778521718244157e-04
1.932226133659306654e-04
2.029071329466160918e-04
2.130465924021688164e-04
2.236531731200793155e-04
2.347647925308923844e-04
2.463989296976323504e-04
2.585699084757610332e-04
2.713213176327633393e-04
2.846732465607633325e-04
2.986425231905829843e-04
3.132790530337901079e-04
3.286058111838455610e-04
3.446424703720955330e-04
3.614457520200731731e-04
3.790417190682684079e-04
3.974531492618838088e-04
4.167438504765448928e-04
4.369430888410688000e-04
4.580768709991106416e-04
4.802161188258958981e-04
5.033933548019089727e-04
5.276377723016193204e-04
5.530272852470639140e-04
5.795977342305961904e-04
6.073813089314316965e-04
6.364628623444094956e-04
6.668817356154261309e-04
6.986728540529681120e-04
7.319283513385084873e-04
7.666915069597600961e-04
8.029997865030403083e-04
8.409537181340507846e-04
8.806013409983947304e-04
9.219827037315542683e-04
9.652089621070113071e-04
1.010334209265959697e-03
1.057401533463599164e-03
1.106536297251551693e-03
1.157800438589164397e-03
1.211241094764755775e-03
1.267002791370255062e-03
1.325157538980245185e-03
1.385758154335641444e-03
1.448974450465204643e-03
1.514891027795398993e-03
1.583568609495085086e-03
1.655209131966950973e-03
1.729912362541563510e-03
1.807749629114949576e-03
1.888961862677486286e-03
1.973666340732348375e-03
2.061947941174619749e-03
2.154092666359186826e-03
2.250237093724579730e-03
2.350482529196352196e-03
2.455164466530053869e-03
2.564439744376308811e-03
2.678428527279318790e-03
2.797517872188330906e-03
2.921884895339730767e-03
3.051670214304831510e-03
3.187311954813755368e-03
3.329006771753057533e-03
3.476916210013511390e-03
3.631527028314665995e-03
3.793054559547487468e-03
3.961680625185874834e-03
4.137938027549956967e-03
4.322060924539016490e-03
4.514250111630920687e-03
4.715084719804029344e-03
4.924820391739457605e-03
5.143676030795329632e-03
5.372284153623022029e-03
5.610928603315999859e-03
5.859847623136698984e-03
6.119744797592048709e-03
6.390944012568226806e-03
6.673708105549719556e-03
6.968842529880833921e-03
7.276728259519880081e-03
7.597663616532226473e-03
7.932599686051660173e-03
8.281995564303349169e-03
8.646202205372342797e-03
9.026369588033754734e-03
9.423057603573902971e-03
9.836692357766048736e-03
1.026867923772858439e-02
1.071970043733825283e-02
1.119028267473340388e-02
1.168213935171720508e-02
1.219609311059228519e-02
1.273279631493013687e-02
1.329431379218325680e-02
1.388162289525832031e-02
1.449552311221734106e-02
1.513846423757572203e-02
1.581159046987522243e-02
1.651586485172374871e-02
1.725415124482981150e-02
1.802777450448523819e-02
1.883787380967893998e-02
1.968776257676557381e-02
2.057896648181286800e-02
2.151281370345542801e-02
2.249312214799846499e-02
2.352164849384529022e-02
2.459992923944565382e-02
2.573237136820718737e-02
2.692100332307680033e-02
2.816760195312112067e-02
2.947727913552365686e-02
3.085238225818808314e-02
3.229497687387767463e-02
3.381101497326515631e-02
3.540320715109683547e-02
3.707397041573125274e-02
3.883022436726581844e-02
4.067507100722777408e-02
4.261134625258683473e-02
4.464701754598213168e-02
4.678557705208923750e-02
4.903033379125466135e-02
5.139029318896890658e-02
5.386929880959628880e-02
5.647114999416657372e-02
5.920575940850473368e-02
6.207724919400619407e-02
6.508986612642539415e-02
6.825417836393439519e-02
7.157449909446760017e-02
7.505540678547127642e-02
7.870779807993096011e-02
8.253610934150749923e-02
8.654507034592029413e-02
9.074559775553329988e-02
9.514224350653677220e-02
9.973967940257834341e-02
1.045486744829457471e-01
1.095739791618399739e-01
1.148200292049193078e-01
1.202975264682090289e-01
1.260115930716881605e-01
1.319663499495300207e-01
1.381727946003090957e-01
1.446366386649144131e-01
1.513617568790505963e-01
1.583599983519661525e-01
1.656378347243543658e-01
1.731991083532798126e-01
1.810570408030243439e-01
1.892188685845395957e-01
1.976886888240197704e-01
2.064812551992395440e-01
2.156043022075320448e-01
2.250624063469152114e-01
2.348713282650052026e-01
2.450387139069357956e-01
2.555696178971114119e-01
2.664794119944503548e-01
2.777747944497685473e-01
2.894609412437089691e-01
3.015506444306023659e-01
3.140486754770797639e-01
3.269595895022854859e-01
3.402910095558493442e-01
3.540449148350501285e-01
3.682242264042837054e-01
3.828290813298742545e-01
3.978581711805233012e-01
4.133117569247906076e-01
4.291812288064125180e-01
4.454620672895504563e-01
4.621511788488845140e-01
4.792316530443640477e-01
4.966964782263391665e-01
5.145391686521867403e-01
5.327369206009678892e-01
5.512814800638350388e-01
5.701637670998139784e-01
5.893591197200148679e-01
6.088595241148867521e-01
6.286548678708895332e-01
6.487233413033526297e-01
6.690584591209289833e-01
6.896510400593335310e-01
7.104861296152341632e-01
7.315594260708383478e-01
7.528644540040637656e-01
7.743949917370530622e-01
7.961486450753106903e-01
8.181225750866789603e-01
8.403181057634268036e-01
8.627335273839146224e-01
8.853692376630983851e-01
9.082298461384296084e-01
9.313124893645426949e-01
9.546189793413920599e-01
9.781509907086975986e-01
1.001902671787663346e+00
1.025874429005777522e+00
1.050058830221875850e+00
1.074445914284536396e+00
1.099031747268744086e+00
1.123795930623641359e+00
1.148724509259828386e+00
1.173807238587306623e+00
1.199010858415817671e+00
1.224318862690046084e+00
1.249714572745115104e+00
1.275156230314457018e+00
1.300627113456208184e+00
1.326106137683395580e+00
1.351550341886917250e+00
1.376945187728604969e+00
1.402268895503573143e+00
1.427484996305194320e+00
1.452582711305617336e+00
1.477543820208378600e+00
1.502343700329674236e+00
1.526975531537523745e+00
1.551428044851965948e+00
1.575689698340944966e+00
1.599756504383043954e+00
1.623625548471500757e+00
1.647295470858512578e+00
1.670763316458022230e+00
1.694033556542935637e+00
1.717109745774431317e+00
1.739988439407083698e+00
1.762678672603992913e+00
1.785183981175917145e+00
1.807499973295101148e+00
1.829636762277785378e+00
1.851595593977388710e+00
1.873371960381386314e+00
1.894974240362832019e+00
1.916402585542717141e+00
1.937654029406306266e+00
1.958733989636949779e+00
1.979645086980351465e+00
2.000387465084817240e+00
2.020964076078730631e+00
2.041383542000421603e+00
2.061649698111233775e+00
2.081764633384161289e+00
2.101744063376978833e+00
2.121594695706061184e+00
2.141319460117543372e+00
2.160938697291556743e+00
2.180460052288370587e+00
2.199888202589503461e+00
2.219242866076171161e+00
2.238530406296103781e+00
2.257756943831309204e+00
2.276935833864466741e+00
2.296070603077933203e+00
2.315167465288263227e+00
2.334229795146770758e+00
2.353257982135580573e+00
2.372256511485677066e+00
2.391218900246605994e+00
2.410143326652637086e+00
2.429030935906599797e+00
2.447869105046929672e+00
2.466655372411140856e+00
2.485386685998537626e+00
2.504049830536998922e+00
2.522643124498501255e+00
2.541159512468145198e+00
2.559590102678217516e+00
2.577934654751388610e+00
2.596183401788599632e+00
2.614334072311925716e+00
2.632387611334412902e+00
2.650333740288326023e+00
2.668175810364070699e+00
2.685915079455929444e+00
2.703543414452326044e+00
2.721066292780731199e+00
2.738484344253536928e+00
2.755793976828275760e+00
2.772998573516748611e+00
2.790097631704390846e+00
2.807093363817630749e+00
2.823984029676671614e+00
2.840768161490164534e+00
2.857453184355687181e+00
2.874031657103274906e+00
2.890501874022363804e+00
2.906873850178773200e+00
2.923136450401957021e+00
2.939288638063065395e+00
2.955339018638719395e+00
2.971276352132820264e+00
2.987100886403219135e+00
3.002815859970828782e+00
3.018413379827589171e+00
3.033894941605955520e+00
3.049256191770338464e+00
3.064494168735819812e+00
3.079610835802611746e+00
3.094594954095343464e+00
3.109447236083596522e+00
3.124168834364559277e+00
3.138745305784013784e+00
3.153177268697489932e+00
3.167463817466849019e+00
3.181592660119672900e+00
3.195559735779780031e+00
3.209361492335181421e+00
3.222992645763533393e+00
3.236441480509517632e+00
3.249702299978650899e+00
3.262779068771714197e+00
3.275652951069157215e+00
3.288317629425033584e+00
3.300784782689293539e+00
3.313032544316775851e+00
3.325055873136508300e+00
3.336869101162054374e+00
3.348452824991000387e+00
3.359804674319411877e+00
3.370934667129273254e+00
3.381829847586714788e+00
3.392490953275146826e+00
3.402917526433582029e+00
3.413104295288436063e+00
3.423054885836150252e+00
3.432756207595762721e+00
3.442210588850785680e+00
3.451424215924344896e+00
3.460375478996085885e+00
3.469074857946157664e+00
3.477530550422858635e+00
3.485722078252390776e+00
3.493668539827236241e+00
3.501378583146727674e+00
3.508843450612599835e+00
3.516088044089856535e+00
3.523118717775396203e+00
3.529943837261779738e+00
3.536586807172565017e+00
3.543049240351912044e+00
3.549353685830364480e+00
3.555514283551390431e+00
3.561527841542740713e+00
3.567421961327763569e+00
3.573199293900721329e+00
3.578854619580381868e+00
3.584410341517287879e+00
3.589862517595543423e+00
3.595207776661635268e+00
3.600455840289540799e+00
3.605603892179690462e+00
3.610653265869883555e+00
3.615597874979099569e+00
3.620441367104708874e+00
3.625190724569016254e+00
3.629826208457242576e+00
3.634359118214479878e+00
3.638801046039775056e+00
3.643126559698385503e+00
3.647352523709207262e+00
3.651492052269130095e+00
3.655525877807729973e+00
3.659472124631566015e+00
3.663340698656706973e+00
3.667129186718934619e+00
3.670851386110235648e+00
3.674509130569926452e+00
3.678120658992503511e+00
3.681689988902724142e+00
3.685207978264075646e+00
3.688707460866746057e+00
3.692179129559792994e+00
3.695603868402543402e+00
3.699014894030776102e+00
3.702390360492210153e+00
3.705707462175001243e+00
3.708983878076058449e+00
3.712193086676915499e+00
3.715319334592520395e+00
3.718355581019503031e+00
3.721284088415815816e+00
3.724106060998026546e+00
3.726791678345701797e+00
3.729341537023165731e+00
3.731775813328070068e+00
3.734052418668828199e+00
3.736189418188150757e+00
3.738219903454752302e+00
3.740106137992448510e+00
3.741873517620854184e+00
3.743557280597888948e+00
3.745140505540540676e+00
3.746636910215510152e+00
3.748065032258553142e+00
3.749437230018918044e+00
3.750756182967577512e+00
3.752011426261200100e+00
3.753241354634933469e+00
3.754442799578556755e+00
3.755578885936726952e+00
3.756694779785814120e+00
3.757786320791109080e+00
3.758809991518077265e+00
3.759794683210992972e+00
3.760735858170423551e+00
3.761607345424998972e+00
3.762408572620980163e+00
3.763133462447278976e+00
3.763786681302688564e+00
3.764341908374406298e+00
3.764791353543804231e+00
3.765165539908081893e+00
3.765429603699682826e+00
3.765575708032858682e+00
3.765640489745921027e+00
3.765600177290727490e+00
3.765449120034424890e+00
3.765208296824127832e+00
3.764875416494867011e+00
3.764447983622110083e+00
3.763921091800913832e+00
3.763310074670864314e+00
3.762614610901217294e+00
3.761810658726628898e+00
3.760917619220345287e+00
3.759935381070655058e+00
3.758838296701265680e+00
3.757636849386049693e+00
3.756329899099240865e+00
3.754905644989154467e+00
3.753361521666647160e+00
3.751695844284957726e+00
3.749914302722706427e+00
3.748006730142871223e+00
3.745972500975027319e+00
3.743826658366787630e+00
3.741560356392157782e+00
3.739174875572293999e+00
3.736682830815166056e+00
3.734081858004698162e+00
3.731373800493291260e+00
3.728562181149059018e+00
3.725649769923903509e+00
3.722636591165002784e+00
3.719518569820913445e+00
3.716298861180387991e+00
3.712975894070661198e+00
3.709544251451676100e+00
3.706004831452577530e+00
3.702359556897082626e+00
3.698606777258131029e+00
3.694747247026162196e+00
3.690793158081496994e+00
3.686746960409738261e+00
3.682613513011640194e+00
3.678417204426465137e+00
3.674161289843385081e+00
3.669856272688306831e+00
3.665533975084212859e+00
3.661196071999706092e+00
3.656856227542310211e+00
3.652549222498573389e+00
3.648277037199091577e+00
3.644054104520852544e+00
3.639921981473149604e+00
3.635887218199042703e+00
3.631967191145951457e+00
3.628218642212795775e+00
3.624653159512997380e+00
3.621295825628446874e+00
3.618215212199970221e+00
3.615420448437540291e+00
3.612943338784747382e+00
3.610836563807941602e+00
3.609094850300316626e+00
3.607743908489978057e+00
3.606777603102420571e+00
3.606169561255223588e+00
3.605919399240544276e+00
3.605933461208554291e+00
3.606170388676527505e+00
3.606590474520335210e+00
3.607024740130064355e+00
3.607433893567570493e+00
3.607744531088132423e+00
3.607765754252600932e+00
3.607477871813577597e+00
3.606797891983135163e+00
3.605579443402392226e+00
3.603829610994325083e+00
3.601485323550332129e+00
3.598488418935940292e+00
3.594866325725810441e+00
3.590594830425319461e+00
3.585706142927206130e+00
3.580233587897838632e+00
3.574192207094487372e+00
3.567672496317551012e+00
3.560700365217661645e+00
3.553315530250908960e+00
3.545623581094851762e+00
3.537637073671906052e+00
3.529401158093749657e+00
3.521003840104023563e+00
3.512446266095138991e+00
3.503764591012231477e+00
3.495016235746132072e+00
3.486197134108473872e+00
3.477328843230470756e+00
3.468441759101267952e+00
3.459532708282182512e+00
3.450610554689858223e+00
3.441690144343531710e+00
3.432772627340112237e+00
3.423859776452337744e+00
3.414962542335120421e+00
3.406086816222976044e+00
3.397233014161464837e+00
3.388415867866322539e+00
3.379644424713584172e+00
3.370921543203144299e+00
3.362268396990760078e+00
3.353694833405819420e+00
3.345207430800561266e+00
3.336832146673792021e+00
3.328577355241517211e+00
3.320452491954453578e+00
3.312483835801419474e+00
3.304676604404264584e+00
3.297040946138425799e+00
3.289598181670749799e+00
3.282349700429020078e+00
3.275303936479047717e+00
3.268473336745136848e+00
3.261856173089995092e+00
3.255457363829457051e+00
3.249279744116823299e+00
3.243320557744957977e+00
3.237580668324491651e+00
3.232056403546039736e+00
3.226746729920819678e+00
3.221649380070594759e+00
3.216760062051823521e+00
3.212081553880161255e+00
3.207610495852678323e+00
3.203347991351532809e+00
3.199300792063924259e+00
3.195466748870465779e+00
3.191855291584490217e+00
3.188474971243145273e+00
3.185326354960035022e+00
3.182424888097159510e+00
3.179777178370567281e+00
3.177386429230484755e+00
3.175266761075256294e+00
3.173419076816719642e+00
3.171847469476250847e+00
3.170555118397528016e+00
3.169534964845601710e+00
3.168789300520342689e+00
3.168302558808525404e+00
3.168059803641689598e+00
3.168059074825038124e+00
3.168263528356517256e+00
3.168652742601811401e+00
3.169219347684688159e+00
3.169909208253463007e+00
3.170700424495604963e+00
3.171580783816995819e+00
3.172488007488281525e+00
3.173403311677732486e+00
3.174311630664040873e+00
3.175153786487253882e+00
3.175918180153358250e+00
3.176589536676829528e+00
3.177121831619543979e+00
3.177513211095343681e+00
3.177750679608665418e+00
3.177807943134514090e+00
3.177693329499266639e+00
3.177397923038678851e+00
3.176917444769168597e+00
3.176268680864163141e+00
3.175447730656438594e+00
3.174470733104986397e+00
3.173359616981933140e+00
3.172115638680833793e+00
3.170770949901662750e+00
3.169348645014568699e+00
3.167854646074792502e+00
3.166331118602924377e+00
3.164798589740115631e+00
3.163266659818995574e+00
3.161780952149509272e+00
3.160356520574214567e+00
3.159005247041740017e+00
3.157769850745503870e+00
3.156658056730176742e+00
3.155682294005012434e+00
3.154876747876586673e+00
3.154241059930081192e+00
3.153786265042505033e+00
3.153533641448989844e+00
3.153475167199719653e+00
3.153618608618184549e+00
3.153969914853895329e+00
3.154515099491561170e+00
3.155257294330414908e+00
3.156187453144820854e+00
3.157288531760498174e+00
3.158558674121072496e+00
3.159977409527756631e+00
3.161528264838008528e+00
3.163205373424563760e+00
3.164983194618602003e+00
3.166849264388265084e+00
3.168795874493660847e+00
3.170799877638261766e+00
3.172855056835054199e+00
3.174954546903106856e+00
3.177083759946029762e+00
3.179243183232812076e+00
3.181429035387154158e+00
3.183638208608931208e+00
3.185876786894347390e+00
3.188145124787565177e+00
3.190450944650114806e+00
3.192804165688804208e+00
3.195209040355669661e+00
3.197681423701345338e+00
3.200233678775755042e+00
3.202872997896012208e+00
3.205620932286493474e+00
3.208491700660228485e+00
3.211494558316896786e+00
3.214655947999267571e+00
3.217991677508991177e+00
3.221512682985270715e+00
3.225250426169729678e+00
3.229221303182093550e+00
3.233437733528164326e+00
3.237934887502035508e+00
3.242727209701083968e+00
3.247827784282300900e+00
3.253270494156142334e+00
3.259063958470532096e+00
3.265219844777019986e+00
3.271761924665149923e+00
3.278689144430152691e+00
3.286008563041043384e+00
3.293723900100323565e+00
3.301822502842818086e+00
3.310303597886807392e+00
3.319144254916273962e+00
3.328321609780529045e+00
3.337825319470354657e+00
3.347606414189330248e+00
3.357636581893795213e+00
3.367896798215312959e+00
3.378320976905832662e+00
3.388882089957487409e+00
3.399556052782136462e+00
3.410274501783441270e+00
3.421018124721963982e+00
3.431763090958989793e+00
3.442454646707012511e+00
3.453085190242929148e+00
3.463636419007884992e+00
3.474078918039438246e+00
3.484417205265979423e+00
3.494642058182919175e+00
3.504753517628558246e+00
3.514765227873565490e+00
3.524677894517582732e+00
3.534516931109768390e+00
3.544299992098823182e+00
3.554035858378817636e+00
3.563765147316849902e+00
3.573504051856733366e+00
3.583265731285119937e+00
3.593093445480156856e+00
3.602997686397728661e+00
3.612991748279766657e+00
3.623110394906442266e+00
3.633356349959841136e+00
3.643739505202558515e+00
3.654279144315893735e+00
3.664970465908268249e+00
3.675817957687808946e+00
3.686823631802185641e+00
3.697977185749468987e+00
3.709277474329393698e+00
3.720712024728710876e+00
3.732267947134294772e+00
3.743939698476055344e+00
3.755705952730616470e+00
3.767554124798014215e+00
3.779476323994701570e+00
3.791448750554656133e+00
3.803461322137448253e+00
3.815505944635350755e+00
3.827561699851378396e+00
3.839622199336959696e+00
3.851680819350380869e+00
3.863722831513378253e+00
3.875745752443910064e+00
3.887745349361076297e+00
3.899714156910668361e+00
3.911653083209841952e+00
3.923560456174457922e+00
3.935435368899770747e+00
3.947281226430524814e+00
3.959098538088479557e+00
3.970891251417832724e+00
3.982664309410576919e+00
3.994419756504453023e+00
4.006164476713119704e+00
4.017904149617790743e+00
4.029641700501458423e+00
4.041385397157418957e+00
4.053141118421650368e+00
4.064912182411801744e+00
4.076707336060884757e+00
4.088532385807655878e+00
4.100390790576791566e+00
4.112291515622787941e+00
4.124240215032811463e+00
4.136240448007457715e+00
4.148301563987869756e+00
4.160429065701436002e+00
4.172626693214062321e+00
4.184904452241269723e+00
4.197267670740983725e+00
4.209720353688248373e+00
4.222273238525880323e+00
4.234931367069369124e+00
4.247698993937979672e+00
4.260587286587076861e+00
4.273600798905628828e+00
4.286743868757914022e+00
4.300027414409188786e+00
4.313455262875271146e+00
4.327031534840060978e+00
4.340766012430735010e+00
4.354661600463099802e+00
4.368721846044617330e+00
4.382954565135640301e+00
4.397361658669640683e+00
4.411945794959918565e+00
4.426712301130661054e+00
4.441662134509265947e+00
4.456796924069966970e+00
4.472119432079296075e+00
4.487629850858811942e+00
4.503328798418086087e+00
4.519216825523487913e+00
4.535293594079749191e+00
4.551558909270965181e+00
4.568011739498983204e+00
4.584651434243450119e+00
4.601477282497009824e+00
4.618487355758655433e+00
4.635680839164816547e+00
4.653056806897171604e+00
4.670612976381960380e+00
4.688348430478884055e+00
4.706262252843468552e+00
4.724352095069362711e+00
4.742616935406338996e+00
4.761055969960727552e+00
4.779666817867275874e+00
4.798448330732782985e+00
4.817399801330247477e+00
4.836518686901228214e+00
4.855803716584834007e+00
4.875254186527398836e+00
4.894867235113687265e+00
4.914641526780092029e+00
4.934576250379596907e+00
4.954668162588634850e+00
4.974915972852516077e+00
4.995318690469728651e+00
5.015872785698054059e+00
5.036577145481213158e+00
5.057430598533764865e+00
5.078429570356160383e+00
5.099573235705743279e+00
5.120860314249609857e+00
5.142287497497334492e+00
5.163854292405390289e+00
5.185559426605363065e+00
5.207400126849193178e+00
5.229376184154855167e+00
5.251486453433973800e+00
5.273728821478900208e+00
5.296103222856383574e+00
5.318608718603844210e+00
5.341243776369892338e+00
5.364008268661293322e+00
5.386901473211959335e+00
5.409922157951801758e+00
5.433069908740794318e+00
5.456344157353306024e+00
5.479743552053668587e+00
5.503267199864247061e+00
5.526914567965086178e+00
5.550683725981002681e+00
5.574573184884762611e+00
5.598582304380889774e+00
5.622708185632255606e+00
5.646948724992713942e+00
5.671303042835215358e+00
5.695767038218261469e+00
5.720338073924245315e+00
5.745014939107753627e+00
5.769792300177741140e+00
5.794667147823866493e+00
5.819637904858077526e+00
5.844698178899118801e+00
5.869844797912219470e+00
5.895075843565908080e+00
5.920384204850653198e+00
5.945766766634544176e+00
5.971221347656739731e+00
5.996740560215703120e+00
6.022321540593497780e+00
6.047961961297569466e+00
6.073654625218651404e+00
6.099397061488843974e+00
6.125186932984740373e+00
6.151017650166202166e+00
6.176887205686746540e+00
6.202793388764182403e+00
6.228730519046218994e+00
6.254697046266542770e+00
6.280691000375789201e+00
6.306707749632889382e+00
6.332746122155797686e+00
6.358804461990857249e+00
6.384879140710925327e+00
6.410969228813915954e+00
6.437073401723215405e+00
6.463188810351923941e+00
6.489314597083075675e+00
6.515449722784519615e+00
6.541591750572667507e+00
6.567739716942877060e+00
6.593892762807118224e+00
6.620048413877548832e+00
6.646205442779321793e+00
6.672363021115917725e+00
6.698518180763056051e+00
6.724669314374223994e+00
6.750815456054837682e+00
6.776952756417347068e+00
6.803079167119364890e+00
6.829193427357413526e+00
6.855290548344959767e+00
6.881368037286211603e+00
6.907424219283701206e+00
6.933452869975588406e+00
6.959451098892917464e+00
6.985416755217662477e+00
7.011342445173080584e+00
7.037224963708204051e+00
7.063061686760703672e+00
7.088844251621559955e+00
7.114569241828617940e+00
7.140233622178666195e+00
7.165828349912641393e+00
7.191349905632853812e+00
7.216794950066696579e+00
7.242154086687237147e+00
7.267423795644063489e+00
7.292600566262650297e+00
7.317674966519988722e+00
7.342643564816145663e+00
7.367502817422966643e+00
7.392243532991320087e+00
7.416862437622314452e+00
7.441356081160665603e+00
7.465715724965594546e+00
7.489938298708342046e+00
7.514020547295635843e+00
7.537954320618399429e+00
7.561736770877835134e+00
7.585364905392810719e+00
7.608831217886223186e+00
7.632133073865749573e+00
7.655267771825010392e+00
7.678228426914098570e+00
7.701012582845308430e+00
7.723617819825933317e+00
7.746037784972165774e+00
7.768270145966681639e+00
7.790312722411336210e+00
7.812159555760196383e+00
7.833808374834685395e+00
7.855257173383022540e+00
7.876500226929018744e+00
7.897535266105378149e+00
7.918360383613369358e+00
7.938969934120689409e+00
7.959361604893842923e+00
7.979533515989873926e+00
7.999479976329282316e+00
8.019198605335031260e+00
8.038687493688081886e+00
8.057940825852467626e+00
8.076956150817284907e+00
8.095731494788832805e+00
8.114260890053214936e+00
8.132541830745255496e+00
8.150572266506221908e+00
8.168346094742881647e+00
8.185860781691182808e+00
8.203114207973809968e+00
8.220100185132709569e+00
8.236816182337824088e+00
8.253260032058401308e+00
8.269425524854938203e+00
8.285310161392718697e+00
8.300911753113931368e+00
8.316224136360366614e+00
8.331244865947304845e+00
8.345971759743914475e+00
8.360398759134843871e+00
8.374523488855210474e+00
8.388343797216748499e+00
8.401853778333666867e+00
8.415051136782972563e+00
8.427933770434131944e+00
8.440495962494241056e+00
8.452735503503184589e+00
8.464650355401543536e+00
8.476235018253161613e+00
8.487487372977367883e+00
8.498405456711013883e+00
8.508984008848832659e+00
8.519221004904769856e+00
8.529114566285240784e+00
8.538659691460486201e+00
8.547854455227730242e+00
8.556697071228237306e+00
8.565182815276513040e+00
8.573309866574401639e+00
8.581076538234794882e+00
8.588478400285600500e+00
8.595513741444856137e+00
8.602180980725433912e+00
8.608475997273105307e+00
8.614397193926814467e+00
8.619943100930019142e+00
8.625109918893301142e+00
8.629896168574012094e+00
8.634300495434787948e+00
8.638319431149698246e+00
8.641951617375132955e+00
8.645195817399153881e+00
8.648048901142139755e+00
8.650509633550433009e+00
8.652576897150494162e+00
8.654247905562867160e+00
8.655521549151140803e+00
8.656396830231399164e+00
8.656871310562671340e+00
8.656944008071345564e+00
8.656614044889304083e+00
8.655879334757266008e+00
8.654739025483239701e+00
8.653192358739426382e+00
8.651237603454577041e+00
8.648874039837414429e+00
8.646101028586254955e+00
8.642917195922954932e+00
8.639321957141424591e+00
8.635314791152167047e+00
8.630894681808380042e+00
8.626061182327665833e+00
8.620813888635009192e+00
8.615152140227911204e+00
8.609075631312789412e+00
8.602584073256799968e+00
8.595677156724462975e+00
8.588354720360834804e+00
8.580616589218607260e+00
8.572462798563922348e+00
8.563893335501989057e+00
8.554908137224265019e+00
8.545507575939000233e+00
8.535691791925392735e+00
8.525460833725629683e+00
8.514815403207878219e+00
8.503755799184540720e+00
8.492282182117701694e+00
8.480395578364769094e+00
8.468096450988541690e+00
8.455385074812452828e+00
8.442262799358733361e+00
8.428730257462225595e+00
8.414787842930060435e+00
8.400437232435818302e+00
8.385679233126262844e+00
8.370514364610293967e+00
8.354944640958999358e+00
8.338971046258196296e+00
8.322594234621766063e+00
8.305816574254317075e+00
8.288639225954172574e+00
8.271062988318826470e+00
8.253090606283540964e+00
8.234723413493659550e+00
8.215962363449872186e+00
8.196810604729252603e+00
8.177269635865551223e+00
8.157340575166649899e+00
8.137027003649986767e+00
8.116330572719801850e+00
8.095252573908229721e+00
8.073797048202623117e+00
8.051965784427848050e+00
8.029760253373032342e+00
8.007184978633548056e+00
7.984241868812900655e+00
7.960932576839614860e+00
7.937262122940484943e+00
7.913232517422248868e+00
7.888845594475942136e+00
7.864106872981341034e+00
7.839018448503003889e+00
7.813582331413155835e+00
7.787804526675614625e+00
7.761687202348933390e+00
7.735232535427066125e+00
7.708446988434549674e+00
7.681332794510381312e+00
7.653892283158139520e+00
7.626132330166623063e+00
7.598055232622288990e+00
7.569663454053034535e+00
7.540964225315054392e+00
7.511959912523916927e+00
7.482653090877988689e+00
7.453051277690335041e+00
7.423156918247408420e+00
7.392972674089299367e+00
7.362506274742060874e+00
7.331760257737465203e+00
7.300737343957353964e+00
7.269445400799740220e+00
7.237887071269054395e+00
7.206065108580077094e+00
7.173987449177702480e+00
7.141656851958675389e+00
7.109076077340284350e+00
7.076253072481393680e+00
7.043190717178025473e+00
7.009891757700841275e+00
6.976364107801270364e+00
6.942610766006801271e+00
6.908634448543993223e+00
6.874443007891254176e+00
6.840039551381866367e+00
6.805426755949171458e+00
6.770612401409841219e+00
6.735599686925503704e+00
6.700391248072736339e+00
6.664994795622399160e+00
6.629413598388533835e+00
6.593650255497069956e+00
6.557712424482953217e+00
6.521603419073742636e+00
6.485325812865835537e+00
6.448887234497505894e+00
6.412291018215140248e+00
6.375539727443070070e+00
6.338640990778032780e+00
6.301598141565136757e+00
6.264413750840208905e+00
6.227095476600596591e+00
6.189646634727290042e+00
6.152069821870692401e+00
6.114372751925071903e+00
6.076558712439275034e+00
6.038630341742408980e+00
6.000595430224454851e+00
5.962457231653869094e+00
5.924218438276998455e+00
5.885886929403490342e+00
5.847465923769917140e+00
5.808958174520975071e+00
5.770371652578959676e+00
5.731709542772165378e+00
5.692974660016733246e+00
5.654175059012758631e+00
5.615313892202862256e+00
5.576394030831437476e+00
5.537423595014097089e+00
5.498405705032087809e+00
5.459343277123031690e+00
5.420244468743326216e+00
5.381112365845509338e+00
5.341949913410409145e+00
5.302765270037888889e+00
5.263561482455571650e+00
5.224341504608225328e+00
5.185113454154655521e+00
5.145880331352617354e+00
5.106645077408843214e+00
5.067415723721857113e+00
5.028195215385124150e+00
4.988986458862746609e+00
4.949797353507859654e+00
4.910630780231961090e+00
4.871489589891630168e+00
4.832381506107341629e+00
4.793309337319857200e+00
4.754275860170968038e+00
4.715288583044630499e+00
4.676350235092248120e+00
4.637463503108189222e+00
4.598635646356266982e+00
4.559869309658711067e+00
4.521167077618736485e+00
4.482535932867151018e+00
4.443978432516576760e+00
4.405497049900831463e+00
4.367098470025061019e+00
4.328785160133558740e+00
4.290559476223582358e+00
4.252427790918817507e+00
4.214392480071568414e+00
4.176455778918352735e+00
4.138623738659465090e+00
4.100898642306553654e+00
4.063282603170880414e+00
4.025781347100491736e+00
3.988397062495922185e+00
3.951131741499281702e+00
3.913990785206195699e+00
3.876976285150318002e+00
3.840090114701625978e+00
3.803337354780357060e+00
3.766719997381805296e+00
3.730239800898893066e+00
3.693901534069520931e+00
3.657707086508716454e+00
3.621658106577992253e+00
3.585759061603020825e+00
3.550011736139330853e+00
3.514417674320753804e+00
3.478981054836298714e+00
3.443703554995722893e+00
3.408586621007154260e+00
3.373634156787880922e+00
3.338847730964463967e+00
3.304228698197745562e+00
3.269780701569436232e+00
3.235505200475823795e+00
3.201403464033647950e+00
3.167478887466307125e+00
3.133732821302725124e+00
3.100166454312001107e+00
3.066782944952420653e+00
3.033583536073603426e+00
3.000569340130768925e+00
2.967743287320431467e+00
2.935106514668595512e+00
2.902660060953692334e+00
2.870406633624444481e+00
2.838347266210609288e+00
2.806482924970881587e+00
2.774816097078620647e+00
2.743347715161945644e+00
2.712078672709414828e+00
2.681011236335535397e+00
2.650146240437452949e+00
2.619484504288334570e+00
2.589028071472899484e+00
2.558777680740939253e+00
2.528734074830201628e+00
2.498899070402565314e+00
2.469273312932138253e+00
2.439857465812464099e+00
2.410653114329639468e+00
2.381660812763198631e+00
2.352881142273366422e+00
2.324315452618838762e+00
2.295964208649903693e+00
2.267827906714702468e+00
2.239907657971110133e+00
2.212203839322389953e+00
2.184716860376008984e+00
2.157447592323897378e+00
2.130396325411912262e+00
2.103563381492301154e+00
2.076949392578595788e+00
2.050554563496445493e+00
2.024379128414147910e+00
1.998423483348073182e+00
1.972687749061472928e+00
1.947172073267364523e+00
1.921876621598486823e+00
1.896801432414768174e+00
1.871946569331817578e+00
1.847311975496018555e+00
1.822897608982856354e+00
1.798703452677972159e+00
1.774729237113342073e+00
1.750974842766145789e+00
1.727440175973914416e+00
1.704124766066680730e+00
1.681028419210944813e+00
1.658150969944493625e+00
1.635491758831430831e+00
1.613050521567845452e+00
1.590827025933361449e+00
1.568820436633791005e+00
1.547030423160995261e+00
1.525456691602318449e+00
1.504098243648707589e+00
1.482954687095611179e+00
1.462025671192414000e+00
1.441310046926050470e+00
1.420807364935020134e+00
1.400517222095090775e+00
1.380438330113586742e+00
1.360570186844724860e+00
1.340912340761071464e+00
1.321463374625514442e+00
1.302222737562074073e+00
1.283189933094257107e+00
1.264363424254668411e+00
1.245742615092607197e+00
1.227326967176116446e+00
1.209114832036685350e+00
1.191105571907577154e+00
1.173298609053583741e+00
1.155692191024248139e+00
1.138285641174728191e+00
1.121078344936322635e+00
1.104068453046061160e+00
1.087255252725069399e+00
1.070638095027248493e+00
1.054215041070972081e+00
1.037985344637453400e+00
1.021948324992744350e+00
1.006101961165595915e+00
9.904454762661570877e-01
9.749781605928756756e-01
9.596979191286915123e-01
9.446039472315516106e-01
9.296955093109485757e-01
9.149704448680774371e-01
9.004279245863955339e-01
8.860671902748030737e-01
8.718860248613421460e-01
8.578835775339589409e-01
8.440590708816840815e-01
8.304102401885246065e-01
8.169362163195167392e-01
8.036362059528942003e-01
7.905079052731607270e-01
7.775504298593469699e-01
7.647629735378834726e-01
7.521432011551448804e-01
7.396902157870713923e-01
7.274032010608048049e-01
7.152797971589665016e-01
7.033190971049095852e-01
6.915202764711579908e-01
6.798809562232071002e-01
6.684002214293088828e-01
6.570772412202197099e-01
6.459096216181242633e-01
6.348964415210494039e-01
6.240368647591064688e-01
6.133284857522134370e-01
6.027703787904840071e-01
5.923617032062929999e-01
5.821000446003805617e-01
5.719844741121414833e-01
5.620141472222703882e-01
5.521866433695996612e-01
5.425010320129820540e-01
5.329564654650053024e-01
5.235505199378343022e-01
5.142822647869778052e-01
5.051508500492115639e-01
4.961538522240838134e-01
4.872903423009777302e-01
4.785594692599962063e-01
4.699588141308863043e-01
4.614874514396101746e-01
4.531445307030032565e-01
4.449276424378870165e-01
4.368358667370398352e-01
4.288683555956582794e-01
4.210227145286523087e-01
4.132980312840447978e-01
4.056934625370023362e-01
3.982066346045153860e-01
3.908366449518503316e-01
3.835826572665220202e-01
3.764423244580308303e-01
3.694147556604344129e-01
3.624991238922359305e-01
3.556931141347663416e-01
3.489958489611161840e-01
3.424065128901625510e-01
3.359228278973312443e-01
3.295439315335056962e-01
3.232690217300574487e-01
3.170958616526216578e-01
3.110236051100753740e-01
3.050514650310289788e-01
2.991772491565100611e-01
2.934001285694722849e-01
2.877193324231172022e-01
2.821327156007653603e-01
2.766394672234214203e-01
2.712388335445869436e-01
2.659287183928120135e-01
2.607083294638642967e-01
2.555769306688049913e-01
2.505324759172930515e-01
2.455741918225069764e-01
2.407013602428482724e-01
2.359119857591555902e-01
2.312053140884234026e-01
2.265806451183993986e-01
2.220360342758319339e-01
2.175707464511078548e-01
2.131840994967062752e-01
2.088741995729005430e-01
2.046403307346589262e-01
2.004818286453227960e-01
1.963968499168088078e-01
1.923846977166207006e-01
1.884447253259319555e-01
1.845751394578542814e-01
1.807752623268648051e-01
1.770444646404422395e-01
1.733810028736616493e-01
1.697842182314117654e-01
1.662534986874204812e-01
1.627871502064243969e-01
1.593845329503219554e-01
1.560450520492299431e-01
1.527670627826547001e-01
1.495499442647895694e-01
1.463931187301187042e-01
1.432949907016166646e-01
1.402549582673240369e-01
1.372724607694230381e-01
1.343459519916417877e-01
1.314748490348715548e-01
1.286586083967952987e-01
1.258957331965942783e-01
1.231856595913362468e-01
1.205278613096296136e-01
1.179208908970336700e-01
1.153642035992593212e-01
1.128572904588355796e-01
1.103987535100043327e-01
1.079880670935331882e-01
1.056247396359318302e-01
1.033074226509104326e-01
1.010356095410153837e-01
9.880882615522167123e-02
9.662577336920209758e-02
9.448596356323409051e-02
9.238894000051424416e-02
9.033345266471659585e-02
8.831903277101472993e-02
8.634524093101218767e-02
8.441087582733658445e-02
8.251548730363718331e-02
8.065865319011217283e-02
7.883922029493407868e-02
7.705675681860467419e-02
7.531085761373167153e-02
7.360041687555544943e-02
7.192502082608283331e-02
7.028428107884951426e-02
6.867713831953868586e-02
6.710319639704405426e-02
6.556208336297851547e-02
6.405278535234250337e-02
6.257492339426388994e-02
6.112814160049721141e-02
5.971147038923313444e-02
5.832454748080539986e-02
5.696703262233598214e-02
5.563799924839638728e-02
5.433710125059850599e-02
5.306401354964935396e-02
5.181785125674426284e-02
5.059828389638448137e-02
4.940500107499346677e-02
4.823715819698103785e-02
4.709443987522057840e-02
4.597654989926400898e-02
4.488268256827485092e-02
4.381253704396797372e-02
4.276583079270518395e-02
4.174179562043493080e-02
4.074014471207251104e-02
3.976060871046410011e-02
3.880245557124785416e-02
3.786541199678426783e-02
3.694922131972431384e-02
3.605318633293898983e-02
3.517704677317736589e-02
3.432055819488186166e-02
3.348305696695381972e-02
3.266429539998825377e-02
3.186404082305864527e-02
3.108166197109905535e-02
3.031692328793301680e-02
2.956960345051730735e-02
2.883910239569531520e-02
2.812519627570810032e-02
2.742767470656516660e-02
2.674596770014968025e-02
2.607986270345347135e-02
2.542915987688990423e-02
2.479331820807316802e-02
2.417213603193498275e-02
2.356542366875483130e-02
2.297266800139595444e-02
2.239367784956683774e-02
2.182827331540189084e-02
2.127596810911413713e-02
2.073658113394221195e-02
2.020994189989809564e-02
1.969558988629445048e-02
1.919335368038263892e-02
1.870307182901496598e-02
1.822430853244738289e-02
1.775690166528503394e-02
1.730069844341965493e-02
1.685528675322199924e-02
1.642051336486148594e-02
1.599623380011197527e-02
1.558205861493961765e-02
1.517784309051957957e-02
1.478345069805433488e-02
1.439851367038744341e-02
1.402289542457221989e-02
1.365646703367827917e-02
1.329888144334574578e-02
1.295000984244584936e-02
1.260973056908284810e-02
1.227771634954127368e-02
1.195384579235889838e-02
1.163800417570958444e-02
1.132988310757071515e-02
1.102936827590673269e-02
1.073635158614011549e-02
1.045054266141219081e-02
1.017183394007731105e-02
9.900123653568970034e-03
9.635138603625669970e-03
9.376777659984365104e-03
9.124945089225041175e-03
8.879384061575621920e-03
8.639999567846669629e-03
8.406701627702352700e-03
8.179248992430622131e-03
7.957552471116300166e-03
7.741527561643079917e-03
7.530947828283471833e-03
7.325729602302394165e-03
7.125793590796251388e-03
6.930927420010560107e-03
6.741052653727237255e-03
6.556094944253615560e-03
6.375855244946198458e-03
6.200260069166426032e-03
6.029239755186459847e-03
5.862607865300761313e-03
5.700295587036503797e-03
5.542237690501126968e-03
5.388259647269306139e-03
5.238297052301448160e-03
5.092288859407654786e-03
4.950071771059359055e-03
4.811585532924279526e-03
4.676773041618080898e-03
4.545481576627197901e-03
4.417654788896247832e-03
4.293239285583744062e-03
4.172092297014417042e-03
4.054161146343334722e-03
3.939395929000819030e-03
3.827663230411315273e-03
3.718913825946467810e-03
3.613101088167602632e-03
3.510100394216696118e-03
3.409865765028462659e-03
3.312353651072726200e-03
3.217447691075781685e-03
3.125104958029747190e-03
3.035284793370559859e-03
2.947878600321385614e-03
2.862846322956378708e-03
2.780150018931500360e-03
2.699688390682822032e-03
2.621424083954583106e-03
2.545321709573395395e-03
2.471286833579110741e-03
2.399284644320807437e-03
2.329282153592176531e-03
2.261191382298938235e-03
2.194979911317508550e-03
2.130617010930451003e-03
2.068020771796999849e-03
2.007161024835712841e-03
1.948009164756515400e-03
1.890488987023889551e-03
1.834572436375734835e-03
1.780232904874468189e-03
1.727399544535700507e-03
1.676046282796055066e-03
1.626148387479257234e-03
1.577640032314622494e-03
1.530497000547615142e-03
1.484696318125859832e-03
1.440176856232203021e-03
1.396916130827418777e-03
1.354892810836422429e-03
1.314050149200925470e-03
1.274367275488497457e-03
1.235824387783937507e-03
1.198368813141964572e-03
1.161981180637024517e-03
1.126643104653968523e-03
1.092305688774254224e-03
1.058950954529382094e-03
1.026561821917472720e-03
9.950928893320786211e-04
9.645274738541595406e-04
9.348496963442052459e-04
9.060173947563698003e-04
8.780150987943934580e-04
8.508280383166295794e-04
8.244170770841133212e-04
7.987678922308367709e-04
7.738667532872423776e-04
7.496773941789414662e-04
7.261865942633708012e-04
7.033816258880179473e-04
6.812290077653004395e-04
6.597165952541192945e-04
6.388326648071689356e-04
6.185465041890099696e-04
5.988470318223109616e-04
5.797235635598217262e-04
5.611481891457808808e-04
5.431108797471070546e-04
5.256020419491483787e-04
5.085966053421747636e-04
4.920855721140456615e-04
4.760604757844952360e-04
4.604990688269739157e-04
4.453933374211106202e-04
4.307359259971893159e-04
4.165072786668816049e-04
4.027002838340927073e-04
3.893085985224945260e-04
3.763150754286497673e-04
3.637133872313863796e-04
3.514980140406605085e-04
3.396537850130196853e-04
3.281750105917338105e-04
3.170567343314047333e-04
3.062852297240916365e-04
2.958552846164658450e-04
2.857622251975990729e-04
2.759932217030834482e-04
2.665433827822329929e-04
2.574080781577075053e-04
2.485749066605318579e-04
2.400391608828645088e-04
2.317961120424483592e-04
2.238334743856890119e-04
2.161466186854807089e-04
2.087307001913514483e-04
2.015734239665570142e-04
1.946701704275501967e-04
1.880160751389571463e-04
1.815988829652718259e-04
1.754139547865661303e-04
1.694565713136389061e-04
1.637146865790222578e-04
1.581836518522786162e-04
1.528590636316425793e-04
1.477293049496694469e-04
1.427897644597339230e-04
1.380364732459890185e-04
1.334584498053857096e-04
1.290511995415708835e-04
1.248112217434092330e-04
1.207283213112492681e-04
1.167982231538154425e-04
1.130178428407411888e-04
1.093778512312246746e-04
1.058743046550727584e-04
1.025044259152942642e-04
9.925976565961441107e-05
9.613681425038838983e-05
9.313297881109390585e-05
9.024065561976178488e-05
8.745684301450371489e-05
8.477903660750472957e-05
8.220041679085366695e-05
7.971851972788647175e-05
7.733088588431557761e-05
7.503140835113219890e-05
7.281813996980597515e-05
7.068867832924216686e-05
6.863755968461337956e-05
6.666328547915205893e-05
6.476356378168612047e-05
6.293351242052621958e-05
6.117198062857867960e-05
5.947685664094645594e-05
5.784378767997146116e-05
5.627185754039802971e-05
5.475919597053491354e-05
5.330193516853292692e-05
5.189928854156737430e-05
5.054966343534505866e-05
4.924963714359449851e-05
4.799847165238877936e-05
4.679485679362661984e-05
4.563577630352046226e-05
4.452049094680264846e-05
4.344795066823719203e-05
4.241550598457213220e-05
4.142239662828890522e-05
4.046779289693620894e-05
3.954937076790703492e-05
3.866635169153255063e-05
3.781808036937776813e-05
3.700251589921594127e-05
3.621887681859698138e-05
3.546663899306190933e-05
3.474400226686869762e-05
3.405020123461926043e-05
3.338480710965822544e-05
3.274621830717170502e-05
3.213370210371662886e-05
3.154689688140786531e-05
3.098435644225411024e-05
3.044539273959889628e-05
2.992968711570574434e-05
2.943590218500803101e-05
2.896340267809560391e-05
2.851188627581048771e-05
2.808007243045651860e-05
2.766738530509540043e-05
2.727350272817969084e-05
2.689714473183878464e-05
2.653780277518868067e-05
2.619508450459824396e-05
2.586765734628018978e-05
2.555509059207885378e-05
2.525686005864185204e-05
2.497154563747536586e-05
2.469880694921327725e-05
2.443792968607268364e-05
2.418741015076791292e-05
2.394700959808547568e-05
2.371579554925459170e-05
2.349224172737255601e-05
2.327621625696579767e-05
2.306660237853360904e-05
2.286197335005399911e-05
2.266229828525757539e-05
2.246639311420188772e-05
2.227309378906884563e-05
2.208245006285380267e-05
2.189340403324227939e-05
2.170521372676894516e-05
2.151797445345334393e-05
2.133098179584383002e-05
2.114401500526867422e-05
2.095716838472334279e-05
2.077028256656521796e-05
2.058365252194877600e-05
2.039731974837351484e-05
2.021175552736477506e-05
2.002765078518704118e-05
1.984494539764869740e-05
1.966468168092305711e-05
1.948774611312016145e-05
1.931394010808053428e-05
1.914468356165084724e-05
1.898084154474314643e-05
1.882206049692247438e-05
1.866986868559460144e-05
1.852494232783765226e-05
1.838678249837756294e-05
1.825676009674779662e-05
1.813528348958361964e-05
1.802174503767394893e-05
1.791716333751389875e-05
1.782168577936730499e-05
1.773465389395086070e-05
1.765664197179863217e-05
1.758759167200743889e-05
1.752686021706234741e-05
1.747458135370788234e-05
1.743054399495829956e-05
1.739417949775286311e-05
1.736524696708538346e-05
1.734339365091332882e-05
1.732815962810305092e-05
1.731901683605905449e-05
1.731542641308809677e-05
1.731703880338833899e-05
1.732311613280167165e-05
1.733284772661315953e-05
1.734596473436295341e-05
1.736157116791537500e-05
1.737849170058105411e-05
1.739649002404679225e-05
1.741453851791679262e-05
1.743103951068282801e-05
1.744574282342482399e-05
1.745750296537141102e-05
1.746431690179191484e-05
1.746589687838920977e-05
1.746100006156774617e-05
1.744733725762749276e-05
1.742459628027092185e-05
1.739148489419589151e-05
1.734565624608936505e-05
1.728682538366389562e-05
1.721374070527156871e-05
1.712431463962506452e-05
1.701836724337543491e-05
1.689482066736538472e-05
1.675220012593558327e-05
1.659051139199571787e-05
1.640900847362381570e-05
1.620714269485923730e-05
1.598516273480791230e-05
1.574280126573022467e-05
1.548062536508040298e-05
1.519913973647307047e-05
1.489864623825234232e-05
1.458083009604831320e-05
1.424641380351852887e-05
1.389626512580585683e-05
1.353298435486016075e-05
1.315743069807775909e-05
1.277092720710796208e-05
1.237661964791195381e-05
1.197540084239748040e-05
1.156885032921112383e-05
1.116020997020785496e-05
1.075030626166788036e-05
1.034073573277832965e-05
9.934413145513478841e-06
9.532022624187255560e-06
9.134956815133596090e-06
8.745495997435096412e-06
8.364140191918425851e-06
7.991925818272428600e-06
7.630353384201887045e-06
7.279730614804141987e-06
6.940678130816134419e-06
6.613928732459168876e-06
6.299614701621029807e-06
5.997968183763389602e-06
5.709080104617285358e-06
5.432938248621029251e-06
5.169472243248219211e-06
4.918311579740112571e-06
4.679335418016256865e-06
4.452279255457798808e-06
4.236493746151249574e-06
4.031784572303790514e-06
3.837793409056620805e-06
3.653743820529189749e-06
3.479399755173096000e-06
3.314383947472516781e-06
3.157901574256284926e-06
3.009702007343838558e-06
2.869434561129784414e-06
2.736354121515177808e-06
2.610217214358716324e-06
2.490720868568028795e-06
2.377206148269011886e-06
2.269452260188236213e-06
2.167208974922347648e-06
2.069917954879235431e-06
1.977390037491933947e-06
1.889424176839101008e-06
1.805562591860883264e-06
1.725650558377251385e-06
1.649529143545750517e-06
1.576832057704160316e-06
1.507436983060374780e-06
1.441219237547170865e-06
1.377889958744947020e-06
1.317354199596185052e-06
1.259514081925054542e-06
1.204142291259638925e-06
1.151165067304479231e-06
1.100504793147304545e-06
1.051980480532237568e-06
1.005533666718032677e-06
9.611015730011393506e-07
9.185366232659264673e-07
8.777908908186691753e-07
8.388122175908448415e-07
8.014765948106706504e-07
7.657432578720629122e-07
7.315676237509607619e-07
6.988424646685196627e-07
6.675320564576005395e-07
6.375973667131877847e-07
6.089437014594640528e-07
5.815391853819956727e-07
5.553491020654808661e-07
5.302888549040411674e-07
5.063298094178238335e-07
4.834408665747047720e-07
4.615462000129437553e-07
4.406201118942870789e-07
4.206347338096940328e-07
4.015222480535891938e-07
3.832597085295393279e-07
3.658222370384946741e-07
3.491494772189232704e-07
3.332210697999368321e-07
3.180149308083243522e-07
3.034776473742737924e-07
2.895912627073493392e-07
2.763362860314030307e-07
2.636656906428714450e-07
2.515637133550438453e-07
2.400132362141695037e-07
2.289730188643611047e-07
2.184292683770604713e-07
2.083670045244873970e-07
1.987501562977944832e-07
1.895666768116002971e-07
1.808034854282758130e-07
1.724290768934088211e-07
1.644329367397274322e-07
1.568036544663308868e-07
1.495137249943083684e-07
1.425539706751351719e-07
1.359144389592587075e-07
1.295711124486195642e-07
1.235159762681826199e-07
1.177403456329250691e-07
1.122232375526369167e-07
1.069576479860754046e-07
1.019359931469161787e-07
9.713992990004490346e-08
9.256333386086320529e-08
8.819957801230453012e-08
8.403261866180653467e-08
8.005709835483157607e-08
7.626722295406122656e-08
7.264895542341825730e-08
6.919760834751305704e-08
6.590811419409112824e-08
6.276819048582620013e-08
5.977373628443326496e-08
5.692031926958918159e-08
5.419719365003469381e-08
5.160077253943823311e-08
4.912717986357042639e-08
4.676701730274852766e-08
4.451714892268827745e-08
4.237418629606691264e-08
4.032991344870399081e-08
3.838159017415644004e-08
3.652625579794195920e-08
3.475673199937535166e-08
3.307062580609736200e-08
3.146535179393997606e-08
2.993464213804381955e-08
2.847640842781412760e-08
2.708839434163918584e-08
2.576513060798427289e-08
2.450479579243914021e-08
2.330542205372248376e-08
2.216224005519335234e-08
2.107366223046380348e-08
2.003797344304031025e-08
1.905101741578865302e-08
1.811141130059204585e-08
1.721766116606553105e-08
1.636614730760668152e-08
1.555566595199994639e-08
1.478491665732063323e-08
1.405074900902391244e-08
1.335211577200876219e-08
1.268788563050656570e-08
1.205531833329982974e-08
1.145350339651315087e-08
1.088145723617312777e-08
1.033679785729786822e-08
9.818734170904047438e-09
9.326411556776594381e-09
8.857760750566552190e-09
8.412094846461366780e-09
7.988671739466136161e-09
7.585695001218813858e-09
7.202568586401617926e-09
6.838648501558015046e-09
6.492376219682011078e-09
6.163234894553136368e-09
5.850666040085351970e-09
5.553318457847896670e-09
5.270744298277732277e-09
5.002459559471844988e-09
4.747293629095185893e-09
4.504858731657449526e-09
4.274735713237691813e-09
4.055911164710460757e-09
3.848049583908148346e-09
3.650788244089157413e-09
3.463250500655229370e-09
3.285146306850215213e-09
3.116162006480485233e-09
2.955539859598160733e-09
2.803029317838534726e-09
2.658359370253627840e-09
2.520875579927732789e-09
2.390361693973578262e-09
2.266583736345970959e-09
2.148976949175946975e-09
2.037354832844002052e-09
1.931515549090395589e-09
1.830972127365064045e-09
1.735563858140307092e-09
1.645116768211143846e-09
1.559211300399093797e-09
1.477709079678062644e-09
1.400460271989946646e-09
1.327103689802507729e-09
1.257520282011352342e-09
1.191581106854092044e-09
1.128975468734817375e-09
1.069601020010853543e-09
1.013346884134097719e-09
9.599460017597814090e-10
9.093104501353743885e-10
8.613449586531754426e-10
8.158201440732800977e-10
7.726605294018013660e-10
7.317843128748659075e-10
6.929946114571765291e-10
6.562266768164513940e-10
6.214103209725042586e-10
5.883766713865560655e-10
5.570702203387494533e-10
5.274307852484211455e-10
4.993136140978840410e-10
4.726711516843240198e-10
4.474518279437621472e-10
4.235316448850324638e-10
4.008698860318733174e-10
3.794223889665496653e-10
3.590829994896972768e-10
3.398168777776893070e-10
3.215862279739630345e-10
3.043002264959981618e-10
2.879290799528389630e-10
2.724404604205886926e-10
2.577567067611168461e-10
2.438523562174537692e-10
2.306997738793701325e-10
2.182325921944812796e-10
2.064290623952626913e-10
1.952655749309263343e-10
1.846854462784492655e-10
1.746701108292140568e-10
1.651994096099957577e-10
1.562249579149991889e-10
1.477309166481927146e-10
1.397000829384307457e-10
1.320911795584861076e-10
1.248907013462042497e-10
1.180839764185500186e-10
1.116358110622645024e-10
1.055346967551160749e-10
9.976812733863254939e-11
9.430611302499679756e-11
8.913885231082784763e-11
8.425569110108085268e-11
7.963108839749790345e-11
7.525670117956946857e-11
7.112345821695847737e-11
6.720961938306801332e-11
6.350808699394175155e-11
6.001114177558221127e-11
5.670028888088029922e-11
5.356949328545865320e-11
5.061218972384834172e-11
4.781265250353310536e-11
4.516575280332915789e-11
4.266590977970777059e-11
4.029975913976097485e-11
3.806294436174096674e-11
3.595072383115604887e-11
3.395174569421414237e-11
3.206231121128417821e-11
3.027839377560611533e-11
2.859035554487645461e-11
2.699505769788051828e-11
2.548908243423140355e-11
2.406425090042545547e-11
2.271790062516928356e-11
2.144713188705448730e-11
2.024500705429516714e-11
1.910926869752086890e-11
1.803745772487779221e-11
1.702369191086468940e-11
1.606605806594663664e-11
1.516247166262944474e-11
1.430794744498193908e-11
1.350086465515785739e-11
1.273945701664663926e-11
1.201950124492376761e-11
1.133962489789016730e-11
1.069833198225519635e-11
1.009204623318616409e-11
9.519605981038022011e-12
8.979744683313360377e-12
8.469435272258006540e-12
7.987694918278656167e-12
7.533451791995768429e-12
7.104144822939512499e-12
6.698942874986886857e-12
6.316939295118117694e-12
5.955968282691077200e-12
5.615327328008525899e-12
5.294249851283387985e-12
4.990905224848080946e-12
4.704699976193758466e-12
4.434986270898176676e-12
4.180217617570085999e-12
3.939892962557097051e-12
3.713465100555276013e-12
3.499628375862711386e-12
3.297960088900282547e-12
3.107998281803985335e-12
2.928641481349860023e-12
2.759533497603619453e-12
2.600284583069374389e-12
2.449966579068449021e-12
2.308279913463722651e-12
2.174896056824522068e-12
2.049034404827183232e-12
1.930443813736715978e-12
1.818847791763022310e-12
1.713592039267783456e-12
1.614467063881501692e-12
1.521240802422262256e-12
1.433367962680149896e-12
1.350675035687617813e-12
1.272968126284678846e-12
1.199797426700738395e-12
1.131020617653450035e-12
1.066477460722035923e-12
1.005804075658103911e-12
9.488844941220138387e-13
8.955912078637459838e-13
8.456363907111842590e-13
7.989209223031242490e-13
7.553525322621178357e-13
7.146878450616890592e-13
6.768211113116101257e-13
6.416871398791412082e-13
6.090008465840462011e-13
5.786159816338695764e-13
5.504495880415096746e-13
5.240684697802637847e-13
4.992891888153115056e-13
4.759475921200203383e-13
4.535049440612235880e-13
4.318339376369175661e-13
4.107036770866358045e-13
3.897567052463720937e-13
3.690346615307128574e-13
3.483630339617727229e-13
3.278647616759061193e-13
3.077377471393305743e-13
2.880392116785092352e-13
2.694375697845701715e-13
2.520852621662083191e-13
2.364790389092157874e-13
2.225649104884534837e-13
2.096674591883684615e-13
1.969772048604135512e-13
1.825038801894803636e-13
1.663235343327214860e-13
1.473201313477829542e-13
1.276694339894729742e-13
1.102504130705314274e-13
9.122661128563344908e-14
7.273745763212341759e-14
6.820568164033206161e-14
4.952676254408978675e-14
1.670565793381771104e-14
7.178688267497256005e-14
