5.882255494359720644e-09
1.801885730608641431e-09
3.367861438142231127e-09
4.237784955460741740e-09
4.342167139971165918e-09
5.316095758208503818e-09
6.254358508848904642e-09
7.101084965346789411e-09
8.152830060992414612e-09
9.264088489430839873e-09
1.041178263373996369e-08
1.164967754993818881e-08
1.295273577810737509e-08
1.431979579371125147e-08
1.576334136958660365e-08
1.728091695391380526e-08
1.887872789725567359e-08
2.056145063576711365e-08
2.233054893662646900e-08
2.419510828692730944e-08
2.615946852335751417e-08
2.822692082366059795e-08
3.041060264708193844e-08
3.271448749047948785e-08
3.514349714886226394e-08
3.770714195497970952e-08
4.040603804295751101e-08
4.324234605127899955e-08
4.621828871445379177e-08
4.933550180515090913e-08
5.259329642542075745e-08
5.600015706394732039e-08
5.956466989322001411e-08
6.328928365680709464e-08
6.719814356160210727e-08
7.130307771497278295e-08
7.561192571313643563e-08
8.015504522301163518e-08
8.493976622618254924e-08
8.997498925790407212e-08
9.528330922625189982e-08
1.008664834991713023e-07
1.067300387391550386e-07
1.128886187676663339e-07
1.193446543124675722e-07
1.261013099182538411e-07
1.331773892922820694e-07
1.405813365003696866e-07
1.483180230478187644e-07
1.564190823239940188e-07
1.648989293000031950e-07
1.737660911347677941e-07
1.830651645061679810e-07
1.928152024825813926e-07
2.030282348236101156e-07
2.137612829669943537e-07
2.250388087338116672e-07
2.368768120701372567e-07
2.493472243978165754e-07
2.624811492044706739e-07
2.762999453191253984e-07
2.908926771267327544e-07
3.062970884594059028e-07
3.225410168175671671e-07
3.397306813482194475e-07
3.579098627302013048e-07
3.771134173762929316e-07
3.974638328120325838e-07
4.190107062729640547e-07
4.417963105630616648e-07
4.659590425840773827e-07
4.915546735783803428e-07
5.186334625330858410e-07
5.473502903715069905e-07
5.777679333634539341e-07
6.099454482691145275e-07
6.440558043134388087e-07
6.801701309825736013e-07
7.183573720658869122e-07
7.588114955558442223e-07
8.016140279533213275e-07
8.468452483738124844e-07
8.947247831161559508e-07
9.453475383175813922e-07
9.988070481312138940e-07
1.055355601855925813e-06
1.115105748040051124e-06
1.178166829158992802e-06
1.244834015069712469e-06
1.315243518933455950e-06
1.389523948552459709e-06
1.468028001112985300e-06
1.550923905447299304e-06
1.638364316030860587e-06
1.730779975095562369e-06
1.828382312555615855e-06
1.931354686846854221e-06
2.040233566743772819e-06
2.155287807891625696e-06
2.276740583303181138e-06
2.405269486655500301e-06
2.541217694284708460e-06
2.684860165846192834e-06
2.837057852381185908e-06
2.998246637522067514e-06
3.168768077062881374e-06
3.349712625610579719e-06
3.541626666964946352e-06
3.744935272185509080e-06
3.961003265895393603e-06
4.190501887370568986e-06
4.433957134804688884e-06
4.693044728917055725e-06
4.968568542258941975e-06
5.261170910053825827e-06
5.572858924488655963e-06
5.904567619616575330e-06
6.257065998500063152e-06
6.632690573470478141e-06
7.032495560636472410e-06
7.457378825459117808e-06
7.909979309418263899e-06
8.391448986713229122e-06
8.902806443583399334e-06
9.446944463398965393e-06
1.002508588274393314e-05
1.063835109039003062e-05
1.128982746028868998e-05
1.198078320654539688e-05
1.271241287340288364e-05
1.348794681451187879e-05
1.430868357445025628e-05
1.517586031834606472e-05
1.609282997970450262e-05
1.706092644976406534e-05
1.808140141655122221e-05
1.915776593276990241e-05
2.029142240241636156e-05
2.148362118389841131e-05
2.273814321993935128e-05
2.405652495625110830e-05
2.544002051219674228e-05
2.689287854217505707e-05
2.841686578260931861e-05
3.001327279813979947e-05
3.168709412843885890e-05
3.344044525609746627e-05
3.527471619596577509e-05
3.719598221030707123e-05
3.920683330186971056e-05
4.130884972344879449e-05
4.350953877203242649e-05
4.581207912505706639e-05
4.821835170258691270e-05
5.073761316921249941e-05
5.337371450763448067e-05
5.612895464373586989e-05
5.901457301975740455e-05
6.203513242799871372e-05
6.519345920972367012e-05
6.850288945256281998e-05
7.196869017207186358e-05
7.559430341950304564e-05
7.939514891335600598e-05
8.337715472173698027e-05
8.754443869620241259e-05
9.191439526363838995e-05
9.649356134381969303e-05
1.012867656276842635e-04
1.063132432612047014e-04
1.115801162366106812e-04
1.170929499991686966e-04
1.228727612464514259e-04
1.289273005951685556e-04
1.352629151984514541e-04
1.419025230896781649e-04
1.488546410390173276e-04
1.561264974512101636e-04
1.637432823974734010e-04
1.717145097095927869e-04
1.800484764827630301e-04
1.887732658702964174e-04
1.978996739025409726e-04
2.074373592479875994e-04
2.174180647986286323e-04
2.278541286696037979e-04
2.387569566568138138e-04
2.501626474761431298e-04
2.620852088080207420e-04
2.745382178144445471e-04
2.875624575393284144e-04
3.011734940444384546e-04
3.153874421555752090e-04
3.302494262269492584e-04
3.457761559555999468e-04
3.619864659933763867e-04
3.789286050336589172e-04
3.966197267945026383e-04
4.150812573796198199e-04
4.343624959418499105e-04
4.544801876665798663e-04
4.754578266165897238e-04
4.973431582423604299e-04
5.201517617758077451e-04
5.439082827695241153e-04
5.686564379327585907e-04
5.944103105204434200e-04
6.211945105638151188e-04
6.490473028507781281e-04
6.779817244905596936e-04
7.080211430133240324e-04
7.391990252116380699e-04
7.715288835402673738e-04
8.050319680421346227e-04
8.397405881573914493e-04
8.756714822469252937e-04
9.128436333962641367e-04
9.512953993982225078e-04
9.910507048805352812e-04
1.032127197744236655e-03
1.074580154850595130e-03
1.118445664938158817e-03
1.163742295221271419e-03
1.210556365998512315e-03
1.258941806147333099e-03
1.308921756804288941e-03
1.360630121256845753e-03
1.414144661982900996e-03
1.469498054072154378e-03
1.526889626605083816e-03
1.586426894019039727e-03
1.648158096837358706e-03
1.712365889635938465e-03
1.779192978694135686e-03
1.848709953244486196e-03
1.921299408001936500e-03
1.997143728451079240e-03
2.076343022947156353e-03
2.159393616256501027e-03
2.246520466928815605e-03
2.337860342944695410e-03
2.434032330998265724e-03
2.535304389786676403e-03
2.641856513111954987e-03
2.754432365367307390e-03
2.873339828928829151e-03
2.998807315191971083e-03
3.131694877284214428e-03
3.272342858725019610e-03
3.421030730565470784e-03
3.578714449333838133e-03
3.745754892128007763e-03
3.922481136790822824e-03
4.109912171573399872e-03
4.308414705646244555e-03
4.518360245817762758e-03
4.740790248737373515e-03
4.976064334210884323e-03
5.224582532338647306e-03
5.487372981293062342e-03
5.764785269576436395e-03
6.057228125067692752e-03
6.365707834041820813e-03
6.690582622280338843e-03
7.032248254386871435e-03
7.391739978653812972e-03
7.769477999171190558e-03
8.165830182190634765e-03
8.582007390703482591e-03
9.018589989260252307e-03
9.475922806148277810e-03
9.955664119575727278e-03
1.045869836462150898e-02
1.098538740171863502e-02
1.153823868563021854e-02
1.211861508056988855e-02
1.272698356360579125e-02
1.336719393722885126e-02
1.404125644775044458e-02
1.474988227995675284e-02
1.549875376488813079e-02
1.629063734295340890e-02
1.712666440649304039e-02
1.801469026600641815e-02
1.895822298958204505e-02
1.995899208346656531e-02
2.102704371055238650e-02
2.216643637577318457e-02
2.337962479261711593e-02
2.467838965936505757e-02
2.606695046215424735e-02
2.754850452875534997e-02
2.913556180562091105e-02
3.083194134092990049e-02
3.264144311181176733e-02
3.457579710772688136e-02
3.663776593153948019e-02
3.883143508091842916e-02
4.116591838937637415e-02
4.364228769497829896e-02
4.626443678867522141e-02
4.903698742905601704e-02
5.195884283170256607e-02
5.503312024010981879e-02
5.825839597745453152e-02
6.163122155488729575e-02
6.515332689170019731e-02
6.881643232923617681e-02
7.261499217994683841e-02
7.654882420337667803e-02
8.060322113218876261e-02
8.477139082539186798e-02
8.905095907566328017e-02
9.342305186110438919e-02
9.788124611433840494e-02
1.024211718629046697e-01
1.070245099398650507e-01
1.116877027519373594e-01
1.164053586732811674e-01
1.211673063928107169e-01
1.259761552640048798e-01
1.308275420495868258e-01
1.357296258253666010e-01
1.406948390073370636e-01
1.457230881715141368e-01
1.508521002993779836e-01
1.561071947859864195e-01
1.614966631661154117e-01
1.670969962692344657e-01
1.729475118104880360e-01
1.790689215225789166e-01
1.855793414243520623e-01
1.925298602649542223e-01
1.999560005123569850e-01
2.080098381815611575e-01
2.167479036655243496e-01
2.262194997037587363e-01
2.365904080340510973e-01
2.479126939430380816e-01
2.602437622308415022e-01
2.737322933264440539e-01
2.884145180705930955e-01
3.043458028991000708e-01
3.216232508999995465e-01
3.402577368435177330e-01
3.602900875262184388e-01
3.817379906796673494e-01
4.045826611340632151e-01
4.288392345959159413e-01
4.544348838554665426e-01
4.813240155960474276e-01
5.094903388439148140e-01
5.387814828147536872e-01
5.691344340841324456e-01
6.005037689565089210e-01
6.326879310477505625e-01
6.656191851135152548e-01
6.992329606912214279e-01
7.333177317014675234e-01
7.678124872998131067e-01
8.026476354438019101e-01
8.376355820707344080e-01
8.727284344533265958e-01
9.078644562064271950e-01
9.428973281983643595e-01
9.777924303891651903e-01
1.012502812987894574e+00
1.046921463028233523e+00
1.081022899025057660e+00
1.114774307181044088e+00
1.148093712973641933e+00
1.180960232243476682e+00
1.213349214096592688e+00
1.245189829761428335e+00
1.276464347628632590e+00
1.307149815376009050e+00
1.337183978024571340e+00
1.366554974059200900e+00
1.395239190756173642e+00
1.423194505712424673e+00
1.450419881831071178e+00
1.476894498218453533e+00
1.502615172285794332e+00
1.527595251646310492e+00
1.551823882546806699e+00
1.575350552904861701e+00
1.598202118349280054e+00
1.620384080669457383e+00
1.641996887933457216e+00
1.663074979944076270e+00
1.683641621499046837e+00
1.703828669685014674e+00
1.723669291482643473e+00
1.743199443300008200e+00
1.762551693076655601e+00
1.781749675093000862e+00
1.800832328801452720e+00
1.819902888260240159e+00
1.838970792716353442e+00
1.858067536988234236e+00
1.877248299272696430e+00
1.896508372930014064e+00
1.915864496562744934e+00
1.935321228749779410e+00
1.954863591325183725e+00
1.974491434980257809e+00
1.994170326347027400e+00
2.013880714125169114e+00
2.033608465038363899e+00
2.053299542853526560e+00
2.072935332373512018e+00
2.092493953171122190e+00
2.111921534763032682e+00
2.131204358343256278e+00
2.150320105821710737e+00
2.169229553386748499e+00
2.187925689192830259e+00
2.206392054136026459e+00
2.224610427378481248e+00
2.242580167566792682e+00
2.260294394464283485e+00
2.277754125056025813e+00
2.294963095190173608e+00
2.311924308840714648e+00
2.328650507733781350e+00
2.345147069403087592e+00
2.361423902499984795e+00
2.377496136997329756e+00
2.393368448635785128e+00
2.409052627240507949e+00
2.424559159624263938e+00
2.439890983073273567e+00
2.455056794825118960e+00
2.470060342039814394e+00
2.484903314847201283e+00
2.499588562396255487e+00
2.514115806283054422e+00
2.528486888088975260e+00
2.542699501691789266e+00
2.556754111413908515e+00
2.570653923800227947e+00
2.584395215239848831e+00
2.597982323086427847e+00
2.611419979315189988e+00
2.624707866379763832e+00
2.637853402647040824e+00
2.650861863990844558e+00
2.663739624512145632e+00
2.676493061182704469e+00
2.689126580428027768e+00
2.701652999574466474e+00
2.714073231423423493e+00
2.726389949282546521e+00
2.738618318955129194e+00
2.750752441884696697e+00
2.762793499279878606e+00
2.774752723771715779e+00
2.786620509931667211e+00
2.798397641269397607e+00
2.810085920688726535e+00
2.821677945611861471e+00
2.833175177851642967e+00
2.844568205568046793e+00
2.855856846898971568e+00
2.867043409057756786e+00
2.878110598345496651e+00
2.889066145159362886e+00
2.899912152719576142e+00
2.910630887693820057e+00
2.921233354734492860e+00
2.931719679507365672e+00
2.942080017040577644e+00
2.952320805558841688e+00
2.962438707890118650e+00
2.972436894036393884e+00
2.982310311702146333e+00
2.992051915631400494e+00
3.001676846858325476e+00
3.011166413126460384e+00
3.020511213280613116e+00
3.029730966832847372e+00
3.038797488265454039e+00
3.047701532593893869e+00
3.056456712058419622e+00
3.065034186319053777e+00
3.073427521500393222e+00
3.081635347995386187e+00
3.089637826046541136e+00
3.097433032308432033e+00
3.105002317893613917e+00
3.112341158444261513e+00
3.119452225632276754e+00
3.126305824940140976e+00
3.132913328510854356e+00
3.139280540498377459e+00
3.145379351524464351e+00
3.151232289739394066e+00
3.156846004901491920e+00
3.162207480752333932e+00
3.167343086931591944e+00
3.172258206813822756e+00
3.176962884756163064e+00
3.181480878153588154e+00
3.185815168183761426e+00
3.189997093611997681e+00
3.194044494509826304e+00
3.197958072007981656e+00
3.201779175228536278e+00
3.205519763403787081e+00
3.209179375422494207e+00
3.212793275380219971e+00
3.216369432978700704e+00
3.219907757165523687e+00
3.223423595247037365e+00
3.226922846392668021e+00
3.230407118515401521e+00
3.233866437091414969e+00
3.237305631105506176e+00
3.240728638534669415e+00
3.244105618517400647e+00
3.247440592093616463e+00
3.250739415800091070e+00
3.253966364364658137e+00
3.257124760448870671e+00
3.260220776702384970e+00
3.263229316271695435e+00
3.266153119662172255e+00
3.268996137235902211e+00
3.271755902915885361e+00
3.274434425155973383e+00
3.277030886288560652e+00
3.279567801474673416e+00
3.282046194221032831e+00
3.284459497443707576e+00
3.286846785345211686e+00
3.289208977374378673e+00
3.291535872951850905e+00
3.293867320587391401e+00
3.296207554479277491e+00
3.298548234856507388e+00
3.300913431908037765e+00
3.303315928030791770e+00
3.305756203218807698e+00
3.308232280969450656e+00
3.310768377740746615e+00
3.313378454774059900e+00
3.316035100146956349e+00
3.318769263945120063e+00
3.321607032352678512e+00
3.324507343273813031e+00
3.327494634851833055e+00
3.330598483334522797e+00
3.333782762075963024e+00
3.337050112692525161e+00
3.340420304359330128e+00
3.343879412758944181e+00
3.347401189397953392e+00
3.350983652087756060e+00
3.354641909906559416e+00
3.358327446220811918e+00
3.362012836145186423e+00
3.365733717886314480e+00
3.369436234246517170e+00
3.373075838873955234e+00
3.376688931501556024e+00
3.380235499611242034e+00
3.383671868168692587e+00
3.387015687180744639e+00
3.390257630268116440e+00
3.393375021411003889e+00
3.396356691646092330e+00
3.399229804602230232e+00
3.402006824354492753e+00
3.404648404259248196e+00
3.407204568900032537e+00
3.409722504048057434e+00
3.412147508082077341e+00
3.414490242181301927e+00
3.416810532479572782e+00
3.419077908492445861e+00
3.421257802896057409e+00
3.423387668056729449e+00
3.425465898983313995e+00
3.427463143491991104e+00
3.429384136710890374e+00
3.431245873154974646e+00
3.433042145872233331e+00
3.434747084415953555e+00
3.436387614628165110e+00
3.437977262817202728e+00
3.439472135554298760e+00
3.440901923401132212e+00
3.442289592544368393e+00
3.443590390914252897e+00
3.444828477337853467e+00
3.446023878201131208e+00
3.447147651316917472e+00
3.448210455675415620e+00
3.449221232640799162e+00
3.450178081044880773e+00
3.451075774055224255e+00
3.451911923155522199e+00
3.452711726003020232e+00
3.453459657600078003e+00
3.454148597599794090e+00
3.454818120396770720e+00
3.455452942720862453e+00
3.456049998387758393e+00
3.456643420799312860e+00
3.457227428476078668e+00
3.457808550960640659e+00
3.458398952730460163e+00
3.459005308389273114e+00
3.459642762775370084e+00
3.460296958134895018e+00
3.460982837078665941e+00
3.461717233579296060e+00
3.462468412665374640e+00
3.463251463483158599e+00
3.464075968547872808e+00
3.464909809086565762e+00
3.465760919304550214e+00
3.466625631595245505e+00
3.467486772322184052e+00
3.468342115264816616e+00
3.469174923877584416e+00
3.469988984583189051e+00
3.470773899967527942e+00
3.471506107088846438e+00
3.472205092463865217e+00
3.472857447705115064e+00
3.473441838173898066e+00
3.473980989391636687e+00
3.474463877804750300e+00
3.474878702011093168e+00
3.475239071765194421e+00
3.475539526504088261e+00
3.475779868890123581e+00
3.475958766617867735e+00
3.476076322307202204e+00
3.476140127526174073e+00
3.476136914906476694e+00
3.476069840542928890e+00
3.475947040971350432e+00
3.475752527507777856e+00
3.475489196274510473e+00
3.475159281020159252e+00
3.474753758769304923e+00
3.474272962230575246e+00
3.473711228536698670e+00
3.473071166650610220e+00
3.472350312470414480e+00
3.471538526216154441e+00
3.470647459387754097e+00
3.469673533015972478e+00
3.468608588073085475e+00
3.467465572867576729e+00
3.466242171968142216e+00
3.464937450407703512e+00
3.463557762718871391e+00
3.462103591746640507e+00
3.460581919539586604e+00
3.458989294999013975e+00
3.457328784321607174e+00
3.455611230451269389e+00
3.453826513531845777e+00
3.451978591243975547e+00
3.450076268384747902e+00
3.448109774666136662e+00
3.446081966675583530e+00
3.443995636252938031e+00
3.441847376274698167e+00
3.439637851024481829e+00
3.437363791410621428e+00
3.435029208041636917e+00
3.432632832859913830e+00
3.430168431240621985e+00
3.427643162440100255e+00
3.425055003532321063e+00
3.422398430022163485e+00
3.419677416686424110e+00
3.416890407039315125e+00
3.414034340069987739e+00
3.411105939015665722e+00
3.408104599891965236e+00
3.405028415707429534e+00
3.401867360905104665e+00
3.398621152258113565e+00
3.395285248847916382e+00
3.391846952876943266e+00
3.388304689177923379e+00
3.384647056250500441e+00
3.380863313907357171e+00
3.376948711072579101e+00
3.372883051382434161e+00
3.368660147495322832e+00
3.364271040955738368e+00
3.359689160506571071e+00
3.354912847536967835e+00
3.349929731736448701e+00
3.344713492018025036e+00
3.339265497938789462e+00
3.333572657111595561e+00
3.327616827217137807e+00
3.321400894866701758e+00
3.314914470758773657e+00
3.308152575434953224e+00
3.301118771638555938e+00
3.293807739826830172e+00
3.286226914256285436e+00
3.278380222933214849e+00
3.270267521748010608e+00
3.261903065624800035e+00
3.253291085561008433e+00
3.244434795376775593e+00
3.235349180089572840e+00
3.226039047704732710e+00
3.216508985100411167e+00
3.206773173430919055e+00
3.196837908177632581e+00
3.186708989777917722e+00
3.176405132348504967e+00
3.165935612578066216e+00
3.155309917603944303e+00
3.144561279675198495e+00
3.133703302603606300e+00
3.122753208376300549e+00
3.111767654701952157e+00
3.100764675741041199e+00
3.089772439414680605e+00
3.078872794957834724e+00
3.068086358250059931e+00
3.057452204992513245e+00
3.047068932709163125e+00
3.036956193351638245e+00
3.027159620896988645e+00
3.017777412249506686e+00
3.008824161477785974e+00
3.000344253036270725e+00
2.992414798433379985e+00
2.985042075198451883e+00
2.978260255317525473e+00
2.972107395887732650e+00
2.966579937345534379e+00
2.961694364887952791e+00
2.957439179790568584e+00
2.953801378101202246e+00
2.950775705830619433e+00
2.948300114159470908e+00
2.946354186451708213e+00
2.944911054306485809e+00
2.943866279274578446e+00
2.943195355746007547e+00
2.942853828109129655e+00
2.942710357807900134e+00
2.942740570319145821e+00
2.942889439612288882e+00
2.943018733089037386e+00
2.943108566833643636e+00
2.943102051787927831e+00
2.942874722901870133e+00
2.942414423891165143e+00
2.941671174365511732e+00
2.940550939548741471e+00
2.939050139722982014e+00
2.937132724053549193e+00
2.934743720586677096e+00
2.931886320965910731e+00
2.928542148429124747e+00
2.924694726002325496e+00
2.920350972772056242e+00
2.915510127507920490e+00
2.910187524848072638e+00
2.904392125718673778e+00
2.898137830845532559e+00
2.891465141242431258e+00
2.884386788679186964e+00
2.876927477156145496e+00
2.869151653247234979e+00
2.861080607752219951e+00
2.852746999837457498e+00
2.844243810387546478e+00
2.835605475650244234e+00
2.826871324427871812e+00
2.818167291797125440e+00
2.809540827930234741e+00
2.801036938375287999e+00
2.792809689621901015e+00
2.784911931242762595e+00
2.777391439760126257e+00
2.770410551872040106e+00
2.764013785750107033e+00
2.758245505303035472e+00
2.753244190865978158e+00
2.749031630060092990e+00
2.745640230356942268e+00
2.743151774292777123e+00
2.741557044885603034e+00
2.740868760669616488e+00
2.741093118851371191e+00
2.742192064991268108e+00
2.744155471446122707e+00
2.746918535492467228e+00
2.750426300028879112e+00
2.754649282378169417e+00
2.759478419984228825e+00
2.764858251183703430e+00
2.770749058951537780e+00
2.777034737797722475e+00
2.783673180793059476e+00
2.790625492704799537e+00
2.797800439673738371e+00
2.805175534989110542e+00
2.812721291315130490e+00
2.820386200158896628e+00
2.828165192493260705e+00
2.836041455486115748e+00
2.843998531367187166e+00
2.852041176024017854e+00
2.860163139188628190e+00
2.868365504619956763e+00
2.876654707233262886e+00
2.885029924063125861e+00
2.893490601738860857e+00
2.902040094477759791e+00
2.910678065168625039e+00
2.919391055442571936e+00
2.928179340359456262e+00
2.937040696621266989e+00
2.945949291059859476e+00
2.954905831933910765e+00
2.963906998370061885e+00
2.972924541102219820e+00
2.981963935074051886e+00
2.991023643713031088e+00
3.000086176900973900e+00
3.009164350124414522e+00
3.018261531295438616e+00
3.027380842828029994e+00
3.036541882874887577e+00
3.045754638958921845e+00
3.055045256774115980e+00
3.064436561468273368e+00
3.073944662759210633e+00
3.083613017717620863e+00
3.093462384326478798e+00
3.103512401340856375e+00
3.113812197524057357e+00
3.124375132664434229e+00
3.135220433730525613e+00
3.146389022729394913e+00
3.157883011565436160e+00
3.169716913274901682e+00
3.181911126614631602e+00
3.194455102365844734e+00
3.207354919150313677e+00
3.220602680547377528e+00
3.234176468346014133e+00
3.248071565237316438e+00
3.262250277020412259e+00
3.276682947297371751e+00
3.291353626731664761e+00
3.306199919964501799e+00
3.321189540769811543e+00
3.336297079771889162e+00
3.351446072830711831e+00
3.366607028665875578e+00
3.381748927091391632e+00
3.396795080635772734e+00
3.411723317032535174e+00
3.426502275836391220e+00
3.441068904499192005e+00
3.455410981639081225e+00
3.469502349006347686e+00
3.483304092398206375e+00
3.496814180968504271e+00
3.510016083558297861e+00
3.522899577565604456e+00
3.535470821448180256e+00
3.547725022284566432e+00
3.559678292362939089e+00
3.571341509705602046e+00
3.582720862030801090e+00
3.593850606780108592e+00
3.604742553482968237e+00
3.615410581176444538e+00
3.625895871227546863e+00
3.636208200658801015e+00
3.646364458751579551e+00
3.656402052930636248e+00
3.666327339697076138e+00
3.676155672903691496e+00
3.685913563241385305e+00
3.695604272375799138e+00
3.705238554512000348e+00
3.714830008610762846e+00
3.724380387161161376e+00
3.733894956385601649e+00
3.743377149595550346e+00
3.752829254677341186e+00
3.762252205463715526e+00
3.771644942740668416e+00
3.781011986515132151e+00
3.790352347813162215e+00
3.799666647011329612e+00
3.808962457091036313e+00
3.818239477984500585e+00
3.827504609696623206e+00
3.836768294688940539e+00
3.846032842822992848e+00
3.855313361713702758e+00
3.864622190077484643e+00
3.873965012728400215e+00
3.883364383772414552e+00
3.892833167414021300e+00
3.902380039592872052e+00
3.912032318099922801e+00
3.921802017422236997e+00
3.931699617507695255e+00
3.941753677474799655e+00
3.951974261105724917e+00
3.962372140038523671e+00
3.972973739472969168e+00
3.983786476201279125e+00
3.994820008810565870e+00
4.006096061170235423e+00
4.017619119201463640e+00
4.029396718514412612e+00
4.041444406042656645e+00
4.053763797915315159e+00
4.066359809118544000e+00
4.079241396529050157e+00
4.092407613064260374e+00
4.105860740034000145e+00
4.119603560308115142e+00
4.133633013796521816e+00
4.147949093666666087e+00
4.162549330432104178e+00
4.177429058713827636e+00
4.192586516531848773e+00
4.208015095135982264e+00
4.223709028981491365e+00
4.239665356124146633e+00
4.255874402306694115e+00
4.272329772796124026e+00
4.289027764285618716e+00
4.305956560208906048e+00
4.323109564392777493e+00
4.340482643484498304e+00
4.358062610886968891e+00
4.375843053815795081e+00
4.393819587614113509e+00
4.411978340704840740e+00
4.430313420974110628e+00
4.448820294891224769e+00
4.467485068608270105e+00
4.486302642639404148e+00
4.505268424596272858e+00
4.524369154592425168e+00
4.543600704226244069e+00
4.562958541825568481e+00
4.582430642342965932e+00
4.602013907754983535e+00
4.621704022201167383e+00
4.641490650862243328e+00
4.661371659674766299e+00
4.681343113839392167e+00
4.701396595823303493e+00
4.721530767064456846e+00
4.741742210845476535e+00
4.762024397962954403e+00
4.782376567166013892e+00
4.802795898796808238e+00
4.823277516881843141e+00
4.843821034934908454e+00
4.864424244338136027e+00
4.885083593577578931e+00
4.905798938759331485e+00
4.926568648207151568e+00
4.947390201917825081e+00
4.968263659584628122e+00
4.989187913793800888e+00
5.010161311217282254e+00
5.031184151458011122e+00
5.052255805578355741e+00
5.073375468575805236e+00
5.094543741622407751e+00
5.115760444040586385e+00
5.137025689656739225e+00
5.158340408214025175e+00
5.179704842079245530e+00
5.201120081896471348e+00
5.222587334224184197e+00
5.244107222911343236e+00
5.265681765614206533e+00
5.287312305281908209e+00
5.308999771385308541e+00
5.330746905188852303e+00
5.352554984600327970e+00
5.374425132021258378e+00
5.396360477114359178e+00
5.418362023816421846e+00
5.440430954559745125e+00
5.462570397448605064e+00
5.484780924730931595e+00
5.507063655575284322e+00
5.529421370402729963e+00
5.551854146517675836e+00
5.574362956934398206e+00
5.596950013797492574e+00
5.619614945173375453e+00
5.642358554713493568e+00
5.665182428497594458e+00
5.688085883016547939e+00
5.711069589193759732e+00
5.734134596086346569e+00
5.757280096402859648e+00
5.780506705452861382e+00
5.803815110892888818e+00
5.827204565309274109e+00
5.850675712971384890e+00
5.874229057976982915e+00
5.897864039550047011e+00
5.921581385602589620e+00
5.945381511871776326e+00
5.969264075074408815e+00
5.993229879609305755e+00
6.017279201242498488e+00
6.041411832516671687e+00
6.065628566719123427e+00
6.089929313287203883e+00
6.114313816076585084e+00
6.138782688937971521e+00
6.163335090361556468e+00
6.187970462791457571e+00
6.212689011099545411e+00
6.237488660616071989e+00
6.262368284491564019e+00
6.287327424878824900e+00
6.312362289592312159e+00
6.337470960065800796e+00
6.362652086295479847e+00
6.387899784223474597e+00
6.413211221533174466e+00
6.438584001729153350e+00
6.464009989096225262e+00
6.489485452344969652e+00
6.515006911460619499e+00
6.540564105270791906e+00
6.566152563718333113e+00
6.591767826814149522e+00
6.617397937762241611e+00
6.643037970955343319e+00
6.668682727701681578e+00
6.694319243362642169e+00
6.719942493595186583e+00
6.745546889274755209e+00
6.771119299902888855e+00
6.796654967029916783e+00
6.822148312453013119e+00
6.847586894330313534e+00
6.872966525182236275e+00
6.898282025630948056e+00
6.923522360701958256e+00
6.948684105693196500e+00
6.973762789477746082e+00
6.998749243568049394e+00
7.023640856272371558e+00
7.048434046376237383e+00
7.073121644926417595e+00
7.097701764268287583e+00
7.122171744076115196e+00
7.146526221955759262e+00
7.170763836715758011e+00
7.194882736868933648e+00
7.218878913620090820e+00
7.242751275769180097e+00
7.266498560590137323e+00
7.290117512463239358e+00
7.313607050616159455e+00
7.336966225714278700e+00
7.360191917359085956e+00
7.383282841356163750e+00
7.406238088455745050e+00
7.429054154675235111e+00
7.451729416292621977e+00
7.474262781931194866e+00
7.496650023794146023e+00
7.518889131182855401e+00
7.540978690741687807e+00
7.562913619530938547e+00
7.584691552254550828e+00
7.606310705634637515e+00
7.627765202047505078e+00
7.649052410987650319e+00
7.670170212801515675e+00
7.691112135409301054e+00
7.711875400498513500e+00
7.732457642742521564e+00
7.752852066913283657e+00
7.773055864628627631e+00
7.793066542535782126e+00
7.812877257500496775e+00
7.832485268181585525e+00
7.851888069332478182e+00
7.871078997199018268e+00
7.890055442263719243e+00
7.908814980763410496e+00
7.927351277993063938e+00
7.945661886130522156e+00
7.963744522020365757e+00
7.981593244936250109e+00
7.999205768226864244e+00
8.016579972224318951e+00
8.033710301188547120e+00
8.050594607459334640e+00
8.067230926831440385e+00
8.083614027350943587e+00
8.099741866656303912e+00
8.115612606691676945e+00
8.131221251315125187e+00
8.146565827602428200e+00
8.161644583944593023e+00
8.176452668694784265e+00
8.190988147530150698e+00
8.205249315060784809e+00
8.219231387348562734e+00
8.232932447358084715e+00
8.246350802597666174e+00
8.259481685474048263e+00
8.272323186303415454e+00
8.284873603553174704e+00
8.297128164166631237e+00
8.309084966902588576e+00
8.320742292274466934e+00
8.332095368118279666e+00
8.343142311809332412e+00
8.353881389352732612e+00
8.364307858764657766e+00
8.374419872420087785e+00
8.384215695329801932e+00
8.393690660570957363e+00
8.402842974937206222e+00
8.411670922825310370e+00
8.420169964970243726e+00
8.428338382113242488e+00
8.436174501821470884e+00
8.443673965666469883e+00
8.450835145720086317e+00
8.457656436734586336e+00
8.464133709423082408e+00
8.470265441102023729e+00
8.476050115482388847e+00
8.481483872608301056e+00
8.486565305168758400e+00
8.491293003846065446e+00
8.495663409155708834e+00
8.499675236068110706e+00
8.503327195978163999e+00
8.506616052989517840e+00
8.509540649203533036e+00
8.512099826556593030e+00
8.514290690094757252e+00
8.516112213194121594e+00
8.517563375168810680e+00
8.518641636150183771e+00
8.519346105356582655e+00
8.519675904396551758e+00
8.519628861311849377e+00
8.519204226720118456e+00
8.518401268340292987e+00
8.517218194156658484e+00
8.515654402553195723e+00
8.513709310339297787e+00
8.511381515553393839e+00
8.508670570619047524e+00
8.505576043180479218e+00
8.502096926974553881e+00
8.498232933234360686e+00
8.493983779996808536e+00
8.489348854612954298e+00
8.484328028838531210e+00
8.478921167283287375e+00
8.473128038127660133e+00
8.466948671026473860e+00
8.460383068959009378e+00
8.453431355812639936e+00
8.446093711548252614e+00
8.438370264532776943e+00
8.430261457413207538e+00
8.421767608149870910e+00
8.412888953258880420e+00
8.403626208402705799e+00
8.393979813719509409e+00
8.383950093918134172e+00
8.373537988483414907e+00
8.362744042391343058e+00
8.351568648279609874e+00
8.340012923746877860e+00
8.328077502230110341e+00
8.315762826641535099e+00
8.303070157859671951e+00
8.290000204917873816e+00
8.276553448871245777e+00
8.262731276467770059e+00
8.248534465160402007e+00
8.233963529899945399e+00
8.219019987814926154e+00
8.203704684705867223e+00
8.188018174398100868e+00
8.171962132384830824e+00
8.155537480241861203e+00
8.138744824898141772e+00
8.121586049853119604e+00
8.104062166657042710e+00
8.086173857462133796e+00
8.067923280006821685e+00
8.049311555009872166e+00
8.030339467285063648e+00
8.011009523943487309e+00
7.991322976473040463e+00
7.971280741697647443e+00
7.950885750847767497e+00
7.930139407150876174e+00
7.909042786962891647e+00
7.887599310372283234e+00
7.865810549636280236e+00
7.843677762824065702e+00
7.821204904972776539e+00
7.798393728358207433e+00
7.775245686816394830e+00
7.751765291291905946e+00
7.727954476957812346e+00
7.703814897658138428e+00
7.679351612616046374e+00
7.654566733934843548e+00
7.629462109506828682e+00
7.604043310634678754e+00
7.578312611970113188e+00
7.552272040189058622e+00
7.525927617348155962e+00
7.499281759355855392e+00
7.472336649074840409e+00
7.445098679200647496e+00
7.417570381011344693e+00
7.389754066315290970e+00
7.361656407836666638e+00
7.333280024476581893e+00
7.304627328060220748e+00
7.275705179299695402e+00
7.246516257835541985e+00
7.217063047668074383e+00
7.187352512624912038e+00
7.157387369378022335e+00
7.127170149571175450e+00
7.096707849501484588e+00
7.066003203962856638e+00
7.035058772465709431e+00
7.003881532137469001e+00
6.972474222598273208e+00
6.940839416820730357e+00
6.908984042331170805e+00
6.876910835951277612e+00
6.844622374990252389e+00
6.812125527900698252e+00
6.779423026228524662e+00
6.746517447199853024e+00
6.713415609438841081e+00
6.680120241016894056e+00
6.646633918578885414e+00
6.612963435271019819e+00
6.579111520774374888e+00
6.545080753800334605e+00
6.510877937092579337e+00
6.476505809326379648e+00
6.441966956418120560e+00
6.407268231818339821e+00
6.372412391950331489e+00
6.337402037009733924e+00
6.302244113556805694e+00
6.266941404959767148e+00
6.231496534125650300e+00
6.195916579739296992e+00
6.160204360750672237e+00
6.124362531804705689e+00
6.088398334779778764e+00
6.052314631148809632e+00
6.016114115848115951e+00
5.979804212778358163e+00
5.943387829937104350e+00
5.906867709253170950e+00
5.870251459506810932e+00
5.833542035051948460e+00
5.796742228102636396e+00
5.759859816494626195e+00
5.722897795588218095e+00
5.685859006290919559e+00
5.648751359834112584e+00
5.611577881496022435e+00
5.574341453320420747e+00
5.537050065302556057e+00
5.499706755911006439e+00
5.462314434402279595e+00
5.424881099045798294e+00
5.387409779991461534e+00
5.349903393868147283e+00
5.312369866118317852e+00
5.274812193862540965e+00
5.237233276647535796e+00
5.199640882251693519e+00
5.162037948976375468e+00
5.124427332202263763e+00
5.086816561146011217e+00
5.049208490793668069e+00
5.011605905008845063e+00
4.974016024952040205e+00
4.936441601367985044e+00
4.898885321359659706e+00
4.861354046184848343e+00
4.823850406836749372e+00
4.786376972566992904e+00
4.748940214735868359e+00
4.711542635648328314e+00
4.674186671232635426e+00
4.636878396474299002e+00
4.599620182958160441e+00
4.562414324202430649e+00
4.525266514875185386e+00
4.488179000217428438e+00
4.451153928714864705e+00
4.414196649943654904e+00
4.377309292384397033e+00
4.340493862836553696e+00
4.303755414992008532e+00
4.267095973673188603e+00
4.230517412407000855e+00
4.194024545933457304e+00
4.157619310127103951e+00
4.121303457591195318e+00
4.085081622248853961e+00
4.048955665476904109e+00
4.012927234021479883e+00
3.977000834288486164e+00
3.941178265745154174e+00
3.905461085859244008e+00
3.869853717033038265e+00
3.834357906368934810e+00
3.798975139004513668e+00
3.763709783603527370e+00
3.728563540716477664e+00
3.693537839405170331e+00
3.658637009816278152e+00
3.623862707828211516e+00
3.589216321007601795e+00
3.554702141001208293e+00
3.520321777181146583e+00
3.486076587637453983e+00
3.451970811596955624e+00
3.418006006913398398e+00
3.384183510886122903e+00
3.350507484834060801e+00
3.316979427641239209e+00
3.283600660563783080e+00
3.250375233045875945e+00
3.217304575948201961e+00
3.184389994914810895e+00
3.151635388498589041e+00
3.119042109734445845e+00
3.086611444685960048e+00
3.054347100384644964e+00
3.022250342301727954e+00
2.990322428817004496e+00
2.958566836378011100e+00
2.926984733954828499e+00
2.895577340639308606e+00
2.864347867537926362e+00
2.833297379613849198e+00
2.802427042544928693e+00
2.771739773815415475e+00
2.741236528808618900e+00
2.710918404386786218e+00
2.680788004131235081e+00
2.650846170549005620e+00
2.621093916397318146e+00
2.591533519908816086e+00
2.562165709854653972e+00
2.532991401080562976e+00
2.504012543992182760e+00
2.475229755161715950e+00
2.446643840388993407e+00
2.418256428199198727e+00
2.390068026659966094e+00
2.362079324928914481e+00
2.334291642882659890e+00
2.306705385524666418e+00
2.279321121763827840e+00
2.252139881743752792e+00
2.225161974058543546e+00
2.198387847763818126e+00
2.171818265991696695e+00
2.145453448214523995e+00
2.119293727647687309e+00
2.093339625000729232e+00
2.067591277988921838e+00
2.042048910934676886e+00
2.016712826792710356e+00
1.991583088499601084e+00
1.966659820511304169e+00
1.941943131305949422e+00
1.917433015306264643e+00
1.893129507310253645e+00
1.869032542160188548e+00
1.845142051139877504e+00
1.821457989946188905e+00
1.797980137579757276e+00
1.774708366630951994e+00
1.751642563898493821e+00
1.728782367065280878e+00
1.706127593606650450e+00
1.683678070729810905e+00
1.661433306115198683e+00
1.639393064955266155e+00
1.617557122890339150e+00
1.595924865942888848e+00
1.574496009248292472e+00
1.553270283376068761e+00
1.532246958392735836e+00
1.511425701129601729e+00
1.490806201928238650e+00
1.470387618335921909e+00
1.450169570279334019e+00
1.430151711052413566e+00
1.410333087284320719e+00
1.390713273155198770e+00
1.371291886540127569e+00
1.352067863429817329e+00
1.333040733294383218e+00
1.314210078907662282e+00
1.295574725209433398e+00
1.277134158014458620e+00
1.258887924371689282e+00
1.240834737810122990e+00
1.222974041722792782e+00
1.205305346347635309e+00
1.187827254305399594e+00
1.170539168148122533e+00
1.153440560293062633e+00
1.136529924590569784e+00
1.119806624827266894e+00
1.103270095192532496e+00
1.086918725140671338e+00
1.070751842356551853e+00
1.054768843424249702e+00
1.038968020309008589e+00
1.023348667853925642e+00
1.007910146940088625e+00
9.926506613818725233e-01
9.775694769440734788e-01
9.626659220079759605e-01
9.479381234886653518e-01
9.333853221508513487e-01
9.190068181638011424e-01
9.048006738435353524e-01
8.907661090910271584e-01
8.769024008220734911e-01
8.632075590404323373e-01
8.496807866991523683e-01
8.363213425601561113e-01
8.231271955284299446e-01
8.100975350569471489e-01
7.972316064551242532e-01
7.845273468163371788e-01
7.719839349055148681e-01
7.596006064410044667e-01
7.473752735820582416e-01
7.353071065251327587e-01
7.233953341588225117e-01
7.116378481458704996e-01
7.000338116036686209e-01
6.885824482160139981e-01
6.772816315561036582e-01
6.661305186849779680e-01
6.551283287508989917e-01
6.442729183567715845e-01
6.335634392895673761e-01
6.229991062204254249e-01
6.125777595191791436e-01
6.022985464800710842e-01
5.921606771692228266e-01
5.821619769512375031e-01
5.723015896114834744e-01
5.625787207055060746e-01
5.529911829740895568e-01
5.435381180093710185e-01
5.342187274807016495e-01
5.250308153727372140e-01
5.159735227673252211e-01
5.070460487516390558e-01
4.982461938683628855e-01
4.895731006827323539e-01
4.810259676568746645e-01
4.726025982789955893e-01
4.643021387743231365e-01
4.561237894085732325e-01
4.480653634759906301e-01
4.401260130559677131e-01
4.323049428341292910e-01
4.245999825616885714e-01
4.170102922192525097e-01
4.095350834007764895e-01
4.021722081405238458e-01
3.949208360902154435e-01
3.877801878367179711e-01
3.807481422725613740e-01
3.738238801409521361e-01
3.670066325226886694e-01
3.602943083267485247e-01
3.536861004520472362e-01
3.471812513380690413e-01
3.407777017537597097e-01
3.344746575139852518e-01
3.282713727201602150e-01
3.221658208516712807e-01
3.161572211877135552e-01
3.102448394082472638e-01
3.044266820103156412e-01
2.987019821807793130e-01
2.930700169365812457e-01
2.875288260255237094e-01
2.820776569766561548e-01
2.767157979724618189e-01
2.714413225580881162e-01
2.662534930964619573e-01
2.611516090141438040e-01
2.561337787480687522e-01
2.511992800693615413e-01
2.463474240758336542e-01
2.415763557897564195e-01
2.368853690325794237e-01
2.322737873550179966e-01
2.277397945388427158e-01
2.232827011199819134e-01
2.189018441607866461e-01
2.145954486173663744e-01
2.103628423645482748e-01
2.062033771776044244e-01
2.021153215488577792e-01
1.980980212154326292e-01
1.941508438523684710e-01
1.902721035192597998e-01
1.864611641910123574e-01
1.827174104698665591e-01
1.790392034765010687e-01
1.754259256273556777e-01
1.718769792137435914e-01
1.683907732708055105e-01
1.649667086901783486e-01
1.616042058958154781e-01
1.583017220554518156e-01
1.550586764232443349e-01
1.518745076830937679e-01
1.487477208139008911e-01
1.456777532119073182e-01
1.426640616791340910e-01
1.397051982981457052e-01
1.368006183235921103e-01
1.339497963402611347e-01
1.311513306144276581e-01
1.284046939543213306e-01
1.257093782840872087e-01
1.230640270812391329e-01
1.204681304149969462e-01
1.179211970762855805e-01
1.154219148511265169e-01
1.129697908106199328e-01
1.105643501715372623e-01
1.082043242682571710e-01
1.058892369565543334e-01
1.036186295069509572e-01
1.013912762077990998e-01
9.920671752139337274e-02
9.706451048226233391e-02
9.496347188597363542e-02
9.290315865104760429e-02
9.088314336240567448e-02
8.890228497736168967e-02
8.696015673220608422e-02
8.505634660495335619e-02
8.318975541028743315e-02
8.135997255822098595e-02
7.956660129211731713e-02
7.780858395955851659e-02
7.608552597866871658e-02
7.439704573222426232e-02
7.274212670374162470e-02
7.112039011984397363e-02
6.953146935440437937e-02
6.797438851992806952e-02
6.644878441018561843e-02
6.495430520170757116e-02
6.349001499903261792e-02
6.205556587724498502e-02
6.065062057696223724e-02
5.927428242476746184e-02
5.792621844852230417e-02
5.660610566188804121e-02
5.531308572171440147e-02
5.404684024267842474e-02
5.280706017217148829e-02
5.159292450510460232e-02
5.040412904701557090e-02
4.924037830038083263e-02
4.810088753227868136e-02
4.698536632138227559e-02
4.589353231881426048e-02
4.482463595183586863e-02
4.377840014060888768e-02
4.275455526271604301e-02
4.175238577232892601e-02
4.077162749223412624e-02
3.981202309934522843e-02
3.887288993984366198e-02
3.795397629827752112e-02
3.705503672722093578e-02
3.617542034193497319e-02
3.531488744965172871e-02
3.447320406389244030e-02
3.364974996594266576e-02
3.284429705107565212e-02
3.205662239073000380e-02
3.128613535248414568e-02
3.053261899134082982e-02
2.979586104584834930e-02
2.907529941407483928e-02
2.837072789022830610e-02
2.768194450053515845e-02
2.700841464093451175e-02
2.634994243328175542e-02
2.570633582198212155e-02
2.507708669036639096e-02
2.446200908624997228e-02
2.386092051119538537e-02
2.327333834672372717e-02
2.269908617532090389e-02
2.213799070201090055e-02
2.158959383790059680e-02
2.105372831929414046e-02
2.053022970750764328e-02
2.001866349446128693e-02
1.951887119937231740e-02
1.903069689864348227e-02
1.855372873494507899e-02
1.808781664850895449e-02
1.763281289509361152e-02
1.718832735519969929e-02
1.675421803599168660e-02
1.633034504180578064e-02
1.591633909337740460e-02
1.551206591737590117e-02
1.511739314034321428e-02
1.473197143933355734e-02
1.435567391889676359e-02
1.398837540536566025e-02
1.362974566093819347e-02
1.327966483190692708e-02
1.293801462577401362e-02
1.260448303168103072e-02
1.227895690734167634e-02
1.196132452689936503e-02
1.165129126287694182e-02
1.134875036086377409e-02
1.105359635207425750e-02
1.076555116654333809e-02
1.048451412242575910e-02
1.021038570480417747e-02
9.942903597168250077e-03
9.681972884912742536e-03
9.427499711962971859e-03
9.179236737651972830e-03
8.937094521074521666e-03
8.700984580118743122e-03
8.470673803299320903e-03
8.246077943277895991e-03
8.027113619019209806e-03
7.813561236263000601e-03
7.605341475768350769e-03
7.402375798151867616e-03
7.204457451655685123e-03
7.011511795096988901e-03
6.823464885681434881e-03
6.640122177692561224e-03
6.461413473608713064e-03
6.287269196771947538e-03
6.117506408781721999e-03
5.952059136674632545e-03
5.790861953702805542e-03
5.633742965854267835e-03
5.480640220044601628e-03
5.331492236526337754e-03
5.186137635481994669e-03
5.044518292129995980e-03
4.906576482853195094e-03
4.772160840730990151e-03
4.641216889136160623e-03
4.513690480278221596e-03
4.389439783486293392e-03
4.268413799645216777e-03
4.150561785535024709e-03
4.035750990399021750e-03
3.923933729446616066e-03
3.815062500359395984e-03
3.709013192077469101e-03
3.605741276335703432e-03
3.505202334283475264e-03
3.407280466558867873e-03
3.311934147038779908e-03
3.219121887896440968e-03
3.128735582156693621e-03
3.040736553091526184e-03
2.955086095271120417e-03
2.871683480365603506e-03
2.790492728441923420e-03
2.711477770522347213e-03
2.634544846133114477e-03
2.559660518590760672e-03
2.486791211017069618e-03
2.415849721065151459e-03
2.346805000259184152e-03
2.279625820113953278e-03
2.214231127018332582e-03
2.150592104353463152e-03
2.088679728388971937e-03
2.028418686330509067e-03
1.969782236930913474e-03
1.912743417786516922e-03
1.857232254266184606e-03
1.803223926273653981e-03
1.750693390779912116e-03
1.699575620993332972e-03
1.649847569741719590e-03
1.601485975585866797e-03
1.554430391857450008e-03
1.508659406936195329e-03
1.464151411439300722e-03
1.420850205974660699e-03
1.378735893287076760e-03
1.337788399656494659e-03
1.297955486566273976e-03
1.259218670760770811e-03
1.221559315369952041e-03
1.184928909843087396e-03
1.149310307825577920e-03
1.114686230289882148e-03
1.081011713683142092e-03
1.048270893567123958e-03
1.016447787741197760e-03
9.855008377855742525e-04
9.554154228154227964e-04
9.261768074735744587e-04
8.977467120180798515e-04
8.701117280059876514e-04
8.432583163460353548e-04
8.171513351385674070e-04
7.917785531400409671e-04
7.671275627842583664e-04
7.431661778026657852e-04
7.198832943059404500e-04
6.972675467702905061e-04
6.752894676163113735e-04
6.539390093494857866e-04
6.332057326490443715e-04
6.130626059534747272e-04
5.935005454712399603e-04
5.745099078004204047e-04
5.560658020653919771e-04
5.381599988285651814e-04
5.207835313102808505e-04
5.039133896955780376e-04
4.875420811595414239e-04
4.716612392348066706e-04
4.562495562070885131e-04
4.413001574078551895e-04
4.268052684406006304e-04
4.127452043955137585e-04
3.991135936006920772e-04
3.859033162504098605e-04
3.730963077048354685e-04
3.606865873536683966e-04
3.486677939252050252e-04
3.370234934122378679e-04
3.257479863167241866e-04
3.148357575820817742e-04
3.042719439635969600e-04
2.940510215429101770e-04
2.841683261009391196e-04
2.746103684407953985e-04
2.653717088860261370e-04
2.564484083139331695e-04
2.478280019948457622e-04
2.395050739408538651e-04
2.314761511423805030e-04
2.237293404115861387e-04
2.162592373880400834e-04
2.090624923484405665e-04
2.021273290319471668e-04
1.954484013037137327e-04
1.890221426371091354e-04
1.828365542596003428e-04
1.768864489180275751e-04
1.711677975682163687e-04
1.656682431000480130e-04
1.603828908016821035e-04
1.553071603119108093e-04
1.504284332249399751e-04
1.457422417320892625e-04
1.412435353174926612e-04
1.369197283695169302e-04
1.327668813991715125e-04
1.287796896896237794e-04
1.249460086886102080e-04
1.212624709344869420e-04
1.177238041885657127e-04
1.143187280306849174e-04
1.110444236859293066e-04
1.078959413911718805e-04
1.048632158044431924e-04
1.019438936385442499e-04
9.913358953708679240e-05
9.642367532144009408e-05
9.381214031310599862e-05
9.129532894370247611e-05
8.886612156395013536e-05
8.652271467602133453e-05
8.426226194391230799e-05
8.207908123579444291e-05
7.997145586573728654e-05
7.793734422763369800e-05
7.597231804182773404e-05
7.407466454103818758e-05
7.224306650545966055e-05
7.047409487467865962e-05
6.876600837133136376e-05
6.711807153278833609e-05
6.552757380617862243e-05
6.399276471675945934e-05
6.251330623354025120e-05
6.108693980042322416e-05
5.971196658139691710e-05
5.838824735117015600e-05
5.711375268666580934e-05
5.588691897289713493e-05
5.470762265901912223e-05
5.357389941130981007e-05
5.248440487938705739e-05
5.143888817697028900e-05
5.043534597727645797e-05
4.947271758093586434e-05
4.855053421473623705e-05
4.766670016692104464e-05
4.682046961768295278e-05
4.601111498914729043e-05
4.523643125615916611e-05
4.449598056568656364e-05
4.378877040721415348e-05
4.311249214715109939e-05
4.246697357931206147e-05
4.185096712000847433e-05
4.126207935200096869e-05
4.070033400935849462e-05
4.016424124918968960e-05
3.965135171513688373e-05
3.916179884174360212e-05
3.869386646590844582e-05
3.824509177405319789e-05
3.781562746429091663e-05
3.740356531059115891e-05
3.700649370858627907e-05
3.662450342703929345e-05
3.625557145438404114e-05
3.589743319206559815e-05
3.555005934997741690e-05
3.521145445929308609e-05
3.487963001406960958e-05
3.455441324558586428e-05
3.423404779619962672e-05
3.391697141164041579e-05
3.360288407610401227e-05
3.329052399388380022e-05
3.297889632317990450e-05
3.266762340488572138e-05
3.235618139512738684e-05
3.204423231509484840e-05
3.173138525207238854e-05
3.141801285650708112e-05
3.110443116244663290e-05
3.079028921173935699e-05
3.047686600711554418e-05
3.016501699953029976e-05
2.985445016398355597e-05
2.954718477159377403e-05
2.924440444872869561e-05
2.894585189849425719e-05
2.865396995335434455e-05
2.837001110005815674e-05
2.809369630810080857e-05
2.782749761291385980e-05
2.757249385846292662e-05
2.732832259253076561e-05
2.709710873476723467e-05
2.687958746156100288e-05
2.667527673674864044e-05
2.648568081093243844e-05
2.631111908065449233e-05
2.615099884380352440e-05
2.600607959722432770e-05
2.587627974253235545e-05
2.576094861927473640e-05
2.566012551619266272e-05
2.557339227786823297e-05
2.550011527090576254e-05
2.543974756161560891e-05
2.539160454222692169e-05
2.535513542430668722e-05
2.532939326144357603e-05
2.531347010786996643e-05
2.530692768846198656e-05
2.530860308794434274e-05
2.531736888811503286e-05
2.533288175323224155e-05
2.535390682568210730e-05
2.537906898217381980e-05
2.540806349497836013e-05
2.543967077967376444e-05
2.547222737153793126e-05
2.550539560171594382e-05
2.553800349890653605e-05
2.556807105166609672e-05
2.559516993014996649e-05
2.561816842706100218e-05
2.563477914669123577e-05
2.564446370132477806e-05
2.564610606692094394e-05
2.563717989037799994e-05
2.561706850159424772e-05
2.558465394357084465e-05
2.553731396893286969e-05
2.547443499697251484e-05
2.539490729070237383e-05
2.529623392163826459e-05
2.517792042234844196e-05
2.503891584386600571e-05
2.487713329260062627e-05
2.469232347544681033e-05
2.448358584474298976e-05
2.424955487514537773e-05
2.399033357166776732e-05
2.370529123628973084e-05
2.339406458852513762e-05
2.305717003085613770e-05
2.269436839557905348e-05
2.230648228837002033e-05
2.189443780886823746e-05
2.145847862597172499e-05
2.100064090346717084e-05
2.052218679025950669e-05
2.002387284890267752e-05
1.950878972017088325e-05
1.897840296081559786e-05
1.843393159399593325e-05
1.787918658052095732e-05
1.731567050914082403e-05
1.674493403851534627e-05
1.617105560198909926e-05
1.559540805294770937e-05
1.501968410149525443e-05
1.444774646432272099e-05
1.388070352569943567e-05
1.332017992157052272e-05
1.276940506883223385e-05
1.222914292595340346e-05
1.170076326582446704e-05
1.118658637553098716e-05
1.068701426883584280e-05
1.020303488405655585e-05
9.735961389571924328e-06
9.285871095462511511e-06
8.853321765595850064e-06
8.438689359992007115e-06
8.041799990677399342e-06
7.662808956416129939e-06
7.301346125240654139e-06
6.957073935669724235e-06
6.629828668396706876e-06
6.318742271278929518e-06
6.023395758454261091e-06
5.743416355627432953e-06
5.477682570037243368e-06
5.225758735234063083e-06
4.987171321188761209e-06
4.760743737919442144e-06
4.546066518436477208e-06
4.342652202327028395e-06
4.149402529485410648e-06
3.965956996001446819e-06
3.791870910777678100e-06
3.626194499084798330e-06
3.468623854020383052e-06
3.318784703227430024e-06
3.175896722393348678e-06
3.039710731302709621e-06
2.909928449776348944e-06
2.785928854530180088e-06
2.667510782572660996e-06
2.554444207216015435e-06
2.446242188498655617e-06
2.342743192410008850e-06
2.243772007909848707e-06
2.148946752416982944e-06
2.058137261576847009e-06
1.971209146563336420e-06
1.887859071154058601e-06
1.807980981971609079e-06
1.731469424176793042e-06
1.658078205253560248e-06
1.587719449792535263e-06
1.520307697343281010e-06
1.455637956656277025e-06
1.393635955942992220e-06
1.334230057170734471e-06
1.277245277758173949e-06
1.222617610484291602e-06
1.170285244431587095e-06
1.120095712593008813e-06
1.071992960224591577e-06
1.025922542847233509e-06
9.817496819236781734e-07
9.394247452606210639e-07
8.988991907014763792e-07
8.600528912586901424e-07
8.228416488748774324e-07
7.872219589408238332e-07
7.530864196463598396e-07
7.203956148198048517e-07
6.891105417226486057e-07
6.591352201473580404e-07
6.304345466426597668e-07
6.029736429144518813e-07
5.766669504241090678e-07
5.514832936883909751e-07
5.273916014155266737e-07
5.043158565362065919e-07
4.822284582537588046e-07
4.611018365804740173e-07
4.408686693199360892e-07
4.215045877263048901e-07
4.029852127397599631e-07
3.852510798676658048e-07
3.682807181989666333e-07
3.520526258362624722e-07
3.365143764953992156e-07
3.216470771542647733e-07
3.074317947831550595e-07
2.938223592111024753e-07
2.808021568704581319e-07
2.683545307471455403e-07
2.564388408477330327e-07
2.450404814348243373e-07
2.341448017927979597e-07
2.237160344875591596e-07
2.137413391513502493e-07
2.042078290350973525e-07
1.950840244251134842e-07
1.863586367347392859e-07
1.780203292469443073e-07
1.700413960223772482e-07
1.624119134318683913e-07
1.551219078763240193e-07
1.481469981357218385e-07
1.414784624377627470e-07
1.351075276353041442e-07
1.290127451147418822e-07
1.231864523069867370e-07
1.176209347863751878e-07
1.122973331327582067e-07
1.072089187158846897e-07
1.023489117847980686e-07
9.770073989312864106e-08
9.325849786087591734e-08
8.901623139915055049e-08
8.495938771775684745e-08
8.108278726309229184e-08
7.738120451450244536e-08
7.384186893102115229e-08
7.046023977327123078e-08
6.723173432380720013e-08
6.414515295179865919e-08
6.119651664375292119e-08
5.838180889886094573e-08
5.569121277574159896e-08
5.312124259685628114e-08
5.066837984608890838e-08
4.832402284486035757e-08
4.608511870692213376e-08
4.394858621760318010e-08
4.190689040006550356e-08
3.995735771156460859e-08
3.809729042881384422e-08
3.632008888039450975e-08
3.462341182903238578e-08
3.300489749998592684e-08
3.145876571627304189e-08
2.998296626896109842e-08
2.857543148387467282e-08
2.723109894080003939e-08
2.594817332432066094e-08
2.472484435274142269e-08
2.355667823710805724e-08
2.244210297581612720e-08
2.137953357117060209e-08
2.036508694834234111e-08
1.939738684475533079e-08
1.847504551723226123e-08
1.759466256727066482e-08
1.675503339466941408e-08
1.595494306750675040e-08
1.519141447029197865e-08
1.446339362840616303e-08
1.376981710734206652e-08
1.310807920110499526e-08
1.247725815670311126e-08
1.187642343808334005e-08
1.130329539028002419e-08
1.075706835512818670e-08
1.023692844224805585e-08
9.740882322309218162e-09
9.268226275734858578e-09
8.818248829138707476e-09
8.389208123846717128e-09
7.980489931662167652e-09
7.591472714503973540e-09
7.220635448066743451e-09
6.867442435745163387e-09
6.531351104431401064e-09
6.211034294145624594e-09
5.906025180184358043e-09
5.615850496610452030e-09
5.339353177483088202e-09
5.076126751788433268e-09
4.825758748257286482e-09
4.587241230327056741e-09
4.360220568842582748e-09
4.144337579134266314e-09
3.938714960372563500e-09
3.743045303724684661e-09
3.557016088115997659e-09
3.379864339348294430e-09
3.211323036844681429e-09
3.051120483047769481e-09
2.898593657929980295e-09
2.753510798038052681e-09
2.615635883744368417e-09
2.484393196372628270e-09
2.359581720886016774e-09
2.240996586962012859e-09
2.128138252120867842e-09
2.020832493315526081e-09
1.918901609142094588e-09
1.821912464537036408e-09
1.729714161327838232e-09
1.642152673433508502e-09
1.558852707097977777e-09
1.479683654583044360e-09
1.404512103086095877e-09
1.333013098427429036e-09
1.265073670623796615e-09
1.200578339889082165e-09
1.139245929833371740e-09
1.080978791649992172e-09
1.025677035276132373e-09
9.730975285405405583e-10
9.231559225362220610e-10
8.757658703545372339e-10
8.307172787158918306e-10
7.879373363355136931e-10
7.473514536178980125e-10
7.087782100216897045e-10
6.721547964448626994e-10
6.374168234463632949e-10
6.044077372355935648e-10
5.730733939110735858e-10
5.433582473146665369e-10
5.151272947917899592e-10
4.883338941544765425e-10
4.629301608894284996e-10
4.387997567966063765e-10
4.159025295081789125e-10
3.941972277223615536e-10
3.735836660013430834e-10
3.540273023116548985e-10
3.354926240140791946e-10
3.178934144468140609e-10
3.011999780379436322e-10
2.853817632266839525e-10
2.703646244365919416e-10
2.561230495975607407e-10
2.426307727995747776e-10
2.298240718930156513e-10
2.176810433922258912e-10
2.061791208045402543e-10
1.952635760128865199e-10
1.849156159663404656e-10
1.751158651976369158e-10
1.658173506466076382e-10
1.570039584340763108e-10
1.486590636172796957e-10
1.407423752157339038e-10
1.332400854850985329e-10
1.261379386707645348e-10
1.194013974721498546e-10
1.130186378800105795e-10
1.069774435011922672e-10
1.012482281071716114e-10
9.582087301682792160e-11
9.068491616879256112e-11
8.581502913005171440e-11
8.120255832374617910e-11
7.683854990763153877e-11
7.270133489605183782e-11
6.878351770466034083e-11
6.507744037390195292e-11
6.156457736677027213e-11
5.823861267286413434e-11
5.509300117281093627e-11
5.211191616200033986e-11
4.928996762998920620e-11
4.662156565215799824e-11
4.409319956465126223e-11
4.170027326815758041e-11
3.943801640105455870e-11
3.729490501921845162e-11
3.526702337837816325e-11
3.335030411222309697e-11
3.153492678116619663e-11
2.981755834808467085e-11
2.819473432440218130e-11
2.665809406841738462e-11
2.520480314982168078e-11
2.383191388426159295e-11
2.253231519165213599e-11
2.130359856858461719e-11
2.014325875386606126e-11
1.904525185026915249e-11
1.800753214697106790e-11
1.702797170240066268e-11
1.610143415872092678e-11
1.522618144290659635e-11
1.440040471655315007e-11
1.361973401622071500e-11
1.288269049417334198e-11
1.218773124111779691e-11
1.153112733392762790e-11
1.091161643199576478e-11
1.032787309300295661e-11
9.776699042245819904e-12
9.257010242747301489e-12
8.767656922988042765e-12
8.305876444765813651e-12
7.870728040415906984e-12
7.461206350541275998e-12
7.074905695005275185e-12
6.710996343091632582e-12
6.368600702641271449e-12
6.045607223296631695e-12
5.741269542925879886e-12
5.454837830597875088e-12
5.184447411622278074e-12
4.929417609968545857e-12
4.689110053814816861e-12
4.461834949367392838e-12
4.247004524275925517e-12
4.044143178573263925e-12
3.852223488284498731e-12
3.670916684615555752e-12
3.500415066754014316e-12
3.339078542929945856e-12
3.185726130448473281e-12
3.038735236506938284e-12
2.894894908174006153e-12
2.754137056816882800e-12
2.616951805312750753e-12
2.486757884046649170e-12
2.363256180759923544e-12
2.245000258218842301e-12
2.117629309254473403e-12
1.978510360063444211e-12
1.805992397247248373e-12
1.612569226655525681e-12
1.437912230134547706e-12
1.218939673717950495e-12
1.003096126425778690e-12
1.013841831785880454e-12
7.767256508781524638e-13
1.689553154164839850e-13
1.386811647558948783e-12
