2.058934162433380865e-10
1.284800924964740945e-10
2.466131440161711687e-10
3.695644527567409352e-10
5.319652725214223823e-10
8.135780702605249612e-10
1.188842065849652213e-09
1.745263358088726098e-09
2.552909812605526501e-09
3.625734505261778426e-09
5.154850052429847035e-09
7.246193318885594237e-09
9.954803933007559560e-09
1.361710175383545844e-08
1.838122477145947612e-08
2.435581578200281373e-08
3.202144845883166927e-08
4.154985747478764484e-08
5.309006266467440431e-08
6.720506033341333512e-08
8.406536446332137309e-08
1.038189148476756373e-07
1.270211265998053283e-07
1.538220396357551850e-07
1.843389273181750561e-07
2.190081541745452216e-07
2.579062380018714364e-07
3.011212213588476997e-07
3.487426502094236178e-07
4.006433281690703918e-07
4.568507627450278161e-07
5.167548887380299859e-07
5.799165593219845193e-07
6.461945080363933387e-07
7.141611316329000639e-07
7.831973452039193466e-07
8.529342577241415812e-07
9.216941162406083297e-07
9.890745772813809388e-07
1.054644005388639358e-06
1.117536770368040338e-06
1.177901283137391789e-06
1.235564821367128695e-06
1.291152050423991807e-06
1.345301938550429007e-06
1.398287826533125407e-06
1.451906387882344909e-06
1.506907401384297770e-06
1.563895192109867900e-06
1.624879267452275747e-06
1.690393696579623744e-06
1.761095562717944023e-06
1.838456733796452077e-06
1.922754278683560236e-06
2.014503002532789683e-06
2.114526401192404160e-06
2.222999156701483090e-06
2.340274983662193260e-06
2.466833296366920603e-06
2.602884901689661705e-06
2.748699017015921861e-06
2.904700924368267771e-06
3.071156466621985794e-06
3.248311684684623613e-06
3.436606190208605219e-06
3.636293883692892607e-06
3.847601057255072258e-06
4.070879321451395835e-06
4.306291858872473230e-06
4.554008113917102091e-06
4.814151013340569575e-06
5.086745552795125077e-06
5.371858906519079561e-06
5.669293416910060585e-06
5.978925727439849269e-06
6.300689157162611725e-06
6.634046579022887691e-06
6.978742687405593403e-06
7.334568995946091246e-06
7.700692578922750697e-06
8.076756315809552946e-06
8.462426801307550665e-06
8.856659404944568751e-06
9.259028984245783439e-06
9.669114153205031400e-06
1.008575966020614310e-05
1.050850348685358347e-05
1.093688473536555280e-05
1.136973610929526401e-05
1.180658481988997228e-05
1.224698100324078482e-05
1.268982928165276578e-05
1.313466809461751274e-05
1.358110340353873502e-05
1.402817744285945290e-05
1.447546067825175897e-05
1.492264916128971745e-05
1.536897330830916183e-05
1.581405842422359032e-05
1.625771289835982149e-05
1.669939743236148290e-05
1.713881910529415535e-05
1.757591006252451585e-05
1.801040166720746524e-05
1.844211404442312315e-05
1.887110656932668287e-05
1.929742436430985817e-05
1.972103455153837438e-05
2.014212284872387743e-05
2.056109534396310368e-05
2.097809996879785913e-05
2.139344704738647160e-05
2.180795393269052964e-05
2.222198010333377116e-05
2.263596088948743664e-05
2.305117624212589753e-05
2.346822269681019400e-05
2.388766536755232165e-05
2.431129723392751557e-05
2.473997119578354878e-05
2.517439267858563500e-05
2.561691575036757849e-05
2.606866278431746505e-05
2.653049612687306911e-05
2.700537509334141018e-05
2.749469883538225036e-05
2.799950839197834742e-05
2.852340610009682269e-05
2.906806960093238194e-05
2.963474326234204865e-05
3.022769998738400528e-05
3.084889190929568028e-05
3.149979072200910767e-05
3.218535285347238367e-05
3.290779533782651079e-05
3.366883648653011795e-05
3.447411222681330079e-05
3.532609089712955872e-05
3.622674852840964018e-05
3.718238296352106766e-05
3.819570102755662482e-05
3.926893796471437941e-05
4.040903637646795133e-05
4.161893952815770651e-05
4.290113598131005548e-05
4.426322629184832358e-05
4.570841652332198100e-05
4.723944276496484855e-05
4.886465979480007212e-05
5.058761992451771397e-05
5.241131616452917170e-05
5.434512255271800319e-05
5.639312286881261127e-05
5.855861858352742256e-05
6.085257030747706495e-05
6.327994671356184872e-05
6.584449803840413914e-05
6.855983891790647523e-05
7.143243573548426438e-05
7.446679396807817446e-05
7.768101862605407209e-05
8.108405457234387512e-05
8.468175363529270583e-05
8.849962965923976771e-05
9.255055245775728912e-05
9.684275474287180278e-05
1.014134283559068158e-04
1.062813097686860381e-04
1.114586625256766160e-04
1.170000270080451309e-04
1.229323198307551092e-04
1.292742178065647179e-04
1.361042672815586580e-04
1.434598824962813972e-04
1.513692182687502625e-04
1.599413357866227695e-04
1.692258016046091680e-04
1.792636424254215701e-04
1.901988014196183960e-04
2.020930630337737348e-04
2.150032853482099736e-04
2.291078133405130091e-04
2.444781236009218824e-04
2.611882533574342961e-04
2.794427661112250491e-04
2.993169745797261030e-04
3.209004149466491919e-04
3.444059748154492209e-04
3.699035815103693023e-04
3.974922943839190922e-04
4.273658237470812061e-04
4.595772079626342225e-04
4.942241958966659982e-04
5.314475890552826289e-04
5.712721688196396386e-04
6.137794144930083361e-04
6.590244681505288927e-04
7.069962228269014532e-04
7.577432448258853261e-04
8.112137919973438742e-04
8.673611504271426173e-04
9.261868138057799925e-04
9.875345308298837197e-04
1.051333895542616624e-03
1.117533018683378393e-03
1.185907729220261365e-03
1.256389471594081611e-03
1.328879979121840070e-03
1.403163474057039090e-03
1.479211475981142762e-03
1.556903716231367507e-03
1.636145804043297311e-03
1.716995562670293627e-03
1.799353478690183909e-03
1.883382396578099855e-03
1.969272231429477354e-03
2.057001992568641136e-03
2.147125800915983870e-03
2.239999774026209343e-03
2.335745850228944723e-03
2.435408966259042848e-03
2.539521878505012539e-03
2.648407617071964898e-03
2.763632049017092709e-03
2.885881455997003908e-03
3.015716303970325789e-03
3.155155134639691522e-03
3.304976533122560688e-03
3.465977748514867136e-03
3.640449540391107758e-03
3.829166932407037597e-03
4.033115454611033157e-03
4.254574559512324175e-03
4.494197998054119507e-03
4.753060645526587837e-03
5.033080214102923430e-03
5.334670945915837535e-03
5.658856264442980837e-03
6.006836245382534377e-03
6.378693563148840444e-03
6.775238072022648529e-03
7.196669287161092804e-03
7.642699469710963027e-03
8.113772098103232133e-03
8.608957677539932560e-03
9.127633836360867295e-03
9.669770351302163849e-03
1.023340214099913853e-02
1.081769273894015067e-02
1.142211149069678570e-02
1.204400894742914396e-02
1.268253439405094864e-02
1.333673701831489256e-02
1.400388184120129713e-02
1.468335983696756296e-02
1.537399734932234745e-02
1.607375482204612474e-02
1.678253652597819223e-02
1.749924743214890596e-02
1.822338475659915705e-02
1.895559986460587307e-02
1.969524223429695159e-02
2.044408093135582916e-02
2.120365263474465953e-02
2.197411590856002128e-02
2.275995634326362371e-02
2.356359035027591822e-02
2.438626570835738042e-02
2.523518230462662090e-02
2.611346558280113958e-02
2.702356566948540748e-02
2.797487557167370811e-02
2.897091557177363871e-02
3.001522862349588830e-02
3.111842510883513699e-02
3.228403386869284353e-02
3.351635767057354470e-02
3.482601613877318175e-02
3.621619890945857595e-02
3.769148376512121423e-02
3.926140417817124834e-02
4.092861945849918942e-02
4.269748416220542353e-02
4.457582980133914519e-02
4.656582952238774720e-02
4.867127045229371896e-02
5.089838679854908482e-02
5.324913857540333056e-02
5.572668791210474287e-02
5.833647123479987484e-02
6.108062499632111592e-02
6.396194397983413771e-02
6.698620832941298842e-02
7.015604214393486582e-02
7.347432894884908805e-02
7.694807358447365575e-02
8.058041396098233888e-02
8.437473168984105376e-02
8.833924823153570249e-02
9.247723561056196695e-02
9.679264834868576972e-02
1.012936756619323697e-01
1.059829863019658563e-01
1.108646499639565769e-01
1.159445117774681316e-01
1.212237816787616745e-01
1.267056710924075735e-01
1.323910739112977020e-01
1.382791321533492768e-01
1.443709938826511219e-01
1.506608413505212685e-01
1.571457309455578655e-01
1.638237953593711937e-01
1.706826526599289906e-01
1.777180024094387190e-01
1.849247662625852495e-01
1.922865056644246506e-01
1.997988866154660759e-01
2.074544675621937395e-01
2.152371071432594152e-01
2.231439008864543883e-01
2.311668227806960296e-01
2.392947738332837082e-01
2.475272739552542289e-01
2.558578770785556178e-01
2.642837401522824536e-01
2.728068221632094503e-01
2.814239910186032145e-01
2.901407311717260629e-01
2.989603085741915911e-01
3.078834367071579536e-01
3.169203354523017491e-01
3.260736095065832063e-01
3.353467654237505258e-01
3.447484833920142488e-01
3.542786271651656715e-01
3.639410942651932768e-01
3.737363598700802481e-01
3.836602379230676374e-01
3.937141042360416399e-01
4.038859886252311182e-01
4.141677995166176962e-01
4.245561376436619017e-01
4.350269919464438417e-01
4.455701339396840321e-01
4.561768472804080266e-01
4.668167554407582354e-01
4.774804228201278700e-01
4.881554679523608109e-01
4.988146899569160797e-01
5.094525759078708527e-01
5.200565762837070505e-01
5.306130037507316155e-01
5.411224958075093738e-01
5.515765581959023445e-01
5.619825111452932953e-01
5.723476630286448152e-01
5.826710286849851039e-01
5.929827838397765394e-01
6.032955422796025813e-01
6.136172254467646692e-01
6.239962451101247476e-01
6.344477876555174589e-01
6.449874783578348758e-01
6.556723975582988695e-01
6.665171922318795517e-01
6.775418235649072196e-01
6.888007718742136243e-01
7.003056876552685717e-01
7.120765640574301392e-01
7.241559565505820695e-01
7.365513765343100205e-01
7.492791024095922792e-01
7.623649833768791906e-01
7.758126264796341154e-01
7.896325388104558085e-01
8.038342737220324219e-01
8.184186770509941367e-01
8.333904664371218907e-01
8.487471930924775920e-01
8.644882802606864702e-01
8.806141958492741395e-01
8.971161953694483104e-01
9.139931976779473999e-01
9.312435210125521445e-01
9.488567436392959520e-01
9.668314832396305292e-01
9.851655308155943258e-01
1.003848720471204103e+00
1.022878915931492161e+00
1.042253858681912337e+00
1.061962605965899531e+00
1.082001454620803660e+00
1.102367334979795777e+00
1.123045448813676517e+00
1.144029725332014413e+00
1.165314732943748766e+00
1.186878357514384419e+00
1.208711702495222751e+00
1.230805433430465667e+00
1.253128101759644286e+00
1.275668101051679937e+00
1.298411521124583912e+00
1.321318405955566266e+00
1.344375234839754407e+00
1.367564317740443736e+00
1.390841359894283480e+00
1.414192355221315367e+00
1.437598174653307970e+00
1.461017007924347411e+00
1.484436206644498490e+00
1.507838527667839434e+00
1.531192337177442964e+00
1.554488228294647501e+00
1.577714092000993107e+00
1.600854669591330826e+00
1.623905270052041105e+00
1.646860924113513036e+00
1.669725349881741927e+00
1.692499225163903054e+00
1.715184729422252419e+00
1.737802522762506685e+00
1.760358212410318757e+00
1.782859182506579820e+00
1.805336770852162820e+00
1.827799908009724916e+00
1.850258143362891738e+00
1.872744615227053933e+00
1.895268945560242946e+00
1.917839971044024372e+00
1.940483263791303203e+00
1.963205848404195875e+00
1.986014136665360086e+00
2.008918149538795550e+00
2.031918973099358094e+00
2.055020274284475867e+00
2.078211108887709990e+00
2.101484019621583155e+00
2.124840366602834596e+00
2.148245922787590079e+00
2.171683635421071124e+00
2.195152683041798003e+00
2.218596515096173061e+00
2.241989600401479432e+00
2.265327950255522804e+00
2.288537141260052366e+00
2.311586676663702544e+00
2.334467403557260123e+00
2.357095426740949851e+00
2.379440937153383562e+00
2.401487818477004765e+00
2.423155525855636760e+00
2.444421914608185809e+00
2.465264226250398316e+00
2.485622021419779060e+00
2.505487570823937471e+00
2.524835528364747450e+00
2.543643242566527629e+00
2.561921557623177303e+00
2.579650264121711167e+00
2.596856638033103071e+00
2.613569008402500060e+00
2.629781013260946043e+00
2.645568145988005604e+00
2.660968458367737988e+00
2.675994379325159489e+00
2.690748951861868132e+00
2.705267171383253011e+00
2.719577144576071248e+00
2.733773856943978231e+00
2.747876661545446186e+00
2.761917724521190109e+00
2.775947992556140775e+00
2.789965232180902532e+00
2.803990512440380556e+00
2.818012689195931841e+00
2.832012097071422208e+00
2.845988104720879264e+00
2.859877457367458575e+00
2.873654886795081520e+00
2.887298042993163616e+00
2.900723661130900410e+00
2.913913407315072757e+00
2.926833601785832517e+00
2.939416952855106846e+00
2.951658683412368589e+00
2.963528558168170068e+00
2.974997301544449524e+00
2.986072457333851293e+00
2.996738955492189493e+00
3.007007281196498294e+00
3.016891173808434967e+00
3.026395071155776773e+00
3.035556551448530538e+00
3.044389053189421546e+00
3.052913510447975209e+00
3.061177786562858660e+00
3.069190885318706208e+00
3.076982439996571284e+00
3.084596568986853971e+00
3.092036378697404331e+00
3.099330657278324797e+00
3.106510572823056648e+00
3.113573847004607487e+00
3.120540052949481780e+00
3.127423296283994958e+00
3.134217876683536463e+00
3.140929830852773552e+00
3.147557924643790361e+00
3.154095964510379435e+00
3.160538066245536459e+00
3.166875237347686944e+00
3.173103711805679961e+00
3.179212355025058390e+00
3.185194847341208391e+00
3.191051545653096344e+00
3.196773751689057530e+00
3.202365419049712614e+00
3.207830911823026820e+00
3.213168086898982256e+00
3.218391389327063035e+00
3.223507681992119789e+00
3.228520574270415278e+00
3.233448309002916687e+00
3.238298187746487145e+00
3.243076531686090558e+00
3.247797177421703818e+00
3.252465896264491008e+00
3.257089609467734181e+00
3.261673959240433351e+00
3.266221951793661926e+00
3.270739859030557195e+00
3.275227515507472820e+00
3.279685559447516940e+00
3.284117129039371807e+00
3.288521608284392883e+00
3.292899500555594106e+00
3.297247587498628008e+00
3.301568200325208036e+00
3.305864011011836023e+00
3.310125482977773981e+00
3.314356616092062779e+00
3.318561844985076448e+00
3.322730728299116976e+00
3.326864135749559637e+00
3.330964649702850000e+00
3.335027347062888392e+00
3.339045557567212885e+00
3.343016678449891810e+00
3.346941595155756399e+00
3.350805946068986074e+00
3.354603353360070539e+00
3.358333332528676607e+00
3.361978940100398106e+00
3.365536463102434706e+00
3.368996715713713286e+00
3.372347702941483671e+00
3.375594500629173211e+00
3.378720809570655348e+00
3.381724723063023408e+00
3.384619227930527163e+00
3.387392702465763517e+00
3.390052763735655006e+00
3.392610764440757709e+00
3.395072421481562852e+00
3.397449343054616211e+00
3.399739510951047095e+00
3.401966725661875746e+00
3.404140539920279540e+00
3.406242726803762277e+00
3.408300373297060037e+00
3.410317998723821464e+00
3.412272832501901831e+00
3.414175636777680989e+00
3.416024157751862855e+00
3.417808847992944266e+00
3.419518708244360994e+00
3.421141106831022682e+00
3.422682504592074348e+00
3.424123546805105889e+00
3.425456684964443443e+00
3.426695038015006300e+00
3.427831980130578771e+00
3.428866031893333499e+00
3.429802531408513655e+00
3.430651477005441041e+00
3.431414879192417278e+00
3.432086730810091968e+00
3.432683655994137606e+00
3.433208209158836954e+00
3.433650087504425574e+00
3.434016938268883212e+00
3.434310033463400469e+00
3.434527680686269679e+00
3.434660312381038860e+00
3.434707939608257377e+00
3.434684311063473050e+00
3.434568970159278312e+00
3.434362362370757982e+00
3.434086646561308687e+00
3.433726668305362661e+00
3.433285863079625688e+00
3.432777968234630439e+00
3.432206429732026720e+00
3.431578788048351925e+00
3.430887131610889096e+00
3.430153294604842973e+00
3.429386583303026370e+00
3.428559493654399493e+00
3.427698697686867302e+00
3.426810131743422971e+00
3.425863475192513885e+00
3.424874028664843362e+00
3.423839862629401765e+00
3.422746427510598988e+00
3.421590725183469406e+00
3.420362461700421353e+00
3.419069274617108078e+00
3.417695566403843088e+00
3.416226648030122437e+00
3.414683616672584687e+00
3.413049915041743265e+00
3.411312602471805899e+00
3.409491654410246486e+00
3.407577776796658409e+00
3.405565507191256724e+00
3.403465062045331724e+00
3.401275273027440260e+00
3.399002318033089498e+00
3.396648128224306618e+00
3.394216088953955879e+00
3.391726054241689159e+00
3.389178331646128584e+00
3.386577820616422319e+00
3.383956285083066451e+00
3.381316651381375493e+00
3.378664733395241537e+00
3.376036517062045661e+00
3.373436026226877882e+00
3.370870054490928691e+00
3.368365996660781292e+00
3.365924355878509910e+00
3.363551388237636441e+00
3.361253640854618308e+00
3.359025499406570248e+00
3.356869726885935989e+00
3.354767821604803135e+00
3.352710231190201284e+00
3.350694054532183941e+00
3.348682935087772261e+00
3.346668808279221974e+00
3.344643581360568607e+00
3.342567928840576741e+00
3.340440040640574537e+00
3.338249593805775906e+00
3.335969113875660863e+00
3.333604198876308544e+00
3.331146059890711442e+00
3.328587546047709456e+00
3.325939007242501244e+00
3.323196054096134500e+00
3.320372259119073188e+00
3.317478256336084730e+00
3.314515238452585333e+00
3.311511849182468215e+00
3.308475205845547773e+00
3.305411648791335200e+00
3.302356458104394932e+00
3.299311673428551916e+00
3.296287191517127013e+00
3.293316482352436125e+00
3.290397363057763425e+00
3.287541110018556534e+00
3.284772753436199455e+00
3.282088169207709516e+00
3.279497852230857102e+00
3.277014589542606160e+00
3.274634505411572860e+00
3.272365708839221288e+00
3.270208031212746835e+00
3.268158686061946927e+00
3.266222661839045305e+00
3.264388751721000403e+00
3.262654400735614413e+00
3.261021572720513628e+00
3.259471587053955233e+00
3.258000314001531006e+00
3.256607281493371087e+00
3.255270473519931596e+00
3.253982877717141786e+00
3.252742258708476886e+00
3.251527243284697111e+00
3.250328441749406938e+00
3.249142386938939975e+00
3.247951902564615523e+00
3.246747901920425949e+00
3.245526139643654329e+00
3.244276713780058330e+00
3.242994759203160271e+00
3.241675856532177047e+00
3.240319698594442688e+00
3.238928926463493951e+00
3.237499832214185247e+00
3.236042524294086675e+00
3.234567917119106184e+00
3.233074004712074068e+00
3.231579670489018952e+00
3.230101472564919529e+00
3.228639732024756626e+00
3.227217477888641994e+00
3.225851569503458638e+00
3.224544404828385780e+00
3.223316104489516665e+00
3.222177798418282446e+00
3.221132631643744748e+00
3.220190158051035922e+00
3.219351506962677245e+00
3.218618471270879855e+00
3.217984291030061339e+00
3.217439305116422066e+00
3.216981832012416831e+00
3.216587110128902527e+00
3.216237590083721898e+00
3.215926816439181213e+00
3.215615189446235700e+00
3.215282541429287377e+00
3.214917711266944256e+00
3.214473371220776254e+00
3.213932236066773029e+00
3.213279889066528838e+00
3.212470232447614205e+00
3.211492698665416423e+00
3.210331991887076963e+00
3.208951782900464789e+00
3.207349549622841689e+00
3.205511781629953205e+00
3.203418522227079013e+00
3.201074499141332907e+00
3.198470427390250226e+00
3.195606916045039991e+00
3.192494145830581331e+00
3.189129022039039807e+00
3.185534639800938539e+00
3.181724900772656905e+00
3.177704305236788596e+00
3.173518103558803372e+00
3.169182651963576181e+00
3.164710756498355426e+00
3.160166720600787738e+00
3.155568205660146841e+00
3.150936022315212526e+00
3.146346853963158718e+00
3.141817972868569786e+00
3.137376464692513522e+00
3.133100910992879573e+00
3.129005623008511261e+00
3.125120578442768693e+00
3.121513160351714777e+00
3.118191692067440624e+00
3.115184296623807914e+00
3.112534323792085278e+00
3.110241741156370310e+00
3.108327647345263234e+00
3.106802644580703543e+00
3.105657910153649226e+00
3.104903332041833774e+00
3.104515559366277433e+00
3.104479205769300254e+00
3.104791146022037651e+00
3.105401740329179816e+00
3.106293612472523336e+00
3.107452031311102036e+00
3.108816032194007040e+00
3.110371800340375525e+00
3.112097457796817679e+00
3.113938711234063295e+00
3.115889902229291852e+00
3.117928316231324715e+00
3.120021742190614678e+00
3.122174593354346772e+00
3.124369578645643131e+00
3.126604384779108958e+00
3.128891932236368856e+00
3.131224589711058659e+00
3.133627563792247717e+00
3.136117704534034711e+00
3.138697892711858728e+00
3.141409059178899010e+00
3.144265963066187108e+00
3.147279208708213982e+00
3.150488145446818766e+00
3.153900059652408938e+00
3.157527805992798253e+00
3.161392027286259232e+00
3.165489608885363904e+00
3.169829348576406414e+00
3.174401756731581425e+00
3.179193736409082760e+00
3.184204995290994322e+00
3.189393677978690889e+00
3.194740158683174513e+00
3.200232934653649775e+00
3.205805125288673008e+00
3.211435728097683295e+00
3.217103444189531647e+00
3.222730596862734220e+00
3.228299855534469742e+00
3.233784510350425023e+00
3.239112571173567101e+00
3.244273753004745853e+00
3.249241806935112553e+00
3.253964304555219567e+00
3.258438917435895643e+00
3.262645391660049299e+00
3.266558689995758158e+00
3.270183080732765646e+00
3.273507990189194583e+00
3.276536496668438048e+00
3.279276792370987348e+00
3.281729092168627293e+00
3.283919489044758944e+00
3.285857339147362222e+00
3.287552350846631111e+00
3.289045416964709201e+00
3.290345161485658920e+00
3.291467926791897813e+00
3.292460921912468752e+00
3.293331335992159214e+00
3.294098780759064482e+00
3.294809918906204782e+00
3.295470684878041734e+00
3.296100934449904596e+00
3.296742036725688774e+00
3.297399063122892660e+00
3.298089817482496855e+00
3.298847147608618968e+00
3.299675247510451381e+00
3.300588263313782633e+00
3.301607918070493142e+00
3.302736883342548335e+00
3.303984491579412097e+00
3.305358975304766300e+00
3.306860485095786117e+00
3.308492671154395826e+00
3.310248660654500075e+00
3.312125352701997372e+00
3.314120222876441701e+00
3.316211618765813274e+00
3.318393357365367891e+00
3.320656941813847851e+00
3.322969356887740755e+00
3.325322702905001648e+00
3.327703754232443245e+00
3.330074919769689945e+00
3.332428912342626059e+00
3.334750166094691437e+00
3.337005579369597630e+00
3.339191062587532954e+00
3.341291909533996574e+00
3.343288531453513457e+00
3.345181975146800379e+00
3.346961642841917328e+00
3.348627689111959516e+00
3.350186878994161788e+00
3.351635073460652592e+00
3.352993562167178698e+00
3.354273846714290741e+00
3.355478960741834715e+00
3.356647491491186575e+00
3.357793515927376404e+00
3.358926153369612422e+00
3.360093752919348642e+00
3.361310412612558807e+00
3.362588990795094990e+00
3.363979195073418804e+00
3.365493012393990124e+00
3.367144470612013496e+00
3.368978218489562693e+00
3.371002898222178246e+00
3.373231955286028594e+00
3.375702099719468219e+00
3.378418264870153731e+00
3.381392883050042375e+00
3.384654949665145462e+00
3.388205782937609545e+00
3.392057367967911130e+00
3.396232256023890894e+00
3.400728241144035380e+00
3.405557428311861923e+00
3.410735821669710344e+00
3.416257610710747183e+00
3.422134488496034521e+00
3.428373162617614600e+00
3.434964224828878088e+00
3.441916816660708367e+00
3.449223751489546519e+00
3.456872639886058973e+00
3.464866843238565863e+00
3.473181488673640516e+00
3.481802847216687535e+00
3.490725627537562659e+00
3.499907483797044083e+00
3.509335963421956972e+00
3.518996335965635325e+00
3.528834984736031188e+00
3.538843683764219872e+00
3.549000692536011581e+00
3.559252775759532028e+00
3.569598195967836229e+00
3.580013690138757365e+00
3.590460295623384201e+00
3.600943379299412328e+00
3.611445138982167347e+00
3.621952269397219926e+00
3.632475783296686078e+00
3.643009391049195855e+00
3.653569973981110497e+00
3.664171005465496123e+00
3.674820512904278136e+00
3.685561136670541416e+00
3.696404923808385590e+00
3.707372548601286955e+00
3.718520115842485652e+00
3.729854960272957598e+00
3.741404658181811893e+00
3.753222527625604599e+00
3.765309568320965194e+00
3.777692331537481518e+00
3.790406371020980547e+00
3.803446808872607665e+00
3.816831705678007669e+00
3.830569726073516978e+00
3.844652300697380287e+00
3.859084370413996101e+00
3.873846754177379115e+00
3.888930180427637495e+00
3.904325923466970494e+00
3.919993588505839455e+00
3.935925899523104121e+00
3.952103754619174847e+00
3.968476806996255934e+00
3.985041347272604284e+00
4.001773534272438759e+00
4.018624962124127897e+00
4.035595629466489420e+00
4.052662893305684300e+00
4.069789308730413779e+00
4.086977547570746161e+00
4.104210606386838656e+00
4.121466242428760474e+00
4.138748202921588515e+00
4.156047104805685954e+00
4.173355379750314675e+00
4.190676361851464193e+00
4.208007843197743014e+00
4.225353117033445294e+00
4.242714194089754365e+00
4.260093966763546014e+00
4.277501578581003550e+00
4.294937526295410812e+00
4.312407193073001466e+00
4.329921185200046985e+00
4.347478861124735694e+00
4.365085886867510645e+00
4.382751591252470824e+00
4.400474826852999399e+00
4.418260239077880236e+00
4.436114920533459127e+00
4.454037801412856545e+00
4.472032140422446567e+00
4.490103117382738596e+00
4.508250084000953173e+00
4.526475192720428531e+00
4.544782581107155828e+00
4.563172084081442037e+00
4.581645275983043497e+00
4.600206043541193779e+00
4.618854557223720292e+00
4.637592262947246802e+00
4.656423175264602143e+00
4.675347568380873398e+00
4.694366967060507712e+00
4.713485452937987930e+00
4.732703206782782779e+00
4.752021793736952660e+00
4.771445044978803729e+00
4.790972961903247729e+00
4.810606964868576974e+00
4.830350315956552620e+00
4.850202885441282419e+00
4.870165745964913029e+00
4.890241480469359914e+00
4.910429983981759783e+00
4.930731862629099460e+00
4.951149207102654159e+00
4.971682135475096409e+00
4.992330797929828812e+00
5.013097217512079595e+00
5.033981886940597228e+00
5.054984624618239941e+00
5.076107861359376194e+00
5.097352477040391072e+00
5.118718133009031668e+00
5.140207940010577126e+00
5.161822971044560227e+00
5.183562870523153343e+00
5.205431267590689082e+00
5.227429016665611883e+00
5.249555774356168492e+00
5.271814985334420278e+00
5.294206723704633966e+00
5.316730539042614723e+00
5.339388535573103667e+00
5.362179440090414140e+00
5.385102449622057641e+00
5.408157012942596431e+00
5.431340124500088073e+00
5.454650339373479540e+00
5.478083402942854896e+00
5.501634541699842451e+00
5.525301454355378894e+00
5.549075815691291602e+00
5.572951477550749821e+00
5.596925254249344839e+00
5.620985300070752366e+00
5.645124861521140680e+00
5.669340082603354425e+00
5.693617008865056839e+00
5.717949244564906941e+00
5.742332688366399651e+00
5.766753194478041245e+00
5.791205625230957388e+00
5.815686154145974562e+00
5.840182323378818374e+00
5.864690847469350210e+00
5.889208628957224967e+00
5.913726200533950816e+00
5.938242271182825327e+00
5.962754714472232820e+00
5.987257440286266608e+00
6.011750841220728780e+00
6.036233717675139054e+00
6.060702802458865612e+00
6.085159542557781798e+00
6.109603361171818570e+00
6.134032598978174100e+00
6.158449022710303922e+00
6.182852229268114286e+00
6.207240753958044088e+00
6.231616054847012087e+00
6.255977465403731230e+00
6.280322570549029315e+00
6.304652139190817906e+00
6.328964956094011995e+00
6.353257089615315323e+00
6.377528525331108256e+00
6.401777440696798216e+00
6.425998472874685064e+00
6.450190959808591806e+00
6.474352630557731914e+00
6.498477277492130888e+00
6.522563844423440393e+00
6.546609909176482667e+00
6.570609222852943354e+00
6.594560588098076437e+00
6.618461754209533865e+00
6.642307152853557994e+00
6.666095612908653045e+00
6.689825299646824597e+00
6.713491750906328548e+00
6.737093870238492599e+00
6.760630342190343534e+00
6.784097859419765619e+00
6.807495344318319930e+00
6.830821952665260710e+00
6.854075251414319503e+00
6.877254066473902583e+00
6.900357860629523721e+00
6.923384597376668559e+00
6.946332884123254559e+00
6.969202270643605424e+00
6.991990599695188990e+00
7.014696174534155837e+00
7.037318418899875638e+00
7.059854631561866434e+00
7.082302786238383163e+00
7.104662022215321393e+00
7.126928845575240423e+00
7.149100938765214686e+00
7.171177076801868111e+00
7.193152920038734521e+00
7.215025948491380348e+00
7.236794572348707710e+00
7.258453720646641294e+00
7.280000787239292670e+00
7.301433879439010788e+00
7.322747417520272251e+00
7.343938826317988777e+00
7.365006008614463973e+00
7.385943135643096902e+00
7.406747757122662534e+00
7.427417678076785101e+00
7.447947051647614281e+00
7.468333606073676911e+00
7.488575139738968822e+00
7.508665941345995520e+00
7.528603924094439570e+00
7.548386938755327513e+00
7.568009462201385595e+00
7.587469555917230046e+00
7.606765143047694799e+00
7.625890843224120808e+00
7.644844799966777238e+00
7.663624992346107945e+00
7.682226065570929130e+00
7.700646168636864353e+00
7.718883294151524410e+00
7.736931965134917988e+00
7.754790269132516123e+00
7.772456159239368390e+00
7.789923902929499100e+00
7.807191484725811925e+00
7.824256770660340088e+00
7.841113691410510178e+00
7.857760120338240561e+00
7.874193807635894160e+00
7.890408340210991689e+00
7.906401504940981262e+00
7.922170933858024178e+00
7.937709940596086255e+00
7.953016275045055039e+00
7.968087476248197021e+00
7.982916718414017510e+00
7.997501776409776220e+00
8.011840144003667064e+00
8.025925027358647768e+00
8.039754287653760656e+00
8.053325434649083903e+00
8.066631885286364323e+00
8.079671637036945242e+00
8.092442279957090534e+00
8.104937600704339218e+00
8.117155765218184271e+00
8.129094501506875403e+00
8.140748085367166098e+00
8.152114863842612635e+00
8.163192746722424786e+00
8.173976569084427268e+00
8.184464854368981079e+00
8.194655720261421195e+00
8.204544581621409094e+00
8.214130120873658569e+00
8.223410671360110058e+00
8.232382205407866138e+00
8.241043539773201587e+00
8.249393214842356770e+00
8.257427706350997099e+00
8.265145938511794910e+00
8.272546637484582632e+00
8.279626709185132327e+00
8.286385160052230248e+00
8.292820872653463127e+00
8.298931102769202539e+00
8.304714918049857175e+00
8.310171324708685248e+00
8.315297851448042010e+00
8.320093611825454261e+00
8.324557703886137361e+00
8.328687864045487999e+00
8.332483242925697198e+00
8.335943003218192260e+00
8.339065041673205059e+00
8.341848543850227671e+00
8.344292717336044163e+00
8.346395593361611631e+00
8.348156396833191550e+00
8.349574369682530417e+00
8.350647674371032281e+00
8.351375585417899927e+00
8.351757378334704995e+00
8.351791364451679911e+00
8.351476882750342057e+00
8.350813250674393728e+00
8.349798962497885668e+00
8.348433439237316733e+00
8.346716055874775719e+00
8.344645533425950390e+00
8.342221392958519388e+00
8.339443087022548440e+00
8.336309608846224961e+00
8.332820595616540871e+00
8.328975598495519606e+00
8.324773921918614761e+00
8.320215331172503781e+00
8.315299494589558194e+00
8.310026053363243292e+00
8.304394907206374299e+00
8.298405854591218045e+00
8.292058880839219270e+00
8.285354019972828610e+00
8.278291205680551101e+00
8.270870754725487828e+00
8.263092828933642053e+00
8.254957493153487036e+00
8.246465363997296905e+00
8.237616719045723457e+00
8.228411741070663865e+00
8.218851299983178649e+00
8.208935773046826867e+00
8.198665439703370694e+00
8.188041367904704160e+00
8.177064016540454006e+00
8.165733734765220575e+00
8.154051732496307991e+00
8.142018532579081480e+00
8.129634524552388442e+00
8.116901012142006877e+00
8.103818567346802837e+00
8.090387592508024639e+00
8.076609453564151053e+00
8.062484762045395215e+00
8.048013911792198272e+00
8.033198323373605731e+00
8.018038645224077499e+00
8.002535252064799209e+00
7.986689640590110884e+00
7.970502501490797975e+00
7.953974194034659995e+00
7.937106343144624709e+00
7.919899694985474525e+00
7.902354613383017146e+00
7.884472931363899484e+00
7.866255470320417054e+00
7.847702634882208095e+00
7.828816566362970519e+00
7.809598185219393862e+00
7.790047986713819483e+00
7.770168529376030087e+00
7.749960857393452862e+00
7.729425614922554644e+00
7.708565881092815708e+00
7.687382845769646700e+00
7.665877361567143389e+00
7.644053111101548836e+00
7.621911445899186788e+00
7.599453479748432549e+00
7.576683547965932242e+00
7.553603171379891457e+00
7.530213762918484655e+00
7.506520317078956062e+00
7.482524522188225724e+00
7.458228107210494784e+00
7.433636686399281324e+00
7.408752104669098060e+00
7.383576399278663160e+00
7.358115722440444983e+00
7.332372057298634616e+00
7.306347716955773564e+00
7.280049277298064503e+00
7.253478836522230466e+00
7.226638930009368522e+00
7.199536425299489117e+00
7.172173510721719047e+00
7.144552876050391355e+00
7.116681547979545996e+00
7.088561781272148643e+00
7.060196346850660554e+00
7.031592314521364351e+00
7.002751985372277055e+00
6.973678142567719895e+00
6.944377813306104485e+00
6.914853329935106707e+00
6.885107432161965413e+00
6.855147057766956209e+00
6.824974560768191090e+00
6.794592601529931386e+00
6.764008022560299871e+00
6.733223194943310119e+00
6.702240686926645985e+00
6.671067276215675967e+00
6.639705350171730913e+00
6.608157394779394345e+00
6.576430179395482689e+00
6.544526109156969085e+00
6.512447616156200603e+00
6.480201529663522031e+00
6.447790274791316278e+00
6.415216269647850744e+00
6.382486467871157920e+00
6.349603316037689460e+00
6.316569261066086405e+00
6.283391427057981815e+00
6.250072281717373279e+00
6.216614337559533965e+00
6.183024905601645749e+00
6.149306471730120904e+00
6.115461637107977744e+00
6.081497880030280356e+00
6.047417698535778818e+00
6.013223786362217993e+00
5.978923732520349255e+00
5.944520037885705044e+00
5.910015471287144884e+00
5.875417643673003454e+00
5.840729046229284016e+00
5.805952485070728919e+00
5.771095481531859583e+00
5.736160501767169073e+00
5.701150335292605398e+00
5.666072292315064374e+00
5.630928796588079877e+00
5.595722557812243814e+00
5.560460558073732962e+00
5.525145160569270963e+00
5.489778930932200929e+00
5.454368425013016441e+00
5.418915928198154042e+00
5.383423805490983760e+00
5.347898119800698957e+00
5.312341064378860445e+00
5.276754762736904247e+00
5.241144758811693727e+00
5.205513144458612018e+00
5.169861782809030082e+00
5.134195718411965537e+00
5.098516939443213936e+00
5.062827055474591553e+00
5.027130676892731742e+00
4.991429694211745094e+00
4.955725496679684206e+00
4.920022366420624849e+00
4.884322110999158362e+00
4.848625956539501125e+00
4.812937993965367589e+00
4.777259970531400946e+00
4.741593025037539988e+00
4.705941212307350519e+00
4.670306247866668592e+00
4.634689269905777564e+00
4.599094454881064387e+00
4.563523518049108496e+00
4.527977685490548687e+00
4.492461399570234271e+00
4.456976405805682440e+00
4.421524098933049096e+00
4.386109302958295153e+00
4.350733819188604912e+00
4.315399275239731658e+00
4.280110951463092839e+00
4.244870721701547112e+00
4.209680487058005127e+00
4.174546009343067077e+00
4.139469239954825852e+00
4.104452365929262214e+00
4.069501602323232881e+00
4.034618969730705551e+00
3.999806923873457265e+00
3.965072052993560803e+00
3.930416425072579489e+00
3.895842719172831536e+00
3.861357771343365997e+00
3.826963663291280238e+00
3.792663228438569956e+00
3.758463390844049012e+00
3.724366203540456777e+00
3.690374568440498049e+00
3.656495317533703826e+00
3.622730428321110807e+00
3.589082776665303953e+00
3.555558918054092299e+00
3.522160708061429446e+00
3.488890902035633346e+00
3.455755606280843661e+00
3.422756513445259330e+00
3.389896172317945489e+00
3.357180093750864902e+00
3.324609776179084708e+00
3.292187491310342384e+00
3.259918046462903618e+00
3.227802727422242501e+00
3.195843479038124713e+00
3.164044342959405842e+00
3.132406388310496670e+00
3.100931206994346212e+00
3.069622061868144680e+00
3.038479815650116489e+00
3.007505705424825759e+00
2.976702249376619758e+00
2.946070126527452260e+00
2.915610239731760256e+00
2.885324437644114060e+00
2.855213247601772864e+00
2.825277277583419622e+00
2.795517813108395089e+00
2.765935267130991360e+00
2.736530005767933815e+00
2.707302876980934414e+00
2.678254217638576851e+00
2.649384212775833358e+00
2.620693404654749425e+00
2.592182089342464302e+00
2.563850333316610719e+00
2.535698499003504303e+00
2.507726870694716670e+00
2.479935455040135128e+00
2.452324544126147199e+00
2.424894431073610246e+00
2.397645113087647939e+00
2.370576897494325319e+00
2.343690097479654177e+00
2.316984739623020317e+00
2.290461203918133126e+00
2.264119825699087318e+00
2.237960686456281767e+00
2.211984267232941281e+00
2.186190919622470918e+00
2.160580792042674059e+00
2.135154467989703431e+00
2.109912303309536163e+00
2.084854512905633062e+00
2.059981761502752473e+00
2.035294393273443969e+00
2.010792678769834918e+00
1.986477325884880463e+00
1.962348649507269061e+00
1.938406957302459821e+00
1.914652951803410774e+00
1.891086901339925186e+00
1.867709127409051817e+00
1.844520274367402513e+00
1.821520548678165374e+00
1.798710260507548675e+00
1.776089944338571591e+00
1.753659732581303921e+00
1.731419899539585083e+00
1.709370823517272209e+00
1.687512554465145032e+00
1.665845308908046496e+00
1.644369271049220815e+00
1.623084403958631183e+00
1.601990848460236316e+00
1.581088566866875489e+00
1.560377434757706183e+00
1.539857504113046671e+00
1.519528498359340674e+00
1.499390208332652241e+00
1.479442589067161640e+00
1.459685118700537076e+00
1.440117508797951196e+00
1.420739614231623982e+00
1.401550671213389165e+00
1.382550319516003823e+00
1.363738315072425822e+00
1.345113664047993041e+00
1.326675943185199102e+00
1.308424814506658374e+00
1.290359073020414415e+00
1.272478241818766120e+00
1.254781897121544754e+00
1.237268647030392854e+00
1.219937970416705930e+00
1.202789368122898050e+00
1.185821289246278942e+00
1.169033177463179474e+00
1.152424470225297926e+00
1.135993487463570206e+00
1.119739645945585726e+00
1.103662332547848068e+00
1.087759768139720196e+00
1.072031349894363661e+00
1.056476427059081624e+00
1.041093150245185450e+00
1.025880903224961616e+00
1.010839010037361874e+00
9.959655771335538255e-01
9.812599798727318356e-01
9.667215283813748172e-01
9.523483071708747083e-01
9.381396869338364253e-01
9.240949735312965485e-01
9.102122470059522685e-01
8.964908758971730229e-01
8.829301693778469629e-01
8.695282152293136724e-01
8.562843811719370590e-01
8.431979849104950242e-01
8.302671287879891393e-01
8.174911799673661994e-01
8.048694674223136891e-01
7.924001097770668745e-01
7.800824729904314303e-01
7.679158976148515725e-01
7.558985158276615435e-01
7.440296910494299532e-01
7.323087735367680429e-01
7.207339028133272762e-01
7.093044380061516163e-01
6.980197354330055504e-01
6.868779334684517179e-01
6.758783850591975062e-01
6.650204477280802218e-01
6.543022492133423462e-01
6.437231345470771915e-01
6.332824570308482892e-01
6.229783245674256342e-01
6.128100729404276636e-01
6.027770458994635705e-01
5.928773237452695799e-01
5.831102322654319048e-01
5.734751010433708496e-01
5.639699773534835314e-01
5.545941769342062067e-01
5.453470118177432546e-01
5.362264937756860972e-01
5.272319291658899010e-01
5.183626106695531366e-01
5.096165152956441124e-01
5.009929413668707809e-01
4.924911621697464770e-01
4.841091238444008571e-01
4.758461186009726451e-01
4.677014020242238335e-01
4.596728960757812676e-01
4.517598892189889082e-01
4.439616225733424293e-01
4.362760028205783236e-01
4.287023173372295215e-01
4.212397972257055923e-01
4.138863442526650727e-01
4.066412475125115722e-01
3.995037333261726720e-01
3.924717095627145436e-01
3.855444698424939642e-01
3.787212412625756142e-01
3.719999486586296200e-01
3.653798928595453632e-01
3.588603071615202311e-01
3.524391433492339298e-01
3.461157119027808426e-01
3.398892572016589120e-01
3.337577664863122240e-01
3.277205619934319691e-01
3.217769032137115515e-01
3.159248194572755186e-01
3.101636464098997403e-01
3.044926616373355710e-01
2.989099410254351108e-01
2.934148349413777113e-01
2.880066408387320087e-01
2.826834835715827943e-01
2.774447289488277124e-01
2.722896950058775745e-01
2.672165560358071290e-01
2.622246936058112432e-01
2.573134460474937879e-01
2.524810359999954956e-01
2.477268607298673819e-01
2.430502778222455307e-01
2.384495560816542736e-01
2.339241081410644851e-01
2.294733093146527902e-01
2.250954718365035523e-01
2.207900232209391300e-01
2.165563547968177571e-01
2.123928194593543983e-01
2.082988590918424532e-01
2.042738794062289864e-01
2.003162716067690419e-01
1.964254915152563175e-01
1.926009578994311300e-01
1.888410986610654652e-01
1.851453832895615381e-01
1.815132427327851294e-01
1.779431408873799469e-01
1.744345608350723609e-01
1.709869453416471285e-01
1.675987945103208088e-01
1.642696051275994995e-01
1.609988319065088214e-01
1.577850121429685282e-01
1.546276565825335514e-01
1.515262324143629991e-01
1.484793156400999736e-01
1.454864312888225764e-01
1.425470598150698487e-01
1.396598176614911868e-01
1.368242444542412117e-01
1.340398348036855591e-01
1.313052472434147744e-01
1.286200362251271323e-01
1.259837113545992926e-01
1.233949745588104885e-01
1.208533952048072568e-01
1.183584985598215428e-01
1.159090307180008356e-01
1.135045758882498451e-01
1.111446754129403608e-01
1.088281197164152198e-01
1.065545076189448048e-01
1.043233966696982956e-01
1.021336211923894038e-01
9.998479426422202110e-02
9.787648950681804294e-02
9.580758421841956141e-02
9.377770530575592345e-02
9.178644211397142538e-02
8.983271365246629780e-02
8.791616021455615770e-02
8.603638637787708321e-02
8.419235143969699964e-02
8.238370867385434726e-02
8.061007733562407240e-02
7.887045559689044583e-02
7.716450938076735433e-02
7.549187207205775019e-02
7.385157944944716057e-02
7.224330984658700050e-02
7.066671028949406130e-02
6.912085312544474780e-02
6.760542894839771666e-02
6.612009802749803378e-02
6.466396849688944848e-02
6.323674312611822501e-02
6.183809512692000493e-02
6.046716786867039478e-02
5.912367624117018799e-02
5.780730618329651960e-02
5.651723591031592581e-02
5.525319236471084444e-02
5.401487405571400724e-02
5.280149372491110132e-02
5.161279024831386120e-02
5.044847457382290595e-02
4.930779362029535928e-02
4.819049799604629286e-02
4.709631094685686609e-02
4.602451310067229295e-02
4.497486649752141519e-02
4.394710650156841841e-02
4.294054679483261944e-02
4.195496044673812513e-02
4.099009470004449235e-02
4.004529541056440350e-02
3.912034618483422460e-02
3.821500583219144404e-02
3.732865126965173586e-02
3.646107608172694664e-02
3.561205025784647954e-02
3.478098045341230377e-02
3.396766963537787426e-02
3.317189851874812606e-02
3.239310201005295847e-02
3.163109186016102581e-02
3.088565900058071190e-02
3.015626499956237938e-02
2.944272982260462065e-02
2.874485407272579437e-02
2.806212435937870120e-02
2.739436835035206907e-02
2.674139576114898179e-02
2.610271666313482633e-02
2.547816599179617003e-02
2.486756202535103308e-02
2.427043682604357669e-02
2.368663225276141163e-02
2.311597462878065348e-02
2.255801670064621831e-02
2.201260700050788888e-02
2.147957943176688131e-02
2.095850632420701021e-02
2.044924272277661229e-02
1.995162971538798000e-02
1.946525834243382005e-02
1.898999007900164723e-02
1.852567288220273098e-02
1.807191586204769107e-02
1.762858690109769463e-02
1.719554059479383099e-02
1.677240369695664687e-02
1.635905051302520563e-02
1.595534212700508783e-02
1.556092269155710632e-02
1.517567296452482402e-02
1.479946043912710833e-02
1.443194655399190895e-02
1.407301853925796431e-02
1.372255027135661949e-02
1.338022043594661037e-02
1.304592272430961201e-02
1.271953740176207624e-02
1.240076037441825187e-02
1.208949173535985022e-02
1.178561815219122261e-02
1.148885267863306199e-02
1.119910169059881548e-02
1.091625825552870223e-02
1.064005240587303884e-02
1.037039661689379520e-02
1.010719031687788531e-02
9.850180216001964625e-03
9.599284642648088853e-03
9.354409294763365787e-03
9.115317107697388718e-03
8.881931961794995237e-03
8.654165672068175538e-03
8.431796793116416375e-03
8.214754413779298478e-03
8.002956249945203729e-03
7.796195730772191579e-03
7.594406783532987350e-03
7.397512749763550909e-03
7.205321077723200913e-03
7.017770153352604484e-03
6.834788619801281974e-03
6.656197015269544291e-03
6.481937811062882769e-03
6.311944593400845710e-03
6.146050028684506283e-03
5.984200320548946177e-03
5.826333621656769844e-03
5.672293772496959756e-03
5.522030386520979973e-03
5.375485804709238639e-03
5.232514130112795279e-03
5.093068100068357321e-03
4.957093879228179067e-03
4.824454990753476377e-03
4.695107048316614178e-03
4.568999701072587807e-03
4.446005135089233472e-03
4.326081629205012595e-03
4.209182011544164610e-03
4.095186464619327178e-03
3.984055752721753219e-03
3.875745615068719365e-03
3.770143650735637789e-03
3.667212954521106242e-03
3.566911946641037126e-03
3.469135137837261931e-03
3.373847816071393751e-03
3.281010887172114854e-03
3.190525327744955352e-03
3.102358492795262435e-03
3.016473607851186470e-03
2.932777712155085464e-03
2.851240108393042483e-03
2.771826199158083925e-03
2.694448712265512958e-03
2.619078783741020811e-03
2.545683867913403446e-03
2.474182029133238907e-03
2.404546128836335724e-03
2.336745560252985379e-03
2.270703395284174100e-03
2.206394123564646773e-03
2.143788973766186812e-03
2.082815728502564710e-03
2.023450425394771480e-03
1.965666033077468743e-03
1.909394794852159591e-03
1.854614239637455801e-03
1.801298988510100603e-03
1.749385557741930984e-03
1.698852938781543432e-03
1.649677326444066658e-03
1.601799394816287407e-03
1.555199596683992961e-03
1.509855632172982633e-03
1.465712289776831745e-03
1.422751502738813780e-03
1.380952420489412564e-03
1.340263958589656829e-03
1.300669555114964153e-03
1.262149768278166516e-03
1.224657678518508612e-03
1.188178236707264487e-03
1.152693388481608851e-03
1.118160399457055745e-03
1.084565700240219550e-03
1.051892624377107109e-03
1.020102577803661632e-03
9.891833750578515622e-04
9.591197583622136603e-04
9.298771200288266821e-04
9.014444880567550012e-04
8.738080446044588050e-04
8.469368741167268740e-04
8.208209768851646576e-04
7.954479960982094658e-04
7.707902631731881416e-04
7.468384617598973485e-04
7.235816768392213305e-04
7.009949060449698760e-04
6.790692197641873436e-04
6.577950524913187729e-04
6.371493943869826473e-04
6.171234480682565634e-04
5.977088086449705009e-04
5.788837583105988643e-04
5.606394670991582179e-04
5.429684032699210470e-04
5.258494935890294575e-04
5.092738323171824887e-04
4.932344021872498135e-04
4.777102590244027350e-04
4.626925053801618265e-04
4.481742633175443864e-04
4.341343956919139959e-04
4.205642002182441181e-04
4.074566160873894344e-04
3.947902150356403963e-04
3.825567303254991201e-04
3.707487131736937201e-04
3.593445623904007358e-04
3.483366797432626877e-04
3.377171794773066796e-04
3.274645789773478568e-04
3.175721184985392837e-04
3.080315840510763339e-04
2.988220086755923282e-04
2.899375429804408144e-04
2.813698755789862229e-04
2.730989810123798304e-04
2.651198871281183820e-04
2.574244771995009098e-04
2.499940516467263570e-04
2.428243973099452431e-04
2.359078781122085058e-04
2.292274113372290412e-04
2.227793764117575468e-04
2.165568426110579044e-04
2.105445136739805573e-04
2.047391878593608587e-04
1.991347719872108187e-04
1.937177999072527015e-04
1.884853404234436208e-04
1.834321729203347909e-04
1.785465929305768103e-04
1.738258352040769703e-04
1.692655055863848915e-04
1.648555055884541522e-04
1.605931783129511817e-04
1.564748549283257308e-04
1.524918281267830639e-04
1.486415315684680644e-04
1.449208905467570666e-04
1.413223408023036546e-04
1.378434167960285596e-04
1.344814925470221728e-04
1.312298860491746370e-04
1.280862592036603460e-04
1.250482794023139745e-04
1.221098901527557790e-04
1.192689142358056284e-04
1.165231438399179858e-04
1.138669125318266429e-04
1.112982363071773076e-04
1.088148497775325805e-04
1.064112859670555722e-04
1.040857782216720581e-04
1.018358228198724616e-04
9.965603985685971119e-05
9.754489001873003411e-05
9.549949339838390515e-05
9.351456249418964013e-05
9.158877836040059232e-05
8.971885483527274182e-05
8.789975147338172426e-05
8.613034823399157332e-05
8.440709811021795473e-05
8.272551286298602559e-05
8.108464302308551416e-05
7.948103553238730146e-05
7.791115935017195330e-05
7.637420924063277952e-05
7.486735324785676060e-05
7.338841467329789260e-05
7.193671197602481855e-05
7.051061142538257416e-05
6.910953846517883629e-05
6.773291472282146248e-05
6.638075021726093860e-05
6.505404610548606468e-05
6.375229296221498879e-05
6.247728254244837287e-05
6.123124080811862761e-05
6.001366661085545331e-05
5.882787048863007579e-05
5.767668730921406047e-05
5.655953697730893673e-05
5.548062381668955888e-05
5.444266829185627320e-05
5.344491687732732892e-05
5.249164531179068704e-05
5.158482598047822054e-05
5.072346459111494384e-05
4.991111614568600877e-05
4.914861841744732831e-05
4.843473073334002548e-05
4.777172714735497018e-05
4.715922919625342751e-05
4.659582259031947913e-05
4.608227629051571796e-05
4.561716421026886398e-05
4.519903740221291734e-05
4.482725441345606450e-05
4.449963047364758196e-05
4.421484901871128607e-05
4.397116082175406954e-05
4.376589077901567966e-05
4.359800133067370836e-05
4.346499992012744742e-05
4.336387591129270023e-05
4.329395802444482296e-05
4.325231449058992701e-05
4.323562538254931679e-05
4.324359848986142189e-05
4.327304678710993654e-05
4.332029656270778000e-05
4.338538367229684669e-05
4.346494158244673260e-05
4.355492646611875784e-05
4.365561430303486725e-05
4.376349436222828557e-05
4.387426048204362962e-05
4.398833173276074041e-05
4.410213813625202218e-05
4.421139377105222411e-05
4.431657105362454715e-05
4.441424619802823752e-05
4.450058786281374355e-05
4.457604037245973741e-05
4.463766618220324630e-05
4.468257395503272197e-05
4.471109805268009006e-05
4.472120054447041495e-05
4.471131499913974083e-05
4.468157618355675961e-05
4.463120831912680751e-05
4.456010481488788911e-05
4.446810771367871719e-05
4.435587285669250764e-05
4.422455248807622585e-05
4.407361856741570286e-05
4.390503583521410987e-05
4.372069864240534979e-05
4.351967600089612403e-05
4.330482009427352751e-05
4.307806347051423450e-05
4.283810998664686412e-05
4.258807694040002098e-05
4.232923878550721005e-05
4.206005361520643871e-05
4.178324919524550982e-05
4.149894637192627438e-05
4.120554703703662304e-05
4.090487813882036030e-05
4.059574041576561161e-05
4.027670715162312521e-05
3.994845649401867663e-05
3.960866167295652192e-05
3.925628948872271191e-05
3.889091451923897810e-05
3.850957070021626504e-05
3.811179265483670057e-05
3.769633449561652109e-05
3.726024941112690932e-05
3.680373557073249096e-05
3.632514118558376106e-05
3.582222052449280818e-05
3.529583844598636617e-05
3.474436850993849109e-05
3.416683549692820453e-05
3.356468419927663400e-05
3.293667071710946087e-05
3.228344414906006893e-05
3.160686873332466573e-05
3.090631344628798008e-05
3.018413068095321858e-05
2.944239557586686632e-05
2.868117695711765213e-05
2.790432553604158688e-05
2.711390215801117080e-05
2.631062985755108167e-05
2.549941083548848368e-05
2.468208294995023487e-05
2.385987378248902093e-05
2.303813513668623994e-05
2.221831967140971094e-05
2.140194510732392177e-05
2.059417076314376102e-05
1.979596966397171242e-05
1.900891456786543498e-05
1.823740779445126800e-05
1.748192409896876792e-05
1.674387793948082801e-05
1.602652118223512763e-05
1.532988055617111903e-05
1.465505443871961779e-05
1.400397049119093974e-05
1.337630705247052670e-05
1.277276323427439819e-05
1.219398509913028966e-05
1.163942539393592736e-05
1.110937688614839859e-05
1.060341554689858957e-05
1.012088871130616871e-05
9.661737662531579032e-06
9.224775973228643996e-06
8.809343827728359754e-06
8.415123831899085514e-06
8.040495395350107362e-06
7.684858132467458909e-06
7.347740542427034913e-06
7.027376404266408171e-06
6.723259157172139579e-06
6.434857872428978639e-06
6.160474396344160933e-06
5.899704234051492332e-06
5.652028580062487492e-06
5.415946669467420615e-06
5.191147120441217750e-06
4.977167416443599554e-06
4.772758966140719997e-06
4.577686116137425435e-06
4.391562142590041999e-06
4.213391115373738286e-06
4.042993972224701565e-06
3.880061185098064009e-06
3.723818032609244128e-06
3.574125164999844914e-06
3.430740983446946404e-06
3.293067474064331128e-06
3.160992059358329654e-06
3.034327425479786742e-06
2.912607672812941306e-06
2.795738092805560818e-06
2.683571911625814079e-06
2.575737658319879646e-06
2.472152909261396044e-06
2.372699853157713254e-06
2.277073058113328425e-06
2.185199157064776493e-06
2.096980633995480071e-06
2.012158525052005053e-06
1.930666766564770160e-06
1.852422202741903354e-06
1.777199768295375329e-06
1.704939762348983083e-06
1.635569598049886745e-06
1.568890433961532159e-06
1.504848372903749535e-06
1.443379087354876598e-06
1.384305352977151780e-06
1.327578655824111572e-06
1.273141537250120300e-06
1.220835513183625938e-06
1.170617057659966993e-06
1.122434703943163391e-06
1.076146704920029366e-06
1.031714115932967050e-06
9.890908420927162347e-07
9.481502644780410248e-07
9.088576030863234971e-07
8.711716295541689943e-07
8.349794125723633641e-07
8.002499252494132205e-07
7.669463487100442237e-07
7.349680865473087655e-07
7.042874741888766584e-07
6.748716705783451268e-07
6.466311394810009632e-07
6.195412193873513191e-07
5.935726388285024880e-07
5.686457394549490736e-07
5.447385400288950374e-07
5.218249591708364200e-07
4.998341417215923800e-07
4.787465005505395244e-07
4.585387989729113697e-07
4.391480245927639701e-07
4.205567319606405022e-07
4.027442203962137169e-07
3.856544712086148262e-07
3.692719576041437903e-07
3.535782423522227121e-07
3.385235528142222365e-07
3.240940826234316776e-07
3.102734185844532590e-07
2.970173742842088811e-07
2.843136862050670073e-07
2.721477545725903189e-07
2.604803930229896488e-07
2.493007206108828153e-07
2.385957644750661233e-07
2.283308130629226811e-07
2.184962225342964828e-07
2.090804802062128024e-07
2.000528748431767943e-07
1.914048673156230642e-07
1.831262545868704995e-07
1.751898945517658463e-07
1.675882323021743447e-07
1.603122374513037857e-07
1.533379441585870422e-07
1.466586723583295240e-07
1.402664390351149663e-07
1.341400969404471681e-07
1.282737419833007635e-07
1.226603238277048680e-07
1.172811893985511706e-07
1.121311216881659777e-07
1.072038982814561432e-07
1.024830677531249687e-07
9.796402070902107419e-08
9.364126745025950105e-08
8.950029632651210565e-08
8.553703489252950667e-08
8.174664023858273969e-08
7.811630782651854852e-08
7.464243961561733089e-08
7.132076253995211478e-08
6.813997394990488167e-08
6.509689504680702094e-08
6.218775425631966913e-08
5.940257090503375449e-08
5.673853689152139441e-08
5.419232186380059266e-08
5.175511011099219098e-08
4.942442154283873771e-08
4.719731421685995914e-08
4.506600069252483488e-08
4.302829133846192163e-08
4.108158654998120308e-08
3.921900818174536263e-08
3.743862397420404952e-08
3.573813656568583437e-08
3.411147334463092751e-08
3.255693020378841364e-08
3.107247713585810762e-08
2.965275621647631212e-08
2.829626561847609743e-08
2.700121226730779185e-08
2.576287296905471307e-08
2.457992520861511094e-08
2.345078621225005256e-08
2.237129673281890620e-08
2.134029313198334235e-08
2.035637949874644481e-08
1.941589751638431914e-08
1.851782421209008936e-08
1.766092978857365383e-08
1.684200049354550110e-08
1.606013777641674702e-08
1.531425948006550875e-08
1.460154583398761205e-08
1.392120822031865239e-08
1.327229559510212257e-08
1.265233670549002373e-08
1.206063994910471576e-08
1.149637055888293279e-08
1.095736494208682777e-08
1.044301700981915506e-08
9.952594929911562086e-09
9.484206114042347394e-09
9.037319761307661850e-09
8.611294975369903053e-09
8.204477382494911243e-09
7.816402395900178095e-09
7.446509279568894828e-09
7.093352653645270118e-09
6.756526109107333023e-09
6.435539419766709208e-09
6.129130270261499577e-09
5.836943325349166309e-09
5.558550256904929948e-09
5.292848905234493669e-09
5.039528740121356949e-09
4.798215678416109382e-09
4.567947558990251958e-09
4.348453133486162098e-09
4.139405791856517074e-09
3.939965699144254222e-09
3.749896028938943109e-09
3.568911677053836056e-09
3.396279684828618025e-09
3.231793376009260337e-09
3.075203913679257318e-09
2.925871735271162961e-09
2.783616562934020726e-09
2.648221242358133443e-09
2.519127857745979717e-09
2.396179236669131668e-09
2.279185904353830620e-09
2.167661352639398457e-09
2.061468625532131381e-09
1.960442437627434262e-09
1.864158759714652632e-09
1.772498318521817898e-09
1.685316976833192912e-09
1.602245388820576169e-09
1.523179742357062722e-09
1.447994397916058072e-09
1.376367875838460688e-09
1.308209877630204945e-09
1.243410949431695117e-09
1.181691505724983755e-09
1.122973054680345733e-09
1.067160308601148662e-09
1.014010335911433135e-09
9.634549555533510165e-10
9.154112791251335215e-10
8.696684247857694971e-10
8.261672115496855838e-10
7.848356018678410257e-10
7.454907145859490138e-10
7.080812205530661462e-10
6.725445739513199061e-10
6.387223320856547280e-10
6.065700118924968540e-10
5.760333648275752587e-10
5.469752530792758274e-10
5.193571588506501350e-10
4.931320801917747871e-10
4.681814292220471714e-10
4.444718820534480734e-10
4.219627586694559444e-10
4.005516012392750356e-10
3.802096042669282649e-10
3.609015958228623021e-10
3.425391249638140207e-10
3.250973129202193996e-10
3.085457797070746692e-10
2.928082207700221492e-10
2.778631657334010225e-10
2.636843967616316079e-10
2.502061275073820943e-10
2.374098418115472248e-10
2.252729307168041514e-10
2.137387031780965202e-10
2.027911992514434989e-10
1.924109336707689272e-10
1.825490688886602532e-10
1.731918523624106075e-10
1.643224981283613853e-10
1.558989393131340425e-10
1.479093248924215692e-10
1.403391978346995021e-10
1.331523168169387138e-10
1.263384639607214243e-10
1.198851869784068697e-10
1.137612421530867259e-10
1.079578113759719586e-10
1.024641577355227610e-10
9.725331217084660676e-11
9.231766618378751949e-11
8.764792931315340536e-11
8.322081698237685030e-11
7.902981935221728169e-11
7.506684501319196699e-11
7.131196969397440944e-11
6.775982411871535465e-11
6.440335961438753297e-11
6.122622632124333019e-11
5.822444386393717750e-11
5.539212190945128403e-11
5.271742126954864558e-11
5.019805747861372836e-11
4.782998652457844390e-11
4.560723794251576178e-11
4.352896444464679614e-11
4.159449114314519775e-11
3.980166364721645641e-11
3.814801868623393313e-11
3.663489798783854243e-11
3.525115452474170102e-11
3.398723544162768727e-11
3.283966880120603829e-11
3.177479247155854613e-11
3.077424841715826313e-11
2.982458400459706596e-11
2.886046159460123701e-11
2.785519030174320918e-11
2.677364146273162010e-11
2.554563555527957482e-11
2.416605189672725455e-11
2.261157518856477220e-11
2.090367614603278467e-11
1.907499442804171620e-11
1.714701921235484891e-11
1.520381515142436640e-11
1.327761472248591085e-11
1.139791835201322293e-11
9.645102114771348879e-12
8.044087937094431416e-12
6.597226051409004322e-12
5.350073220583420869e-12
4.351413345531202633e-12
3.433259573170933636e-12
2.658172182156560890e-12
2.488596084003307098e-12
1.888870694658330751e-12
3.605198356139962650e-14
3.178693791553908607e-12
