5.868629833264217586e-08
-1.092448729428191606e-08
2.433881870966470933e-08
3.273556889712090127e-08
2.906798361870179664e-08
4.173579836152248867e-08
5.328630415870542248e-08
6.518168974459501045e-08
8.301716423771474837e-08
1.043166144877920432e-07
1.307009796159240080e-07
1.639338830105187097e-07
2.040015799434567269e-07
2.534700394642646232e-07
3.135320122370370568e-07
3.848323742089187388e-07
4.705755822067397092e-07
5.718107938239333539e-07
6.895114368747404597e-07
8.268128704219607504e-07
9.843866140892444384e-07
1.163295435716957279e-06
1.365450066115303858e-06
1.590748745579116612e-06
1.839961894047350420e-06
2.112566366487405704e-06
2.407448385262014494e-06
2.724682935260280489e-06
3.060616272381926013e-06
3.413173350924402934e-06
3.781455093015613115e-06
4.158863153560638999e-06
4.542754358335191025e-06
4.931250956165490844e-06
5.316090689041797916e-06
5.694744374900728175e-06
6.064748826206768806e-06
6.418251671352467082e-06
6.753513776363614947e-06
7.068163139313157982e-06
7.356733276094510472e-06
7.618617908944182914e-06
7.852178563613267340e-06
8.055369392543979725e-06
8.228627471884575667e-06
8.371381775125779810e-06
8.484834108613667868e-06
8.570073860405773625e-06
8.627541047460379680e-06
8.660620446325377947e-06
8.670588041893504319e-06
8.658550890221853108e-06
8.628721904847814667e-06
8.582217362632318410e-06
8.520374554569068502e-06
8.447135275734181199e-06
8.363314334733866536e-06
8.270126427646150682e-06
8.170671508974354657e-06
8.065498693457880100e-06
7.955519863532978597e-06
7.842928939091000940e-06
7.728134824244041917e-06
7.611732922373459472e-06
7.495255331486140909e-06
7.379097563615212684e-06
7.263628276705479216e-06
7.150044204567102101e-06
7.038802544344894208e-06
6.930164430410073301e-06
6.825242484414389536e-06
6.724566829742817204e-06
6.628386011876859630e-06
6.537842814207191023e-06
6.453503825071764790e-06
6.375651892692850272e-06
6.305450941467617076e-06
6.243447179740875529e-06
6.189958037053733396e-06
6.146089094145338091e-06
6.112314611067355711e-06
6.088956254262925360e-06
6.076971614865784727e-06
6.076734272877435082e-06
6.088529613047798048e-06
6.113115660901828802e-06
6.150767462983250633e-06
6.201701477654979678e-06
6.266490590362738487e-06
6.345344156263885202e-06
6.438397167784590997e-06
6.546124750402897244e-06
6.668727885832554220e-06
6.806273183447696913e-06
6.959287624152041156e-06
7.128035524263883682e-06
7.312553176410412514e-06
7.513607921723771635e-06
7.731601533274823403e-06
7.966597522703892212e-06
8.219800781327209495e-06
8.491815140956695789e-06
8.782799606700927020e-06
9.094571507855356114e-06
9.427981903170308133e-06
9.783354237979650478e-06
1.016324502274211564e-05
1.056877224617437936e-05
1.100048394024969996e-05
1.146173869624434663e-05
1.195391488783174011e-05
1.247782930437083080e-05
1.303763923686423951e-05
1.363495558421893486e-05
1.427088839334346398e-05
1.495033534127964964e-05
1.567510066350034028e-05
1.644659276450458326e-05
1.727035938729873837e-05
1.814836086768993395e-05
1.908229370477086293e-05
2.007826345206392270e-05
2.113836528543575280e-05
2.226456525808738268e-05
2.346346403748022681e-05
2.473729824024912749e-05
2.608828574594493981e-05
2.752351615917406427e-05
2.904540907788377086e-05
3.065642713442792407e-05
3.236421637911006800e-05
3.417145621213512854e-05
3.608086674879234054e-05
3.810079521358236546e-05
4.023428575025355221e-05
4.248435532030508168e-05
4.486026235259844781e-05
4.736553482605887201e-05
5.000355536033886144e-05
5.278474225187775368e-05
5.571322199618472033e-05
5.879283849586752878e-05
6.203541943308912940e-05
6.544578051347720840e-05
6.902834060396746522e-05
7.279654500565689579e-05
7.675594923236617791e-05
8.091166463954713249e-05
8.527888413358685079e-05
8.986390561376560876e-05
9.467263700835093856e-05
9.972205007790558608e-05
1.050191439759798660e-04
1.105706976003847187e-04
1.163954012162328981e-04
1.225008893607561786e-04
1.288948466494428311e-04
1.355975730466169634e-04
1.426172813364347735e-04
1.499625585490543778e-04
1.576552387905862974e-04
1.657041092445580047e-04
1.741186349455180811e-04
1.829222560769980070e-04
1.921244323748293051e-04
2.017354944179428717e-04
2.117808384479034000e-04
2.222708397893906676e-04
2.332167398265871841e-04
2.446466396252494689e-04
2.565722433060476141e-04
2.690058565857998533e-04
2.819795107654020513e-04
2.955068183869534871e-04
3.096014547985661094e-04
3.243010842610701645e-04
3.396219326276537272e-04
3.555795244677465946e-04
3.722192330280374808e-04
3.895606467802621101e-04
4.076217815738381392e-04
4.264579488493130174e-04
4.460927792690051567e-04
4.665475289438325720e-04
4.878895069259812033e-04
5.101468649639516505e-04
5.333448543066875071e-04
5.575642889996459137e-04
5.828379985745652707e-04
6.091958528417565095e-04
6.367327588240071987e-04
6.654859792133944541e-04
6.954903429024066617e-04
7.268542635614316620e-04
7.596187885759968098e-04
7.938236331706793316e-04
8.295889198429371976e-04
8.669585300016052418e-04
9.059765144842865138e-04
9.467719652079291046e-04
9.893905624101257800e-04
1.033879710755538110e-03
1.080374411980608964e-03
1.128921347002717103e-03
1.179570054495515316e-03
1.232459010217455556e-03
1.287635719383221694e-03
1.345150743497146263e-03
1.405145366855438610e-03
1.467668745893250257e-03
1.532771929365983089e-03
1.600601258400405130e-03
1.671209671246888474e-03
1.744649252541585109e-03
1.821077453225142251e-03
1.900554582301366676e-03
1.983135832682454257e-03
2.069000047602544828e-03
2.158219942224408588e-03
2.250857676415354489e-03
2.347127878838337674e-03
2.447122018173026377e-03
2.550914896027182618e-03
2.658774901740045948e-03
2.770819761319511659e-03
2.887144245918580546e-03
3.008091458830448959e-03
3.133813977501119161e-03
3.264435307503891701e-03
3.400396905502387889e-03
3.541895941253058334e-03
3.689094767469897063e-03
3.842559709467419874e-03
4.002543465183199152e-03
4.169258825605512246e-03
4.343426705931698571e-03
4.525367180820163288e-03
4.715356760913486274e-03
4.914303374595579456e-03
5.122606200673960990e-03
5.340620289969982837e-03
5.569473010982220473e-03
5.809652178738182460e-03
6.061606575368035099e-03
6.326709491218113733e-03
6.605541745067154170e-03
6.898658670396341092e-03
7.207691024886688641e-03
7.533308772477677155e-03
7.876179926699313286e-03
8.238179531651583856e-03
8.620052871203721587e-03
9.022575112418921087e-03
9.447821356669923107e-03
9.896589583726789902e-03
1.036974125349446850e-02
1.086947846778376324e-02
1.139662554167345659e-02
1.195209406728467427e-02
1.253812557177591547e-02
1.315554911580566790e-02
1.380528061140883812e-02
1.448952467766579516e-02
1.520910791760533842e-02
1.596490650173809991e-02
1.675905379251498711e-02
1.759238796062954913e-02
1.846571780451345540e-02
1.938113720035450696e-02
2.033953106263415231e-02
2.134164260882562281e-02
2.238962855072550162e-02
2.348446737616108684e-02
2.462687319608969014e-02
2.581921433129040488e-02
2.706260334209177262e-02
2.835778925126660258e-02
2.970749571047363521e-02
3.111298214212462540e-02
3.257510378363907833e-02
3.409701321435652105e-02
3.568008524317371061e-02
3.732533126908713778e-02
3.903628167044934788e-02
4.081434772722586368e-02
4.266069815800977577e-02
4.457904742789298852e-02
4.657073237156186818e-02
4.863701663274263426e-02
5.078149884031907951e-02
5.300533145167449223e-02
5.530975385204991296e-02
5.769793266185063024e-02
6.017076949434766592e-02
6.272933389202821342e-02
6.537615009317081227e-02
6.811188521368118087e-02
7.093731456019512771e-02
7.385433373100423748e-02
7.686349836145237036e-02
7.996523807136846074e-02
8.316113618699576271e-02
8.645186799165871516e-02
8.983758027409949332e-02
9.332018068078830331e-02
9.690078364243435993e-02
1.005794512352195663e-01
1.043593307603944004e-01
1.082423504380214813e-01
1.122288196614874556e-01
1.163242383616741038e-01
1.205317399541672024e-01
1.248523282478101321e-01
1.292950652041770232e-01
1.338646561652179212e-01
1.385633303581334796e-01
1.434048956405347963e-01
1.483959194994106112e-01
1.535404257465224076e-01
1.588579551585847793e-01
1.643570765600364247e-01
1.700441423842883049e-01
1.759449559089070469e-01
1.820699732628245082e-01
1.884282561928737332e-01
1.950515819171882714e-01
2.019518134567644119e-01
2.091407805981325974e-01
2.166547312762178434e-01
2.245060099516833774e-01
2.327087579984743471e-01
2.413007029188362351e-01
2.502933203720856259e-01
2.597019407275829028e-01
2.695613600067198745e-01
2.798805838451904893e-01
2.906743294398719257e-01
3.019692194499001836e-01
3.137702711579653525e-01
3.260893157526768560e-01
3.389398551241116220e-01
3.523219070469631453e-01
3.662421252598380139e-01
3.806976608889705571e-01
3.956834012815526602e-01
4.111991229761928768e-01
4.272253604138209759e-01
4.437527749666696497e-01
4.607737364304719807e-01
4.782553797802837625e-01
4.961859030466915788e-01
5.145512208315849989e-01
5.333111859790505838e-01
5.524536549558389797e-01
5.719603853327844822e-01
5.917913163619026307e-01
6.119357825330774547e-01
6.323744322033754139e-01
6.530737160750311743e-01
6.740253980644590470e-01
6.952119405629187954e-01
7.166098812237601257e-01
7.382132676008302807e-01
7.600083532454418034e-01
7.819816521491499417e-01
8.041284620549024043e-01
8.264394198902356159e-01
8.489077863926529632e-01
8.715287337996081574e-01
8.942965999705138058e-01
9.172067050565884117e-01
9.402529936485649609e-01
9.634321168452889550e-01
9.867372465185960673e-01
1.010160663680695237e+00
1.033699962583527920e+00
1.057343747393734379e+00
1.081082871170037540e+00
1.104915034295845144e+00
1.128823812125373971e+00
1.152799208562562017e+00
1.176838813133713524e+00
1.200921848419328253e+00
1.225037963699256993e+00
1.249184733925267521e+00
1.273337714476256544e+00
1.297486356293245491e+00
1.321628186568770902e+00
1.345735142457290978e+00
1.369796360355053144e+00
1.393808895927943992e+00
1.417740722684875720e+00
1.441580595322634828e+00
1.465324386946035062e+00
1.488936288866751667e+00
1.512405006958028375e+00
1.535724641689658831e+00
1.558857242215388572e+00
1.581792337490155242e+00
1.604522241427783547e+00
1.627010214945004973e+00
1.649247842509293349e+00
1.671226424545108946e+00
1.692914812443990114e+00
1.714307831355989187e+00
1.735397150664246269e+00
1.756161286313818293e+00
1.776599018475794489e+00
1.796703896969357395e+00
1.816466559819095439e+00
1.835889742839173167e+00
1.854969984735373556e+00
1.873710177251190601e+00
1.892116301294554326e+00
1.910188258637934622e+00
1.927939071054100895e+00
1.945376715217784325e+00
1.962504068649724154e+00
1.979340506795704391e+00
1.995894435786522481e+00
2.012170754577266241e+00
2.028190513954045038e+00
2.043960888524680719e+00
2.059487523664231823e+00
2.074788291962520681e+00
2.089867660737406485e+00
2.104730619137322734e+00
2.119387681946022006e+00
2.133839730422913750e+00
2.148089750180939728e+00
2.162138573211330961e+00
2.175983700789599240e+00
2.189625124061535200e+00
2.203054877049718918e+00
2.216268677607134752e+00
2.229263347986060406e+00
2.242027013775536481e+00
2.254556367495031299e+00
2.266846136956398805e+00
2.278888669214603535e+00
2.290684607323167032e+00
2.302228937676602971e+00
2.313526783939360953e+00
2.324584520262295673e+00
2.335400340552915122e+00
2.345997003325791308e+00
2.356386003470672286e+00
2.366570968213314696e+00
2.376590030906703621e+00
2.386456625568964984e+00
2.396179950092740985e+00
2.405803710021574116e+00
2.415338732666838517e+00
2.424797278775495446e+00
2.434214882121177315e+00
2.443596006864499959e+00
2.452951642786959763e+00
2.462297764774861175e+00
2.471631463070315338e+00
2.480958272878674986e+00
2.490271253800822482e+00
2.499562421056912953e+00
2.508829926275012667e+00
2.518050233066801535e+00
2.527214630771050796e+00
2.536315191999970686e+00
2.545324224104285271e+00
2.554236322162807049e+00
2.563041244194020685e+00
2.571719027842402472e+00
2.580269263523422119e+00
2.588683575271411907e+00
2.596955366941962495e+00
2.605088101423309155e+00
2.613077834871816219e+00
2.620929328108839496e+00
2.628647198885268654e+00
2.636232041396726622e+00
2.643693506834200235e+00
2.651034974120866750e+00
2.658259823477697736e+00
2.665376670533950776e+00
2.672386876016693780e+00
2.679294355434548081e+00
2.686104539194322793e+00
2.692817560061265159e+00
2.699436276072987528e+00
2.705964301263132032e+00
2.712401825694144453e+00
2.718750183656499342e+00
2.725013352609786832e+00
2.731192171535022695e+00
2.737287017048588567e+00
2.743302598621935928e+00
2.749239795357151461e+00
2.755099255549683601e+00
2.760884361644679874e+00
2.766594640570057440e+00
2.772232317592584483e+00
2.777796530624933258e+00
2.783284349333022600e+00
2.788700140823646922e+00
2.794037592974119022e+00
2.799291664239661248e+00
2.804468012340764815e+00
2.809557383800704855e+00
2.814554971747580847e+00
2.819465650614291885e+00
2.824283562233028011e+00
2.829007768533998490e+00
2.833640460611680734e+00
2.838186866008529652e+00
2.842652789313476092e+00
2.847037810353001408e+00
2.851362770117984002e+00
2.855639934810125791e+00
2.859868891510501943e+00
2.864083199873929786e+00
2.868297205584088960e+00
2.872513991201998795e+00
2.876768740936988866e+00
2.881071194193054463e+00
2.885429196112998529e+00
2.889864701364928568e+00
2.894377780461480754e+00
2.898977980497290829e+00
2.903663181381761493e+00
2.908423851909994529e+00
2.913264815248250983e+00
2.918159292806096428e+00
2.923093741888708852e+00
2.928062399052428599e+00
2.933023978632689488e+00
2.937968715253796770e+00
2.942879359219578550e+00
2.947715439336376253e+00
2.952476073219348240e+00
2.957138281101160171e+00
2.961675159742780838e+00
2.966094052435374717e+00
2.970376127759951856e+00
2.974513125581687234e+00
2.978514933971240009e+00
2.982375494962602236e+00
2.986102358627050535e+00
2.989701068354529756e+00
2.993180845388357270e+00
2.996557755517221810e+00
2.999829151481486544e+00
3.003014336830068132e+00
3.006130421962270649e+00
3.009168130751743053e+00
3.012146146119990320e+00
3.015077945114294611e+00
3.017954197814482153e+00
3.020781798695843179e+00
3.023569561690598206e+00
3.026316364710204265e+00
3.029012266544318877e+00
3.031662722229965024e+00
3.034278952209102709e+00
3.036840233177838133e+00
3.039349702901146255e+00
3.041825838288400252e+00
3.044252353129035082e+00
3.046629432287601080e+00
3.048969866538520090e+00
3.051275660329559880e+00
3.053543357828727434e+00
3.055768800463220192e+00
3.057973006292188156e+00
3.060150382686769976e+00
3.062280319140719964e+00
3.064388823889994118e+00
3.066471400452311258e+00
3.068503420223727129e+00
3.070498295715363479e+00
3.072455886810951498e+00
3.074362679091257267e+00
3.076213624827991655e+00
3.078011879229439973e+00
3.079762547407764561e+00
3.081448072990768505e+00
3.083071258800946790e+00
3.084651204046657824e+00
3.086170566946903282e+00
3.087631822058312991e+00
3.089055090222502908e+00
3.090433034424459269e+00
3.091767973665003666e+00
3.093070637552882474e+00
3.094344424180825115e+00
3.095591640068553030e+00
3.096812308656270218e+00
3.098014528068790963e+00
3.099200041978669606e+00
3.100363956468835003e+00
3.101512389331901431e+00
3.102646108558110516e+00
3.103761626005802743e+00
3.104860714910163466e+00
3.105943459985029964e+00
3.107009352411839398e+00
3.108058151952389547e+00
3.109089865131108965e+00
3.110103740170696796e+00
3.111101074358798346e+00
3.112081649326020827e+00
3.113040745171451018e+00
3.113982179880165901e+00
3.114904046314448394e+00
3.115797668863371062e+00
3.116666950092656929e+00
3.117506196596645296e+00
3.118306844587580340e+00
3.119069446400064560e+00
3.119783295553824498e+00
3.120444428783282209e+00
3.121048817657273489e+00
3.121581478442919888e+00
3.122043879271703570e+00
3.122429517825206613e+00
3.122721595682703466e+00
3.122923312296148612e+00
3.123029435346416083e+00
3.123024167181556621e+00
3.122907163457622204e+00
3.122676970692843668e+00
3.122320523615078613e+00
3.121831261348168240e+00
3.121211099899102948e+00
3.120449888121917592e+00
3.119536859369095527e+00
3.118474560739693313e+00
3.117255120404254232e+00
3.115868918420495515e+00
3.114316169417337132e+00
3.112591155674538257e+00
3.110690667984333135e+00
3.108611382091567066e+00
3.106351122851573887e+00
3.103915280133685783e+00
3.101298217349786057e+00
3.098504192292260928e+00
3.095545493597605446e+00
3.092417060280866270e+00
3.089132750485811929e+00
3.085707535707391980e+00
3.082139890224885548e+00
3.078454741076252166e+00
3.074665365353354662e+00
3.070775259793320444e+00
3.066818619594001039e+00
3.062804485831588597e+00
3.058740654475124554e+00
3.054665699930135592e+00
3.050584566253027319e+00
3.046506917252543190e+00
3.042470049591453840e+00
3.038477112641061684e+00
3.034537047928052456e+00
3.030682486027300282e+00
3.026917605021376634e+00
3.023249519801815222e+00
3.019706324035345002e+00
3.016294523165591102e+00
3.013020298578346523e+00
3.009908941895484080e+00
3.006967771183541860e+00
3.004203789337811070e+00
3.001639192458924299e+00
2.999278285556700840e+00
2.997129551482452303e+00
2.995207774769309328e+00
2.993510405507289196e+00
2.992045823890964851e+00
2.990814944717223423e+00
2.989807192893072507e+00
2.989027747132793511e+00
2.988459574673933528e+00
2.988086687291097832e+00
2.987908516972099804e+00
2.987891716816322596e+00
2.988019835629781351e+00
2.988286283628077911e+00
2.988647920172004202e+00
2.989092079994416284e+00
2.989608132632707083e+00
2.990150283283459220e+00
2.990710824495992792e+00
2.991277725005377253e+00
2.991806393105091999e+00
2.992292229760256106e+00
2.992723405610499654e+00
2.993057027168291029e+00
2.993289064305100666e+00
2.993408117466665797e+00
2.993373828813167048e+00
2.993182180145396831e+00
2.992822232309572339e+00
2.992261295376486885e+00
2.991497664687675861e+00
2.990522171853312372e+00
2.989319439307655646e+00
2.987893641029649938e+00
2.986240265756705980e+00
2.984370858914306979e+00
2.982297464000104537e+00
2.980023326286042273e+00
2.977590029981616482e+00
2.975015930586593971e+00
2.972313217916848771e+00
2.969546314606576587e+00
2.966735073892492469e+00
2.963898556942417439e+00
2.961108195650126174e+00
2.958379599442908958e+00
2.955733794707735118e+00
2.953231153884787741e+00
2.950879185164927865e+00
2.948695133441692207e+00
2.946715337153184233e+00
2.944938802274222223e+00
2.943374765112377833e+00
2.942031875287062448e+00
2.940903264777842807e+00
2.939988871444279894e+00
2.939274647676000995e+00
2.938751635512135696e+00
2.938411997162981404e+00
2.938228303797051577e+00
2.938192456856490775e+00
2.938291874045470653e+00
2.938494464713298004e+00
2.938794146698443743e+00
2.939176588789084388e+00
2.939610347665334356e+00
2.940091078401062763e+00
2.940604730006449952e+00
2.941122530913805821e+00
2.941641227578495332e+00
2.942148076918501776e+00
2.942617669912534151e+00
2.943047702235825014e+00
2.943427303137870155e+00
2.943735648107661529e+00
2.943971862721914245e+00
2.944127578422418789e+00
2.944188766930352141e+00
2.944156557886422831e+00
2.944025890737539175e+00
2.943791757276958077e+00
2.943457321177784802e+00
2.943021495739966742e+00
2.942489085578363639e+00
2.941864532535851229e+00
2.941150813215050785e+00
2.940361103943033072e+00
2.939499866939289330e+00
2.938573442517190770e+00
2.937600038111187306e+00
2.936582942705362242e+00
2.935530527025697278e+00
2.934461976688532037e+00
2.933378761834230630e+00
2.932289734417567573e+00
2.931211627310151613e+00
2.930144165236683307e+00
2.929095365196100698e+00
2.928077562752058327e+00
2.927089378455736135e+00
2.926137199135595335e+00
2.925228667917378456e+00
2.924362175319950907e+00
2.923542265224640335e+00
2.922772842078749544e+00
2.922052823668348065e+00
2.921385160850503038e+00
2.920771568591799205e+00
2.920211893291470684e+00
2.919707996929642224e+00
2.919260932719803581e+00
2.918871451053506316e+00
2.918540872423371457e+00
2.918270676927087859e+00
2.918062154785353357e+00
2.917916516472547794e+00
2.917836118089048636e+00
2.917822254119499803e+00
2.917876248501732217e+00
2.918001081887263926e+00
2.918197498787478139e+00
2.918466911093068550e+00
2.918811973968145068e+00
2.919232390739060268e+00
2.919729375745012234e+00
2.920303693161260483e+00
2.920953613158287165e+00
2.921679632366677382e+00
2.922478725461850502e+00
2.923347503787299573e+00
2.924285093031176341e+00
2.925283028243037098e+00
2.926336342461745677e+00
2.927442215699192829e+00
2.928586139642938679e+00
2.929762112005239061e+00
2.930965160825573346e+00
2.932175874112299852e+00
2.933388261290776455e+00
2.934595611553343364e+00
2.935776681575720914e+00
2.936926866725091401e+00
2.938038813050980469e+00
2.939093901594875380e+00
2.940090238998962047e+00
2.941021400087120430e+00
2.941876070940999455e+00
2.942655920076933995e+00
2.943357076095022506e+00
2.943979109639175196e+00
2.944527340840590313e+00
2.945001656549690594e+00
2.945413998134121858e+00
2.945772632686827208e+00
2.946081648800449315e+00
2.946364385999762803e+00
2.946630758341555190e+00
2.946888632456059920e+00
2.947169558482854779e+00
2.947483516891104216e+00
2.947840973468620618e+00
2.948276916709911433e+00
2.948799837305438043e+00
2.949421107033688205e+00
2.950173581742975060e+00
2.951062960604077912e+00
2.952099596693933847e+00
2.953308672829113135e+00
2.954692208345127913e+00
2.956257668013309914e+00
2.958017911362095465e+00
2.959970920485891721e+00
2.962119748946197451e+00
2.964462034445031424e+00
2.966991978226577231e+00
2.969707338211188041e+00
2.972590111966976867e+00
2.975631606788394112e+00
2.978824284349342211e+00
2.982136929170444262e+00
2.985559376085413774e+00
2.989079788876885413e+00
2.992658797408804805e+00
2.996286490121141455e+00
2.999948635882974113e+00
3.003604535383047835e+00
3.007246226968048664e+00
3.010859563455486221e+00
3.014409737482587559e+00
3.017892042924826157e+00
3.021294963775655873e+00
3.024595649610704928e+00
3.027793275181357213e+00
3.030881009690785888e+00
3.033851540422131787e+00
3.036707732110543123e+00
3.039448536898745612e+00
3.042082522573242631e+00
3.044615294109509041e+00
3.047051492554772256e+00
3.049412685745056084e+00
3.051705747933562307e+00
3.053939780729418629e+00
3.056144021036872882e+00
3.058324978296467211e+00
3.060494185433540792e+00
3.062682093167765629e+00
3.064893438551649307e+00
3.067139872536392975e+00
3.069447020174000951e+00
3.071816991381227879e+00
3.074259517795916441e+00
3.076791143632318093e+00
3.079411235321059426e+00
3.082126299163121530e+00
3.084942193696343704e+00
3.087856167542301744e+00
3.090871164392583026e+00
3.093983574723335739e+00
3.097189723297930186e+00
3.100489594658235148e+00
3.103873624969716527e+00
3.107338674095034836e+00
3.110883047161005166e+00
3.114495987363929519e+00
3.118176258160131997e+00
3.121922032545386028e+00
3.125726098035565226e+00
3.129590077705985962e+00
3.133513397043927728e+00
3.137495938239172499e+00
3.141542511218149425e+00
3.145654678091357681e+00
3.149840997313931634e+00
3.154109095961610265e+00
3.158462883686495193e+00
3.162918954624227563e+00
3.167486772261275174e+00
3.172172140890944458e+00
3.176997103492695373e+00
3.181971580188346138e+00
3.187102311545963129e+00
3.192412938466741679e+00
3.197912345551130020e+00
3.203606990055606119e+00
3.209517889206305430e+00
3.215651587691741753e+00
3.222013040925338689e+00
3.228616948460798053e+00
3.235466654474815851e+00
3.242564622890958148e+00
3.249916803403140264e+00
3.257523090359099260e+00
3.265382860921153707e+00
3.273492607983170100e+00
3.281849190513582926e+00
3.290448795095596513e+00
3.299279623580291698e+00
3.308336507256248726e+00
3.317612863197670237e+00
3.327091471331284023e+00
3.336766551844897233e+00
3.346629671164139452e+00
3.356662298999452343e+00
3.366859597118922576e+00
3.377212604896837167e+00
3.387706129619979745e+00
3.398337644254059153e+00
3.409099219895676658e+00
3.419983309799659921e+00
3.430990576975514017e+00
3.442115669686096169e+00
3.453361737129001963e+00
3.464732792103383474e+00
3.476227286974604258e+00
3.487860075145577721e+00
3.499637875195981351e+00
3.511563546724810525e+00
3.523662173729285030e+00
3.535941832211665581e+00
3.548409546987077334e+00
3.561096755763228483e+00
3.574011119211533583e+00
3.587162689007853178e+00
3.600583641627892018e+00
3.614279428784506809e+00
3.628261265446178552e+00
3.642555868694056453e+00
3.657165092403042550e+00
3.672099106633554211e+00
3.687373767143734771e+00
3.702986675888743306e+00
3.718944908309565367e+00
3.735250089774444504e+00
3.751895790475536341e+00
3.768884586160094585e+00
3.786203276874920309e+00
3.803842406056041181e+00
3.821799612880450336e+00
3.840049084164694815e+00
3.858579841502147278e+00
3.877385181470101916e+00
3.896431027070665465e+00
3.915706495291282341e+00
3.935201953047490431e+00
3.954880397430608152e+00
3.974732398800142175e+00
3.994747215892619607e+00
4.014889976988066600e+00
4.035153551403924510e+00
4.055527846536802095e+00
4.075983873166842741e+00
4.096517051419747979e+00
4.117119237804962140e+00
4.137769238607467592e+00
4.158464765826997755e+00
4.179200260600413053e+00
4.199962422037235577e+00
4.220750674940320302e+00
4.241562019497895797e+00
4.262389790258231059e+00
4.283234445832582615e+00
4.304095032227041706e+00
4.324969579582973012e+00
4.345858981877549709e+00
4.366763585175633899e+00
4.387684135561399579e+00
4.408621545834168209e+00
4.429576726534211417e+00
4.450551561403666589e+00
4.471546765819826241e+00
4.492563252809730123e+00
4.513603044043975387e+00
4.534666600291808791e+00
4.555754509491669602e+00
4.576868462192160258e+00
4.598008700046553265e+00
4.619175367617613936e+00
4.640369711272549047e+00
4.661591820534700226e+00
4.682841415873480351e+00
4.704119346802474233e+00
4.725425610247216746e+00
4.746759582390602361e+00
4.768121781384235369e+00
4.789512149396012219e+00
4.810929804223815331e+00
4.832374954616068585e+00
4.853847507079212420e+00
4.875346390388489048e+00
4.896871487953028179e+00
4.918422680292322546e+00
4.939998762956161471e+00
4.961599279074362379e+00
4.983224090547079932e+00
5.004871916898547823e+00
5.026541984700451771e+00
5.048234143473071533e+00
5.069947109044310452e+00
5.091679868787823082e+00
5.113432261098108000e+00
5.135203089906720031e+00
5.156991222042579537e+00
5.178796475733542515e+00
5.200617847243773184e+00
5.222454211600864760e+00
5.244305344703023231e+00
5.266170536070153396e+00
5.288048772126157537e+00
5.309939753321377687e+00
5.331843140668683034e+00
5.353758083115734756e+00
5.375684169011435642e+00
5.397621468774212339e+00
5.419569283749581246e+00
5.441527060753624134e+00
5.463495265730071715e+00
5.485473290550964443e+00
5.507460429047234207e+00
5.529457474495096392e+00
5.551463819125152632e+00
5.573478617428804682e+00
5.595502874728407683e+00
5.617535893971111527e+00
5.639576729782898923e+00
5.661626452844241264e+00
5.683684212471631803e+00
5.705749022136271442e+00
5.727821860895013550e+00
5.749901698684296569e+00
5.771987573131194260e+00
5.794080226736592287e+00
5.816178461444220460e+00
5.838281395466754731e+00
5.860389421121277032e+00
5.882501206250227987e+00
5.904615983079410491e+00
5.926733724159142014e+00
5.948852997542817711e+00
5.970973151073856400e+00
5.993093716461017628e+00
6.015213174979209043e+00
6.037330958821829796e+00
6.059446182645911172e+00
6.081557218572907431e+00
6.103663525991851913e+00
6.125763861237157215e+00
6.147856427506515509e+00
6.169940641380798674e+00
6.192014981140491869e+00
6.214077394315464353e+00
6.236127187341164557e+00
6.258162648358527314e+00
6.280181374821949269e+00
6.302182512288201366e+00
6.324164242385903911e+00
6.346123732595038369e+00
6.368059942462313217e+00
6.389971017981405765e+00
6.411853649863055615e+00
6.433706614393611467e+00
6.455528075530693854e+00
6.477314243676772776e+00
6.499063738201123819e+00
6.520774776340477530e+00
6.542443127598631669e+00
6.564067295354468534e+00
6.585645568719158405e+00
6.607173348989005213e+00
6.628649068173623427e+00
6.650071092139859807e+00
6.671434544438402447e+00
6.692737824210329478e+00
6.713979368702474915e+00
6.735154115219688542e+00
6.756260455927744601e+00
6.777296887063134712e+00
6.798258238551242449e+00
6.819142906760937706e+00
6.839949430244860018e+00
6.860672589987557579e+00
6.881310785047818790e+00
6.901862577563226075e+00
6.922322736481343775e+00
6.942689654224724727e+00
6.962961897614444062e+00
6.983134243427648435e+00
7.003205066255375755e+00
7.023172920262440222e+00
7.043032600630648510e+00
7.062782456322907798e+00
7.082421014732474873e+00
7.101943098946434496e+00
7.121347031250846449e+00
7.140631302911615741e+00
7.159790779643476988e+00
7.178823763671789315e+00
7.197728706756707062e+00
7.216500540094625826e+00
7.235137558821111092e+00
7.253638178433249095e+00
7.271997425767040113e+00
7.290213605382560580e+00
7.308285106208434634e+00
7.326207084248015811e+00
7.343977870186105150e+00
7.361595841412753138e+00
7.379056314232616209e+00
7.396357659335881074e+00
7.413498260910576398e+00
7.430473618230383437e+00
7.447282151032807995e+00
7.463922269241321850e+00
7.480389664328916943e+00
7.496682808527062036e+00
7.512800154068774994e+00
7.528737577599797781e+00
7.544493602136572719e+00
7.560066733743629364e+00
7.575453010850708324e+00
7.590651001712859447e+00
7.605659270825188223e+00
7.620473981299682897e+00
7.635093739002472013e+00
7.649517163905790618e+00
7.663740497953178021e+00
7.677762376672011335e+00
7.691581465803472462e+00
7.705194037983844169e+00
7.718598751554853976e+00
7.731794303676731595e+00
7.744776954155120130e+00
7.757545379313826039e+00
7.770098291761354581e+00
7.782431905808420147e+00
7.794544913320386570e+00
7.806436028078930001e+00
7.818101401718332788e+00
7.829539741545968212e+00
7.840749752875495027e+00
7.851727525324072587e+00
7.862471783579144891e+00
7.872981221465077617e+00
7.883251884946749222e+00
7.893282519690665744e+00
7.903071812321820211e+00
7.912615798800305633e+00
7.921913250709263998e+00
7.930962858426649831e+00
7.939760692684319388e+00
7.948305557036897007e+00
7.956596161476732654e+00
7.964628662288298244e+00
7.972401902015000097e+00
7.979914628608491434e+00
7.987163135383642754e+00
7.994146311677170047e+00
8.000862961635650805e+00
8.007309562961621552e+00
8.013485060083382905e+00
8.019388329168645413e+00
8.025016071684147434e+00
8.030367295469556410e+00
8.035440960447806091e+00
8.040234020592492925e+00
8.044745554849233926e+00
8.048974613629461317e+00
8.052918420146944811e+00
8.056576130780722877e+00
8.059946888027953449e+00
8.063028188927839679e+00
8.065819271552767233e+00
8.068319367472696513e+00
8.070526240993158851e+00
8.072439213572112138e+00
8.074057599247424832e+00
8.075379413915381832e+00
8.076404061382822519e+00
8.077130929289666028e+00
8.077558263235411928e+00
8.077685545868389383e+00
8.077512228784497594e+00
8.077036762761695243e+00
8.076258703989784848e+00
8.075177559084373513e+00
8.073791960788698319e+00
8.072101532755249664e+00
8.070105829767610928e+00
8.067803648557861251e+00
8.065194674580050460e+00
8.062278507160224095e+00
8.059054097701634944e+00
8.055521189403235027e+00
8.051679426525835126e+00
8.047527916902017964e+00
8.043066460002593843e+00
8.038294749767715075e+00
8.033212064262144736e+00
8.027818260944050266e+00
8.022113092324572037e+00
8.016096031779705200e+00
8.009766999781051666e+00
8.003125819671257801e+00
7.996172193932707728e+00
7.988906113993388125e+00
7.981327488343900711e+00
7.973436286961905317e+00
7.965232582231070779e+00
7.956716382438450808e+00
7.947887962869874201e+00
7.938747487714818085e+00
7.929295078111503692e+00
7.919531346418800410e+00
7.909456558959489847e+00
7.899070959329466568e+00
7.888375517770652046e+00
7.877370611204830730e+00
7.866056610360531387e+00
7.854434849717205402e+00
7.842505822290189776e+00
7.830270024842779009e+00
7.817729146548892949e+00
7.804883798316429200e+00
7.791734596058116580e+00
7.778283559138653658e+00
7.764531414210979143e+00
7.750478884525318080e+00
7.736128283386149995e+00
7.721480447328027630e+00
7.706536191823047943e+00
7.691298081074378956e+00
7.675767052561423220e+00
7.659943997674975691e+00
7.643831687510734163e+00
7.627431149407553512e+00
7.610743335415378397e+00
7.593771184193935930e+00
7.576515800755543317e+00
7.558978185526977533e+00
7.541161414538905206e+00
7.523066658208573010e+00
7.504694957315898307e+00
7.486049506741370152e+00
7.467131530827191277e+00
7.447942107357493846e+00
7.428484543522731798e+00
7.408760107562444297e+00
7.388769915123030607e+00
7.368517389416452623e+00
7.348003834457524697e+00
7.327230407651851074e+00
7.306200659049866708e+00
7.284915922509568098e+00
7.263377402602910315e+00
7.241588790470515846e+00
7.219551446248324567e+00
7.197266627111306825e+00
7.174738179707103036e+00
7.151967489372672127e+00
7.128955870289833463e+00
7.105707337045987337e+00
7.082223301676301652e+00
7.058505138330294137e+00
7.034557039285352253e+00
7.010380447372569712e+00
6.985976798503084950e+00
6.961350470330244455e+00
6.936502943081905848e+00
6.911435715845864358e+00
6.886153358658893886e+00
6.860657397941505309e+00
6.834949397959023010e+00
6.809034128813024722e+00
6.782913173505677129e+00
6.756588164803379648e+00
6.730064081726525593e+00
6.703342574895440720e+00
6.676425350372057643e+00
6.649317605167215817e+00
6.622021067923165027e+00
6.594537523607595375e+00
6.566872393910977657e+00
6.539027493735443564e+00
6.511004691921216114e+00
6.482809635203429899e+00
6.454444229185565263e+00
6.425910428868570001e+00
6.397214095549881741e+00
6.368357224665822436e+00
6.339341854790212949e+00
6.310174036414873733e+00
6.280855847478602705e+00
6.251389400816612429e+00
6.221780893445743921e+00
6.192032471461622833e+00
6.162146304924260853e+00
6.132128677558103647e+00
6.101981782486949335e+00
6.071707822445199021e+00
6.041313094145866813e+00
6.010799810944051025e+00
5.980170177759652539e+00
5.949430422960587883e+00
5.918582749643932495e+00
5.887629331318701809e+00
5.856576247718987993e+00
5.825425660185338472e+00
5.794179677839662368e+00
5.762844162372885215e+00
5.731421203972758782e+00
5.699912819093062133e+00
5.668324602323395744e+00
5.636658548570074423e+00
5.604916561808980902e+00
5.573103948321119994e+00
5.541222591666969954e+00
5.509274274854901954e+00
5.477264026633737792e+00
5.445193613237663932e+00
5.413064700958461373e+00
5.380882083620320167e+00
5.348647415148001905e+00
5.316362261814700396e+00
5.284031252260823486e+00
5.251655943732029819e+00
5.219237829601560463e+00
5.186781461431201556e+00
5.154288324336210536e+00
5.121759872824935833e+00
5.089200676165943626e+00
5.056612177981675949e+00
5.023995830377095295e+00
4.991356308861128355e+00
4.958695048674550243e+00
4.926013533583075699e+00
4.893316615352385490e+00
4.860605752495628984e+00
4.827882487657766397e+00
4.795151890607735723e+00
4.762415469602895080e+00
4.729674843119298977e+00
4.696935306631226048e+00
4.664198436398873326e+00
4.631465931508066625e+00
4.598743285831623950e+00
4.566032151720651022e+00
4.533334301324459581e+00
4.500655368498267528e+00
4.467997078930106447e+00
4.435361259519230437e+00
4.402753602610056660e+00
4.370175894265663885e+00
4.337629989999939539e+00
4.305121546863232673e+00
4.272652389898204284e+00
4.240224373073838926e+00
4.207843023846236541e+00
4.175510179012417389e+00
4.143227660813747271e+00
4.111000783220587707e+00
4.078831364768209511e+00
4.046721169329402734e+00
4.014675232413687844e+00
3.982695324550974636e+00
3.950783130761697404e+00
3.918943367080930162e+00
3.887177729286757977e+00
3.855487810585620512e+00
3.823877991695614043e+00
3.792349872007308331e+00
3.760904947539728926e+00
3.729547270698322148e+00
3.698278329306463164e+00
3.667099523364648395e+00
3.636014601806980107e+00
3.605024932700382490e+00
3.574131825939756535e+00
3.543338763141883785e+00
3.512646991198390634e+00
3.482057738444226391e+00
3.451574259842489667e+00
3.421197685616649053e+00
3.390929171715246326e+00
3.360771785604729445e+00
3.330726549979155404e+00
3.300794556623767306e+00
3.270978718661647466e+00
3.241279963476719317e+00
3.211699324985264337e+00
3.182239586469435721e+00
3.152901593685197401e+00
3.123686326687990178e+00
3.094596453928784019e+00
3.065632753166805724e+00
3.036796152478761446e+00
3.008089211638635962e+00
2.979512652717168475e+00
2.951067352069129068e+00
2.922755759726492375e+00
2.894578552123393322e+00
2.866536553169664270e+00
2.838632096999481380e+00
2.810865821661198805e+00
2.783238497538824685e+00
2.755752333805369769e+00
2.728407934419058822e+00
2.701206015285052331e+00
2.674148650568776819e+00
2.647236411673123513e+00
2.620469959498686663e+00
2.593851223664390027e+00
2.567380742256754278e+00
2.541059121190082148e+00
2.514888137506355648e+00
2.488868293554718836e+00
2.463000140797583004e+00
2.437285297720022559e+00
2.411724227553097233e+00
2.386317428237607619e+00
2.361066355935221850e+00
2.335971431085285488e+00
2.311033099270768165e+00
2.286252652660320184e+00
2.261630465491772934e+00
2.237166932221966942e+00
2.212863181156796255e+00
2.188719537585968045e+00
2.164736345996522093e+00
2.140914572373751934e+00
2.117254491201649103e+00
2.093756397972085015e+00
2.070421098900557144e+00
2.047248816761288115e+00
2.024239798782506483e+00
2.001394694612208536e+00
1.978713675300574515e+00
1.956196940288807973e+00
1.933844986245157216e+00
1.911657933224108596e+00
1.889635933141330826e+00
1.867779333510575013e+00
1.846088204677322153e+00
1.824562651168125660e+00
1.803202875380164771e+00
1.782008899614007547e+00
1.760980781150991215e+00
1.740118581603508074e+00
1.719422277119216913e+00
1.698891878045402537e+00
1.678527309984537252e+00
1.658328504947215620e+00
1.638295426989174741e+00
1.618427871085620806e+00
1.598725727191817159e+00
1.579188914186045567e+00
1.559817102529960531e+00
1.540610142249390080e+00
1.521567908719394069e+00
1.502689954764657720e+00
1.483976092650779455e+00
1.465426156498827126e+00
1.447039589044710750e+00
1.428816167009860250e+00
1.410755686016372357e+00
1.392857486711075898e+00
1.375121312528903905e+00
1.357546923705156727e+00
1.340133566922222963e+00
1.322880954606385995e+00
1.305788814867375747e+00
1.288856308286536301e+00
1.272083118541243341e+00
1.255468944790606445e+00
1.239012868733467387e+00
1.222714547490129089e+00
1.206573654133877405e+00
1.190589197738968430e+00
1.174760810940523870e+00
1.159088143106065116e+00
1.143570135789944153e+00
1.128206399050353026e+00
1.112996560348795905e+00
1.097939497636246875e+00
1.083034800112397278e+00
1.068282074551468730e+00
1.053680138159295732e+00
1.039228560802484491e+00
1.024926929298937583e+00
1.010774002182196929e+00
9.967693313386437604e-01
9.829124840425649268e-01
9.692021618121113846e-01
9.556378997735969216e-01
9.422192459666588471e-01
9.289448465384612108e-01
9.158142209936946943e-01
9.028268985630704124e-01
8.899814720247993804e-01
8.772774463705914627e-01
8.647143327512359923e-01
8.522906732126253049e-01
8.400059593551391091e-01
8.278596854009955264e-01
8.158503460771426852e-01
8.039774207533677552e-01
7.922403883277833181e-01
7.806377003894287014e-01
7.691688252831164752e-01
7.578332285785425171e-01
7.466293235267343897e-01
7.355565686846020634e-01
7.246144185389634673e-01
7.138012531695174800e-01
7.031165225864430823e-01
6.925596724964365736e-01
6.821290550396738039e-01
6.718241128918401861e-01
6.616442851334201070e-01
6.515879009707866709e-01
6.416543968987066249e-01
6.318432071971206154e-01
6.221526426916452746e-01
6.125821347723930943e-01
6.031311142976792938e-01
5.937978776884852428e-01
5.845818522264246697e-01
5.754824662441918592e-01
5.664980051498437197e-01
5.576278930462166272e-01
5.488715562042266738e-01
5.402272719249815447e-01
5.316944620226718987e-01
5.232725508627564803e-01
5.149598102327194171e-01
5.067556605422364191e-01
4.986595242713251497e-01
4.906696701774316272e-01
4.827855181763445747e-01
4.750064889288023173e-01
4.673308507220076957e-01
4.597580239389775780e-01
4.522874276916453717e-01
4.449173325633768994e-01
4.376471604262597292e-01
4.304763294238554416e-01
4.234031154609446124e-01
4.164269429756218277e-01
4.095472300711502922e-01
4.027622612284924020e-01
3.960714645636333464e-01
3.894742593844074396e-01
3.829689421357923007e-01
3.765549457279799839e-01
3.702316921487139312e-01
3.639974931910496259e-01
3.578517876450549307e-01
3.517940017647063211e-01
3.458224659254842681e-01
3.399366258186740652e-01
3.341359135348609954e-01
3.284186809895509040e-01
3.227843817048224317e-01
3.172324550510292052e-01
3.117612770753242502e-01
3.063703099499814342e-01
3.010590015615055015e-01
2.958257542699364584e-01
2.906700395981134943e-01
2.855913149371845372e-01
2.805880107272978319e-01
2.756596084224393062e-01
2.708055756541312142e-01
2.660243723212660227e-01
2.613154902745133956e-01
2.566784078913329492e-01
2.521116155594489983e-01
2.476146158840691891e-01
2.431868983022190400e-01
2.388269844140192555e-01
2.345343878371203006e-01
2.303086092322261802e-01
2.261482018654009662e-01
2.220526905316196065e-01
2.180215871680738215e-01
2.140534769198689513e-01
2.101478958373518280e-01
2.063043671055211081e-01
2.025215077474988856e-01
1.987988650666735191e-01
1.951359734069283147e-01
1.915314814836203139e-01
1.879849477786463829e-01
1.844959176608713947e-01
1.810630712056433278e-01
1.776859779378388016e-01
1.743641940852950212e-01
1.710964306548711233e-01
1.678822680328303230e-01
1.647212731213886783e-01
1.616121873951485988e-01
1.585546018925558520e-01
1.555480940026388315e-01
1.525914352350358494e-01
1.496842270644337669e-01
1.468260571934117131e-01
1.440157268286463288e-01
1.412528476798584898e-01
1.385370176212955551e-01
1.358670673654998606e-01
1.332426186906511267e-01
1.306632795464895136e-01
1.281279101402207909e-01
1.256361422027001129e-01
1.231875937179877645e-01
1.207811545664481817e-01
1.184164663772748621e-01
1.160931571855323835e-01
1.138101468985964065e-01
1.115670870550883320e-01
1.093636158118709290e-01
1.071986835970583640e-01
1.050719519321271639e-01
1.029830692112379403e-01
1.009310169658465678e-01
9.891546682625552978e-02
9.693607757077121745e-02
9.499186244612899122e-02
9.308250335453177593e-02
9.120766962125496924e-02
8.936640678847686259e-02
8.755840721098551160e-02
8.578335092416479457e-02
8.404031625724971144e-02
8.232900619430130740e-02
8.064911162954420398e-02
7.899974403411123836e-02
7.738061717237218473e-02
7.579143291857608211e-02
7.423133606656720507e-02
7.270005126666602424e-02
7.119729145540772131e-02
6.972223473070285338e-02
6.827461667289964897e-02
6.685416131450226673e-02
6.546007982553420090e-02
6.409211868746240992e-02
6.275001300586595387e-02
6.143300657448328567e-02
6.014085666795307428e-02
5.887330937921075869e-02
5.762964046734391638e-02
5.640961781251236512e-02
5.521299834227583886e-02
5.403908892769632155e-02
5.288766779133260987e-02
5.175850247394547105e-02
5.065092993253425546e-02
4.956473840171546352e-02
4.849970574664575623e-02
4.745519784019561205e-02
4.643101254267369832e-02
4.542693769208575039e-02
4.444236679679067215e-02
4.347710691343622397e-02
4.253095544663973437e-02
4.160333218696986995e-02
4.069405292896385168e-02
3.980292419413884036e-02
3.892939066864537639e-02
3.807327641132813439e-02
3.723439658121740353e-02
3.641221937999165187e-02
3.560657665555459761e-02
3.481729171091651337e-02
3.404385492824500009e-02
3.328610548016459197e-02
3.254387432221251403e-02
3.181667276211901096e-02
3.110434685520370099e-02
3.040673473598509702e-02
2.972336749294649319e-02
2.905409765436337000e-02
2.839877009247744957e-02
2.775693466521810329e-02
2.712845000464736769e-02
2.651316732377438992e-02
2.591065438775522548e-02
2.532077561013068925e-02
2.474338820096554092e-02
2.417807712653712374e-02
2.362471231042048356e-02
2.308315667466601107e-02
2.255301183489887354e-02
2.203415300559714504e-02
2.152644859601978919e-02
2.102951646339364100e-02
2.054323694502683401e-02
2.006748377086223223e-02
1.960189075800628650e-02
1.914634324562591514e-02
1.870072017064130371e-02
1.826467112995314515e-02
1.783808638425644910e-02
1.742085000824001792e-02
1.701262727109413217e-02
1.661331330677947790e-02
1.622279729251294156e-02
1.584076010311323904e-02
1.546710171949623042e-02
1.510171640818726117e-02
1.474430059150179211e-02
1.439475908198091514e-02
1.405299123174160759e-02
1.371870893015803006e-02
1.339182180596316420e-02
1.307223429040217828e-02
1.275967360964577746e-02
1.245405418261086999e-02
1.215528549924537599e-02
1.186310991972497168e-02
1.157744660735179378e-02
1.129821006684438717e-02
1.102515750023074816e-02
1.075821274216656742e-02
1.049729523729420362e-02
1.024217663763803132e-02
9.992785343653283470e-03
9.749045629156710691e-03
9.510743100984746928e-03
9.277810584433247507e-03
9.050177033393317153e-03
8.827641414048322324e-03
8.610140799859326843e-03
8.397608637435445555e-03
8.189856566100064961e-03
7.986825697452482400e-03
7.788453747792352215e-03
7.594564268433110638e-03
7.405102170826277815e-03
7.220009187284313380e-03
7.039119966767087323e-03
6.862382961802067881e-03
6.689743643790146792e-03
6.521046918926037654e-03
6.356244511729235852e-03
6.195285342189085255e-03
6.038023738581542281e-03
5.884414430002183304e-03
5.734409492570098632e-03
5.587871880098369513e-03
5.444759073174508524e-03
5.305026022466114051e-03
5.168543581312303251e-03
5.035271754775740190e-03
4.905168110113538628e-03
4.778110770531502662e-03
4.654062073458756048e-03
4.532981979109147221e-03
4.414755361677523242e-03
4.299346737776594922e-03
4.186718277560463192e-03
4.076761196557181048e-03
3.969442074199827815e-03
3.864725147857494322e-03
3.762507654371628069e-03
3.662758148191115962e-03
3.565442823490187329e-03
3.470464673001934924e-03
3.377794154225616588e-03
3.287399325726107855e-03
3.199188683378110121e-03
3.113134517819066745e-03
3.029206661410112009e-03
2.947318838394894728e-03
2.867445094180456119e-03
2.789556935512731411e-03
2.713573007140007709e-03
2.639469019014037496e-03
2.567218047141270505e-03
2.496743340742348886e-03
2.428022177486503525e-03
2.361029113714687572e-03
2.295691740408339551e-03
2.231988811355282726e-03
2.169896328560183985e-03
2.109346096438013182e-03
2.050318271253831221e-03
1.992790361319385795e-03
1.936698457217561273e-03
1.882024068245693321e-03
1.828746387269335324e-03
1.776806075980796656e-03
1.726185965487942939e-03
1.676867209911545031e-03
1.628795464068433360e-03
1.581954849082368650e-03
1.536328782993036509e-03
1.491868309742651810e-03
1.448558782552660656e-03
1.406386095302463975e-03
1.365306837284957888e-03
1.325307488544979822e-03
1.286376411659394172e-03
1.248475462698158409e-03
1.211592090372443521e-03
1.175716806733208926e-03
1.140815922477400992e-03
1.106877660172140730e-03
1.073894035033546744e-03
1.041834517485649763e-03
1.010687907499772291e-03
9.804468318466844686e-04
9.510823471739021607e-04
9.225836749821255713e-04
8.949430793784005946e-04
8.681316570352241467e-04
8.421389694855280781e-04
8.169560590657408807e-04
7.925528623644050074e-04
7.689192860492894679e-04
7.460445818669262383e-04
7.238969111135182049e-04
7.024666025816358539e-04
6.817409450729127384e-04
6.616863895494410784e-04
6.422937984581462241e-04
6.235487394247596219e-04
6.054166343660883102e-04
5.878889773721937637e-04
5.709502091972551950e-04
5.545658282571315273e-04
5.387280008531857229e-04
5.234208740733042138e-04
5.086112921780717349e-04
4.942920501389787063e-04
4.804479375060835100e-04
4.670483149074795056e-04
4.540864762415991376e-04
4.415487558044695147e-04
4.294078920649048860e-04
4.176574847038018782e-04
4.062861558909666997e-04
3.952704504724114634e-04
3.846040588065001756e-04
3.742783700185152006e-04
3.642737052858554072e-04
3.545836579825058861e-04
3.452025267728212922e-04
3.361139852962498884e-04
3.273114149763337835e-04
3.187918056301000842e-04
3.105414967614509377e-04
3.025536461661724910e-04
2.948273914783248561e-04
2.873509507428623319e-04
2.801173590911854722e-04
2.731271304693097426e-04
2.663696269790920951e-04
2.598379612299855945e-04
2.535331640812903977e-04
2.474451716431693500e-04
2.415674402664906226e-04
2.359007223047834367e-04
2.304351733027180406e-04
2.251648799388474822e-04
2.200897118271234222e-04
2.151998961702448760e-04
2.104904072815912098e-04
2.059598934600189661e-04
2.015986618604078057e-04
1.974027584443769961e-04
1.933695479897393720e-04
1.894895150569656254e-04
1.857598577924370108e-04
1.821768261504986641e-04
1.787312091492209527e-04
1.754213233553321340e-04
1.722426228016702299e-04
1.691863189855226639e-04
1.662517088560999754e-04
1.634338292943371591e-04
1.607244072703237767e-04
1.581235055460022000e-04
1.556261046061335599e-04
1.532245146793391954e-04
1.509193115310357599e-04
1.487057102059482030e-04
1.465766529231087956e-04
1.445329769396494891e-04
1.425703313679632731e-04
1.406823254588544390e-04
1.388698397209859302e-04
1.371290700369785169e-04
1.354543160595817126e-04
1.338463351369046836e-04
1.323019180999309655e-04
1.308160666867107214e-04
1.293893041039987279e-04
1.280190293870170934e-04
1.267009471193769480e-04
1.254352821296166466e-04
1.242200473962999381e-04
1.230516436470905663e-04
1.219299643729478084e-04
1.208536527365753244e-04
1.198197972808395735e-04
1.188279426862140481e-04
1.178773935590114399e-04
1.169659219575093896e-04
1.160927112492408177e-04
1.152577640373309183e-04
1.144595373999355968e-04
1.136968440189602489e-04
1.129704051041937994e-04
1.122793646565746305e-04
1.116221656200357213e-04
1.110002257415061369e-04
1.104133642063517785e-04
1.098596786951626446e-04
1.093411949084498489e-04
1.088583604044632519e-04
1.084089888536072838e-04
1.079955466321885006e-04
1.076190028476924060e-04
1.072769910593417917e-04
1.069721778864773497e-04
1.067058642676051308e-04
1.064756424151119645e-04
1.062840892311636779e-04
1.061325497831177737e-04
1.060187251193839172e-04
1.059447980240625902e-04
1.059117693032467802e-04
1.059175757269571115e-04
1.059637218355026408e-04
1.060503878612541981e-04
1.061758145321456225e-04
1.063405865563512345e-04
1.065435300194779049e-04
1.067831769326407364e-04
1.070589969277685178e-04
1.073679227764331366e-04
1.077086865541285773e-04
1.080794840024982021e-04
1.084748864254589731e-04
1.088936871944632827e-04
1.093326775920657520e-04
1.097837737917709629e-04
1.102456972041141429e-04
1.107137459814664949e-04
1.111771860470698903e-04
1.116345980234712470e-04
1.120797896600163806e-04
1.124998029609086415e-04
1.128931171859234319e-04
1.132522257675061365e-04
1.135628762108020561e-04
1.138236045150344770e-04
1.140260268929550079e-04
1.141560177434966907e-04
1.142124152997855925e-04
1.141867044663267655e-04
1.140666525834641839e-04
1.138516661919616808e-04
1.135341140463755208e-04
1.131054748365371642e-04
1.125659279121845664e-04
1.119098581656242036e-04
1.111339360602373868e-04
1.102391872718247017e-04
1.092230157507711514e-04
1.080880404853967861e-04
1.068360450890224866e-04
1.054680515705378932e-04
1.039924088738834301e-04
1.024114286528210487e-04
1.007297389712277601e-04
9.896021210865636438e-05
9.710538173405776124e-05
9.517280572653436367e-05
9.317794088352741313e-05
9.112324722648627341e-05
8.901800894953766500e-05
8.687805246205480532e-05
8.470555458708267443e-05
8.251008672619947204e-05
8.030586509831840467e-05
7.809469851004474227e-05
7.588512066417558738e-05
7.368839523063446472e-05
7.150599440978300638e-05
6.934449413582736770e-05
6.721167855336839176e-05
6.510878474383672643e-05
6.304005856737265119e-05
6.101002235039176065e-05
5.901978884849094927e-05
5.707141882108580699e-05
5.516688220586580068e-05
5.330723732876860619e-05
5.149285820541483555e-05
4.972404564489375556e-05
4.800180948343849442e-05
4.632547094162503331e-05
4.469444961976869922e-05
4.310965572033081321e-05
4.156993596447176040e-05
4.007436887624347087e-05
3.862368441376815145e-05
3.721666328625995252e-05
3.585230866025539679e-05
3.453109384162072483e-05
3.325194489442302400e-05
3.201384432176599917e-05
3.081696317378387141e-05
2.966042429489850211e-05
2.854313331622144965e-05
2.746495666160241392e-05
2.642517139986808592e-05
2.542253028458404390e-05
2.445663386240866120e-05
2.352684010009286613e-05
2.263171007224369031e-05
2.177064599092779642e-05
2.094302518210144250e-05
2.014723434655711545e-05
1.938255719029867956e-05
1.864835886176443346e-05
1.794291567541686386e-05
1.726546954341326342e-05
1.661537141588656096e-05
1.599087467542397239e-05
1.539124203063279832e-05
1.481582745593687165e-05
1.426294798162273750e-05
1.373193011287062678e-05
1.322215503181889647e-05
1.273207140861381860e-05
1.226109251053411648e-05
1.180864830002962771e-05
1.137336011121364295e-05
1.095473402905401275e-05
1.055226258279945909e-05
1.016475382358574992e-05
9.791800753422242196e-06
9.432963304705884242e-06
9.087228877601636107e-06
8.754264769679133841e-06
8.433695700766811622e-06
8.124667545140543744e-06
7.826906986804119833e-06
7.540096146774689791e-06
7.263512683440144102e-06
6.996928560374478485e-06
6.740073862084352103e-06
6.492331431691104199e-06
6.253506887562603123e-06
6.023368884330557994e-06
5.801382512513081882e-06
5.587378424269566272e-06
5.381155746869623758e-06
5.182243983870621230e-06
4.990492961204329013e-06
4.805725964922905239e-06
4.627524093763654623e-06
4.455752630447687489e-06
4.290254441347980235e-06
4.130653494469340289e-06
3.976828259514977292e-06
3.828638007755106560e-06
3.685743751026304737e-06
3.548035726418216542e-06
3.415387423348338231e-06
3.287492881950712937e-06
3.164253109899428688e-06
3.045554245735468171e-06
2.931120332916377249e-06
2.820862316715495142e-06
2.714677760497959480e-06
2.612318155439360926e-06
2.513703587742347462e-06
2.418741996087713338e-06
2.327209958202348387e-06
2.239035898929066460e-06
2.154137170063510314e-06
2.072313162082153872e-06
1.993499834545621445e-06
1.917623044325547603e-06
1.844502796037106883e-06
1.774081800482174914e-06
1.706293561935038944e-06
1.640976604628249932e-06
1.578079651409792381e-06
1.517543054485868881e-06
1.459221904170528893e-06
1.403070258347114379e-06
1.349034584991627410e-06
1.296984756327510376e-06
1.246879560178629346e-06
1.198670921050605274e-06
1.152241892531250893e-06
1.107555461420278794e-06
1.064568423311937095e-06
1.023175596844819855e-06
9.833437075093226217e-07
9.450339070630984726e-07
9.081515371862691156e-07
8.726666654200049041e-07
8.385443490998006411e-07
8.056993685764430895e-07
7.741047916628075612e-07
7.437291872907409544e-07
7.144958277847988976e-07
6.863804851800453712e-07
6.593548944438733783e-07
6.333499902695744892e-07
6.083439900651355379e-07
5.843114898632310997e-07
5.611903548593360726e-07
5.389610188048735667e-07
5.176006674416974140e-07
4.970534453112678497e-07
4.773017972966970327e-07
4.583252552346127688e-07
4.400736583596247030e-07
4.225312766719531251e-07
4.056797675230038472e-07
3.894741353628616857e-07
3.739003051123107199e-07
3.589418584812608537e-07
3.445584821532953963e-07
3.307375992393674689e-07
3.174645314138467027e-07
3.047032046854864507e-07
2.924423955294245989e-07
2.806689960554650894e-07
2.693507641428663789e-07
2.584776957121693926e-07
2.480380973202035161e-07
2.380031834468259924e-07
2.283640458190443553e-07
2.191102620645530216e-07
2.102161578565587277e-07
2.016738069563970446e-07
1.934739266168707215e-07
1.855936364484724372e-07
1.780258880268631200e-07
1.707624181624964533e-07
1.637828499354337391e-07
1.570809177712361962e-07
1.506492688425781965e-07
1.444697648139847526e-07
1.385368369229765241e-07
1.328439438663081878e-07
1.273749454117414713e-07
1.221248921084206097e-07
1.170879651432795155e-07
1.122498050786535306e-07
1.076060123542457301e-07
1.031514108150912289e-07
9.887322635817547915e-08
9.476754744727859644e-08
9.082976930577527673e-08
8.704852812784679471e-08
8.342034551022258702e-08
7.994112464152615847e-08
7.660075588117232909e-08
7.339614542656162405e-08
7.032364817918346250e-08
6.737426985595250995e-08
6.454525844770076920e-08
6.183337076860074105e-08
5.923060479920833774e-08
5.673451261085588357e-08
5.434220888894361929e-08
5.204657489719628250e-08
4.984543356016153900e-08
4.773621848913141909e-08
4.571259781192186428e-08
4.377263599428557234e-08
4.191405110553774463e-08
4.013121281157577609e-08
3.842240120323444201e-08
3.678558825250167666e-08
3.521576957553878879e-08
3.371141790859099439e-08
3.227073197847706373e-08
3.088926628440003212e-08
2.956566577101074822e-08
2.829833173750670282e-08
2.708331795801031083e-08
2.591942336647258768e-08
2.480523023865093728e-08
2.373723858510437905e-08
2.271438507403515736e-08
2.173541363288897105e-08
2.079722333688945044e-08
1.989887411432814425e-08
1.903925423959397701e-08
1.821562003960157334e-08
1.742714188927058904e-08
1.667283694612077103e-08
1.595028200295925298e-08
1.525874664257885053e-08
1.459736318503412881e-08
1.396399687878971681e-08
1.335800672662235147e-08
1.277862821385407791e-08
1.222398738794794714e-08
1.169352404061177303e-08
1.118656654840054982e-08
1.070147740874020805e-08
1.023776909651198411e-08
9.794854182012657352e-09
9.371308356366281295e-09
8.966708144551494250e-09
8.580542617359656352e-09
8.211574910704466053e-09
7.859435183042586536e-09
7.523681085280869581e-09
7.203230861260973003e-09
6.897755329332996349e-09
6.606870875142671104e-09
6.329609684048398361e-09
6.065668339421324969e-09
5.814708992054225629e-09
5.575830225823161173e-09
5.348739875627984602e-09
5.133130518762972359e-09
4.928120872545556193e-09
4.733418352989362356e-09
4.548731062433397480e-09
4.373160160587675545e-09
4.206403784744413266e-09
4.048173812932748912e-09
3.897527064732471527e-09
3.754144194386108526e-09
3.617726664872170412e-09
3.487259536772183496e-09
3.362403407985721304e-09
3.242830080484401933e-09
3.127473725204306688e-09
3.016007129347326833e-09
2.907992365458672988e-09
2.802409678721176979e-09
2.699114739307783231e-09
2.597801382687239539e-09
2.498941836266859846e-09
2.402852590976473880e-09
2.310631001481417426e-09
2.222144205725979570e-09
2.135919131618288555e-09
2.050745578138827423e-09
1.960661602729628423e-09
1.864329164803689997e-09
1.758518511430120237e-09
1.644227000973585059e-09
1.524675889109221239e-09
1.401111992553864831e-09
1.278682972399370097e-09
1.158552027133481524e-09
1.039478499357233877e-09
9.250902288994542361e-10
8.206326763905301210e-10
7.175917529620773598e-10
6.225875241187324819e-10
5.609220484571268961e-10
4.732871184291015246e-10
3.741250126787824148e-10
4.234886074037901611e-10
3.167024407189010310e-10
4.707991772129033637e-12
6.288378636626973866e-10
