8.990065208902922207e-07
1.431892984983601675e-07
4.178221489799713554e-07
5.355353418073337607e-07
4.632586836445999815e-07
5.851525508143227129e-07
6.795117128856456235e-07
7.376601507762281040e-07
8.403709041484245749e-07
9.452608972885495093e-07
1.048980449453069401e-06
1.168382361731873285e-06
1.295874321961986621e-06
1.430491512362929714e-06
1.574362961928605097e-06
1.725857436525338980e-06
1.882292669522740609e-06
2.043221497184832891e-06
2.207216151765669134e-06
2.371614466462801485e-06
2.536166598923155083e-06
2.699909581505846914e-06
2.862054963253601121e-06
3.022604911019193132e-06
3.181346622645800224e-06
3.337871863692460392e-06
3.491707745892137871e-06
3.642585351352853153e-06
3.789152195101099299e-06
3.930719446558745215e-06
4.066732760727468953e-06
4.195760150498870424e-06
4.317469557526027956e-06
4.431442073893794338e-06
4.536878184069178221e-06
4.633768245512142703e-06
4.721921702324976690e-06
4.800934958370011125e-06
4.870998475202259724e-06
4.931983175371263030e-06
4.984109252449286134e-06
5.027938351019738048e-06
5.063597057835517446e-06
5.092596833473698948e-06
5.115789894753912029e-06
5.133900922680578105e-06
5.149340511486151250e-06
5.162677747670975022e-06
5.175043556900833547e-06
5.188228525110180954e-06
5.202118207230802296e-06
5.217588924364533207e-06
5.234840545724594607e-06
5.253375134607437157e-06
5.273410939744171981e-06
5.294127189221965096e-06
5.315279703389266188e-06
5.336644067805522136e-06
5.357681940976327119e-06
5.378709431672388167e-06
5.399550756335458534e-06
5.420677537665185750e-06
5.442768044766051857e-06
5.465968460780468222e-06
5.491529848296854262e-06
5.520117038896714039e-06
5.552121455421205099e-06
5.588923659789721354e-06
5.630965081245196372e-06
5.678653710084219165e-06
5.733059017960750609e-06
5.794422319764515126e-06
5.863011735668486372e-06
5.939545029777892425e-06
6.024188275745212588e-06
6.117054717821648439e-06
6.218696542462865193e-06
6.329296649820480719e-06
6.448882432158800897e-06
6.578024560019077407e-06
6.716941711815092412e-06
6.865649665192375603e-06
7.024818729140706284e-06
7.194680428254300108e-06
7.375280647309605076e-06
7.567389921795997445e-06
7.771231386568160429e-06
7.986893756586581683e-06
8.215230188747501869e-06
8.456457476757695281e-06
8.710709594895085293e-06
8.978927548945897044e-06
9.261345185478108238e-06
9.558147812448361034e-06
9.870398350284563814e-06
1.019837985616567481e-05
1.054234261655762409e-05
1.090351943856361941e-05
1.128227159643057675e-05
1.167893300336128208e-05
1.209494994132267701e-05
1.253078128624116938e-05
1.298686403405656813e-05
1.346488559548449690e-05
1.396541129080585722e-05
1.448899842960270949e-05
1.503758506450378540e-05
1.561184430129434464e-05
1.621246757250785204e-05
1.684164073781275575e-05
1.750014385178475432e-05
1.818881313494423403e-05
1.891007825934239658e-05
1.966482939146514450e-05
2.045405625349389219e-05
2.128044095761486018e-05
2.214499668190172065e-05
2.304887508705894463e-05
2.399504557318017815e-05
2.498467107444215008e-05
2.601907520635555701e-05
2.710158653797056045e-05
2.823355991898842123e-05
2.941650432144657040e-05
3.065422236643457318e-05
3.194831704271818923e-05
3.330050102661448686e-05
3.471520893944681456e-05
3.619435824133913324e-05
3.773988977756467599e-05
3.935706560459748161e-05
4.104818854322386394e-05
4.281545890881899519e-05
4.466518950496717923e-05
4.660013830949487346e-05
4.862280355844648391e-05
5.074078899033150890e-05
5.295737234716991001e-05
5.527539545397753586e-05
5.770400077717327656e-05
6.024704413455679580e-05
6.290776394000893474e-05
6.569709223944193287e-05
6.861951773671241741e-05
7.167873636698062986e-05
7.488772615811625257e-05
7.825166687756199529e-05
8.177478254618976092e-05
8.547236980828552702e-05
8.935037128804276764e-05
9.341362282087646454e-05
9.768004687202038437e-05
1.021564463075167031e-04
1.068483716910453781e-04
1.117767362471837247e-04
1.169493371188038685e-04
1.223725703661089029e-04
1.280707849215128355e-04
1.340529495122963000e-04
1.403264747296199247e-04
1.469196828629231561e-04
1.538429330764291998e-04
1.611048674619521720e-04
1.687384044744076172e-04
1.767555407002316425e-04
1.851664194243245447e-04
1.940092255711689268e-04
2.032978418662267570e-04
2.130442300352281047e-04
2.232924866373579495e-04
2.340585938789311270e-04
2.453566772455545181e-04
2.572372623446823859e-04
2.697185678994323496e-04
2.828172213386236848e-04
2.965904525854241663e-04
3.110587440848433982e-04
3.262415088887890276e-04
3.422026193853372911e-04
3.589647267290960370e-04
3.765502084870915415e-04
3.950291443820778286e-04
4.144261589953817672e-04
4.347666288915337973e-04
4.561260945598390204e-04
4.785309243657382642e-04
5.020093696697778456e-04
5.266415639951126581e-04
5.524554699222711078e-04
5.794819538883927163e-04
6.078050894005647495e-04
6.374545270121501463e-04
6.684634211537076112e-04
7.009198339328696339e-04
7.348556512535939916e-04
7.703060387615636275e-04
8.073644346260074696e-04
8.460662151254546952e-04
8.864485038764169031e-04
9.286136210050659548e-04
9.726026837562221430e-04
1.018455184197899046e-03
1.066288839090906654e-03
1.116154045544739482e-03
1.168093859089599628e-03
1.222251822598229053e-03
1.278692671900784469e-03
1.337465407307448758e-03
1.398754452311846931e-03
1.462645515171464563e-03
1.529197550596902858e-03
1.598655691846869982e-03
1.671134546835699453e-03
1.746709032811560479e-03
1.825708689642232966e-03
1.908285462217798557e-03
1.994538339297867707e-03
2.084906361025743674e-03
2.179586369114546070e-03
2.278711214618434674e-03
2.382851595767447161e-03
2.492253990087422901e-03
2.607095411220938189e-03
2.728091424946679170e-03
2.855537830114102029e-03
2.989664597042746355e-03
3.131329600750900385e-03
3.280870564499991857e-03
3.438575017746131526e-03
3.605418776794271692e-03
3.781765823638552192e-03
3.967958804668109650e-03
4.165042069387112252e-03
4.373382200875942059e-03
4.593365237446419592e-03
4.826031141865759315e-03
5.071719587312692977e-03
5.330838255668011137e-03
5.604333770229118737e-03
5.892487538213035843e-03
6.195698578287906627e-03
6.514728491911379697e-03
6.849772651247782763e-03
7.201186471462690981e-03
7.569469588463683708e-03
7.954713190362791911e-03
8.357195532805884036e-03
8.777110790108677563e-03
9.214443061722532580e-03
9.669368419065273168e-03
1.014178196916295897e-02
1.063157730298956195e-02
1.113881875694416358e-02
1.166316958647485406e-02
1.220447101446088707e-02
1.276268694424585216e-02
1.333737992208770644e-02
1.392839786608027902e-02
1.453563915129250407e-02
1.515875482483518798e-02
1.579767576384259395e-02
1.645229283583796512e-02
1.712257788594731892e-02
1.780863115619947881e-02
1.851041322421077828e-02
1.922846846730468309e-02
1.996315259982551701e-02
2.071458501611594949e-02
2.148412241233248199e-02
2.227244842035694047e-02
2.307993170373298999e-02
2.390893188071466224e-02
2.476050441785763653e-02
2.563534563627778082e-02
2.653692029456626925e-02
2.746665748965109247e-02
2.842563223970945296e-02
2.941839413816416463e-02
3.044669738041809459e-02
3.151200440069846370e-02
3.261978820410092045e-02
3.377203113918079286e-02
3.497053855834767605e-02
3.622141372715454583e-02
3.752673766531048477e-02
3.888855917218762837e-02
4.031323487284148993e-02
4.180281322609324252e-02
4.335944453629647644e-02
4.498936790175799699e-02
4.669450816845179680e-02
4.847696249318617784e-02
5.034260927308548822e-02
5.229324272277787594e-02
5.433078485202447183e-02
5.646076552451850805e-02
5.868495755221544291e-02
6.100507125484732479e-02
6.342664901522351850e-02
6.595167362031070790e-02
6.858173819510410274e-02
7.132312187501556322e-02
7.417833961111684749e-02
7.714911281350018968e-02
8.024344446178603707e-02
8.346472408550226207e-02
8.681517550616613121e-02
9.030555236060021362e-02
9.394038213568710327e-02
9.772282148331173923e-02
1.016671280447606213e-01
1.057790471473878252e-01
1.100630402959769799e-01
1.145370225790018348e-01
1.192077760393738806e-01
1.240812495984841973e-01
1.291783372454906320e-01
1.345063971434268535e-01
1.400727520948817362e-01
1.458997344867365709e-01
1.519945996880113226e-01
1.583655972514155796e-01
1.650343333352916331e-01
1.720072021943867269e-01
1.792926629452538945e-01
1.869092955425416536e-01
1.948619819646406903e-01
2.031585696378205019e-01
2.118127969063192673e-01
2.208276686668847189e-01
2.302097237052714018e-01
2.399670728360961125e-01
2.501008717925965463e-01
2.606159907649502894e-01
2.715153944448861489e-01
2.827987910582904774e-01
2.944694623563222646e-01
3.065267413683862019e-01
3.189695055056205319e-01
3.317998898950088593e-01
3.450154330928905111e-01
3.586147550430247577e-01
3.725993785733712205e-01
3.869662290282897543e-01
4.017139319497853855e-01
4.168436437320451327e-01
4.323513415382841951e-01
4.482354482869803647e-01
4.644963761115341594e-01
4.811269980862589168e-01
4.981248913384670463e-01
5.154886173786128456e-01
5.332045149374075033e-01
5.512684914268194403e-01
5.696756777528259041e-01
5.884025458522580410e-01
6.074427247255608231e-01
6.267864687322176609e-01
6.463989253657367318e-01
6.662714325218278555e-01
6.863888357300163001e-01
7.067068417281463510e-01
7.272152673378839971e-01
7.478945668336999253e-01
7.686966472359114677e-01
7.896112310278157187e-01
8.106171088696229043e-01
8.316707315045103188e-01
8.527633804024788988e-01
8.738761105056940259e-01
8.949785971037701460e-01
9.160649773742669533e-01
9.371225867699477519e-01
9.581404409797663613e-01
9.791159770849139354e-01
1.000045552490914647e+00
1.020938760774126264e+00
1.041795747918557113e+00
1.062622267612769900e+00
1.083444139579798238e+00
1.104262826029416722e+00
1.125091143334008059e+00
1.145962513638682623e+00
1.166878090319135586e+00
1.187853337531124653e+00
1.208919313805505880e+00
1.230075670200280191e+00
1.251335440818295286e+00
1.272719415051036362e+00
1.294225439399065314e+00
1.315860063023362114e+00
1.337630443816197667e+00
1.359533251117305497e+00
1.381566808068341645e+00
1.403726360649745208e+00
1.426008549990741558e+00
1.448404430899242312e+00
1.470902561838814293e+00
1.493500559103980940e+00
1.516185218634531706e+00
1.538944218963902877e+00
1.561776398277437083e+00
1.584667992590482077e+00
1.607609280393072160e+00
1.630599549536544624e+00
1.653627394337651380e+00
1.676685248306368337e+00
1.699771278362080862e+00
1.722877609723948877e+00
1.745994840057006448e+00
1.769118271673737697e+00
1.792242876372047045e+00
1.815351998373250231e+00
1.838436942086825843e+00
1.861493685847575241e+00
1.884494358186942664e+00
1.907426369571511460e+00
1.930284851606449470e+00
1.953030568552170498e+00
1.975648568941459571e+00
1.998132331637004988e+00
2.020435650428230812e+00
2.042543770942438996e+00
2.064449259669666414e+00
2.086106458923428164e+00
2.107503458900907845e+00
2.128633861978594943e+00
2.149460000449761043e+00
2.169974400702115336e+00
2.190173733003352829e+00
2.210032020505805495e+00
2.229545981387847764e+00
2.248716018739481015e+00
2.267525650737542975e+00
2.285973852783342419e+00
2.304063081745027386e+00
2.321779304945108091e+00
2.339121345089719473e+00
2.356089994429673151e+00
2.372666186476377614e+00
2.388847412277839588e+00
2.404628878856180041e+00
2.419984218372090101e+00
2.434910712064599192e+00
2.449396475984859656e+00
2.463413998792622461e+00
2.476963260881731799e+00
2.490027999639240708e+00
2.502592014921951158e+00
2.514660668702350943e+00
2.526219749183122421e+00
2.537276074946648752e+00
2.547840651419139402e+00
2.557908476208111015e+00
2.567512627200912778e+00
2.576666928978935012e+00
2.585379585427945770e+00
2.593701749630425102e+00
2.601645726626320432e+00
2.609231413343586325e+00
2.616512710610667813e+00
2.623497323068467502e+00
2.630210554463682904e+00
2.636695340740532689e+00
2.642954860186871979e+00
2.649012027925887303e+00
2.654893839420433554e+00
2.660601773287159855e+00
2.666150635711092676e+00
2.671556026813288742e+00
2.676821024967399154e+00
2.681950496541450679e+00
2.686957445821451795e+00
2.691848018793297381e+00
2.696618782728369634e+00
2.701286470369063775e+00
2.705859252823654248e+00
2.710328991854735303e+00
2.714716575240113006e+00
2.719029729407413054e+00
2.723259891386223597e+00
2.727427836729692689e+00
2.731538590134583444e+00
2.735587442590194929e+00
2.739589688979365167e+00
2.743546560707001536e+00
2.747460709111184674e+00
2.751338460139186370e+00
2.755177343372647414e+00
2.758988734841228752e+00
2.762769505586823993e+00
2.766514435896713753e+00
2.770241402855926793e+00
2.773940168732114575e+00
2.777604432774993359e+00
2.781252541121954636e+00
2.784871652657043839e+00
2.788456665639332588e+00
2.792018484377244647e+00
2.795547167618707807e+00
2.799041171548283913e+00
2.802497820385581928e+00
2.805914691392422444e+00
2.809295174429180530e+00
2.812622248253088930e+00
2.815902626482805093e+00
2.819143987674575857e+00
2.822320961932268002e+00
2.825446890946120337e+00
2.828530884719210103e+00
2.831549919657433190e+00
2.834518190789560688e+00
2.837442254760149662e+00
2.840311917570474520e+00
2.843135882548011750e+00
2.845915024895619094e+00
2.848656933336382036e+00
2.851361091658542346e+00
2.854022220069065252e+00
2.856662442383380185e+00
2.859272817810644352e+00
2.861844520258909785e+00
2.864404482558981613e+00
2.866940153328682683e+00
2.869443474772676250e+00
2.871935137471321564e+00
2.874405192627377925e+00
2.876849996034258172e+00
2.879276965208462880e+00
2.881683263676073192e+00
2.884070867843693708e+00
2.886433224850684098e+00
2.888775711464484086e+00
2.891104693314878293e+00
2.893403784027272163e+00
2.895684678236975174e+00
2.897955930426793003e+00
2.900197045195913592e+00
2.902422755496689266e+00
2.904642074853198253e+00
2.906835550875775720e+00
2.909017539043540435e+00
2.911196385334206216e+00
2.913358198788818854e+00
2.915513604036215067e+00
2.917668747702098830e+00
2.919819785410926460e+00
2.921970170931243782e+00
2.924121169685065524e+00
2.926282636988284391e+00
2.928447975445079621e+00
2.930610495758341205e+00
2.932794070448160983e+00
2.934981439067842146e+00
2.937156618739831249e+00
2.939352235145296532e+00
2.941543781133145075e+00
2.943708455756722131e+00
2.945877157117841261e+00
2.948025780283872077e+00
2.950131465305126266e+00
2.952211189573255457e+00
2.954250459118217709e+00
2.956235442431358162e+00
2.958160251466835700e+00
2.960025222431526881e+00
2.961833016993108192e+00
2.963553393473698616e+00
2.965198794608346233e+00
2.966790526749496948e+00
2.968282431486687134e+00
2.969692440567021752e+00
2.971056507568065275e+00
2.972329493659601862e+00
2.973530750171139214e+00
2.974700792397053206e+00
2.975811590121169470e+00
2.976874268257643674e+00
2.977918806149802311e+00
2.978943417419403161e+00
2.979954220310711221e+00
2.980957701819045624e+00
2.981982378774794995e+00
2.983029084205643056e+00
2.984075170860912340e+00
2.985166554750977586e+00
2.986301730224747430e+00
2.987438974032997407e+00
2.988624137416644455e+00
2.989856414526089523e+00
2.991091348144683248e+00
2.992359752752198343e+00
2.993661569390127841e+00
2.994966183217099509e+00
2.996280937517469933e+00
2.997604468603007888e+00
2.998930931821135015e+00
3.000244483123553518e+00
3.001540490290875329e+00
3.002839111303867270e+00
3.004109487094392961e+00
3.005343942918929923e+00
3.006579499781590226e+00
3.007782842082930230e+00
3.008945602296348110e+00
3.010105926257036657e+00
3.011239700739325897e+00
3.012340676606873657e+00
3.013432858924314228e+00
3.014507606266999762e+00
3.015562388571318753e+00
3.016598951670516726e+00
3.017623536590233524e+00
3.018637326861744796e+00
3.019621627784985662e+00
3.020591868777703137e+00
3.021552002522013947e+00
3.022472714138332517e+00
3.023371136995336439e+00
3.024252711224590495e+00
3.025090333657341812e+00
3.025896541517306471e+00
3.026676595716310647e+00
3.027415964075640176e+00
3.028119160278046618e+00
3.028789205693862119e+00
3.029428282232924374e+00
3.030032756539384753e+00
3.030601953841303153e+00
3.031151960661942812e+00
3.031673726666981761e+00
3.032163649578209164e+00
3.032644094321296890e+00
3.033105063313049854e+00
3.033543448867300096e+00
3.033979062052718945e+00
3.034405482007275889e+00
3.034824131933441027e+00
3.035245574919782641e+00
3.035669664128638701e+00
3.036103622613968156e+00
3.036546158931648254e+00
3.037003031758084060e+00
3.037483911831504457e+00
3.037977401222073492e+00
3.038491952919567751e+00
3.039033290851593350e+00
3.039584828131254302e+00
3.040153382212815725e+00
3.040735339593403364e+00
3.041314888024023499e+00
3.041894018680479039e+00
3.042458909417847579e+00
3.042999253842719298e+00
3.043511624865973264e+00
3.043976177406807704e+00
3.044390077062955058e+00
3.044746396154591306e+00
3.045025994220251775e+00
3.045232519258140869e+00
3.045358604492203636e+00
3.045391517878617282e+00
3.045338527012500407e+00
3.045194362516637110e+00
3.044955109868991983e+00
3.044628582723797106e+00
3.044212620869305663e+00
3.043711331073969628e+00
3.043131119821799846e+00
3.042472501829930120e+00
3.041745348644626201e+00
3.040954179723065920e+00
3.040101163595275935e+00
3.039199877070400291e+00
3.038253260790884980e+00
3.037264431188716696e+00
3.036248972607747731e+00
3.035208189127095224e+00
3.034146030875929156e+00
3.033077476118678728e+00
3.032001055230779674e+00
3.030921540730139530e+00
3.029848588174159030e+00
3.028776150780057907e+00
3.027709152051777153e+00
3.026645811983816881e+00
3.025574500878082773e+00
3.024498677817531345e+00
3.023400674677975797e+00
3.022264659708271850e+00
3.021090680598491840e+00
3.019846199897129324e+00
3.018515435538022373e+00
3.017093967726170334e+00
3.015542723584715201e+00
3.013851811367541433e+00
3.012013190807816709e+00
3.009994892242074727e+00
3.007797762029589261e+00
3.005412927013050961e+00
3.002829062205231381e+00
3.000059112666725536e+00
2.997097012473993072e+00
2.993959434138022235e+00
2.990668333079261831e+00
2.987223305017715713e+00
2.983666674636455962e+00
2.980023028181097988e+00
2.976298412515708591e+00
2.972549651591297692e+00
2.968796953115710568e+00
2.965051277411694830e+00
2.961368642925259476e+00
2.957760007132034019e+00
2.954238172507333005e+00
2.950844801941493234e+00
2.947580416268231307e+00
2.944456383932744004e+00
2.941492579164766585e+00
2.938681370236919221e+00
2.936030375888484922e+00
2.933537613378042419e+00
2.931191484208045761e+00
2.928995039291436786e+00
2.926930073005248989e+00
2.924985160912289661e+00
2.923159330243338072e+00
2.921426367997620677e+00
2.919777725952202641e+00
2.918209786084130286e+00
2.916696186706468907e+00
2.915232110413148447e+00
2.913812935895206291e+00
2.912417869590695929e+00
2.911045259154243059e+00
2.909690977437642712e+00
2.908342810836945791e+00
2.907001063745230152e+00
2.905663218859265484e+00
2.904326125495257926e+00
2.902990852222926410e+00
2.901657068320398380e+00
2.900329067126184324e+00
2.899007825430383267e+00
2.897695110293462051e+00
2.896399458249280912e+00
2.895121272766980614e+00
2.893863625467285150e+00
2.892635253267711537e+00
2.891435815226991224e+00
2.890268349616453847e+00
2.889137979561205327e+00
2.888043725925811600e+00
2.886987114789924647e+00
2.885967293413900236e+00
2.884983025553663705e+00
2.884033247587304505e+00
2.883111118490329527e+00
2.882215738739124955e+00
2.881343226193002760e+00
2.880483149112999186e+00
2.879635560745886114e+00
2.878794497769599392e+00
2.877949785465002464e+00
2.877102787957165564e+00
2.876246863891106731e+00
2.875375753177442650e+00
2.874492002056948881e+00
2.873589771291336969e+00
2.872668602056696496e+00
2.871731582342725630e+00
2.870774641698757179e+00
2.869802476376232647e+00
2.868817800342029489e+00
2.867818460620785270e+00
2.866811554091398317e+00
2.865798636865874105e+00
2.864778916305583678e+00
2.863758416416262165e+00
2.862737267575719446e+00
2.861715213033345862e+00
2.860694681887282709e+00
2.859674794740333592e+00
2.858655255893697955e+00
2.857634501334384236e+00
2.856611606386848745e+00
2.855586245708637616e+00
2.854554771635181343e+00
2.853517348682741428e+00
2.852474228942030177e+00
2.851423089865269489e+00
2.850366035663084663e+00
2.849304827186585953e+00
2.848241991030854958e+00
2.847181795686489547e+00
2.846128361705636323e+00
2.845091330361386284e+00
2.844076625736039698e+00
2.843091138840318610e+00
2.842151754019349497e+00
2.841264955222598143e+00
2.840440171043508766e+00
2.839699365522860841e+00
2.839048228995819656e+00
2.838497829006587647e+00
2.838071293207966139e+00
2.837772303836373577e+00
2.837612134329604796e+00
2.837610438858984896e+00
2.837768164109702784e+00
2.838095071913169676e+00
2.838603230347055639e+00
2.839290819164015378e+00
2.840164429556231607e+00
2.841226109382851472e+00
2.842471952285401837e+00
2.843904175196853235e+00
2.845514807960737524e+00
2.847299062742084885e+00
2.849254401504242917e+00
2.851365381194411075e+00
2.853627706510540651e+00
2.856034736564558418e+00
2.858567983513784938e+00
2.861224759431380438e+00
2.863995934026435375e+00
2.866864977950710269e+00
2.869831294962724044e+00
2.872885443384884052e+00
2.876016852585273842e+00
2.879226690015210366e+00
2.882507312697430990e+00
2.885855796375803806e+00
2.889274020936033693e+00
2.892757527446036203e+00
2.896309869974462270e+00
2.899932213904699907e+00
2.903623515152412793e+00
2.907390240465101083e+00
2.911231531347137302e+00
2.915148808824134630e+00
2.919146796387582565e+00
2.923221882864220245e+00
2.927376217511172829e+00
2.931608698079777753e+00
2.935913075613228784e+00
2.940290359108528762e+00
2.944731502242161625e+00
2.949228546353965807e+00
2.953780017898773647e+00
2.958369390116589059e+00
2.962988431946795842e+00
2.967632785005365648e+00
2.972281164596895398e+00
2.976926559194120969e+00
2.981562303869317532e+00
2.986166283717926806e+00
2.990733819564431517e+00
2.995257197649122460e+00
2.999717290421587190e+00
3.004112221009525907e+00
3.008434681297834867e+00
3.012671169953454964e+00
3.016822416462620726e+00
3.020882711147156119e+00
3.024845156186189765e+00
3.028712416856128797e+00
3.032481038814332397e+00
3.036150205394882118e+00
3.039723676957944321e+00
3.043200343012850251e+00
3.046584055451246886e+00
3.049878950090019192e+00
3.053085941115754931e+00
3.056211974806909648e+00
3.059261142104239273e+00
3.062235896097577292e+00
3.065145086909481620e+00
3.067992665151334730e+00
3.070782175081062437e+00
3.073523763842593848e+00
3.076221368811844048e+00
3.078879311963822918e+00
3.081508883211458993e+00
3.084114193720131514e+00
3.086700144389331157e+00
3.089279149536471980e+00
3.091855594982339195e+00
3.094434786579787655e+00
3.097030069484778991e+00
3.099646044820010715e+00
3.102288182679047157e+00
3.104970236639635228e+00
3.107696819373403141e+00
3.110473222974960095e+00
3.113312823570050014e+00
3.116219983714306085e+00
3.119199421801874816e+00
3.122263335402429174e+00
3.125415631490831903e+00
3.128660123347545063e+00
3.132007337224084864e+00
3.135460668390521732e+00
3.139022900307645969e+00
3.142702966903362150e+00
3.146503879365517786e+00
3.150427580273488903e+00
3.154482146251088803e+00
3.158670474979043519e+00
3.162994187500880461e+00
3.167461733119856238e+00
3.172076201884423075e+00
3.176839639834708962e+00
3.181762197043931817e+00
3.186847353063878341e+00
3.192098337944804243e+00
3.197527887000733759e+00
3.203139822384608593e+00
3.208939053316967716e+00
3.214940812060264719e+00
3.221148894774595650e+00
3.227569864597509053e+00
3.234220061051571005e+00
3.241102583858348485e+00
3.248224959038653825e+00
3.255601980064360745e+00
3.263235213045038829e+00
3.271131829342255326e+00
3.279301649410697461e+00
3.287743937339002276e+00
3.296463818555549263e+00
3.305462839592998581e+00
3.314737546434033177e+00
3.324289386771299704e+00
3.334109576380898332e+00
3.344192126936655018e+00
3.354533752445892247e+00
3.365115543196134595e+00
3.375929875174007222e+00
3.386968702971282053e+00
3.398206005281066755e+00
3.409634040903965602e+00
3.421241243563351464e+00
3.433000070898188927e+00
3.444904476561183149e+00
3.456941767477851091e+00
3.469089926869808327e+00
3.481346211128984347e+00
3.493699862887172713e+00
3.506141067571363568e+00
3.518671259129444895e+00
3.531284567407892094e+00
3.543987635373705203e+00
3.556785838759209728e+00
3.569680168202846726e+00
3.582693940714440473e+00
3.595835060488864698e+00
3.609111692660421422e+00
3.622559437456059239e+00
3.636186446294850327e+00
3.650006465042173520e+00
3.664059183295300670e+00
3.678350468971064657e+00
3.692896461332193514e+00
3.707730985797473178e+00
3.722855584185122968e+00
3.738284824449624733e+00
3.754037649124054354e+00
3.770110330501317275e+00
3.786512201129742738e+00
3.803241731962503369e+00
3.820290357853952212e+00
3.837659810225231727e+00
3.855327421906902696e+00
3.873281450406957926e+00
3.891515557964455141e+00
3.909990226911018496e+00
3.928692916711799654e+00
3.947610674404969711e+00
3.966694996799452699e+00
3.985934958726673027e+00
4.005313843467094514e+00
4.024783337377421333e+00
4.044335947854195368e+00
4.063954577319988992e+00
4.083599196742349946e+00
4.103266580654040929e+00
4.122942257425453505e+00
4.142599708435452222e+00
4.162239769210517970e+00
4.181852552436045478e+00
4.201426653625385477e+00
4.220965957384591682e+00
4.240465794334329352e+00
4.259928181038759476e+00
4.279358638104041823e+00
4.298757150914561009e+00
4.318135270862341279e+00
4.337498761486259014e+00
4.356850915507711086e+00
4.376208144878193096e+00
4.395575395611165170e+00
4.414957651161917518e+00
4.434371966943658094e+00
4.453821885811179548e+00
4.473312643009244027e+00
4.492858962119214539e+00
4.512462850399963976e+00
4.532128805410393646e+00
4.551867724957687322e+00
4.571680270927575229e+00
4.591569734951229442e+00
4.611542971221846976e+00
4.631599641741905415e+00
4.651741799062709681e+00
4.671972862653282377e+00
4.692291851873394926e+00
4.712699814377795171e+00
4.733197684745371170e+00
4.753784122114717015e+00
4.774459497192983903e+00
4.795223175453305231e+00
4.816073637143789554e+00
4.837010869737793151e+00
4.858033347387714862e+00
4.879139468057123175e+00
4.900329031713230421e+00
4.921600012343799513e+00
4.942950771068088223e+00
4.964381009840535874e+00
4.985888354947782375e+00
5.007471154269558689e+00
5.029129018906445481e+00
5.050859220692076157e+00
5.072660110437377412e+00
5.094531164976829452e+00
5.116469202106908476e+00
5.138472584503417373e+00
5.160540584743015025e+00
5.182669413396070901e+00
5.204857440931666801e+00
5.227103651636871184e+00
5.249403465344797404e+00
5.271755241332857445e+00
5.294157584402299221e+00
5.316604938899173405e+00
5.339095627092529384e+00
5.361627786448888600e+00
5.384194750763962922e+00
5.406794790396589612e+00
5.429425511537839810e+00
5.452079124284140654e+00
5.474753864141941762e+00
5.497446795943420561e+00
5.520149189510210164e+00
5.542859309447032423e+00
5.565573754100243242e+00
5.588283280119650698e+00
5.610986292571477740e+00
5.633679102689488793e+00
5.656352615844937759e+00
5.679005518865953839e+00
5.701634115843591921e+00
5.724230278554339968e+00
5.746793114225827281e+00
5.769319267212808633e+00
5.791802408073022157e+00
5.814242161301877765e+00
5.836635867385356669e+00
5.858979669513587396e+00
5.881273730509859909e+00
5.903516379066084063e+00
5.925706584815363165e+00
5.947844975902110143e+00
5.969931030168407204e+00
5.991966472087533191e+00
6.013952231933878956e+00
6.035888922441441373e+00
6.057780507991020080e+00
6.079627993635486227e+00
6.101432929575365982e+00
6.123200639858595196e+00
6.144931954676450481e+00
6.166629012637149465e+00
6.188297408907590835e+00
6.209937574032394103e+00
6.231551798306472101e+00
6.253144849804844974e+00
6.274716600260347832e+00
6.296269048316907480e+00
6.317805220528022403e+00
6.339324361266975849e+00
6.360827806508090099e+00
6.382316255577624275e+00
6.403788352091130953e+00
6.425244529818848527e+00
6.446682971799558182e+00
6.468101827575139851e+00
6.489500548476320851e+00
6.510874992255300420e+00
6.532222972110234060e+00
6.553543029472352011e+00
6.574829180224900149e+00
6.596079075332500707e+00
6.617290536302164128e+00
6.638456382850261406e+00
6.659574262397463862e+00
6.680641531425024482e+00
6.701650483337222575e+00
6.722598882752567562e+00
6.743483885275910694e+00
6.764297836709179279e+00
6.785038691416397150e+00
6.805703631188539937e+00
6.826285469328836619e+00
6.846782375788655450e+00
6.867191719594086585e+00
6.887507009488153642e+00
6.907726620121272809e+00
6.927848193688311618e+00
6.947865993780595772e+00
6.967778566073095980e+00
6.987583844708520786e+00
7.007276784711698348e+00
7.026856059914536878e+00
7.046319866892814865e+00
7.065663720820814397e+00
7.084886381838429337e+00
7.103986253660298900e+00
7.122959261331234693e+00
7.141804216029734143e+00
7.160519667476640926e+00
7.179101814612844912e+00
7.197549492237512503e+00
7.215861342611430196e+00
7.234033731928104061e+00
7.252065497466429811e+00
7.269955334186405160e+00
7.287699697960196232e+00
7.305297411076235647e+00
7.322747194588934860e+00
7.340045536286333494e+00
7.357191227589332527e+00
7.374182998088468111e+00
7.391017318216806409e+00
7.407692933607610719e+00
7.424208568719486756e+00
7.440560627909648339e+00
7.456747798020188611e+00
7.472768784730874359e+00
7.488619876354568383e+00
7.504299691936346939e+00
7.519806903365104489e+00
7.535137636002372297e+00
7.550290438461495057e+00
7.565263933629055693e+00
7.580054048316516635e+00
7.594659266234576656e+00
7.609078148774670147e+00
7.623306408886809216e+00
7.637342479632059700e+00
7.651184854559084592e+00
7.664829044339330544e+00
7.678273453410533023e+00
7.691516509975817151e+00
7.704553563000693828e+00
7.717383015766674959e+00
7.730003243567566074e+00
7.742409500076715467e+00
7.754600217071877744e+00
7.766573738465098131e+00
7.778325307167449409e+00
7.789853411754240398e+00
7.801156392798213268e+00
7.812229574502059570e+00
7.823071526024649280e+00
7.833680615479913456e+00
7.844052336674129045e+00
7.854185356347546332e+00
7.864078099920422282e+00
7.873726305533808478e+00
7.883128746625657435e+00
7.892283931134183916e+00
7.901187895824325125e+00
7.909839522187813721e+00
7.918237418991725285e+00
7.926377952343457878e+00
7.934260106534588353e+00
7.941882601580577905e+00
7.949242140624922293e+00
7.956337800746837274e+00
7.963168416054063670e+00
7.969731014909381628e+00
7.976024754581593434e+00
7.982048579868956217e+00
7.987799818428707788e+00
7.993277694672669575e+00
7.998481256364654790e+00
8.003408096543571659e+00
8.008057495094092815e+00
8.012428592774915259e+00
8.016519211916738996e+00
8.020328678917955756e+00
8.023856217186096984e+00
8.027099844834092224e+00
8.030058929292021475e+00
8.032732767317737554e+00
8.035119545169708388e+00
8.037218669507558033e+00
8.039029503056084991e+00
8.040550380183001167e+00
8.041780748363796860e+00
8.042720031141426418e+00
8.043366698869936826e+00
8.043720244144582310e+00
8.043780148274970898e+00
8.043545012616254652e+00
8.043014380997551172e+00
8.042187791091054194e+00
8.041063975965762722e+00
8.039642537618552964e+00
8.037923069733350800e+00
8.035904441848330748e+00
8.033586320954027471e+00
8.030968356876831749e+00
8.028049562950146267e+00
8.024829677129885042e+00
8.021308405588907675e+00
8.017484914349507719e+00
8.013359016960842851e+00
8.008930476067511961e+00
8.004198620429038513e+00
7.999163342260242615e+00
7.993824460856456149e+00
7.988181479031232435e+00
7.982234369219949777e+00
7.975983007971781724e+00
7.969427085154964452e+00
7.962566653681188988e+00
7.955401648878411613e+00
7.947931962742292633e+00
7.940157727930734488e+00
7.932078941468591715e+00
7.923695714646768806e+00
7.915008258481386783e+00
7.906016636291282929e+00
7.896721197335214271e+00
7.887122229229031056e+00
7.877219867838113565e+00
7.867014719286515856e+00
7.856507145886919119e+00
7.845697363573081340e+00
7.834586252620396429e+00
7.823174248168423439e+00
7.811461654295919210e+00
7.799449639037213444e+00
7.787138708681859534e+00
7.774529263162463621e+00
7.761622766346302882e+00
7.748419794363749169e+00
7.734920849390491071e+00
7.721127692471871029e+00
7.707040968839863559e+00
7.692661287196752795e+00
7.677990700177296013e+00
7.663029922156418650e+00
7.647779670083497905e+00
7.632242276559170868e+00
7.616418526090608765e+00
7.600309242991279746e+00
7.583917024020763620e+00
7.567242725805720660e+00
7.550287276903077327e+00
7.533053520647477797e+00
7.515542388629686599e+00
7.497754908954033404e+00
7.479694154574801246e+00
7.461361135369635633e+00
7.442756973494792483e+00
7.423884957019782682e+00
7.404746177294683207e+00
7.385341844911468279e+00
7.365675451785720362e+00
7.345748173001076964e+00
7.325561302246246242e+00
7.305118526792321099e+00
7.284421105958166720e+00
7.263470411478221145e+00
7.242270318692171749e+00
7.220822169176396521e+00
7.199127407575498516e+00
7.177190088959577885e+00
7.155011632268988286e+00
7.132593549203366301e+00
7.109940062902119884e+00
7.087052661840864687e+00
7.063932917514829768e+00
7.040585204592690438e+00
7.017011070780668547e+00
6.993212138228247277e+00
6.969192911487257724e+00
6.944954985617990850e+00
6.920500022366019799e+00
6.895832630837126942e+00
6.870954441214974118e+00
6.845867142421607099e+00
6.820575422093178020e+00
6.795080934272689888e+00
6.769385382436410303e+00
6.743493510070893926e+00
6.717406985958458421e+00
6.691127516921338447e+00
6.664659887182647680e+00
6.638005774089392297e+00
6.611166879803995755e+00
6.584148025104876290e+00
6.556950892936559860e+00
6.529577177581884939e+00
6.502031744656342482e+00
6.474316282610878659e+00
6.446432480404792109e+00
6.418385268253199882e+00
6.390176342048371261e+00
6.361807393841426794e+00
6.333283446018874940e+00
6.304606204699511274e+00
6.275777378321543587e+00
6.246802110883997727e+00
6.217682121139979756e+00
6.188419150098503962e+00
6.159018487461147551e+00
6.129481865660099338e+00
6.099811074611994677e+00
6.070011561349656581e+00
6.040085071169016828e+00
6.010033456352631198e+00
5.979862314956522873e+00
5.949573402592022831e+00
5.919168641708419720e+00
5.888653754634423088e+00
5.858030503752672757e+00
5.827300881838517022e+00
5.796470689603050452e+00
5.765541692835178367e+00
5.734515946389589836e+00
5.703399269559279894e+00
5.672193429664498687e+00
5.640900527653826657e+00
5.609526336161343885e+00
5.578072624734243590e+00
5.546541518734270149e+00
5.514938683755313598e+00
5.483265895336960405e+00
5.451525278972063404e+00
5.419722347927066863e+00
5.387858890241211895e+00
5.355937008254809228e+00
5.323962040859553824e+00
5.291935796614811061e+00
5.259860335864475545e+00
5.227740828630204284e+00
5.195579111531567484e+00
5.163377191139446154e+00
5.131140101045067681e+00
5.098869710564728486e+00
5.066567969084997181e+00
5.034239827410912582e+00
5.001887186915785932e+00
4.969511944457707386e+00
4.937119032876128522e+00
4.904710377895050044e+00
4.872287834717575983e+00
4.839856381590814216e+00
4.807417953080411976e+00
4.774974376781913499e+00
4.742530725346946419e+00
4.710088919492904758e+00
4.677650772796329903e+00
4.645221476143047035e+00
4.612802908566464133e+00
4.580396879266356969e+00
4.548008689483785894e+00
4.515640146808768129e+00
4.483293059131411518e+00
4.450972797511508539e+00
4.418681070339514072e+00
4.386419679458943399e+00
4.354193997482027179e+00
4.322005611820494586e+00
4.289856306152805665e+00
4.257751368598364117e+00
4.225692253097903084e+00
4.193680707643690830e+00
4.161721845178406376e+00
4.129816984988701201e+00
4.097967819569233505e+00
4.066179205245494366e+00
4.034452337102061747e+00
4.002788833621270470e+00
3.971193234373729286e+00
3.939666630851902607e+00
3.908210553619630989e+00
3.876829194732370087e+00
3.845523569801706287e+00
3.814295114535328768e+00
3.783147674850598108e+00
3.752082221167027054e+00
3.721100095318237155e+00
3.690204827785892316e+00
3.659397372976476603e+00
3.628678987148582724e+00
3.598052937816551999e+00
3.567520186947668037e+00
3.537081918871658903e+00
3.506741201746910175e+00
3.476499020029307996e+00
3.446356502239010577e+00
3.416316580398115477e+00
3.386380266194315869e+00
3.356548647775865479e+00
3.326824573566059318e+00
3.297209077164325652e+00
3.267703218308222191e+00
3.238309796359164938e+00
3.209029853082573158e+00
3.179864426374406694e+00
3.150816279720306756e+00
3.121886443637155839e+00
3.093075934617993017e+00
3.064387472865927275e+00
3.035822055886958193e+00
3.007380673552784156e+00
2.979065979002150311e+00
2.950878915909116440e+00
2.922820438122618381e+00
2.894893098022997435e+00
2.867097768306611005e+00
2.839435355304250397e+00
2.811908274268487329e+00
2.784517315263006498e+00
2.757263325752903338e+00
2.730148551423395187e+00
2.703173694279415784e+00
2.676339533679907401e+00
2.649648122127021388e+00
2.623100074076566646e+00
2.596696094999442206e+00
2.570438032010326168e+00
2.544326417348653724e+00
2.518361880851237355e+00
2.492546063656441380e+00
2.466879424324720294e+00
2.441362519153832622e+00
2.415996792523177117e+00
2.390782639275166321e+00
2.365720547281754627e+00
2.340811780033626999e+00
2.316056678403318525e+00
2.291455668754468267e+00
2.267009852506697065e+00
2.242719524832351041e+00
2.218585057973700092e+00
2.194607409533522624e+00
2.170786835001805581e+00
2.147123659149435593e+00
2.123618710712916968e+00
2.100272209003095192e+00
2.077084436341522178e+00
2.054056102611210299e+00
2.031187392114477408e+00
2.008478547645096590e+00
1.985930164862869107e+00
1.963542392405032366e+00
1.941315434321009059e+00
1.919249771905943369e+00
1.897345516332737070e+00
1.875602831891000521e+00
1.854022081978614844e+00
1.832603338085718292e+00
1.811346722534332265e+00
1.790252475690604861e+00
1.769320627371913313e+00
1.748551255271379112e+00
1.727944471821394323e+00
1.707500263897880899e+00
1.687218662185707929e+00
1.667099648084173102e+00
1.647143165278638577e+00
1.627349195964809203e+00
1.607717590300993260e+00
1.588248249651377675e+00
1.568941107555487768e+00
1.549795886111070109e+00
1.530812446271450966e+00
1.511990674239144239e+00
1.493330170519180600e+00
1.474830758392308150e+00
1.456492279456609973e+00
1.438314221762879930e+00
1.420296374187358657e+00
1.402438537585030121e+00
1.384740098373683947e+00
1.367200814491122074e+00
1.349820450602230659e+00
1.332598302816336178e+00
1.315534101478416540e+00
1.298627579793580678e+00
1.281877954206068759e+00
1.265284930426559207e+00
1.248848214595838835e+00
1.232566952435595331e+00
1.216440827406231495e+00
1.200469522208207795e+00
1.184652118361565476e+00
1.168988278793366531e+00
1.153477665313626943e+00
1.138119299004114460e+00
1.122912823313924724e+00
1.107857880506843973e+00
1.092953432311953188e+00
1.078199103189711350e+00
1.063594516047815297e+00
1.049138572140736692e+00
1.034830877030517460e+00
1.020671033526055149e+00
1.006657879861604155e+00
9.927910026036350644e-01
9.790699831404207076e-01
9.654935936955023612e-01
9.520614017797641715e-01
9.387729658907271180e-01
9.256269898340631075e-01
9.126230222463099784e-01
8.997605975573638171e-01
8.870383502559144873e-01
8.744558106805685460e-01
8.620124886944071640e-01
8.497069507610066630e-01
8.375387099746594011e-01
8.255072520784154655e-01
8.136110793331390312e-01
8.018496891200733723e-01
7.902225445665299608e-01
7.787280900327532285e-01
7.673658091190965758e-01
7.561351448388751173e-01
7.450344920098260770e-01
7.340633226484206686e-01
7.232210629357177512e-01
7.125060678453304375e-01
7.019178001044168447e-01
6.914556727902145816e-01
6.811180111932094716e-01
6.709042709774665214e-01
6.608138559038794213e-01
6.508450713192613923e-01
6.409973678480817005e-01
6.312701434095291386e-01
6.216616919840899369e-01
6.121714608960778792e-01
6.027988450935866105e-01
5.935421341240993964e-01
5.844007734472678184e-01
5.753741571430022184e-01
5.664605754496028212e-01
5.576594731293252893e-01
5.489702447125947016e-01
5.403911845848531348e-01
5.319217377836539251e-01
5.235612999442734727e-01
5.153081717679021123e-01
5.071617994327006773e-01
4.991215798874207299e-01
4.911858215363687497e-01
4.833539725324015879e-01
4.756254311632792109e-01
4.679985146512488647e-01
4.604726739732573626e-01
4.530473088460975628e-01
4.457207465543409075e-01
4.384924417721969836e-01
4.313617959825524206e-01
4.243271481318460214e-01
4.173879574616919386e-01
4.105436278921481552e-01
4.037925120159507331e-01
3.971340744593748195e-01
3.905677225699948907e-01
3.840918248196754647e-01
3.777058519282102123e-01
3.714092158809822464e-01
3.652003032729542742e-01
3.590785914741809193e-01
3.530434983882167477e-01
3.470934307309236910e-01
3.412278729083037532e-01
3.354462499332149794e-01
3.297469901912672419e-01
3.241295853504531643e-01
3.185934685040880399e-01
3.131370907103825374e-01
3.077599510050017528e-01
3.024614912373806419e-01
2.972401856225730388e-01
2.920955406074002281e-01
2.870270071680660062e-01
2.820330827802238205e-01
2.771132813474678214e-01
2.722670630896554811e-01
2.674929486767176345e-01
2.627904595742845406e-01
2.581590652031623412e-01
2.535973094229665992e-01
2.491047214664879605e-01
2.446807798656773503e-01
2.403240519297949185e-01
2.360340749806149052e-01
2.318103366299590073e-01
2.276514282958335411e-01
2.235568958197745315e-01
2.195262359990458878e-01
2.155580654631233939e-01
2.116519390838123293e-01
2.078073631248142095e-01
2.040229809247551263e-01
2.002983569313694368e-01
1.966330073266670808e-01
1.930256039226484199e-01
1.894757212714906769e-01
1.859828860533290495e-01
1.825458004010720725e-01
1.791640494305004327e-01
1.758371709569660490e-01
1.725638991579346027e-01
1.693438300574164890e-01
1.661765132158014857e-01
1.630607162552345779e-01
1.599960463054087012e-01
1.569820651703176806e-01
1.540175748293940716e-01
1.511021935519123449e-01
1.482354957023188369e-01
1.454163179358843316e-01
1.426442895334983640e-01
1.399189975082514026e-01
1.372393128803466589e-01
1.346048756720498452e-01
1.320152853874062837e-01
1.294694465116115190e-01
1.269670094311529662e-01
1.245075857519902102e-01
1.220901120469786300e-01
1.197142486299288405e-01
1.173796186324920776e-01
1.150851890299969260e-01
1.128306296204471676e-01
1.106155743657534912e-01
1.084390188574265307e-01
1.063006419817484199e-01
1.042000877991795110e-01
1.021363788482789331e-01
1.001092028016878493e-01
9.811821313759278018e-02
9.616245799182156218e-02
9.424163364966157974e-02
9.235540245722684283e-02
9.050283727749648677e-02
8.868364298018545366e-02
8.689749042337809037e-02
8.514347690468894447e-02
8.342131599371903350e-02
8.173068693600232804e-02
8.007071177217106595e-02
7.844111301026873706e-02
7.684157839810766555e-02
7.527125557493108410e-02
7.372987631230142058e-02
7.221713719229126693e-02
7.073221273261572073e-02
6.927484433214164961e-02
6.784473790754728950e-02
6.644109638342336754e-02
6.506367113541360048e-02
6.371217801493855859e-02
6.238584992451882277e-02
6.108444849991880726e-02
5.980770014786788297e-02
5.855486915187652769e-02
5.732572758040166416e-02
5.612001295613257973e-02
5.493702198799218367e-02
5.377653720623298828e-02
5.263830767820229517e-02
5.152166307435826487e-02
5.042639625475488913e-02
4.935226807204080163e-02
4.829864109229064367e-02
4.726531821093264002e-02
4.625207208355203159e-02
4.525829747366976602e-02
4.428380686956515794e-02
4.332838451300443511e-02
4.239145606792483340e-02
4.147284305260925258e-02
4.057234085572625909e-02
3.968940423592311889e-02
3.882386309606469105e-02
3.797552334230660381e-02
3.714386664828232126e-02
3.632873061695649636e-02
3.552993090073920668e-02
3.474697369759813248e-02
3.397970363184409787e-02
3.322794524755998818e-02
3.249122683917927273e-02
3.176939942109223425e-02
3.106229555343564472e-02
3.036946332871158158e-02
2.969075960260844985e-02
2.902602411462661472e-02
2.837482273032189417e-02
2.773701770577121847e-02
2.711245521418940985e-02
2.650071725122993271e-02
2.590167115433180192e-02
2.531516891570234976e-02
2.474080746547578299e-02
2.417845902736182398e-02
2.362798095352408936e-02
2.308898437884201668e-02
2.256134633282056226e-02
2.204492923261062998e-02
2.153935812730918900e-02
2.104451486729320628e-02
2.056026679624615994e-02
2.008625296020283280e-02
1.962236011469032163e-02
1.916846052648859752e-02
1.872420759875597501e-02
1.828949311500756639e-02
1.786419436451286771e-02
1.744797963139319008e-02
1.704074585681928863e-02
1.664237551598365950e-02
1.625255234234314339e-02
1.587117854148854465e-02
1.549814196105618776e-02
1.513314228455678832e-02
1.477608704078607615e-02
1.442686962059048193e-02
1.408520599583425355e-02
1.375100901091396571e-02
1.342417772181755085e-02
1.310444449507319753e-02
1.279172740615071822e-02
1.248593122464096601e-02
1.218680454614679172e-02
1.189427051345474939e-02
1.160823957007694508e-02
1.132847609395448533e-02
1.105490805766570772e-02
1.078745144641868152e-02
1.052588571179990419e-02
1.027014335694130358e-02
1.002014568905894125e-02
9.775686305471363927e-03
9.536701895846537436e-03
9.303118795148085374e-03
9.074743658788205977e-03
8.851516993929166646e-03
8.633369812878407060e-03
8.420120650254147091e-03
8.211713457047098777e-03
8.008083537777934205e-03
7.809060105754183669e-03
7.614590196486938772e-03
7.424613008740303666e-03
7.238967276144067479e-03
7.057602789632592445e-03
6.880462251577033027e-03
6.707392852338896899e-03
6.538346850970800338e-03
6.373270087013997026e-03
6.212017277233667679e-03
6.054542910189318443e-03
5.900795633112917472e-03
5.750636916117186394e-03
5.604023289962075695e-03
5.460905925770225509e-03
5.321152442901403053e-03
5.184721277716216985e-03
5.051565892633718725e-03
4.921559624289002267e-03
4.794662726403695757e-03
4.670830774898796986e-03
4.549942562502088707e-03
4.431960117665604236e-03
4.316841009578246263e-03
4.204469393123868269e-03
4.094809071964179009e-03
3.987819548034330676e-03
3.883390404898520113e-03
3.781487262307160844e-03
3.682071554430576838e-03
3.585038505450780649e-03
3.490355627925739290e-03
3.397986343334288058e-03
3.307831842635781255e-03
3.219861635025559124e-03
3.134041226887283437e-03
3.050278161406070818e-03
2.968544060486306979e-03
2.888806630370529052e-03
2.810980129850900681e-03
2.735038400507299166e-03
2.660951442713971327e-03
2.588640471351855241e-03
2.518081620045105242e-03
2.449247210404439414e-03
2.382065429917448480e-03
2.316514717574424780e-03
2.252569632546981213e-03
2.190165056070230050e-03
2.129281670293314572e-03
2.069896054375062067e-03
2.011949200252011443e-03
1.955423893185880262e-03
1.900298397742267859e-03
1.846519006024403007e-03
1.794070402732658026e-03
1.742932155929007325e-03
1.693054979797270704e-03
1.644425217947858252e-03
1.597023430398728959e-03
1.550804013308265976e-03
1.505754720824366982e-03
1.461856999433044013e-03
1.419068506270274943e-03
1.377378167857877837e-03
1.336768518286889649e-03
1.297200449368094040e-03
1.258663829584164961e-03
1.221142794376426548e-03
1.184601751953604822e-03
1.149031267966906704e-03
1.114417779314007999e-03
1.080729554446202383e-03
1.047957569222192136e-03
1.016091201833729850e-03
9.851026590962511705e-04
9.549829872148501769e-04
9.257247896920583292e-04
8.973037450389093755e-04
8.697106034981747121e-04
8.429408894622775162e-04
8.169726421458194934e-04
7.917959912386503827e-04
7.674084263872236198e-04
7.437887403917139767e-04
7.209262513328070941e-04
6.988189647843856588e-04
6.774446866989225794e-04
6.567919455158490946e-04
6.368576613487039956e-04
6.176172310646722710e-04
5.990586574383292232e-04
5.811764341816228179e-04
5.639428205834545954e-04
5.473457569991576656e-04
5.313765702925244295e-04
5.160045158173228027e-04
5.012180274096870395e-04
4.870052802179102264e-04
4.733334382910606608e-04
4.601919418841213011e-04
4.475665180115323137e-04
4.354236483090824657e-04
4.237541313222389808e-04
4.125423942858442712e-04
4.017557736759828761e-04
3.913865541852198731e-04
3.814191361084038191e-04
3.718230453209263407e-04
3.625919624650525332e-04
3.537113689255262389e-04
3.451539004894921703e-04
3.369143875410676031e-04
3.289801520594754555e-04
3.213273784891765186e-04
3.139517327999812621e-04
3.068427333387409024e-04
2.999801197159640683e-04
2.933600932598655385e-04
2.869743709092019055e-04
2.808059368052091636e-04
2.748512955556480452e-04
2.691041185984131986e-04
2.635501363923479731e-04
2.581860140491016014e-04
2.530070013178038020e-04
2.480009991832979061e-04
2.431647756965791315e-04
2.384947370685668630e-04
2.339803794261034438e-04
2.296185852994616576e-04
2.254064962979226972e-04
2.213346795562197867e-04
2.174001951376161341e-04
2.136005153416731044e-04
2.099268427455999850e-04
2.063765136613559127e-04
2.029469503685617248e-04
1.996296806229771363e-04
1.964224336926940866e-04
1.933222500268030571e-04
1.903208379219902913e-04
1.874164292379256489e-04
1.846054559349562783e-04
1.818798626913118582e-04
1.792384525563186940e-04
1.766770073828857009e-04
1.741879733460330228e-04
1.717707156927360767e-04
1.694205814516901686e-04
1.671309526445716881e-04
1.649016440145920472e-04
1.627280589643181061e-04
1.606050195773151359e-04
1.585325718990132464e-04
1.565068729183339657e-04
1.545246144944267916e-04
1.525857801632294329e-04
1.506880210672806016e-04
1.488301056026955298e-04
1.470116428159866167e-04
1.452323462057770402e-04
1.434929458759424861e-04
1.417924163905180267e-04
1.401327336120261949e-04
1.385161465123439643e-04
1.369408500131838360e-04
1.354108145017507198e-04
1.339291310453980010e-04
1.324932224520879935e-04
1.311083587191516923e-04
1.297777239262322207e-04
1.284981321542903070e-04
1.272752023304986183e-04
1.261115590675562868e-04
1.250036956771122937e-04
1.239566147287020684e-04
1.229719421247826600e-04
1.220462059765862681e-04
1.211830390224187277e-04
1.203828744836362070e-04
1.196426300618436042e-04
1.189641663144074988e-04
1.183467286012554682e-04
1.177879144876050965e-04
1.172877805438817976e-04
1.168444988165148486e-04
1.164565275391316388e-04
1.161223716762442223e-04
1.158392673494751320e-04
1.156065871367426982e-04
1.154216771657174664e-04
1.152809458245529088e-04
1.151846163964905580e-04
1.151292671792944917e-04
1.151105504356334614e-04
1.151293881862775577e-04
1.151818868028694668e-04
1.152630033528527151e-04
1.153741529260392333e-04
1.155111475592404875e-04
1.156683359205956251e-04
1.158473941862726435e-04
1.160439389780100103e-04
1.162518479052593870e-04
1.164728137393301020e-04
1.167023510902800396e-04
1.169340532200420908e-04
1.171693757889821693e-04
1.174038869216184242e-04
1.176311029574162462e-04
1.178519829009142851e-04
1.180623938697880306e-04
1.182559578617316216e-04
1.184328875334730462e-04
1.185896555439339817e-04
1.187201041852106043e-04
1.188234947693327467e-04
1.188971949373519290e-04
1.189352951539561520e-04
1.189359957611005542e-04
1.188977341608823799e-04
1.188148116070940899e-04
1.186844060567623964e-04
1.185060092912808592e-04
1.182740947873633827e-04
1.179850403413928403e-04
1.176391693965755052e-04
1.172311788458946263e-04
1.167570519773996322e-04
1.162175702512203648e-04
1.156078813462326280e-04
1.149241175973868788e-04
1.141671101189994155e-04
1.133329051539835500e-04
1.124183781648642710e-04
1.114241038035033998e-04
1.103476669980941728e-04
1.091872187071035445e-04
1.079429811596099701e-04
1.066148007010071585e-04
1.052024638622460587e-04
1.037059923162992779e-04
1.021281263124932428e-04
1.004703955285674504e-04
9.873297191498168514e-05
9.692183992219149285e-05
9.504009993368644615e-05
9.308850374004957887e-05
9.107619439958056001e-05
8.900742450601487716e-05
8.688388330876924235e-05
8.471728771558088833e-05
8.251246536100880055e-05
8.027219888108128802e-05
7.800975084945538319e-05
7.572990603959264203e-05
7.343642881155464401e-05
7.114282400382145174e-05
6.885329268279114293e-05
6.657221911017318717e-05
6.431201104044700261e-05
6.207591069088972866e-05
5.986840143381915255e-05
5.769966546454978885e-05
5.557181773134541291e-05
5.348889266970691846e-05
5.145811894397443531e-05
4.948051270396047101e-05
4.755921304858663572e-05
4.569825520005648284e-05
4.389773245550747729e-05
4.215963242651090743e-05
4.048501870266797757e-05
3.887331631855586733e-05
3.732532409239532176e-05
3.583969909986254074e-05
3.441546439966025579e-05
3.305238214007496296e-05
3.174744509133654196e-05
3.049950292199480109e-05
2.930755445079804409e-05
2.816768271748383749e-05
2.707872963489552575e-05
2.603924492404764940e-05
2.504504384834979470e-05
2.409506012451595710e-05
2.318768090228382243e-05
2.231891588795495725e-05
2.148783568781195634e-05
2.069288096088385355e-05
1.993052696229104750e-05
1.919998941186644250e-05
1.849989392481862186e-05
1.782728979111223303e-05
1.718152596073022360e-05
1.656146811516335477e-05
1.596473324077217482e-05
1.539078378302041289e-05
1.483872497196707611e-05
1.430666966928628671e-05
1.379417331875709074e-05
1.330054804772575845e-05
1.282430513662605579e-05
1.236507482723115683e-05
1.192233111959403785e-05
1.149488693021570167e-05
1.108243210973047728e-05
1.068455836038220317e-05
1.030029787564420106e-05
9.929387694525770928e-06
9.571500699833838569e-06
9.225825016403977905e-06
8.892134808111993864e-06
8.570157269180892799e-06
8.259191298788938384e-06
7.959040168618546199e-06
7.669467369052021069e-06
7.389852326852756595e-06
7.120021228970945338e-06
6.859762726557303262e-06
6.608517578155443616e-06
6.366130298138031985e-06
6.132408321309588792e-06
5.906842105420532890e-06
5.689291241318310522e-06
5.479578553056203641e-06
5.277237364591836815e-06
5.082140121047367109e-06
4.894123333943494872e-06
4.712759154485109180e-06
4.537931380603698283e-06
4.369489356329910207e-06
4.207041465967525585e-06
4.050481813316124980e-06
3.899672061047697580e-06
3.754254842053035359e-06
3.614133773273064211e-06
3.479182391279854016e-06
3.349075740983692318e-06
3.223726282844081026e-06
3.103018927888882225e-06
2.986659233920694275e-06
2.874567885199794156e-06
2.766640575733635377e-06
2.662611357278426231e-06
2.562408535537707487e-06
2.465937911828471871e-06
2.372959916840584328e-06
2.283409884260772526e-06
2.197202989824252470e-06
2.114123888371554023e-06
2.034114360106771608e-06
1.957098196083622576e-06
1.882882141107905136e-06
1.811413859269720187e-06
1.742624999060747931e-06
1.676342332184864494e-06
1.612518869433974117e-06
1.551093381057298269e-06
1.491910709978453551e-06
1.434928706879642197e-06
1.380092564672159239e-06
1.327263371960524762e-06
1.276403345976648608e-06
1.227463448674029719e-06
1.180319330966703008e-06
1.134937138398561789e-06
1.091272998641914946e-06
1.049215588060154219e-06
1.008734577956694849e-06
9.697907106996940925e-07
9.322842968552661609e-07
8.961881664489595940e-07
8.614671779112227724e-07
8.280320258951224726e-07
7.958583668618838000e-07
7.649147277969482395e-07
7.351210714044179468e-07
7.064555817563742154e-07
6.788900557209114361e-07
6.523527331100040126e-07
6.268240584678848010e-07
6.022787455895477600e-07
5.786524350989750607e-07
5.559275943516397820e-07
5.340815430539507718e-07
5.130565495581752749e-07
4.928368932952011103e-07
4.734022265613450052e-07
4.547007636548544894e-07
4.367184094971123157e-07
4.194369088501832840e-07
4.028098196359081557e-07
3.868245069798182319e-07
3.714645966733880315e-07
3.566884561502388796e-07
3.424847639659258267e-07
3.288388398985336579e-07
3.157133847756794273e-07
3.030982597266190001e-07
2.909803119789095637e-07
2.793261487569977424e-07
2.681266965169774919e-07
2.573701805562983103e-07
2.470267292456539033e-07
2.370882287636081612e-07
2.275441475132123855e-07
2.183677856367448433e-07
2.095518934640333996e-07
2.010870598188280288e-07
1.929494386241138769e-07
1.851325575536448502e-07
1.776280138626917293e-07
1.704145253178236546e-07
1.634863179212103727e-07
1.568358949424504957e-07
1.504442736749095837e-07
1.443063064928058534e-07
1.384153090589374738e-07
1.327543576860116631e-07
1.273188656665454629e-07
1.221028756886353920e-07
1.170913049475882820e-07
1.122800682624441379e-07
1.076638578185767442e-07
1.032292346581857532e-07
9.897256142084733179e-08
9.488910973397946826e-08
9.096690730578257659e-08
8.720271622536871180e-08
8.359232460049368051e-08
8.012506817046518838e-08
7.679806508692935827e-08
7.360756364504887120e-08
7.054406612216442609e-08
6.760500796574505267e-08
6.478704755276103044e-08
6.208172785764748965e-08
5.948676709980685542e-08
5.699918928765751452e-08
5.461146636910602990e-08
5.232156867200543214e-08
5.012684647618064125e-08
4.802060157718884924e-08
4.600102923838370050e-08
4.406577116863590406e-08
4.220887105304584815e-08
4.042872507603380590e-08
3.872323550119541762e-08
3.708710985759456617e-08
3.551892413082301204e-08
3.401681374509012603e-08
3.257608095214367346e-08
3.119546314043421240e-08
2.987330460690803018e-08
2.860544147857825933e-08
2.739075677101383321e-08
2.622778227401549096e-08
2.511283506602504856e-08
2.404493049374994299e-08
2.302276937866903665e-08
2.204310438236762726e-08
2.110507189855716290e-08
2.020752635810215974e-08
1.934761702275775294e-08
1.852459085199166055e-08
1.773744335066855399e-08
1.698368463486644082e-08
1.626266032095356093e-08
1.557349621808703787e-08
1.491402487628201545e-08
1.428367439438439605e-08
1.368168918543602771e-08
1.310617567826149311e-08
1.255662215341950910e-08
1.203237524524407162e-08
1.153175194459721504e-08
1.105427357917170843e-08
1.059936562012045394e-08
1.016548080318879427e-08
9.752146401585889453e-09
9.358838082008227068e-09
8.984067420416335782e-09
8.627345746813081840e-09
8.288168299953567257e-09
7.965031326977051988e-09
7.657416314516891404e-09
7.364802377806323940e-09
7.085599915675408014e-09
6.819262069968400255e-09
6.565204937620505487e-09
6.321719148569215873e-09
6.088269618136712877e-09
5.864170055961196241e-09
5.647691348683537486e-09
5.438414630991566823e-09
5.235585117475249852e-09
5.037777977764784325e-09
4.844835043204504540e-09
4.656099617316026845e-09
4.470934303848098507e-09
4.289527868554460930e-09
4.111637770134393557e-09
3.937730126190997648e-09
3.768158256993368921e-09
3.603329364605557032e-09
3.444057495523931964e-09
3.290227884145776070e-09
3.142323329509656957e-09
2.999896389912358765e-09
2.862125570450009243e-09
2.728923492404783776e-09
2.598383819615001123e-09
2.469540444547309643e-09
2.341256931602956926e-09
2.211533552136228681e-09
2.080863729289916790e-09
1.947723062511948536e-09
1.813127041145264822e-09
1.680316053715267273e-09
1.543132085081615128e-09
1.402336956217165583e-09
1.272097234712838842e-09
1.114635936659435126e-09
9.385106009090949475e-10
8.328580251808909041e-10
6.324190975528533625e-10
3.973738996685893599e-10
6.189363278836467431e-10
