7.750259410261697327e-13
-9.498748812352826689e-13
1.571705348995517652e-13
5.330677988744195469e-13
-1.420220364655900953e-13
2.430146356248220347e-13
5.959717921797380213e-13
6.111900514035154453e-13
1.032342434265219757e-12
1.433866470165946012e-12
1.926682063306461520e-12
2.935655589974575336e-12
4.481590152287637229e-12
5.814085807000145501e-12
7.130450767564419168e-12
7.685946458760373358e-12
1.046578444349480610e-11
1.788376842219571933e-11
3.252653285591279362e-11
5.352684356218850328e-11
8.072695165596480424e-11
1.068195220962162735e-10
1.353044254773470639e-10
1.810569481916587709e-10
2.572295114999127379e-10
3.649282331315348049e-10
5.204621705508704713e-10
6.645672424986646010e-10
7.127067382545047379e-10
7.785020055571235011e-10
7.676575474264183534e-10
9.325395996012774838e-10
1.719656562087733157e-09
3.134537949875046905e-09
4.669035419633630650e-09
7.059108483507789967e-09
8.180156489052950873e-09
7.971623008032639205e-09
1.098922444092295795e-08
1.616158827866777187e-08
3.710913384404628692e-08
8.709806790362317376e-08
1.676643549776412707e-07
2.773058552305706121e-07
4.382419437568496598e-07
6.143898877375834243e-07
7.906928207819454604e-07
1.060662814390058315e-06
1.300503264041005355e-06
1.456826530714004162e-06
1.774076255572285352e-06
1.872736284791794533e-06
1.917804761640997999e-06
2.721503525290398985e-06
3.621898081895114058e-06
6.002591681340368889e-06
1.169941783582420600e-05
1.873894282166809435e-05
3.005074149352572092e-05
4.981065529482720270e-05
7.660827394244260546e-05
1.273907511636303053e-04
2.104123827791475618e-04
3.378780342431054822e-04
5.464246193126228845e-04
8.344449502117445155e-04
1.227588295259925610e-03
1.719414843442433572e-03
2.279441397650337677e-03
2.905206935689842469e-03
3.506864459914910137e-03
4.061861190110113359e-03
4.523436731437411977e-03
4.837392556701150710e-03
5.043063583390487367e-03
5.111071920449067676e-03
5.102946575346808088e-03
5.069796805640200930e-03
5.025964675759743254e-03
5.056932957766467791e-03
5.168721200623343712e-03
5.392295914909066984e-03
5.790786639156955684e-03
6.346718534122354309e-03
7.109786126477244360e-03
8.111622406671958885e-03
9.300923998664532150e-03
1.072099091964505424e-02
1.225693302155459082e-02
1.380578951004705381e-02
1.531466078719285161e-02
1.652334340508990543e-02
1.738968316129028621e-02
1.778422303438908364e-02
1.760927026067865900e-02
1.699138577669576100e-02
1.586988877348032012e-02
1.443080391014835324e-02
1.287132955563678217e-02
1.122181191091096118e-02
9.820962554604314651e-03
8.835283802041214024e-03
8.409564615754224967e-03
8.952067721860627880e-03
1.042112670939213982e-02
1.304386875628201457e-02
1.670059671569308971e-02
2.094283311633560185e-02
2.569903781931678552e-02
3.021107920360349350e-02
3.422528106263005021e-02
3.752351722363947428e-02
4.005160787361870117e-02
4.207579814313931049e-02
4.373541634497136316e-02
4.535065903989957126e-02
4.686599356568529190e-02
4.827316990829894072e-02
4.906639683557320608e-02
4.913559950730551212e-02
4.809625037116305180e-02
4.588587196867737611e-02
4.304996184278172405e-02
3.959122208443695973e-02
3.651002534290290896e-02
3.417881449193456433e-02
3.300503974107721339e-02
3.344228012431085806e-02
3.509137383818453776e-02
3.808296307259639163e-02
4.185470894676377590e-02
4.596669924833735044e-02
5.030080463253312067e-02
5.432085841371536716e-02
5.796614417610554404e-02
6.111622407213180425e-02
6.355355952452211576e-02
6.539162691250834103e-02
6.651426804469928733e-02
6.691482310462969207e-02
6.674790779490803738e-02
6.593771154276947821e-02
6.457864392929561770e-02
6.273148517241534938e-02
6.031384515268214952e-02
5.745771867812380501e-02
5.426246323349650375e-02
5.079625064725359213e-02
4.749411833655314136e-02
4.450989968961600179e-02
4.212177389623198570e-02
4.068307105876181606e-02
4.009193016824747630e-02
4.048930814102844056e-02
4.168325593430627363e-02
4.344719631798139164e-02
4.569581493814561801e-02
4.808092634256681125e-02
5.054818100280692589e-02
5.300063231257443747e-02
5.532398882896303466e-02
5.758624188161739349e-02
5.976849676722518351e-02
6.202324193250557255e-02
6.443193479167080850e-02
6.705861641061407197e-02
7.009616733150161871e-02
7.349764734111038922e-02
7.730469061339309556e-02
8.128454448635684393e-02
8.523787810174603130e-02
8.904863128944578987e-02
9.232974508398826552e-02
9.508309597794496748e-02
9.718248736724259540e-02
9.873219078808159743e-02
1.000036072721383201e-01
1.010184363328899965e-01
1.021750045336930618e-01
1.036929455652352144e-01
1.056746518489082159e-01
1.084702395639393219e-01
1.121526446055044896e-01
1.168684668662684639e-01
1.229083515878739430e-01
1.302628398107052721e-01
1.390269359288216766e-01
1.491016509960358949e-01
1.604621647332413747e-01
1.729178536729875093e-01
1.864832484110088284e-01
2.016811475165287415e-01
2.185228491778533622e-01
2.382638182532678395e-01
2.619832679529132680e-01
2.897717244340299314e-01
3.223309974627333596e-01
3.610346946882939112e-01
4.044061904079621628e-01
4.535313341125769004e-01
5.132860901397157116e-01
5.813572665962239983e-01
6.700760906128183647e-01
7.928167602152621507e-01
9.528026198404878633e-01
1.191553073485195346e+00
1.533075270788133437e+00
1.998413640549867809e+00
2.672647203645266867e+00
3.585587232942925251e+00
4.786715487425901472e+00
6.394977463636503323e+00
8.432357847649122107e+00
1.096987101537548348e+01
1.410940191351122941e+01
1.785006657744828473e+01
2.225161394317595764e+01
2.733943825721106791e+01
3.309553529786381176e+01
3.953259602134559003e+01
4.659027840526923825e+01
5.425905150869886739e+01
6.249438481232694897e+01
7.122765292225226119e+01
8.049487842163610196e+01
9.025850022462100242e+01
1.005938793405468914e+02
1.115736785042985417e+02
1.232517092983520826e+02
1.357705381864775234e+02
1.491184948820166198e+02
1.633409639958096022e+02
1.783853982052926028e+02
1.941671108623304463e+02
2.106566061943621833e+02
2.277702702063270124e+02
2.454672330602497539e+02
2.637603367933504046e+02
2.826062539901623722e+02
3.018984225880315080e+02
3.216196160642478503e+02
3.414747766531668844e+02
3.612771246007873174e+02
3.808621731053096937e+02
3.996410986248491213e+02
4.174309729534429607e+02
4.338886831902304380e+02
4.482951624531820016e+02
4.605540298891876319e+02
4.702130973045902920e+02
4.768575199763195087e+02
4.806503194946045028e+02
4.813770141140986993e+02
4.792372358658934104e+02
4.744472784249930442e+02
4.670575798948857482e+02
4.574558375248270750e+02
4.458306528144369167e+02
4.324126604682107882e+02
4.179451071107437770e+02
4.026998056137647950e+02
3.871392084801196347e+02
3.719822907599557880e+02
3.571898276789249849e+02
3.430806767003812183e+02
3.298225534650388227e+02
3.172358510411360726e+02
3.055074254425513232e+02
2.945920485741596622e+02
2.842936273757631511e+02
2.746561981232582070e+02
2.654063782851887368e+02
2.563989580761889329e+02
2.475967034264927804e+02
2.388221048173694214e+02
2.300485026743268691e+02
2.211749367338782122e+02
2.120155175399433176e+02
2.026408039898327615e+02
1.929570180670897344e+02
1.829924083893168074e+02
1.729224197496327236e+02
1.626784888506714140e+02
1.525262671134555319e+02
1.426538956613048867e+02
1.331086995110988767e+02
1.240742347798138212e+02
1.155383462231970810e+02
1.075025340306114146e+02
9.992598612284508874e+01
9.282467238577778801e+01
8.622935965961517013e+01
8.005018373985144819e+01
7.422121641451626317e+01
6.869436557007881561e+01
6.350602276564926996e+01
5.869273480099090534e+01
5.427002993356311578e+01
5.023644994688138610e+01
4.654532381400207441e+01
4.317367287695788747e+01
4.008365154030519051e+01
3.726707319287000786e+01
3.473868796815482796e+01
3.246507605856422884e+01
3.040918737465489485e+01
2.856457143760616191e+01
2.688948034359828299e+01
2.536329055882670502e+01
2.398538103043290093e+01
2.273642323983627023e+01
2.160779277509414342e+01
2.058305811942253882e+01
1.961164148837086074e+01
1.868849886650878389e+01
1.779047353848942237e+01
1.691859979676144832e+01
1.607901092146724764e+01
1.527974716629967311e+01
1.454041098938162868e+01
1.386403801286009241e+01
1.325012920180530784e+01
1.270876880178726331e+01
1.225606359221032626e+01
1.190355489590736937e+01
1.165113871204447804e+01
1.147977723554211771e+01
1.137830169723277152e+01
1.126171892663352558e+01
1.109186998235396082e+01
1.082726387629817566e+01
1.044854937503509973e+01
9.977096739388411351e+00
9.427947924031428784e+00
8.889965307330237820e+00
8.382621699242642777e+00
7.944037540114446294e+00
7.591012165778983523e+00
7.302800251417271404e+00
7.078860410981826057e+00
6.886801889352001105e+00
6.724084534522646095e+00
6.565584023592228924e+00
6.420538388359457116e+00
6.322868361007674132e+00
6.259786291629581889e+00
6.247292085383141291e+00
6.298105562469923591e+00
6.422001476659132457e+00
6.588341014439943244e+00
6.761227033818538956e+00
6.942305739966567302e+00
7.096926313998895175e+00
7.209027599543159859e+00
7.268294435172049539e+00
7.277198633943540607e+00
7.253058103368303478e+00
7.188048225911334299e+00
7.094837896107384800e+00
6.989862726117737957e+00
6.873318649014902526e+00
6.754969706994637058e+00
6.638973267307606285e+00
6.532747313104708020e+00
6.443771584252683482e+00
6.365260261584592349e+00
6.305620774494325786e+00
6.267749430873483796e+00
6.240934264655777497e+00
6.228605633209299164e+00
6.225737913393783352e+00
6.225006586172739276e+00
6.224895976610457460e+00
6.220164527971896895e+00
6.211434630718451366e+00
6.196250113056223086e+00
6.175797926285035544e+00
6.154242335333656833e+00
6.129666019490730200e+00
6.104101230971759939e+00
6.080532451550321404e+00
6.057327500239908069e+00
6.035521860342562661e+00
6.017384915959933522e+00
6.002714379174391546e+00
5.993216485044805530e+00
5.989083275263529238e+00
5.992317698230792189e+00
6.000850289319463293e+00
6.011031973981068255e+00
6.021617688063833462e+00
6.029080279012088539e+00
6.033491700850627915e+00
6.028564185811287501e+00
6.017617518176610503e+00
6.007855255461548971e+00
5.995288083687427161e+00
5.979948826344543278e+00
5.965727911921141491e+00
5.957966006228557099e+00
5.953965603862408251e+00
5.949392987094824115e+00
5.955764746180928881e+00
5.978611357186043307e+00
6.009211873511521418e+00
6.052072496704842486e+00
6.108491791060658649e+00
6.172311808245319220e+00
6.236549455603145553e+00
6.287546529747301882e+00
6.326323821414670867e+00
6.345493785806919362e+00
6.339995850893249241e+00
6.317543115171967649e+00
6.282611452328818125e+00
6.251003986763323361e+00
6.224577327191801679e+00
6.210892891730344978e+00
6.211531647015288371e+00
6.218719403897261522e+00
6.224185686245067295e+00
6.205815755688392166e+00
6.165961616277095381e+00
6.089031999296405040e+00
5.978078707224952382e+00
5.850407360012691349e+00
5.711716604352816695e+00
5.598820658279827889e+00
5.515397194636922684e+00
5.481776467277994946e+00
5.507493617363674154e+00
5.573262990373675230e+00
5.682553557025656232e+00
5.805235667358307872e+00
5.928143262701580873e+00
6.041244785876124901e+00
6.124590547741163959e+00
6.181666598417431935e+00
6.208690049670807731e+00
6.206369789015568017e+00
6.177943940748605200e+00
6.121856532631727354e+00
6.036793387326028437e+00
5.923964027568278112e+00
5.775474613315947359e+00
5.588892109600938518e+00
5.372924625906809304e+00
5.119446547430073657e+00
4.839270693513671340e+00
4.545675102080839025e+00
4.240452520596809549e+00
3.948666532359639714e+00
3.677309626605401949e+00
3.440015535813650160e+00
3.261531732620857493e+00
3.136658680272023769e+00
3.084897021304359388e+00
3.109102907843099839e+00
3.191622992790856372e+00
3.341789033184381807e+00
3.521964306013826373e+00
3.710803361936908740e+00
3.889160877911395531e+00
4.003580270794801166e+00
4.052990003968282018e+00
4.006630712738650679e+00
3.861185391421814384e+00
3.642348005786908427e+00
3.346863871762372877e+00
3.025347814726959239e+00
2.697340238187166950e+00
2.384798136004645741e+00
2.121484832738843362e+00
1.899699512776503285e+00
1.733649658716327480e+00
1.613192973679200781e+00
1.523197135681894521e+00
1.461946807152701977e+00
1.410880562959771600e+00
1.366025609313230360e+00
1.322494535223614154e+00
1.274026111794311245e+00
1.223270362019788005e+00
1.167913917868647511e+00
1.108857163555416747e+00
1.048671660241629944e+00
9.871733200848363809e-01
9.281069918668861662e-01
8.730619095863113577e-01
8.232236878724287221e-01
7.805754788746033235e-01
7.449685960840239929e-01
7.169005751437920182e-01
6.951359458349495313e-01
6.792262484760808183e-01
6.688218579689827470e-01
6.633658931420255422e-01
6.630333599829069113e-01
6.675317280453127999e-01
6.759134177433576696e-01
6.873896657276780120e-01
7.011430030913666789e-01
7.146244233433169946e-01
7.269352110110319787e-01
7.366571248460286325e-01
7.419641481677118344e-01
7.432454387941915819e-01
7.388124217629764567e-01
7.287103977240435571e-01
7.142674008159407562e-01
6.946429563428075937e-01
6.725066540432380613e-01
6.490518442772578167e-01
6.255135249217385063e-01
6.046818380353721212e-01
5.859111567030195200e-01
5.706682420742178463e-01
5.574316180908646112e-01
5.441278974089045484e-01
5.301841102930618943e-01
5.120339296952302055e-01
4.890020885487549318e-01
4.599793655932470915e-01
4.251214570303822882e-01
3.857967954359338147e-01
3.426492994677026172e-01
2.990473181116961587e-01
2.562037880842699122e-01
2.156709957122272259e-01
1.793506708886509760e-01
1.471844404200039480e-01
1.197348418029999251e-01
9.638303479501270088e-02
7.672370183564498902e-02
6.035352845732672861e-02
4.637774064854458672e-02
3.470045003255076838e-02
2.497569011297302508e-02
1.699902973850960647e-02
1.067269072614444869e-02
5.962331267422210646e-03
2.671298830625702669e-03
5.165788879425641618e-04
-5.398434868771201378e-04
-9.506167413154370353e-04
-9.295033083579407789e-04
-6.073550805918312380e-04
-2.964275589093125890e-04
-1.414109231129998240e-06
1.845247962321985120e-04
2.410309000445637958e-04
2.392245214692166968e-04
1.628811708135811085e-04
7.621634438820954957e-05
5.208643793074769637e-06
-4.662166652652672687e-05
-6.875241545661473018e-05
-6.868735515024015079e-05
-5.168954059198998152e-05
-3.203258630069933624e-05
-1.263885936107241845e-05
1.378477163120780835e-06
7.985390651570683251e-06
1.049540317661996714e-05
8.367776845616160063e-06
5.182024223961386620e-06
2.284898383218756095e-06
-2.991128094125316558e-08
-1.160226499646354549e-06
-1.423614614208373370e-06
-1.071324074875097368e-06
-6.508881803663581503e-07
-2.043169868955909287e-07
8.272690590283974909e-08
1.695206762120113564e-07
1.937233352950406251e-07
1.319055501537220263e-07
6.084337330514504933e-08
1.786474771784908074e-08
-5.375891504234716193e-09
-1.458800685711153414e-08
-9.037077008694713647e-09
8.134494360302293448e-10
5.162849006128740291e-09
9.268050408065734120e-09
9.945082949910679238e-09
7.978015038350158027e-09
6.342778483134442259e-09
4.598939965835515276e-09
3.092978546233659891e-09
2.216106183638212532e-09
1.765500761737733822e-09
1.413353291953607521e-09
1.204882536597604332e-09
1.072619844918298333e-09
9.250943373219812141e-10
7.930059359493895391e-10
6.797216186253093520e-10
5.814587989481090595e-10
4.903183123351962552e-10
4.157738617188010582e-10
3.568936375094160725e-10
3.029220833755793600e-10
2.575607985451321819e-10
2.196097145418556022e-10
1.853482493258451346e-10
1.555087993359867021e-10
1.298036797074823478e-10
1.075107353545979983e-10
8.851892418751613953e-11
7.241787000578247583e-11
5.921551030708009711e-11
4.836704983770060451e-11
3.907048836458298712e-11
3.159481567660982231e-11
2.547073378339633378e-11
2.018918889832956095e-11
1.601163321797630597e-11
1.270224444320203136e-11
9.947500554958327474e-12
7.858717807758709185e-12
6.290237017571907964e-12
4.988612237142671066e-12
4.000992761020099444e-12
3.231752748247124926e-12
2.556982645403956508e-12
2.016410749258430881e-12
1.572516982888019685e-12
1.190841458532305447e-12
8.882883873877880048e-13
6.553641725858671555e-13
4.710788240082553552e-13
3.350923499166623938e-13
2.414776868468170867e-13
1.711483139536136115e-13
1.226748435195002613e-13
9.082204474137403720e-14
6.605701930091697351e-14
4.921475408882204144e-14
3.737676423754814731e-14
2.763223575763205048e-14
2.092722507730837499e-14
1.593096189053428926e-14
1.174518272771329732e-14
8.847335967992361466e-15
6.599291149422062144e-15
4.693127169387949956e-15
3.374722135438302705e-15
2.358541295853797593e-15
1.541444880574796563e-15
1.022627992101274772e-15
6.654796930464356408e-16
3.977187114801630544e-16
2.568304242547302632e-16
1.689144081394715671e-16
9.727859220685400673e-17
6.779577592574902541e-17
4.615630480625293958e-17
2.433784463112716277e-17
1.767929241311095198e-17
1.175104182595634369e-17
4.968436105901618135e-18
4.226187940686347007e-18
3.197811791545160514e-18
1.243916699455391574e-18
1.494782812683409530e-18
1.289578592819999881e-18
5.396577423739479938e-19
6.318379518447577765e-19
5.198804951591522712e-19
1.949511658190052065e-19
2.159023412867332706e-19
1.770790674661315459e-19
5.509585279963663014e-20
6.930774336992217510e-20
6.290585697085386045e-20
2.014915579268140812e-20
2.756611428230782586e-20
2.627470377560170176e-20
9.956877328225106288e-21
1.203867149923956849e-20
1.119387088642935862e-20
4.742150036897900397e-21
5.079436613375036219e-21
4.659633695877638020e-21
2.232984220571867914e-21
2.249267068021549287e-21
2.096037651304019727e-21
1.218227305739950242e-21
1.182167081759694125e-21
1.102000701777818340e-21
7.568455984595575354e-22
6.882423344903671264e-22
6.033175624365332968e-22
4.329613318332273037e-22
3.595412789255837225e-22
2.907323463539853948e-22
2.047696823261240972e-22
1.582851137770351771e-22
1.218427345867082258e-22
8.450463540215827381e-23
6.326408601521377053e-23
4.803074687192719172e-23
3.349213531579577169e-23
2.512097362044533672e-23
1.921281829664981417e-23
1.367682945248622345e-23
1.048652467687405693e-23
8.122574027563125783e-24
5.860489275111090423e-24
4.637621697458799701e-24
3.524963520298935390e-24
2.343204948280894933e-24
2.167510893482581605e-24
1.498744042752662877e-24
2.443432735206458102e-25
1.423093453671610481e-24
9.154467212598456487e-25
-2.534803913369845189e-24
2.200479091651489050e-24
