8.039405027908159055e-07
4.026954722423602785e-07
4.346894913610044792e-07
5.037549632528091045e-07
5.102799529554874943e-07
5.910950060092653049e-07
6.730876685387256716e-07
7.475840998055674760e-07
8.424724255844134605e-07
9.443329602954806973e-07
1.051052952071035352e-06
1.167781889636400538e-06
1.292024167699549026e-06
1.422992274266912049e-06
1.561574193245693013e-06
1.707153606534453002e-06
1.859347873513652052e-06
2.018344447296746761e-06
2.183899488173151120e-06
2.355986398516875147e-06
2.534713393645155181e-06
2.720009479450045947e-06
2.912125832107554271e-06
3.111135312454580916e-06
3.317117028070535728e-06
3.530285650149823756e-06
3.750539963402869348e-06
3.977973468711814055e-06
4.212301298332627869e-06
4.453234204191373512e-06
4.700675604040194007e-06
4.953910066376990650e-06
5.212765851923525305e-06
5.477009020392910988e-06
5.746299721978706427e-06
6.020878655271922560e-06
6.300676987329179170e-06
6.586314871412496781e-06
6.878335782162679726e-06
7.176980079134964863e-06
7.483551045055498438e-06
7.798585036795557590e-06
8.122500775600906037e-06
8.456726495402732761e-06
8.801668957698718208e-06
9.157779776346617871e-06
9.526387268945879942e-06
9.907820984804658560e-06
1.030252856526683592e-05
1.071173725966189105e-05
1.113574802869397505e-05
1.157498582151194867e-05
1.203058376141848883e-05
1.250285375359467433e-05
1.299217241306606314e-05
1.349967464591433812e-05
1.402576756286017159e-05
1.457081779437763976e-05
1.513620701039766486e-05
1.572251782269222273e-05
1.633021504064699963e-05
1.696115945924462558e-05
1.761610838874569745e-05
1.829571752789160526e-05
1.900237050230020827e-05
1.973692419637525759e-05
2.050023529952532060e-05
2.129507639724908388e-05
2.212232641058485997e-05
2.298298561735302367e-05
2.388005036145900302e-05
2.481439559074389848e-05
2.578710076501024667e-05
2.680130930887667808e-05
2.785791729657459981e-05
2.895805455936985927e-05
3.010504048824661966e-05
3.129983782009930119e-05
3.254363559002997156e-05
3.384001360056931434e-05
3.519004244790464105e-05
3.659499622408363026e-05
3.805880452406488150e-05
3.958267746896756371e-05
4.116799889017675753e-05
4.281912382886716794e-05
4.453743109165202402e-05
4.632443253370204379e-05
4.818497767770672162e-05
5.012064806868493319e-05
5.213309969106066076e-05
5.422775237960646670e-05
5.640643137457247795e-05
5.867095685439457919e-05
6.102740870534462304e-05
6.347790099223080400e-05
6.602444562883381842e-05
6.867388518066834535e-05
7.142866732951645605e-05
7.429103106158940089e-05
7.726869172602661635e-05
8.036447103994342437e-05
8.358087665705876375e-05
8.692660847786301288e-05
9.040489561414593981e-05
9.401856021384033047e-05
9.777739615026129932e-05
1.016850650224006172e-04
1.057447517469492455e-04
1.099674498311807130e-04
1.143572704794988817e-04
1.189178108164753756e-04
1.236613673740298320e-04
1.285925120519780128e-04
1.337153041250845346e-04
1.390434489907278607e-04
1.445819881015654570e-04
1.503354934542828092e-04
1.563191958878306471e-04
1.625386187316069867e-04
1.689988990377949045e-04
1.757169323276977068e-04
1.826987469588056993e-04
1.899501014705796964e-04
1.974897330813309019e-04
2.053242175531514661e-04
2.134599990712233921e-04
2.219178884068532609e-04
2.307050787369237406e-04
2.398287765947631957e-04
2.493121699662235644e-04
2.591631741543494959e-04
2.693898529290746232e-04
2.800181610299330823e-04
2.910568795428877266e-04
3.025150483504024574e-04
3.144218724043062432e-04
3.267871813071279892e-04
3.396211389338204146e-04
3.529567770204675267e-04
3.668051908253511760e-04
3.811778482286670602e-04
3.961122661593169218e-04
4.116210478912640694e-04
4.277171776657336718e-04
4.444433765332550285e-04
4.618140111360808883e-04
4.798438234181733064e-04
4.985814896423739579e-04
5.180433954188116670e-04
5.382463038359234717e-04
5.592455996214296468e-04
5.810599329939222270e-04
6.037083642228297398e-04
6.272537170500359178e-04
6.517171370492160594e-04
6.771202599062443352e-04
7.035340428520969963e-04
7.309823444397112657e-04
7.594896471240258256e-04
7.891357019697641624e-04
8.199472928867614085e-04
8.519520078879684946e-04
8.852390348923190816e-04
9.198383014812633188e-04
9.557807464493001982e-04
9.931656466426626566e-04
1.032026307731803054e-03
1.072397254547919091e-03
1.114388540996694502e-03
1.158037106134407685e-03
1.203381292720306223e-03
1.250542673999943850e-03
1.299562095556769294e-03
1.350481953550325452e-03
1.403436140375087298e-03
1.458469689719859783e-03
1.515629294798596883e-03
1.575062015631291520e-03
1.636817354636337487e-03
1.700946554989890254e-03
1.767610734137474307e-03
1.836864144421188234e-03
1.908762840570167119e-03
1.983482947673593632e-03
2.061083775194104233e-03
2.141626463485632893e-03
2.225303232969646702e-03
2.312178843540798646e-03
2.402319825904331019e-03
2.495935884762797655e-03
2.593097807693269408e-03
2.693877895814815026e-03
2.798505291886282248e-03
2.907057697901577892e-03
3.019613722406796260e-03
3.136424811623187998e-03
3.257576905324169672e-03
3.383155735297981460e-03
3.513439201954633283e-03
3.648523330493624092e-03
3.788502222993851698e-03
3.933685973173900972e-03
4.084183062700003954e-03
4.240097798298207016e-03
4.401779900633736621e-03
4.569353068875140790e-03
4.742934351150826164e-03
4.922922005388631096e-03
5.109457811828845876e-03
5.302674816628726723e-03
5.503029573995333462e-03
5.710684488106051830e-03
5.925792443636752373e-03
6.148877861840319238e-03
6.380125503588661602e-03
6.619712190589041763e-03
6.868238273583421143e-03
7.125911357125133683e-03
7.392936044781393129e-03
7.669993829319384816e-03
7.957314170000548414e-03
8.255132406535322862e-03
8.564212540316975056e-03
8.884803542542897906e-03
9.217172912619154765e-03
9.562164425113943780e-03
9.920043433670653124e-03
1.029110901542587206e-02
1.067627866842116302e-02
1.107583121272219355e-02
1.149009458675369529e-02
1.192005256273158571e-02
1.236599600809945403e-02
1.282827722891575865e-02
1.330794022404803954e-02
1.380528926600112748e-02
1.432069564542594493e-02
1.485526204110207416e-02
1.540931116329599844e-02
1.598322833951177149e-02
1.657818042772971415e-02
1.719451742424603705e-02
1.783263570243995982e-02
1.849377992817976060e-02
1.917833917483158235e-02
1.988672119765142951e-02
2.062026917131535089e-02
2.137942407081168048e-02
2.216460954363327907e-02
2.297729168180584480e-02
2.381797454476167544e-02
2.468710639647947458e-02
2.558629920231694430e-02
2.651612674433652395e-02
2.747707397323360945e-02
2.847091442041426237e-02
2.949829123726683752e-02
3.055973983220101886e-02
3.165719876059828325e-02
3.279137184930147608e-02
3.396285833336856047e-02
3.517375026638034502e-02
3.642479528642363767e-02
3.771666725104705353e-02
3.905158553644665770e-02
4.043031837366377335e-02
4.185362053830928714e-02
4.332380152883042596e-02
4.484162399009194999e-02
4.640792388020371223e-02
4.802505941464659672e-02
4.969376348029728302e-02
5.141494638757437841e-02
5.319097985905643644e-02
5.502255176430409511e-02
5.691063251110948379e-02
5.885759400587905338e-02
6.086408241344515996e-02
6.293110781351256289e-02
6.506107507498219700e-02
6.725462384415188677e-02
6.951278181707853943e-02
7.183810194911195712e-02
7.423130132690290706e-02
7.669341175254411336e-02
7.922738065785629724e-02
8.183415336354334102e-02
8.451477863826435677e-02
8.727303093115167110e-02
9.011031451579815110e-02
9.302775972641798286e-02
9.603062941045309442e-02
9.912109553286975461e-02
1.023005148795016334e-01
1.055765291146790186e-01
1.089524358011166177e-01
1.124300650564640097e-01
1.160204779372831646e-01
1.197284396131111373e-01
1.235566023183756190e-01
1.275204503202153616e-01
1.316264411977691173e-01
1.358784622396904951e-01
1.402970915984542155e-01
1.448904647261738121e-01
1.496640961737546738e-01
1.546436346435015874e-01
1.598385298364313756e-01
1.652561686499189886e-01
1.709262262930873189e-01
1.768587026119183558e-01
1.830628137678453060e-01
1.895700414328908290e-01
1.963898228806384427e-01
2.035327636047211397e-01
2.110289059063078232e-01
2.188858420249128189e-01
2.271147091650912442e-01
2.357403646194314029e-01
2.447673925499001812e-01
2.542062960867469967e-01
2.640733519716072508e-01
2.743694262390076188e-01
2.851031587151122149e-01
2.962801737220990828e-01
3.078976352364558022e-01
3.199613572066926648e-01
3.324663432830394227e-01
3.454068973836711964e-01
3.587856250632255328e-01
3.725892915435862762e-01
3.868108582299125131e-01
4.014500897577918948e-01
4.164897333789518430e-01
4.319232001717370761e-01
4.477484542272716639e-01
4.639490250949584449e-01
4.805202832178598893e-01
4.974597525914647433e-01
5.147554293851051010e-01
5.324053286994336887e-01
5.504076647866639194e-01
5.687558852365953710e-01
5.874501803449106996e-01
6.064897859421166659e-01
6.258710375281111293e-01
6.455947076591961320e-01
6.656602250940338861e-01
6.860610512689190310e-01
7.067962578574831234e-01
7.278635162455104890e-01
7.492460954895096004e-01
7.709391288376544749e-01
7.929359664265573926e-01
8.152033659512946118e-01
8.377311478099663811e-01
8.605060396967409986e-01
8.834756505944705296e-01
9.066245981644036611e-01
9.299319292185629360e-01
9.533289918249683303e-01
9.767969778989460394e-01
1.000308169710039108e+00
1.023786260559333749e+00
1.047212085901300993e+00
1.070554220673348489e+00
1.093741239517836528e+00
1.116757117105452446e+00
1.139571362695128487e+00
1.162130476279685132e+00
1.184424387762629927e+00
1.206428577760416454e+00
1.228116970910587247e+00
1.249486614490099790e+00
1.270522910958532981e+00
1.291229860397250073e+00
1.311610664095496315e+00
1.331662231441214095e+00
1.351413165653686965e+00
1.370869988308941467e+00
1.390039740752897934e+00
1.408963450052768129e+00
1.427647199752891893e+00
1.446104191243147818e+00
1.464372785220612316e+00
1.482455260952459497e+00
1.500365661436147136e+00
1.518126576133949079e+00
1.535734690551634918e+00
1.553199938170182426e+00
1.570522196528427950e+00
1.587692914755472584e+00
1.604714877850323518e+00
1.621566315039896899e+00
1.638235660510737768e+00
1.654718215437805506e+00
1.670978436061805406e+00
1.687004827868701540e+00
1.702787337887564201e+00
1.718287705357875117e+00
1.733497206319097428e+00
1.748403923872969168e+00
1.762976691798048945e+00
1.777210934306996393e+00
1.791096281154057834e+00
1.804613933808520310e+00
1.817763290984168334e+00
1.830537720572898097e+00
1.842930642302879507e+00
1.854944191753177485e+00
1.866576037160523782e+00
1.877827811270795344e+00
1.888702940828180354e+00
1.899202670616697786e+00
1.909331880041643670e+00
1.919094365801540691e+00
1.928493688250575211e+00
1.937534665271093415e+00
1.946221324893406823e+00
1.954558416319672753e+00
1.962550187631999954e+00
1.970201292150419503e+00
1.977516943595670762e+00
1.984502538714494335e+00
1.991163778581777954e+00
1.997505881959535712e+00
2.003537737750838321e+00
2.009266134722572428e+00
2.014695828107972986e+00
2.019840610019274507e+00
2.024707920566910513e+00
2.029301487248548419e+00
2.033639789242970952e+00
2.037730228927691734e+00
2.041575096908943898e+00
2.045196083760045358e+00
2.048599977762638247e+00
2.051787845352806450e+00
2.054782901264605055e+00
2.057591142212939150e+00
2.060213611766653852e+00
2.062674211084285947e+00
2.064978420442260543e+00
2.067129388407784152e+00
2.069152171021647391e+00
2.071052247080135356e+00
2.072837278302072317e+00
2.074534785840908224e+00
2.076150611025247450e+00
2.077698516708669008e+00
2.079209391986177824e+00
2.080689273299594078e+00
2.082157658246661658e+00
2.083647878496250438e+00
2.085165324489226535e+00
2.086732327125273567e+00
2.088381198658104676e+00
2.090115416717551078e+00
2.091955180582292684e+00
2.093926468400761021e+00
2.096029737036477769e+00
2.098277640659885090e+00
2.100684672060280977e+00
2.103247944603342745e+00
2.105968941173077535e+00
2.108848055028845536e+00
2.111879795289356654e+00
2.115054470654025298e+00
2.118359624192471813e+00
2.121788669779433256e+00
2.125324768113910245e+00
2.128947111343777010e+00
2.132649582929587950e+00
2.136414815543290491e+00
2.140219182134096343e+00
2.144057969031138988e+00
2.147919770899619163e+00
2.151782301979027867e+00
2.155642328931376195e+00
2.159498035183782694e+00
2.163330176931568705e+00
2.167136563746797417e+00
2.170924284921940117e+00
2.174677095272907756e+00
2.178393501300563972e+00
2.182084954652060649e+00
2.185738108764990084e+00
2.189352322908268089e+00
2.192937034102255378e+00
2.196482852095107852e+00
2.199990578349471537e+00
2.203462091885614704e+00
2.206893975234553551e+00
2.210289014476329417e+00
2.213639089437742680e+00
2.216948308501850651e+00
2.220221368992772337e+00
2.223441903683125442e+00
2.226621049745090897e+00
2.229764427007946193e+00
2.232852882235992986e+00
2.235901404300546957e+00
2.238914809554092500e+00
2.241878321156126397e+00
2.244805735336826924e+00
2.247699238888082096e+00
2.250554390472381705e+00
2.253378788814749178e+00
2.256170909840903516e+00
2.258938780354271980e+00
2.261680917583258843e+00
2.264392385875196645e+00
2.267090935600413193e+00
2.269766494918099564e+00
2.272412427782251054e+00
2.275049741219459687e+00
2.277663483100727859e+00
2.280247761303632270e+00
2.282819448464908696e+00
2.285364178577731220e+00
2.287878926917274125e+00
2.290371058854681063e+00
2.292832003379916550e+00
2.295262581286795278e+00
2.297658937599428963e+00
2.300021577250198845e+00
2.302354843241922300e+00
2.304645509380808921e+00
2.306903696742620635e+00
2.309136085622355505e+00
2.311324318561004176e+00
2.313485909500956783e+00
2.315628369461258718e+00
2.317733555550089086e+00
2.319821825408550975e+00
2.321899897586433337e+00
2.323955250339592826e+00
2.326005009401504342e+00
2.328053290399139552e+00
2.330097517231075610e+00
2.332145400717835937e+00
2.334196594709750716e+00
2.336260244269436459e+00
2.338330541388162320e+00
2.340401470578550747e+00
2.342491962118960824e+00
2.344583003186913039e+00
2.346663324083378299e+00
2.348756257418405990e+00
2.350835370984716732e+00
2.352886630929690526e+00
2.354930918377852400e+00
2.356944053158174235e+00
2.358913181486673949e+00
2.360850782120253566e+00
2.362744233024656193e+00
2.364585818569183484e+00
2.366375627471190679e+00
2.368116584935530344e+00
2.369808715749756267e+00
2.371437626754897998e+00
2.373018506244978454e+00
2.374559944476702267e+00
2.376033912089045685e+00
2.377460988377734008e+00
2.378857867591479547e+00
2.380189081444480159e+00
2.381475158640649514e+00
2.382739032825060832e+00
2.383948049033580041e+00
2.385116566274503747e+00
2.386269503021205551e+00
2.387384653149638325e+00
2.388461944429250750e+00
2.389522327971354887e+00
2.390559619426497306e+00
2.391558477554877715e+00
2.392527387645804193e+00
2.393490723255069064e+00
2.394435113609911348e+00
2.395339713656400082e+00
2.396250869518708360e+00
2.397160244637262405e+00
2.398027422190388780e+00
2.398899652692019213e+00
2.399775508177023564e+00
2.400612997924787884e+00
2.401442634736209669e+00
2.402267193485565944e+00
2.403060259953131883e+00
2.403826272126912578e+00
2.404568675215730256e+00
2.405286577759301547e+00
2.405959798046334974e+00
2.406589623411515610e+00
2.407200087460315441e+00
2.407756456497915476e+00
2.408257197302812624e+00
2.408741128971966017e+00
2.409172871475315336e+00
2.409549639236857388e+00
2.409909887226039604e+00
2.410229890667538566e+00
2.410508325599173940e+00
2.410769211543745794e+00
2.411007083402565865e+00
2.411224286765436986e+00
2.411422630261382150e+00
2.411614308903226256e+00
2.411805678717303447e+00
2.411977317908890139e+00
2.412152493830062916e+00
2.412339655384057480e+00
2.412506901067457576e+00
2.412679106475889679e+00
2.412863406892282736e+00
2.413028144516174311e+00
2.413191122527511556e+00
2.413354834321128628e+00
2.413499556352395548e+00
2.413631002640408862e+00
2.413745396728955939e+00
2.413841321897148173e+00
2.413912277309972598e+00
2.413949190956991231e+00
2.413967991324842188e+00
2.413954100888410448e+00
2.413896460680023726e+00
2.413820928661574605e+00
2.413711222388016164e+00
2.413558588883097933e+00
2.413388227402852859e+00
2.413188203452143910e+00
2.412955509439843826e+00
2.412705209625660263e+00
2.412433344921986578e+00
2.412143744796769518e+00
2.411836527652490236e+00
2.411515958275939564e+00
2.411190977164526128e+00
2.410848072682748811e+00
2.410497010846247345e+00
2.410148057474327477e+00
2.409780442316532767e+00
2.409405180291395610e+00
2.409029636073261482e+00
2.408634233674926239e+00
2.408227242284099123e+00
2.407810192547386041e+00
2.407371734726913459e+00
2.406915056060638491e+00
2.406435316125377089e+00
2.405932450304389736e+00
2.405404430354977308e+00
2.404841972303130238e+00
2.404254710325572475e+00
2.403637108130714406e+00
2.402978943655838417e+00
2.402294556250440305e+00
2.401577498747256012e+00
2.400820292873061756e+00
2.400035956315848207e+00
2.399219550554227531e+00
2.398368839783669326e+00
2.397490848789642026e+00
2.396583606066791106e+00
2.395650579504938094e+00
2.394690967177748764e+00
2.393705957931604900e+00
2.392703066359628483e+00
2.391674872553466447e+00
2.390624820576386256e+00
2.389561423701641818e+00
2.388474023974293647e+00
2.387366814014011407e+00
2.386246169405298101e+00
2.385102323818936831e+00
2.383938739277672969e+00
2.382757810637111451e+00
2.381554120738577307e+00
2.380329497229317415e+00
2.379082640245958391e+00
2.377814235018292255e+00
2.376524424425664694e+00
2.375210458726920049e+00
2.373878737468226419e+00
2.372528428015187263e+00
2.371158369876233518e+00
2.369778372194260019e+00
2.368387678168837329e+00
2.366988955486263979e+00
2.365592026963605043e+00
2.364197065844210410e+00
2.362810828315184519e+00
2.361439865986386000e+00
2.360085545276823016e+00
2.358756865876028730e+00
2.357455120005312654e+00
2.356182477451779889e+00
2.354947190822644032e+00
2.353745311844155808e+00
2.352579040441037161e+00
2.351453210571073704e+00
2.350360573563505806e+00
2.349302622252170902e+00
2.348279562953599076e+00
2.347283831419650024e+00
2.346315837046830222e+00
2.345371668489117933e+00
2.344446181762574355e+00
2.343538758882337092e+00
2.342642969208668102e+00
2.341757448307351996e+00
2.340880867431466950e+00
2.340005947052998359e+00
2.339134632976477501e+00
2.338265198993425109e+00
2.337390499846634828e+00
2.336513895767816873e+00
2.335633400422211903e+00
2.334742176280708126e+00
2.333842690675383302e+00
2.332932675464138850e+00
2.332005393598433507e+00
2.331060796210399300e+00
2.330096317902483616e+00
2.329105269918082310e+00
2.328084781052718544e+00
2.327032147112238825e+00
2.325941000974188988e+00
2.324806561917389214e+00
2.323626339824620857e+00
2.322394538769825711e+00
2.321105910708057163e+00
2.319758552848832256e+00
2.318346893290144539e+00
2.316866363177747967e+00
2.315315771516917476e+00
2.313688592918909936e+00
2.311981326403479198e+00
2.310193198536093728e+00
2.308315251375153476e+00
2.306344826348284638e+00
2.304280947306442062e+00
2.302111646811558554e+00
2.299834863240162175e+00
2.297448834804370232e+00
2.294940128859458195e+00
2.292307610268695228e+00
2.289548637351483951e+00
2.286652324420898719e+00
2.283619509454681396e+00
2.280447322051939896e+00
2.277132832417716468e+00
2.273680141488946482e+00
2.270087399652745308e+00
2.266364183196636795e+00
2.262518538537098944e+00
2.258550944264140714e+00
2.254484733757375015e+00
2.250331246751415382e+00
2.246093971040556081e+00
2.241806588242410303e+00
2.237481597998033589e+00
2.233125081288497515e+00
2.228773540553142141e+00
2.224437598519118708e+00
2.220124421050934327e+00
2.215864024571196023e+00
2.211662269939234982e+00
2.207525302713525317e+00
2.203468711810764535e+00
2.199491910007874029e+00
2.195598072116245802e+00
2.191784386626112635e+00
2.188043916197870864e+00
2.184375733703136646e+00
2.180759680877387030e+00
2.177184278762039682e+00
2.173644502742962725e+00
2.170108233432290312e+00
2.166562349209181892e+00
2.162998779977687747e+00
2.159381278794558323e+00
2.155698212398027724e+00
2.151940207036036501e+00
2.148075002706767211e+00
2.144095037537321335e+00
2.139991642004199779e+00
2.135743216116159360e+00
2.131347790384165553e+00
2.126799318585157028e+00
2.122091071320914235e+00
2.117226918327688612e+00
2.112204989424368851e+00
2.107034712526127063e+00
2.101724813809081382e+00
2.096278520288146652e+00
2.090719657263946818e+00
2.085059855259405293e+00
2.079307450025806858e+00
2.073496067419386524e+00
2.067637788736782056e+00
2.061744965280144282e+00
2.055854381079047943e+00
2.049976267015141129e+00
2.044124872158425532e+00
2.038333076626416496e+00
2.032607844006129039e+00
2.026962695073770693e+00
2.021421476142035267e+00
2.015987937828015664e+00
2.010672665089511479e+00
2.005489676791077702e+00
2.000441201153413839e+00
1.995534147722530349e+00
1.990777618528893456e+00
1.986175194403378752e+00
1.981731534167458841e+00
1.977460756479514137e+00
1.973370810638634731e+00
1.969467584553437511e+00
1.965782093843556178e+00
1.962328477733976451e+00
1.959118293660552679e+00
1.956208503110035801e+00
1.953618932465329250e+00
1.951370377975300885e+00
1.949547116204251695e+00
1.948171411577119372e+00
1.947274068570055805e+00
1.946957442054875642e+00
1.947240808592462846e+00
1.948161725124598620e+00
1.949821296836216078e+00
1.952229686914683127e+00
1.955424026582371466e+00
1.959479042584019837e+00
1.964390892283146783e+00
1.970186771150529204e+00
1.976891059132618089e+00
1.984483974061466371e+00
1.992973599238019533e+00
2.002318583852651823e+00
2.012485128823526370e+00
2.023456245940762788e+00
2.035123431779329639e+00
2.047444378345835592e+00
2.060376399589302743e+00
2.073757836367141394e+00
2.087545593899214236e+00
2.101676599841450166e+00
2.115962438617115193e+00
2.130367137941625355e+00
2.144817354981678914e+00
2.159130175864901524e+00
2.173282813377471534e+00
2.187204062507356994e+00
2.200746619039866125e+00
2.213903672205918660e+00
2.226617765320659359e+00
2.238798105193139154e+00
2.250452939944048492e+00
2.261546646070215161e+00
2.272052481976454263e+00
2.281989713344621418e+00
2.291347502380598922e+00
2.300156982205340483e+00
2.308442600645936427e+00
2.316215987386806230e+00
2.323549372365500965e+00
2.330466366889126562e+00
2.336994680466038421e+00
2.343225563489874652e+00
2.349177003944610487e+00
2.354884373228441685e+00
2.360436337124705908e+00
2.365842582049359599e+00
2.371137903148566206e+00
2.376391915533451193e+00
2.381605642372823795e+00
2.386807020662615297e+00
2.392037866021531567e+00
2.397292111107166779e+00
2.402587476939298750e+00
2.407937202567390855e+00
2.413330885351984367e+00
2.418775674409359144e+00
2.424261786361387561e+00
2.429777566981121240e+00
2.435321601145326476e+00
2.440870258593213382e+00
2.446413319225037686e+00
2.451944143462663650e+00
2.457435175973196717e+00
2.462879458359970464e+00
2.468268720904168934e+00
2.473579830864966578e+00
2.478809902917873398e+00
2.483952032578299551e+00
2.488992911458959956e+00
2.493933618969661925e+00
2.498770523948691480e+00
2.503502229744735796e+00
2.508133009526593238e+00
2.512663213319171529e+00
2.517102562441715374e+00
2.521457405203215263e+00
2.525731758028610496e+00
2.529943689944742946e+00
2.534100447730145422e+00
2.538208716070148530e+00
2.542291204555403805e+00
2.546355037563691415e+00
2.550408262247749747e+00
2.554474501719206980e+00
2.558560014189915854e+00
2.562672917052799537e+00
2.566834651539719570e+00
2.571050180335289426e+00
2.575326633582204483e+00
2.579681158030116883e+00
2.584117281422319667e+00
2.588640439050355457e+00
2.593262443783743709e+00
2.597985478009289029e+00
2.602812952302598237e+00
2.607751282640048185e+00
2.612801548397536422e+00
2.617965151034083338e+00
2.623243813400789826e+00
2.628637829906700141e+00
2.634146885561313933e+00
2.639769216200309021e+00
2.645504655743027733e+00
2.651351654121911761e+00
2.657306388931611973e+00
2.663368508435557391e+00
2.669535799109435725e+00
2.675803765786438859e+00
2.682172057842675983e+00
2.688638359838116276e+00
2.695198621011039908e+00
2.701852573905703547e+00
2.708598261039693700e+00
2.715432769559508852e+00
2.722355900051240951e+00
2.729366342068952900e+00
2.736462530179803565e+00
2.743644250787455885e+00
2.750910925788817796e+00
2.758262109096869974e+00
2.765697468986714203e+00
2.773217052620803980e+00
2.780821009277724354e+00
2.788508811768133810e+00
2.796280886742035676e+00
2.804137358878059150e+00
2.812077491778576910e+00
2.820101789251424851e+00
2.828209838736869930e+00
2.836400758532704458e+00
2.844674858885706925e+00
2.853030934938041607e+00
2.861468087888214828e+00
2.869986265266773362e+00
2.878583530119298572e+00
2.887259122980237347e+00
2.896012594780213778e+00
2.904841607811528004e+00
2.913745680274236083e+00
2.922724059381354156e+00
2.931774486743655483e+00
2.940896837678590447e+00
2.950090232167051685e+00
2.959352965939772151e+00
2.968685270216070204e+00
2.978086337620177826e+00
2.987555354169611377e+00
2.997092828495816708e+00
3.006698192634324585e+00
3.016371646723704725e+00
3.026113846669344909e+00
3.035924561232894892e+00
3.045804915608297581e+00
3.055755568603917727e+00
3.065776644315911792e+00
3.075869949851891771e+00
3.086036024035639258e+00
3.096275300447615120e+00
3.106589957079982867e+00
3.116980334164712207e+00
3.127447091188184647e+00
3.137992476318070434e+00
3.148616601782196156e+00
3.159320258009165716e+00
3.170105518875305339e+00
3.180972277844853924e+00
3.191921366673890592e+00
3.202954504992538975e+00
3.214071397248872142e+00
3.225272836964014900e+00
3.236560057080754671e+00
3.247932606844761150e+00
3.259391168811989647e+00
3.270936383428002525e+00
3.282567674526152501e+00
3.294285544119356590e+00
3.306089954933705943e+00
3.317980232897681958e+00
3.329956635392902431e+00
3.342018398581357186e+00
3.354164783639556280e+00
3.366395755145955349e+00
3.378709840490275340e+00
3.391106282548744133e+00
3.403584736029349411e+00
3.416143131407741951e+00
3.428780754446021817e+00
3.441496976940916941e+00
3.454289344641352955e+00
3.467157254703234326e+00
3.480099870364096404e+00
3.493114639878615701e+00
3.506201133116287227e+00
3.519358416266622935e+00
3.532584148184218620e+00
3.545878109155639279e+00
3.559239394356567221e+00
3.572666133976146963e+00
3.586158320692251156e+00
3.599715190325319725e+00
3.613335496657515744e+00
3.627019407860133882e+00
3.640766371260420353e+00
3.654575773243672554e+00
3.668447888844884375e+00
3.682382391081579609e+00
3.696379166685044737e+00
3.710438512318422255e+00
3.724560283399285243e+00
3.738744630706497762e+00
3.752991789044953119e+00
3.767301709457969938e+00
3.781674526962726546e+00
3.796110349056162292e+00
3.810609116269978447e+00
3.825170690892026659e+00
3.839795015922973231e+00
3.854481923040443458e+00
3.869230822850939777e+00
3.884041487478025356e+00
3.898913572295835461e+00
3.913845967624524302e+00
3.928838294835130807e+00
3.943890010414400127e+00
3.958999531569261432e+00
3.974166366905501402e+00
3.989389799146271454e+00
4.004667916913841275e+00
4.020000161956132523e+00
4.035385708739273269e+00
4.050822524627236909e+00
4.066310029635676671e+00
4.081847381391574991e+00
4.097432654751277603e+00
4.113065286327311831e+00
4.128744516470869819e+00
4.144468737871088493e+00
4.160237432219745735e+00
4.176050012851739268e+00
4.191905349870920006e+00
4.207802988021858148e+00
4.223742580163652782e+00
4.239723561017354037e+00
4.255745546625111508e+00
4.271808462434576903e+00
4.287912312715757679e+00
4.304056784662807722e+00
4.320242071453386679e+00
4.336468670899315647e+00
4.352736334146515951e+00
4.369045480115095081e+00
4.385396954368132150e+00
4.401790558903489803e+00
4.418226864739859927e+00
4.434706868647745104e+00
4.451230405566959369e+00
4.467798102556943540e+00
4.484410884819870269e+00
4.501068598788138253e+00
4.517771820916325787e+00
4.534521183060276961e+00
4.551316519825201468e+00
4.568158252828239618e+00
4.585046526649340315e+00
4.601981141012583265e+00
4.618962273506027394e+00
4.635989438662331708e+00
4.653062381007312176e+00
4.670180970659891351e+00
4.687344017376432248e+00
4.704551195386870610e+00
4.721802037090506055e+00
4.739094649036912799e+00
4.756428627331279024e+00
4.773803172784974791e+00
4.791215765083197020e+00
4.808665922801584003e+00
4.826152556196123378e+00
4.843672658034587464e+00
4.861225678294779584e+00
4.878810306660454010e+00
4.896423233219561411e+00
4.914063855162935646e+00
4.931730730955723452e+00
4.949420451783565156e+00
4.967132382077054764e+00
4.984865045967293185e+00
5.002615132435045631e+00
5.020381993973050960e+00
5.038164212407072462e+00
5.055958739538069402e+00
5.073764934013489381e+00
5.091581511386957359e+00
5.109405800663831876e+00
5.127237179085875063e+00
5.145074547666777853e+00
5.162915665686880651e+00
5.180759934038688286e+00
5.198606462266570638e+00
5.216453430564174099e+00
5.234300260934841909e+00
5.252146265886176835e+00
5.269989982775016735e+00
5.287830845860531426e+00
5.305668340509035907e+00
5.323501258356421850e+00
5.341329033164851303e+00
5.359151275715166918e+00
5.376966909270183059e+00
5.394775353403911566e+00
5.412576288374691735e+00
5.430368646532946819e+00
5.448151821466235667e+00
5.465925507363041724e+00
5.483688540272463996e+00
5.501440280011064665e+00
5.519180387003017607e+00
5.536907524474873554e+00
5.554621015751245672e+00
5.572320452665846524e+00
5.590004283177048450e+00
5.607671796356648919e+00
5.625322495614362595e+00
5.642954604149401199e+00
5.660567382905246525e+00
5.678160241412302689e+00
5.695731195452641060e+00
5.713279486169738242e+00
5.730804435415765674e+00
5.748303886637402549e+00
5.765777069857647597e+00
5.783223233182514633e+00
5.800640090680199812e+00
5.818026868658058959e+00
5.835382758953659987e+00
5.852705388349808580e+00
5.869993984448172775e+00
5.887247700181979404e+00
5.904464109937666905e+00
5.921642444736519018e+00
5.938781833228637730e+00
5.955879821679897823e+00
5.972935643888713564e+00
5.989948414688335276e+00
6.006915665267743343e+00
6.023836629381059460e+00
6.040710414074166756e+00
6.057534538822935133e+00
6.074308233204559038e+00
6.091030598648507599e+00
6.107699139473215411e+00
6.124313076581123561e+00
6.140871505187978308e+00
6.157371907536273170e+00
6.173813491845232981e+00
6.190195345018056905e+00
6.206514919923475482e+00
6.222771409225040351e+00
6.238963889092093318e+00
6.255089777733573442e+00
6.271148250902206733e+00
6.287138372212125681e+00
6.303057523406408791e+00
6.318904863601065180e+00
6.334679443221513218e+00
6.350378609752218573e+00
6.366001507454480013e+00
6.381547174367217856e+00
6.397012929669309678e+00
6.412397905765085504e+00
6.427701130494999582e+00
6.442919903583640640e+00
6.458053349402309351e+00
6.473100488890519699e+00
6.488058612896463018e+00
6.502926841994821849e+00
6.517704194214186231e+00
6.532387962587932861e+00
6.546977268167380792e+00
6.561471130284892261e+00
6.575866854610396217e+00
6.590163566687867736e+00
6.604360291160486618e+00
6.618454355392429100e+00
6.632444892989115992e+00
6.646330937377242343e+00
6.660109844892422082e+00
6.673780760235964671e+00
6.687342728381131529e+00
6.700793140141432680e+00
6.714131153810320107e+00
6.727355827948571232e+00
6.740464591908875036e+00
6.753456619582780540e+00
6.766330984563385442e+00
6.779085157859017663e+00
6.791718330540355453e+00
6.804229592291118678e+00
6.816616458455801109e+00
6.828878138495123373e+00
6.841013739077687283e+00
6.853020822495746067e+00
6.864898617469767039e+00
6.876646248550155605e+00
6.888261327647381194e+00
6.899743103272509614e+00
6.911090718820774192e+00
6.922301838416928810e+00
6.933375730542798543e+00
6.944311558412689322e+00
6.955107040549598274e+00
6.965761465228649918e+00
6.976274016316660997e+00
6.986642468079264034e+00
6.996866128067264157e+00
7.006944201293394237e+00
7.016874517893731955e+00
7.026656403891379021e+00
7.036289085415389444e+00
7.045770447183937080e+00
7.055099832697107054e+00
7.064276488540550680e+00
7.073298351368666914e+00
7.082164781096093265e+00
7.090875043484470730e+00
7.099427123454186805e+00
7.107820396345180036e+00
7.116054145329559155e+00
7.124126399460560144e+00
7.132036548723363900e+00
7.139783891694801099e+00
7.147366497659213280e+00
7.154783770791716790e+00
7.162035023139000423e+00
7.169118361257932115e+00
7.176033203466992916e+00
7.182778873743480119e+00
7.189353514522266231e+00
7.195756558676902337e+00
7.201987341258980102e+00
7.208044041202800400e+00
7.213926106826192175e+00
7.219632884293521791e+00
7.225162591922970279e+00
7.230514694840048939e+00
7.235688551372764898e+00
7.240682424418015906e+00
7.245495797729130771e+00
7.250128043884341622e+00
7.254577477746646075e+00
7.258843603946950829e+00
7.262925812380270685e+00
7.266822479217939446e+00
7.270533132610464300e+00
7.274057183701827967e+00
7.277393080951068960e+00
7.280540379007430118e+00
7.283498514909105381e+00
7.286266021640311230e+00
7.288842483582204324e+00
7.291227368845529355e+00
7.293419307992397016e+00
7.295417918500697319e+00
7.297222705059816406e+00
7.298832409150221245e+00
7.300246684674854158e+00
7.301465078498732275e+00
7.302486456013202343e+00
7.303310510626939589e+00
7.303936836791251608e+00
7.304364435700725799e+00
7.304593042862382646e+00
7.304622305217403522e+00
7.304451369708879760e+00
7.304080015802729697e+00
7.303507946971307341e+00
7.302734463024926903e+00
7.301759388304216891e+00
7.300582485627010065e+00
7.299203211152286208e+00
7.297621433923765721e+00
7.295836977359031472e+00
7.293849453196241228e+00
7.291658773885508538e+00
7.289264822889612638e+00
7.286667362221692201e+00
7.283866345408006815e+00
7.280861713482907227e+00
7.277653369052287324e+00
7.274241303581848506e+00
7.270625511358285387e+00
7.266806022176940161e+00
7.262782861847424165e+00
7.258556072025157846e+00
7.254125793717276061e+00
7.249492083453067615e+00
7.244655023293158358e+00
7.239614848447953221e+00
7.234371642971467509e+00
7.228925521934737475e+00
7.223276798485137817e+00
7.217425581854553407e+00
7.211372013042151252e+00
7.205116469386489975e+00
7.198659084112708939e+00
7.192000018124649507e+00
7.185139703264226796e+00
7.178078296881811760e+00
7.170815975468804560e+00
7.163353220807788801e+00
7.155690215785226904e+00
7.147827150324009615e+00
7.139764557135688250e+00
7.131502647099815739e+00
7.123041623767215391e+00
7.114382077022766815e+00
7.105524248844292678e+00
7.096468358855021030e+00
7.087215064629234895e+00
7.077764642492710756e+00
7.068117332445454259e+00
7.058273873009067501e+00
7.048234577723062166e+00
7.037999712514476869e+00
7.027570111013343279e+00
7.016946125991156968e+00
7.006128055353471495e+00
6.995116841049040524e+00
6.983912875935298636e+00
6.972516495691927219e+00
6.960928761276147902e+00
6.949150105211362671e+00
6.937180905841812795e+00
6.925022350270574556e+00
6.912674909115264832e+00
6.900139006930325003e+00
6.887415960214053889e+00
6.874506275291936142e+00
6.861410424963241717e+00
6.848129854873618250e+00
6.834665104349316955e+00
6.821016695077536163e+00
6.807186199114011238e+00
6.793174186316657703e+00
6.778981226874399191e+00
6.764609015416927384e+00
6.750058150616240482e+00
6.735329250259876055e+00
6.720424128069044656e+00
6.705343410923720882e+00
6.690087763326136638e+00
6.674659116127386937e+00
6.659058125040815845e+00
6.643285500842143421e+00
6.627343291646223378e+00
6.611232183691484465e+00
6.594952934220213336e+00
6.578507710622242932e+00
6.561897231976305811e+00
6.545122302701809502e+00
6.528185212296812701e+00
6.511086714962151412e+00
6.493827663083465929e+00
6.476410470165034461e+00
6.458835927018786727e+00
6.441104934161193007e+00
6.423220027910949703e+00
6.405182035668093299e+00
6.386991904777455709e+00
6.368652287968804337e+00
6.350164047164772008e+00
6.331528172960755541e+00
6.312747421275666682e+00
6.293822684231383136e+00
6.274754989239263558e+00
6.255547174718512515e+00
6.236200156586797938e+00
6.216714989600945707e+00
6.197094567148483613e+00
6.177339821041172740e+00
6.157451821219203758e+00
6.137433483667879663e+00
6.117285747614583435e+00
6.097009684233871241e+00
6.076608198144794137e+00
6.056082228062869888e+00
6.035432832062348041e+00
6.014662871935144928e+00
5.993773279660399744e+00
5.972765087224253477e+00
5.951641088992698947e+00
5.930402206661104181e+00
5.909049436305664926e+00
5.887585491048533903e+00
5.866011282043711361e+00
5.844327764416874516e+00
5.822537569791695233e+00
5.800641601931656233e+00
5.778640775878797875e+00
5.756537656146296200e+00
5.734333145239137508e+00
5.712028125295188552e+00
5.689625121799150698e+00
5.667125044178145998e+00
5.644528754710790963e+00
5.621838778641546241e+00
5.599056041242320703e+00
5.576181402541643628e+00
5.553217432335228132e+00
5.530165079925333238e+00
5.507025223244634837e+00
5.483800521637256509e+00
5.460491954470760412e+00
5.437100437803103148e+00
5.413628759661246903e+00
5.390077932247247183e+00
5.366448927438462135e+00
5.342744689771645739e+00
5.318966263156236884e+00
5.295114688119981317e+00
5.271193078224079009e+00
5.247202504022260960e+00
5.223144080924501331e+00
5.199021086754521903e+00
5.174834610269229529e+00
5.150585840512470703e+00
5.126278197891644517e+00
5.101912778610238064e+00
5.077490836715597311e+00
5.053015899207529138e+00
5.028489058055184202e+00
5.003911617348765439e+00
4.979287164801353249e+00
4.954616777035698583e+00
4.929901788729606160e+00
4.905145798093843545e+00
4.880349857220301679e+00
4.855515309760509268e+00
4.830645715708612009e+00
4.805742096387556117e+00
4.780805783138354137e+00
4.755840255804373307e+00
4.730846502186019542e+00
4.705825822645334000e+00
4.680781585727515015e+00
4.655714746443935681e+00
4.630626559905005379e+00
4.605520265257816881e+00
4.580396788447360201e+00
4.555257330521100378e+00
4.530104996516278959e+00
4.504940689137643339e+00
4.479765552284933783e+00
4.454582564113287901e+00
4.429392610909721917e+00
4.404196781572750297e+00
4.378997943693680561e+00
4.353796973818766958e+00
4.328594912116824567e+00
4.303394537335301528e+00
4.278196721809286451e+00
4.253002465881328575e+00
4.227814482673793783e+00
4.202633643965649313e+00
4.177460920184960180e+00
4.152298980013176433e+00
4.127148696077873602e+00
4.102011018303138634e+00
4.076888587369080774e+00
4.051782275894806773e+00
4.026693021009434936e+00
4.001623445468709406e+00
3.976574419071723820e+00
3.951546871391919513e+00
3.926543410514115262e+00
3.901564899189388314e+00
3.876612261908753965e+00
3.851688089093038503e+00
3.826793231458191169e+00
3.801928608259304010e+00
3.777096784371174465e+00
3.752298593392650261e+00
3.727534947041708957e+00
3.702808373681473864e+00
3.678119685192040134e+00
3.653469781994095555e+00
3.628861143799364086e+00
3.604294557067536875e+00
3.579770906462392599e+00
3.555292611446185358e+00
3.530860430488912183e+00
3.506475228044818593e+00
3.482139353578280971e+00
3.457853536179381404e+00
3.433618616208045538e+00
3.409436866020426837e+00
3.385308985005444082e+00
3.361235786474158882e+00
3.337219461459668413e+00
3.313260680176032036e+00
3.289360227013084614e+00
3.265520210158435077e+00
3.241741271744957853e+00
3.218024166414405141e+00
3.194370920140586989e+00
3.170782148346712237e+00
3.147258575965658167e+00
3.123802148819002422e+00
3.100413457010823937e+00
3.077093196405723763e+00
3.053843235399583023e+00
3.030664139985438155e+00
3.007556577909717976e+00
2.984522342848789922e+00
2.961561977578755833e+00
2.938676122717955419e+00
2.915866499385952881e+00
2.893133627660924301e+00
2.870478121851469222e+00
2.847901631819696799e+00
2.825404655090361317e+00
2.802987780174197141e+00
2.780652585998337756e+00
2.758399547352308634e+00
2.736229227100256178e+00
2.714143132646272161e+00
2.692141715616040987e+00
2.670225513035622722e+00
2.648395959487756635e+00
2.626653482854278909e+00
2.604998593861374889e+00
2.583432652542284824e+00
2.561956062401697487e+00
2.540569307239704422e+00
2.519273670689676781e+00
2.498069531283175326e+00
2.476957345221538098e+00
2.455938318055301384e+00
2.435012802860348380e+00
2.414181227631697624e+00
2.393444718559666118e+00
2.372803602952649804e+00
2.352258280148138869e+00
2.331809796270622570e+00
2.311458452756342208e+00
2.291204620052904151e+00
2.271049264171111748e+00
2.250992660792471955e+00
2.231035151491702617e+00
2.211177622783497387e+00
2.191420324928524010e+00
2.171763570894414297e+00
2.152208168921800002e+00
2.132754344376581734e+00
2.113402382106742472e+00
2.094153013790236439e+00
2.075006440576588673e+00
2.055962919855600202e+00
2.037023108791518045e+00
2.018187185096889547e+00
1.999455379478129791e+00
1.980828276802401255e+00
1.962306032168039449e+00
1.943888850420002257e+00
1.925577246342955684e+00
1.907371353228998423e+00
1.889271350866226440e+00
1.871277686017098096e+00
1.853390470908062193e+00
1.835609861001511467e+00
1.817936236823784357e+00
1.800369690167580972e+00
1.782910352784952801e+00
1.765558540402336396e+00
1.748314324876399262e+00
1.731177814724045305e+00
1.714149261933794355e+00
1.697228718783081680e+00
1.680416270884458774e+00
1.663712107205238766e+00
1.647116260672005117e+00
1.630628794195440934e+00
1.614249834171165965e+00
1.597979394304761991e+00
1.581817514913464118e+00
1.565764260120602325e+00
1.549819624485368585e+00
1.533983625793892580e+00
1.518256266187761661e+00
1.502637521150062661e+00
1.487127386007704333e+00
1.471725801349878848e+00
1.456432723701459375e+00
1.441248126067868007e+00
1.426171888189744719e+00
1.411203947845897533e+00
1.396344255973800408e+00
1.381592632551681410e+00
1.366948996954516993e+00
1.352413278459120738e+00
1.337985238817909206e+00
1.323664779495821398e+00
1.309451808692008390e+00
1.295346031942994580e+00
1.281347333454423421e+00
1.267455601111141750e+00
1.253670486694777875e+00
1.239991857949346299e+00
1.226419583377198474e+00
1.212953263855612196e+00
1.199592751588269168e+00
1.186337896769720457e+00
1.173188252521532915e+00
1.160143656519053934e+00
1.147203941831197227e+00
1.134368617160472770e+00
1.121637506718133670e+00
1.109010427696090595e+00
1.096486847784947205e+00
1.084066578808519976e+00
1.071749423354042774e+00
1.059534811462771176e+00
1.047422543622651636e+00
1.035412409070781026e+00
1.023503803412142643e+00
1.011696516793011869e+00
9.999903262991106656e-01
9.883845960737601688e-01
9.768791068333760874e-01
9.654736246223155627e-01
9.541674847893251155e-01
9.429604594336987722e-01
9.318523045529069071e-01
9.208423290143040729e-01
9.099302970056889484e-01
8.991159553370757784e-01
8.883985883318773480e-01
8.777779528650678786e-01
8.672537872724577213e-01
8.568253528988473144e-01
8.464923998055255971e-01
8.362546584194503474e-01
8.261113683287288900e-01
8.160622731938526053e-01
8.061070959587032236e-01
7.962450553850294321e-01
7.864758890766512245e-01
7.767993127988592761e-01
7.672145251967101842e-01
7.577212581125677415e-01
7.483192203434931855e-01
7.390075909908572216e-01
7.297860964023011876e-01
7.206544385567111854e-01
7.116117775376024079e-01
7.026578344555384215e-01
6.937923045982837822e-01
6.850143295968010859e-01
6.763236255901466931e-01
6.677198813160772906e-01
6.592022206336589640e-01
6.507703549976343593e-01
6.424239667840384582e-01
6.341621629346460010e-01
6.259846505386320592e-01
6.178911058717401206e-01
6.098806200242171682e-01
6.019528960760078817e-01
5.941076045539175343e-01
5.863438219879641977e-01
5.786612478452702879e-01
5.710595473516894005e-01
5.635377839867715677e-01
5.560956540406426507e-01
5.487328179799910721e-01
5.414483279370755353e-01
5.342418774971127160e-01
5.271131229923690098e-01
5.200611070662489732e-01
5.130855211023309659e-01
5.061860179895606437e-01
4.993616328502463730e-01
4.926120553943125757e-01
4.859369358049364096e-01
4.793353037116352411e-01
4.728068476959487731e-01
4.663512159983587702e-01
4.599674347968590316e-01
4.536551920990568032e-01
4.474141349712517646e-01
4.412432881504611548e-01
4.351423396255260090e-01
4.291109360444453347e-01
4.231481026448836169e-01
4.172535279441385025e-01
4.114268588997475606e-01
4.056671230904955738e-01
3.999740100927906550e-01
3.943471678608614917e-01
3.887856280275525100e-01
3.832890817341087497e-01
3.778571785678374595e-01
3.724889557800724060e-01
3.671841065498563927e-01
3.619422826753487255e-01
3.567625284262925245e-01
3.516445394526778734e-01
3.465879702767826753e-01
3.415918734108860932e-01
3.366559473633399802e-01
3.317798498251527950e-01
3.269626425929830216e-01
3.222040273707081903e-01
3.175036653916471496e-01
3.128606285949711574e-01
3.082746221642094775e-01
3.037453111770563319e-01
2.992717783937217657e-01
2.948537327076616865e-01
2.904908432731546641e-01
2.861822041804056860e-01
2.819275282106019076e-01
2.777264887609748323e-01
2.735781916073446451e-01
2.694823535475933673e-01
2.654386523289809507e-01
2.614462056375030374e-01
2.575047343737186245e-01
2.536139206917276123e-01
2.497728943089166098e-01
2.459813802793602289e-01
2.422390651818213392e-01
2.385450908149087390e-01
2.348991864113136596e-01
2.313010429663063527e-01
2.277498143726217339e-01
2.242452340512917086e-01
2.207869973939681485e-01
2.173742703982066427e-01
2.140067906783052754e-01
2.106842580042408708e-01
2.074058505193541457e-01
2.041713100412722026e-01
2.009803407153459842e-01
1.978321329295808784e-01
1.947264327285984364e-01
1.916629486562476392e-01
1.886408835224534508e-01
1.856599876423609963e-01
1.827199740154576979e-01
1.798200581406846077e-01
1.769599946705880666e-01
1.741395011556765571e-01
1.713578061422217080e-01
1.686146687108504294e-01
1.659098110968133533e-01
1.632424753344284274e-01
1.606124250443109469e-01
1.580193873144969119e-01
1.554626181723055001e-01
1.529418859062350589e-01
1.504569226517284974e-01
1.480069989726093549e-01
1.455918879618396666e-01
1.432113270127740312e-01
1.408646017771209291e-01
1.385514902890374045e-01
1.362717354135881964e-01
1.340246384170124261e-01
1.318099824026991163e-01
1.296275159112675046e-01
1.274765562940195496e-01
1.253568918346781025e-01
1.232682769306788911e-01
1.212100454056246335e-01
1.191819908109048726e-01
1.171838735486262356e-01
1.152150441980803325e-01
1.132753016370628835e-01
1.113644123787261991e-01
1.094817439253117503e-01
1.076271005086925220e-01
1.058002548132883497e-01
1.040005913121300613e-01
1.022279195877197761e-01
1.004820185087842987e-01
9.876228945301941675e-02
9.706854732115532958e-02
9.540057713458034716e-02
9.375779700863912103e-02
9.214002710491579762e-02
9.054705852666304622e-02
8.897832587784477998e-02
8.743365450377360570e-02
8.591284148743721927e-02
8.441533761279008952e-02
8.294097331783240046e-02
8.148955154099303544e-02
8.006053890152291241e-02
7.865377083097573052e-02
7.726905598629553451e-02
7.590587646361868224e-02
7.456407258609225319e-02
7.324345858857668479e-02
7.194353169120572267e-02
7.066413700822082866e-02
6.940509421574768412e-02
6.816591532528590291e-02
6.694645014619711454e-02
6.574652366889577326e-02
6.456566239336408719e-02
6.340372073438417522e-02
6.226052888291727649e-02
6.113562755845194235e-02
6.002887569828047748e-02
5.894010859478501785e-02
5.786888095122702524e-02
5.681505615076785226e-02
5.577847450214074021e-02
5.475870448536818147e-02
5.375561385784919516e-02
5.276904787157091214e-02
5.179858859791220543e-02
5.084410810022218369e-02
4.990545650954381074e-02
4.898222931647802647e-02
4.807430282363443080e-02
4.718153198231944678e-02
4.630352553522188580e-02
4.544016395757783516e-02
4.459130696418334844e-02
4.375657638053764148e-02
4.293585678678402129e-02
4.212901260359735306e-02
4.133567856256128298e-02
4.055574327927839035e-02
3.978907581980366953e-02
3.903532363445496450e-02
3.829437930295594844e-02
3.756611647220658989e-02
3.685019511209400994e-02
3.614651169342286002e-02
3.545494437503261126e-02
3.477516543562780144e-02
3.410707516265718692e-02
3.345055615383948910e-02
3.280529277506445684e-02
3.217118905469287804e-02
3.154813195244301344e-02
3.093581768882082070e-02
3.033415395559287131e-02
2.974303199365432512e-02
2.916215963236043832e-02
2.859144814614755781e-02
2.803079297104283871e-02
2.747991328033291825e-02
2.693872384437734011e-02
2.640712419987829504e-02
2.588484456907322664e-02
2.537180312118539685e-02
2.486790338494218253e-02
2.437288629002947252e-02
2.388667329144777973e-02
2.340917177839372046e-02
2.294013297876258337e-02
2.247948149771429940e-02
2.202712841923612150e-02
2.158283476958783656e-02
2.114652813999556499e-02
2.071812309749329270e-02
2.029738985808724264e-02
1.988425880334396961e-02
1.947864771655030344e-02
1.908033528270343740e-02
1.868925444901525790e-02
1.830532589296572990e-02
1.792833596024363124e-02
1.755821992192591399e-02
1.719490098825151442e-02
1.683817233590565940e-02
1.648797132490562381e-02
1.614422333648189017e-02
1.580672764406031855e-02
1.547542350542696794e-02
1.515023817651106434e-02
1.483097655424450191e-02
1.451757969406898031e-02
1.420997658472372173e-02
1.390797772935481978e-02
1.361152602261778144e-02
1.332055229659816036e-02
1.303487328358659235e-02
1.275443394297660904e-02
1.247916739537481036e-02
1.220889798195976678e-02
1.194357315587315539e-02
1.168312914055929554e-02
1.142740000944252043e-02
1.117633632481667035e-02
1.092987855291035343e-02
1.068787317554310314e-02
1.045027460358802923e-02
1.021702887298371956e-02
9.987997722394347661e-03
9.763140167881630485e-03
9.542409101969311427e-03
9.325684010220885653e-03
9.112929149047377386e-03
8.904105234594674248e-03
8.699111042886528353e-03
8.497916437684606764e-03
8.300490333445351837e-03
8.106750877879641617e-03
7.916673516430220575e-03
7.730234949070317017e-03
7.547371004496979813e-03
7.368062218864619879e-03
7.192291819223833697e-03
7.020009848201572145e-03
6.851200976867693505e-03
6.685852963293811846e-03
6.523925152305927282e-03
6.365405009470088103e-03
6.210282351606834055e-03
6.058520085980382934e-03
5.910106897180983192e-03
5.765032073593023831e-03
5.623256296283674766e-03
5.484767852053283599e-03
5.349553180284027237e-03
5.217565679004981978e-03
5.088791782827627869e-03
4.963213346640734519e-03
4.840772786888690622e-03
4.721453572835105326e-03
4.605232015800580364e-03
4.492037572774464083e-03
4.381850101352192765e-03
4.274640221905987199e-03
4.170324233210571940e-03
4.068878257568654504e-03
3.970267778562034701e-03
3.874397304061130785e-03
3.781239603073234187e-03
3.690756065892237744e-03
3.602841944820100919e-03
3.517467461555471176e-03
3.434591193310351093e-03
3.354102366892885729e-03
3.275969756630292811e-03
3.200150412996066295e-03
3.126531014358839306e-03
3.055080122982534261e-03
2.985754394757388856e-03
2.918441329085045156e-03
2.853110480344177909e-03
2.789719021325185507e-03
2.728158297472924824e-03
2.668399873850159452e-03
2.610402153715260954e-03
2.554062875950257813e-03
2.499356325553343718e-03
2.446242734290521997e-03
2.394628238274821956e-03
2.344490166136387489e-03
2.295791157414432768e-03
2.248447167868175729e-03
2.202438491644115749e-03
2.157730800440876839e-03
2.114250676879096420e-03
2.071980949300883303e-03
2.030890987761494598e-03
1.990918162660465333e-03
1.952047159328117046e-03
1.914251673902113643e-03
1.877479369869453464e-03
1.841716013886174732e-03
1.806940079372212514e-03
1.773108412779964525e-03
1.740207146706234309e-03
1.708219653750478418e-03
1.677110348643308770e-03
1.646865211907548544e-03
1.617472193812088130e-03
1.588901342253021265e-03
1.561138251753188501e-03
1.534174656202351265e-03
1.507984218274273846e-03
1.482552216214674682e-03
1.457872980707333732e-03
1.433921939396727184e-03
1.410684379520735091e-03
1.388155831132285465e-03
1.366312027032925980e-03
1.345138743708082811e-03
1.324631351711828874e-03
1.304764970875000978e-03
1.285526375062604398e-03
1.266909716218448138e-03
1.248889182927738267e-03
1.231452958042484605e-03
1.214593428301659903e-03
1.198284092955489207e-03
1.182514762759972332e-03
1.167276137814216713e-03
1.152541706474183173e-03
1.138302882695940753e-03
1.124549365130541548e-03
1.111255565763213634e-03
1.098414234392840454e-03
1.086015207454905105e-03
1.074034808302805517e-03
1.062466662398124173e-03
1.051302078164281307e-03
1.040520141257906704e-03
1.030114787688069227e-03
1.020080015595701628e-03
1.010398240150470932e-03
1.001063147416327579e-03
9.920722328083870275e-04
9.834114407265279797e-04
9.750737627427227350e-04
9.670603829903179002e-04
9.593605930293359549e-04
9.519664532376944993e-04
9.448823451247553504e-04
9.381003906379488345e-04
9.316117430679475000e-04
9.254228974016300751e-04
9.195280433903764384e-04
9.139177122627939768e-04
9.085990601586835420e-04
9.035674418327272828e-04
8.988132555604685546e-04
8.943427974052073045e-04
8.901516427171626356e-04
8.862306450405195912e-04
8.825839473748159011e-04
8.792064344889306176e-04
8.760899712079440712e-04
8.732357028170565976e-04
8.706369890823244424e-04
8.682871029509981256e-04
8.661838881690830634e-04
8.643184350216256973e-04
8.626855715116433197e-04
8.612800282230156880e-04
8.600899614682832152e-04
8.591116205491824281e-04
8.583371384942289212e-04
8.577511313831612076e-04
8.573508926255471495e-04
8.571265725468097058e-04
8.570586799413150089e-04
8.571450266773094706e-04
8.573742690745462212e-04
8.577222816749897547e-04
8.581868478685365960e-04
8.587553303156188244e-04
8.593985212133067137e-04
8.601137339004412017e-04
8.608868925783913495e-04
8.616834289609060990e-04
8.624999461499952350e-04
8.633205049127829107e-04
8.641052153382505893e-04
8.648499774203387844e-04
8.655364589953014852e-04
8.661199927625629590e-04
8.665960208749133109e-04
8.669434346376533526e-04
8.671140312724950026e-04
8.671032226861657673e-04
8.668871558499506710e-04
8.664161705153561278e-04
8.656861732827151679e-04
8.646712376573377273e-04
8.633231778599732105e-04
8.616389239612900390e-04
8.595918951046322776e-04
8.571390070640057734e-04
8.542786627011830823e-04
8.509857392366358382e-04
8.472262181981830148e-04
8.430002855319041095e-04
8.382868432240186485e-04
8.330647114388830708e-04
8.273360014349021322e-04
8.210862622466314799e-04
8.143101204845649803e-04
8.070115884147905814e-04
7.991850538388491770e-04
7.908425409706424563e-04
7.819897984489530829e-04
7.726313483017977456e-04
7.627964358636339691e-04
7.524922818313723718e-04
7.417336140054395449e-04
7.305648530441717116e-04
7.189943707023855983e-04
7.070458512789178042e-04
6.947752064384725597e-04
6.821916157606552076e-04
6.693253206390281521e-04
6.562389244817393857e-04
6.429420685978321382e-04
6.294684060597273987e-04
6.158820207421822736e-04
6.021926708718510022e-04
5.884340700785874482e-04
5.746668876445948067e-04
5.609006503164615156e-04
5.471661210010733906e-04
5.335165795963554402e-04
5.199609655673697413e-04
5.065248460156536415e-04
4.932514326963004453e-04
4.801487215225617067e-04
4.672358303082944312e-04
4.545446311928923091e-04
4.420818425121180524e-04
4.298598754947588214e-04
4.178992753965568552e-04
4.062052074920956941e-04
3.947839381716525113e-04
3.836457006509107204e-04
3.727939310730116651e-04
3.622298496842224404e-04
3.519550438232964869e-04
3.419711767218188152e-04
3.322757562685865859e-04
3.228637002940725159e-04
3.137350011310688076e-04
3.048847695657738483e-04
2.963032599077906415e-04
2.879890295919977400e-04
2.799359203607866965e-04
2.721313594187253055e-04
2.645728037673162410e-04
2.572536880726817156e-04
2.501601594731672870e-04
2.432889565579677421e-04
2.366336957791081118e-04
2.301804472655412219e-04
2.239256064987190395e-04
2.178633247324268456e-04
2.119804475790659998e-04
2.062733500844030716e-04
2.007368908552475050e-04
1.953592193255656413e-04
1.901369306800113664e-04
1.850656381170108554e-04
1.801350468550999822e-04
1.753421204961250841e-04
1.706831944238707259e-04
1.661495652634087643e-04
1.617386278866962516e-04
1.574473617767049329e-04
1.532685386902194629e-04
1.491999806134547554e-04
1.452392112088567156e-04
1.413802709867490500e-04
1.376213612214872539e-04
1.339604443760426887e-04
1.303925864725563990e-04
1.269162990521077326e-04
1.235298836210758206e-04
1.202291922965109260e-04
1.170129744796769618e-04
1.138797836852403441e-04
1.108260490992963779e-04
1.078506937777860131e-04
1.049524527509068547e-04
1.021281668929835862e-04
9.937688254185753848e-05
9.669746333880665254e-05
9.408704263744170919e-05
9.154475455988900744e-05
8.906955489849885139e-05
8.665879170178095224e-05
8.431166443641811630e-05
8.202719841624178958e-05
7.980291143715123549e-05
7.763805581518753215e-05
7.553171425953097518e-05
7.348155255831023398e-05
7.148687004611722331e-05
6.954680181889941778e-05
6.765915424061773873e-05
6.582327170012547510e-05
6.403834079453960080e-05
6.230230825584188699e-05
6.061456337414406777e-05
5.897434510250434118e-05
5.737974236982360779e-05
5.583018972835849776e-05
5.432497934530294376e-05
5.286234283350595842e-05
5.144176024277784704e-05
5.006257666079331109e-05
4.872316365944822449e-05
4.742304676878386296e-05
4.616162192699888099e-05
4.493739413053433456e-05
4.374993427469182835e-05
4.259868526416151733e-05
4.148227558342466517e-05
4.040032122497482821e-05
3.935230705576847827e-05
3.833697233531099493e-05
3.735397645480340701e-05
3.640284148577599258e-05
3.548240069672179840e-05
3.459234974658697415e-05
3.373224453584925368e-05
3.290098469153807283e-05
3.209828190533928552e-05
3.132372250149345920e-05
3.057621881114238216e-05
2.985545617385407011e-05
2.916104080461959886e-05
2.849180002428002717e-05
2.784732713369094789e-05
2.722721773828635700e-05
2.663007979232812083e-05
2.605535032930629235e-05
2.550256646468308707e-05
2.497004774997194500e-05
2.445706866835243375e-05
2.396313689537451632e-05
2.348645698874819243e-05
2.302616612881759075e-05
2.258201536518651803e-05
2.215213772954081276e-05
2.173521871613129052e-05
2.133136813989423657e-05
2.093693868609993990e-05
2.054925734634858284e-05
2.016734304465343583e-05
1.978243782879247906e-05
1.939064358166351301e-05
1.898733873424306075e-05
1.856041520522107072e-05
1.810825810658248696e-05
1.762379999709559744e-05
1.710320352873939294e-05
1.655109383915452339e-05
1.596433763297981035e-05
1.535664940061017724e-05
1.473741057199278365e-05
1.411160438637962846e-05
1.350845522523613672e-05
1.293751018338535891e-05
1.241743644672037799e-05
1.197616019792181762e-05
1.160566526528010808e-05
1.132224393520389567e-05
1.107277116636536248e-05
1.081674327202743495e-05
1.050348131965197904e-05
1.003563298082506927e-05
9.438348103909719759e-06
8.629613632582690732e-06
7.689726619326419751e-06
6.810898248670197752e-06
5.762336484940316340e-06
4.693238614502126966e-06
4.405372432926501732e-06
3.499786823226828743e-06
2.250745274735476183e-06
5.559852855096099798e-06
