1.146777908722824018e-11
1.368287786355203958e-11
1.359134966240974204e-11
1.419904189570585132e-11
1.677270802737929698e-11
2.035614720982051467e-11
2.746609156486420037e-11
3.764730031302427814e-11
4.971618216330806816e-11
5.999651666549742607e-11
7.192622106360330047e-11
9.273744857415738003e-11
1.136299190176009797e-10
1.318138303150601536e-10
1.616523700074668206e-10
1.846208759688702658e-10
2.156362463008325953e-10
2.982107819237183305e-10
3.863262699081089491e-10
4.607250848136827834e-10
6.172791011335180447e-10
7.357587187131885558e-10
8.552182793397104788e-10
1.300267116841551959e-09
1.907985412553460404e-09
2.453702874564303707e-09
3.557002685529116717e-09
3.643616422989479593e-09
3.036236547972273009e-09
5.295113044415477936e-09
9.917425864184188398e-09
1.871361886033337492e-08
3.770486947881287594e-08
5.170195686504210638e-08
5.870679499239838391e-08
9.029963483194929264e-08
1.239935651070688576e-07
3.829219017300143968e-07
9.978349351711309272e-07
2.153209915714343176e-06
4.467848788854306603e-06
7.990738931410978140e-06
1.313586496409449357e-05
2.020643745356630379e-05
2.900091525078464947e-05
3.967116064560512884e-05
5.171697617826283462e-05
6.519079036913010623e-05
7.978777186301348691e-05
9.522560504134757332e-05
1.124509818602812940e-04
1.311030211954356602e-04
1.517896245767326653e-04
1.762377103266789464e-04
2.024561928172343209e-04
2.299206267790114718e-04
2.631062587749326731e-04
3.003860432746526671e-04
3.589079826104129016e-04
4.518264138673080531e-04
5.941702946904917201e-04
8.271804685274147329e-04
1.151923432749568611e-03
1.586389038253859830e-03
2.108847712074925999e-03
2.686600494997493007e-03
3.296396326240184221e-03
3.860927740246388601e-03
4.373188633082101574e-03
4.806989014007037944e-03
5.190982383153145731e-03
5.562244781155270719e-03
5.952722503633361278e-03
6.445398202214628475e-03
7.027332473798250483e-03
7.726169502426958290e-03
8.476694926082732964e-03
9.217622386479518495e-03
9.906056478228125392e-03
1.039003943070053622e-02
1.065594072501436194e-02
1.064120343932322549e-02
1.033685049324168347e-02
9.810606545473912060e-03
9.064073526169369108e-03
8.265847247057355254e-03
7.496411655053491184e-03
6.822455379483539049e-03
6.369446742343811384e-03
6.130689900798395875e-03
6.158272323841522400e-03
6.449865902988709786e-03
6.953485487180819692e-03
7.676239900488376205e-03
8.550418161918763721e-03
9.526603138142566637e-03
1.056620333660526941e-02
1.158094884539712099e-02
1.257790959136668822e-02
1.352528814891441888e-02
1.442075900929036016e-02
1.530681444795866687e-02
1.616323934273473234e-02
1.700061682184653145e-02
1.785525124578197717e-02
1.873211768463203808e-02
1.980640175050389987e-02
2.119182252857473858e-02
2.302312244140209893e-02
2.555167669096017682e-02
2.872210508543553142e-02
3.261046526305100279e-02
3.694801079303394048e-02
4.143741379426477134e-02
4.594472960773215986e-02
4.992223905081935587e-02
5.319729050153079730e-02
5.559335045334404951e-02
5.688682447452342306e-02
5.715682374675023353e-02
5.630720248329446065e-02
5.456185416559775070e-02
5.222107093184168852e-02
4.937681106871420061e-02
4.660758156454794521e-02
4.419723008201905529e-02
4.238505952961921230e-02
4.153341347495263097e-02
4.152965741118640891e-02
4.244842849780939426e-02
4.397992732735368088e-02
4.581820353358636438e-02
4.779261471958579782e-02
4.936576930978517352e-02
5.048283419865785132e-02
5.092554100782149124e-02
5.066638880976640641e-02
5.001338819549380754e-02
4.903174396505283889e-02
4.844725295455709624e-02
4.849995787855954782e-02
4.955359013915081046e-02
5.176527217744861936e-02
5.460575690330874560e-02
5.797092671886166365e-02
6.076011422981174998e-02
6.258402581655335417e-02
6.305167941237947715e-02
6.203955039986586151e-02
6.014857562699384846e-02
5.752253118551045596e-02
5.512293275215802285e-02
5.326952186029652175e-02
5.219309988073791984e-02
5.213026204027065846e-02
5.285867180077597621e-02
5.443913728278768072e-02
5.661410258528698503e-02
5.913806054346811697e-02
6.197405401811711956e-02
6.475384239328911551e-02
6.735003942178661995e-02
6.961309641691362793e-02
7.136904849409396456e-02
7.273483921057551094e-02
7.365394844437846145e-02
7.425206081206874031e-02
7.465152031754206108e-02
7.487541907315679868e-02
7.513144213421274475e-02
7.551357134760096346e-02
7.610299057044715709e-02
7.707564919128633008e-02
7.845618761724701407e-02
8.028790821506846809e-02
8.263765013135314363e-02
8.551705472401339991e-02
8.895105566876027048e-02
9.321925983349776956e-02
9.843551288051079207e-02
1.048013200252702476e-01
1.123740671786909867e-01
1.209708716347757118e-01
1.306154759050572878e-01
1.413877337717295291e-01
1.534745555121929950e-01
1.671392238539480546e-01
1.831439721673105980e-01
2.018350618937521934e-01
2.234711892660348198e-01
2.470394370994396793e-01
2.718677403851039176e-01
2.967040471316286787e-01
3.196295978154356510e-01
3.412003542515962828e-01
3.602188570375596810e-01
3.776713486851459023e-01
3.963262876222733433e-01
4.161823761188640503e-01
4.398020170807359630e-01
4.707300122118573960e-01
5.068545836298800067e-01
5.486575407728212506e-01
6.029934634001139493e-01
6.628874568217334451e-01
7.327902791184128795e-01
8.313734944523766268e-01
9.491223545781485305e-01
1.117359861581302072e+00
1.378811731842356059e+00
1.738556426593715232e+00
2.297722669387584293e+00
3.125200507673475681e+00
4.267382268786558797e+00
5.917353998491542200e+00
8.152104206399746644e+00
1.108124599378629505e+01
1.496542507796360155e+01
1.985540776006137165e+01
2.592915047067253909e+01
3.345110552133978388e+01
4.240231126563073616e+01
5.300000652627004882e+01
6.540133755365836521e+01
7.947941648893537092e+01
9.541361251127618459e+01
1.130944721229689520e+02
1.322807534990810723e+02
1.530035615214121947e+02
1.748442238195816287e+02
1.975396375870354575e+02
2.209450418136024155e+02
2.444740592070195078e+02
2.679356623648225764e+02
2.910036301384193962e+02
3.130236960242087889e+02
3.339830783412199366e+02
3.534009008303543737e+02
3.708876758541575782e+02
3.867490013061973855e+02
4.005988859130607693e+02
4.125067200084465640e+02
4.228125758805235250e+02
4.312900020250242505e+02
4.380815727256995729e+02
4.433009058898240369e+02
4.468816547904681897e+02
4.490053569169996877e+02
4.496478375709234001e+02
4.489067957133006530e+02
4.469130932115135124e+02
4.435989403505847690e+02
4.390055499170844655e+02
4.331497511984280209e+02
4.261131686393669611e+02
4.179084334770582814e+02
4.087301740864168664e+02
3.987190039936722314e+02
3.880028252834083560e+02
3.769422849562290025e+02
3.655263002389808662e+02
3.540718113445886956e+02
3.428828765621299226e+02
3.317634425933688931e+02
3.210481668066133807e+02
3.107500888824113758e+02
3.006312243918299600e+02
2.908923486449481857e+02
2.814373761451477662e+02
2.721365819234255810e+02
2.630677420222630758e+02
2.540663777366671923e+02
2.450948516016088377e+02
2.361443892544891412e+02
2.271469483809328267e+02
2.181592415686606330e+02
2.090541162608209049e+02
1.996193044528814369e+02
1.899311640132027605e+02
1.798580079925724249e+02
1.697961612735257688e+02
1.599874992704012868e+02
1.505710628148891317e+02
1.414698915929763245e+02
1.325681214234393792e+02
1.236957506005796859e+02
1.148219320286983702e+02
1.061254712986468434e+02
9.771286293448230253e+01
8.986532050616308709e+01
8.259733789022114081e+01
7.592797877732287759e+01
6.983879689087730469e+01
6.428161330656527639e+01
5.924951434250612436e+01
5.470988538974668103e+01
5.061322568485275752e+01
4.695524460266440059e+01
4.366330755408630893e+01
4.069326271859338107e+01
3.801169558867137255e+01
3.554960775462577516e+01
3.330203983975615500e+01
3.123994286469757142e+01
2.932718460063331634e+01
2.756164983666948487e+01
2.592097097246498194e+01
2.438744092422453846e+01
2.296408819887346553e+01
2.163796936313588404e+01
2.039431011844804331e+01
1.923294156605818372e+01
1.815062131591585981e+01
1.714229622597815705e+01
1.620596511943577411e+01
1.534170297696227436e+01
1.455102226646905983e+01
1.382924699013383396e+01
1.316702516636709142e+01
1.255472621701838953e+01
1.199351292857170570e+01
1.147056616868738210e+01
1.098496429427583188e+01
1.054678010782217790e+01
1.013963725191560350e+01
9.760838042257713454e+00
9.421804917431012782e+00
9.113601201828243958e+00
8.825787481991611116e+00
8.561188484313538183e+00
8.327346212240902545e+00
8.118117948330672462e+00
7.922280651388415862e+00
7.748943737061138926e+00
7.600780176315520720e+00
7.469039852928709422e+00
7.350312131760005308e+00
7.245434681564884905e+00
7.159977294732352782e+00
7.086314881971699897e+00
7.020537910433128026e+00
6.967255111004106993e+00
6.925806252725649870e+00
6.890356899793988354e+00
6.855570469140409351e+00
6.824277726915418896e+00
6.796936440885892772e+00
6.768617090524073454e+00
6.740328082225392592e+00
6.715328230032177714e+00
6.692788968818207174e+00
6.673328272817159679e+00
6.653344650218908640e+00
6.631907960033989191e+00
6.608832368106476451e+00
6.581928782702771485e+00
6.551186432689977579e+00
6.514109032426802948e+00
6.475200644192624644e+00
6.436029929859863330e+00
6.393028893298533966e+00
6.343704558880990163e+00
6.291557762281385635e+00
6.235111859637455289e+00
6.170252536748265904e+00
6.104591685668495415e+00
6.044626844162913848e+00
5.990368223544989768e+00
5.937683089097940403e+00
5.896081317727460025e+00
5.876789163280229822e+00
5.866689822423317935e+00
5.867060325497264195e+00
5.884302640897278280e+00
5.911989053184744769e+00
5.933747982302868706e+00
5.938659220559056706e+00
5.949331986073350897e+00
5.966279701862884366e+00
5.992035553853433782e+00
6.028907872519577715e+00
6.085655611173753421e+00
6.135260262064235803e+00
6.150709989051168947e+00
6.125446719830548226e+00
6.069263686635651744e+00
6.000256417128668751e+00
5.925029449070218668e+00
5.876730763657761258e+00
5.858524838888194530e+00
5.869101444853843219e+00
5.892466834964480427e+00
5.920812183292027520e+00
5.949946489415335549e+00
5.970135176670081201e+00
5.982929076937548274e+00
5.987137446082951620e+00
5.982667732211949918e+00
5.972448854105341098e+00
5.956357738054787632e+00
5.935075548511562715e+00
5.909629844742035232e+00
5.882090892763425671e+00
5.857388645830044815e+00
5.834471478022815738e+00
5.816394333363825275e+00
5.813499158218377261e+00
5.825380122544044248e+00
5.850926109076237225e+00
5.887496124417245902e+00
5.933159464667808969e+00
5.984556065588383156e+00
6.027929394098628713e+00
6.060715408094185186e+00
6.083256646388808697e+00
6.096287558389196448e+00
6.100095856491354773e+00
6.098602752789446413e+00
6.098534478119154834e+00
6.098411057428741344e+00
6.099083388653098403e+00
6.089395859211419015e+00
6.064743380091240255e+00
6.018484797387472440e+00
5.940668985083632947e+00
5.835280410305703214e+00
5.699457943088052758e+00
5.546880368950109386e+00
5.387154185205083934e+00
5.225168708444288157e+00
5.079090777466727324e+00
4.953189335223938450e+00
4.853798118778314574e+00
4.791009230295546040e+00
4.764258023107999840e+00
4.781441128285792708e+00
4.837508367615837024e+00
4.924468120802664828e+00
5.036997096591534273e+00
5.143021422682179988e+00
5.233910320454877585e+00
5.285570716523407597e+00
5.286400438887127073e+00
5.246970864423509795e+00
5.170035454944566844e+00
5.101636950106779089e+00
5.052386634466306425e+00
5.055996268594259213e+00
5.124709379226129791e+00
5.238531808818071234e+00
5.394401155117487967e+00
5.532698446346024923e+00
5.638334734481322386e+00
5.674204079649917354e+00
5.616215836461258881e+00
5.483109511203583253e+00
5.265842961116494081e+00
5.005764496400749941e+00
4.721461535345865990e+00
4.435049596697566265e+00
4.181771353280171688e+00
3.958734931645782940e+00
3.786609853833232009e+00
3.666617202880265936e+00
3.587451960884533886e+00
3.554164327155227454e+00
3.547245331600315854e+00
3.557451670951823797e+00
3.573077295316208879e+00
3.570518714199991450e+00
3.547995822828655665e+00
3.488832616989162805e+00
3.388538426964256889e+00
3.254635075966440638e+00
3.084745718305055728e+00
2.897207123890783720e+00
2.699350493066965839e+00
2.503534826531331081e+00
2.324624695296629184e+00
2.160954966609768935e+00
2.020944569752157527e+00
1.899629732844403174e+00
1.791717028609753015e+00
1.692601508296585955e+00
1.592093589179112145e+00
1.490762952860136492e+00
1.381968409975198098e+00
1.268278547701222614e+00
1.154904301264964017e+00
1.043991709066998341e+00
9.459377851836249240e-01
8.624831368430142531e-01
7.989502954337948104e-01
7.577190748769554451e-01
7.357327951901172503e-01
7.328616191925951817e-01
7.433547377641929188e-01
7.648119327484534935e-01
7.954884117252659648e-01
8.313386385729896189e-01
8.715529549341712867e-01
9.165067573989490457e-01
9.625765862767091674e-01
1.007879784016117997e+00
1.050472683286359787e+00
1.084765086320171878e+00
1.109240841392475696e+00
1.120384776453967168e+00
1.116548851039877333e+00
1.098269836462577143e+00
1.065260298266228256e+00
1.020089642519192319e+00
9.642511016152766068e-01
8.990983329964393755e-01
8.274864934436906294e-01
7.519410867958790101e-01
6.728693915729463404e-01
5.944856192899327096e-01
5.199092789263257686e-01
4.497946978112319361e-01
3.889878687680304314e-01
3.383590343732367223e-01
2.992181829052010245e-01
2.725664656157013033e-01
2.561884641707581900e-01
2.506203503944218203e-01
2.523866719621698507e-01
2.587671374311819594e-01
2.689456937722344843e-01
2.786331558817181642e-01
2.868961104731665990e-01
2.925909602579512270e-01
2.937422940323806686e-01
2.910115450334206377e-01
2.837957958638941403e-01
2.724241116284532027e-01
2.579458559489539726e-01
2.399241852104353756e-01
2.198830788428176308e-01
1.989218388212351529e-01
1.772670218354281124e-01
1.577718029120562526e-01
1.410162456784554985e-01
1.289165894708992066e-01
1.238741063255280467e-01
1.246937864237991217e-01
1.334091215873499103e-01
1.484908523293224092e-01
1.675929031796165036e-01
1.903401835009602971e-01
2.118206121545460341e-01
2.309319255646489488e-01
2.448586575993607628e-01
2.500007069390071113e-01
2.477899551454650073e-01
2.355818291437616063e-01
2.148733104379766667e-01
1.884024733703076881e-01
1.564018562857253103e-01
1.238071315955198842e-01
9.187268734275000348e-02
6.302244784084021223e-02
4.002214234683628552e-02
2.165986357942845456e-02
9.496799590811955127e-03
2.265527531559295964e-03
-1.675274214976398479e-03
-2.528067720557888257e-03
-2.295981711668097607e-03
-1.394737734163013429e-03
-4.126141228749252991e-04
1.204375570309801379e-04
5.007934254383593744e-04
5.216655157869095347e-04
3.712699995390711665e-04
2.420702952567426846e-04
8.982439593825708760e-05
-1.989869168432142324e-05
-4.648494384071594194e-05
-4.516043991193913941e-05
-4.470603103288702321e-05
-1.492725970432172232e-05
1.260266352347828730e-06
-6.179802036441704894e-07
8.230132893949546782e-06
6.703971522841534359e-06
-6.620651438620443386e-07
1.185634275648500130e-06
5.035623740999949126e-07
-2.548009892578008814e-06
-3.509032404328804222e-07
3.125211003991413157e-07
-9.479142582666363467e-07
1.858762283236294213e-07
3.871514167174600117e-07
-3.593815959186923001e-07
7.550965018729680553e-08
1.423923536880524653e-07
-2.025667341141884103e-07
9.638965287434097493e-09
6.081499890350636594e-08
-8.810952101166230268e-08
7.816415046567065891e-09
3.059617538365062081e-08
-3.646884399451868148e-08
3.337867950504571428e-09
1.302222678282733698e-08
-1.572782655994103054e-08
1.181733428259103885e-09
5.604115744691856866e-09
-6.451374940453918575e-09
5.077745103130306060e-10
2.393872932102323935e-09
-2.572219186326260887e-09
2.045892228058845032e-10
9.855779306786292153e-10
-1.000347392255123189e-09
8.447083506724570354e-11
3.981131790714699967e-10
-3.767484820725644779e-10
3.524504572270469972e-11
1.570717772948412060e-10
-1.369494948610414398e-10
1.547170682707974683e-11
6.082765232261479819e-11
-4.802627648822297120e-11
6.924083849208410689e-12
2.317601262991913225e-11
-1.616870765725737849e-11
3.209523007249672568e-12
8.825088667255672930e-12
-5.100464511008646709e-12
1.574109313508931996e-12
3.417454654421666905e-12
-1.437049866777988238e-12
8.042117477716161868e-13
1.372660307367009578e-12
-3.042587793124896725e-13
4.227778387955717411e-13
5.773237645522199120e-13
-4.121397023150181938e-15
2.189331110103741734e-13
2.501034359935041552e-13
4.585255235451394211e-14
1.087300792376208958e-13
1.089716386819918076e-13
3.577169850539945207e-14
5.095935421235467966e-14
4.643143595844589760e-14
1.970029445946340544e-14
2.229263008536314532e-14
1.898461796962320375e-14
9.175229612157718252e-15
9.129748849547634722e-15
7.409512447614053438e-15
3.842489947687486456e-15
3.527065722746894453e-15
2.764520634017991717e-15
1.494016896834038234e-15
1.300166839254244782e-15
9.962232139935537617e-16
5.557572267841807007e-16
4.678887525479707540e-16
3.555801248853874628e-16
2.060723790080051479e-16
1.704840380843619528e-16
1.301030706819313009e-16
7.911651373468829940e-17
6.437875118722263495e-17
4.901373153591674981e-17
3.087440768924526421e-17
2.436045900627340315e-17
1.827928645843683473e-17
1.176920371513150196e-17
9.112270044932726422e-18
6.922695637653058686e-18
4.715129607295211859e-18
3.752391426125107231e-18
2.983662822547522511e-18
2.198470892335085943e-18
1.794049483543116165e-18
1.451728030639486742e-18
1.115041502609100051e-18
9.060361170742421854e-19
7.313394000144825662e-19
5.725382991801210876e-19
4.623197332279916291e-19
3.719790593710969832e-19
2.929420668727188054e-19
2.339964957749590132e-19
1.860069113455328924e-19
1.450602109209746172e-19
1.133614722362692437e-19
8.805970496257206185e-20
6.726462677237643250e-20
5.122546676393830694e-20
3.904951011698684820e-20
2.945531619854526971e-20
2.216298040999516331e-20
1.677308458733027487e-20
1.255776056130527435e-20
9.344310894577191069e-21
6.955017782567888322e-21
5.093763780077665274e-21
3.694970253806750585e-21
2.691122670517726419e-21
1.929051987899120327e-21
1.368704457756110076e-21
9.765877351268057181e-22
6.853318754437031382e-22
4.818408535937452858e-22
3.311378718222760128e-22
2.208793588834870821e-22
1.719805483485020851e-22
1.008439110602613581e-22
4.158988020253661229e-23
8.705486490590036181e-23
2.752023462061077069e-23
-5.705113432319489637e-23
8.087083115778267809e-23
