1.292446321027468402e-10
-1.945103456890169396e-10
5.972337324520575372e-11
1.200958773275270964e-10
-5.464617543364481923e-12
8.368853586139484307e-11
1.492550149454630595e-10
1.368080299437209097e-10
1.939541959378126958e-10
2.281236359112744766e-10
2.538754075585104865e-10
3.767498271634254030e-10
5.870644440855024995e-10
7.397133464595147309e-10
8.633847981652739555e-10
7.954252154961759124e-10
9.170948155282480119e-10
1.940786448240764661e-09
3.246279175687902245e-09
3.664313213110600043e-09
4.748494011648585731e-09
5.580900174384325009e-09
6.697156080211299950e-09
1.516688693133893669e-08
2.381345836527296613e-08
4.087257898012779270e-08
9.465338916419984040e-08
1.324451593545998483e-07
1.621107667325673100e-07
3.163243750748328243e-07
6.640839818439965888e-07
2.070251385619550438e-06
4.864553765787796412e-06
9.738120719607962423e-06
1.779980151328964811e-05
2.870590786267326650e-05
4.287527991409109066e-05
5.862564127108603251e-05
7.510843239890295140e-05
9.138071822952467834e-05
1.057527725067708321e-04
1.186666190748907756e-04
1.291705695415449869e-04
1.379025437119815473e-04
1.455062256106306540e-04
1.517338041900136321e-04
1.571560826723084634e-04
1.618861219395704759e-04
1.656529214704812369e-04
1.692779653079921085e-04
1.734661706748292728e-04
1.774125631519668197e-04
1.822150942661551873e-04
1.894477506384744509e-04
1.975392796231100606e-04
2.077566989623979914e-04
2.228512432107057097e-04
2.399689378439824226e-04
2.606870550153832060e-04
2.902810556340470463e-04
3.250101055689761753e-04
3.740117463139993096e-04
4.489627873915253147e-04
5.563707629067752300e-04
7.271470076814735492e-04
9.707807966474374427e-04
1.311218711430469286e-03
1.764587340045437091e-03
2.311217682117000429e-03
2.962654017665394216e-03
3.691891008803578188e-03
4.471248337803659760e-03
5.307941230468698861e-03
6.209137534183732827e-03
7.160437981917480016e-03
8.195789890008551432e-03
9.291576801019742898e-03
1.039312066516121479e-02
1.147363035968770179e-02
1.235948324825237449e-02
1.302757436934101794e-02
1.336085746834258896e-02
1.330048702192128916e-02
1.297884280357085134e-02
1.235995901183547553e-02
1.168004477311928441e-02
1.105638353891334920e-02
1.057249102918270990e-02
1.036597219529027461e-02
1.036380997740518096e-02
1.059541810672453947e-02
1.094889286858566173e-02
1.134982716969690220e-02
1.177971599384364416e-02
1.221753966087131028e-02
1.269177700602904142e-02
1.323026255007675629e-02
1.389127602421121217e-02
1.466848768492990361e-02
1.557166009136319411e-02
1.655747147947195241e-02
1.760709689174247417e-02
1.868103837873451648e-02
1.974451818822058405e-02
2.085687946332833928e-02
2.199812933332869966e-02
2.325442852840645114e-02
2.470222668197151819e-02
2.641385686871445052e-02
2.855173650988330689e-02
3.109021513379787646e-02
3.417478317126419057e-02
3.779572499648676392e-02
4.172876633146677117e-02
4.598411754906897575e-02
5.010950228895972441e-02
5.380027639420812552e-02
5.678586869688208999e-02
5.850921646092039491e-02
5.901557811132842474e-02
5.804069632138788432e-02
5.579727554549037544e-02
5.281961109623505707e-02
4.924874735850096052e-02
4.591801255065524473e-02
4.311499794221639731e-02
4.107004993234721069e-02
3.998212103228744596e-02
3.964019245246388351e-02
4.010533072158106727e-02
4.128835161327119169e-02
4.301866994966248997e-02
4.548005206340621775e-02
4.850657716114059603e-02
5.167302637883450234e-02
5.485486343128676695e-02
5.723122687183865992e-02
5.865823156524700016e-02
5.881824952687730174e-02
5.778284323827984070e-02
5.615807919206932536e-02
5.403877284094576322e-02
5.220737245529551845e-02
5.087317033960394447e-02
5.014866991570968852e-02
5.007539337045249783e-02
5.046201218659140952e-02
5.127411778070270487e-02
5.227604734609825332e-02
5.336898455299646238e-02
5.450313676213366931e-02
5.557088130229059092e-02
5.656410479481482206e-02
5.743826059465010486e-02
5.816507857046755020e-02
5.878742318330609090e-02
5.928944102799172527e-02
5.981071306412138328e-02
6.043866005141301789e-02
6.128226015703452240e-02
6.270745124141011151e-02
6.472610953498188213e-02
6.758561746278499149e-02
7.143686499507065357e-02
7.603877905143111016e-02
8.151391883768586977e-02
8.740628229962509044e-02
9.345071222765520547e-02
9.940421231173585115e-02
1.045859418826017850e-01
1.091053658244032359e-01
1.126073700386771986e-01
1.150755931994115883e-01
1.169042698066897340e-01
1.179709115319814011e-01
1.188915054614641115e-01
1.199741511342958394e-01
1.213446909552893666e-01
1.238291448382033283e-01
1.276796411933896758e-01
1.334144637553430490e-01
1.419591281024505935e-01
1.533279449820472429e-01
1.680524652342070269e-01
1.859989224040707878e-01
2.067826636479787039e-01
2.298243053760654353e-01
2.535675432514432615e-01
2.784363937099699760e-01
3.026085502310498221e-01
3.267210591947831699e-01
3.541240024588008239e-01
3.837422854929846139e-01
4.234414652105196186e-01
4.803253122328163260e-01
5.563962574173931808e-01
6.702960638203300237e-01
8.336441768725126877e-01
1.053876136077276593e+00
1.366775407530560260e+00
1.791132878047842381e+00
2.344317442801943319e+00
3.090460673924112722e+00
4.058393771996127164e+00
5.284500601204552339e+00
6.866801531059912200e+00
8.837387936653980702e+00
1.125602398688656081e+01
1.422428148521342273e+01
1.775623271205575193e+01
2.191418577371818799e+01
2.675115154761648739e+01
3.225755873774774329e+01
3.846764673031909609e+01
4.536528891354618764e+01
5.292960894820549100e+01
6.114676977630799115e+01
6.991589001182254037e+01
7.920632804847279829e+01
8.892744858977421529e+01
9.891257384124043028e+01
1.091566068038738422e+02
1.195181081033943116e+02
1.299476101496629497e+02
1.405207583529596604e+02
1.511850499878351854e+02
1.621016950640797063e+02
1.733358111360627447e+02
1.849661131687071247e+02
1.970780864288658734e+02
2.095854247333650164e+02
2.225280720795269929e+02
2.356915067687956196e+02
2.489200250044129064e+02
2.621080910840010461e+02
2.750100340580550551e+02
2.875977687496195472e+02
2.997938106213222227e+02
3.115529997353696103e+02
3.228815417861369497e+02
3.337721286467165669e+02
3.440268441038383571e+02
3.535394315155033951e+02
3.622057381446227282e+02
3.697302804473258675e+02
3.760963104452144421e+02
3.812221875411019028e+02
3.851892114935932909e+02
3.881002743470926362e+02
3.900493514815736376e+02
3.913716926009969939e+02
3.921041831398791260e+02
3.924564287225729800e+02
3.926261958285801370e+02
3.924828443872100365e+02
3.921803946852812146e+02
3.914753986815234725e+02
3.901320738732718496e+02
3.880613702325777581e+02
3.849245814989908467e+02
3.807265508248142396e+02
3.753886314617481617e+02
3.690845968858368451e+02
3.619757722468711449e+02
3.541306539324214100e+02
3.457079145490020551e+02
3.367051754352858666e+02
3.270635389676681370e+02
3.166144038488443471e+02
3.053805384537009786e+02
2.931461114589509975e+02
2.799681814096926473e+02
2.660979251962964440e+02
2.514900615866240798e+02
2.367130865058956886e+02
2.220432164571779765e+02
2.076779310375376610e+02
1.940590089554682152e+02
1.812093144651538523e+02
1.693338829250272681e+02
1.584721121783528304e+02
1.485073197531285416e+02
1.395624145049780225e+02
1.314336047563375303e+02
1.239660855060381550e+02
1.171301967078908461e+02
1.106601104595520724e+02
1.044925183410121008e+02
9.857086210720814279e+01
9.279996749084030228e+01
8.719378799284400827e+01
8.169163313821668737e+01
7.624064352055786742e+01
7.087175838084287705e+01
6.549273335992471345e+01
6.015535844952689359e+01
5.494967392959666341e+01
4.989339576176445235e+01
4.516593486508884325e+01
4.079830350945260165e+01
3.683692956692713238e+01
3.328806226989453165e+01
3.009582728070411051e+01
2.726612892155852208e+01
2.474434656523320086e+01
2.249079531049297032e+01
2.049611651108335408e+01
1.871122155160027134e+01
1.712080541575160098e+01
1.570829298730645895e+01
1.444277562008944749e+01
1.331855534014722764e+01
1.232728086926026378e+01
1.144855998819448928e+01
1.067762465439535191e+01
1.000863450505469565e+01
9.420959363118820207e+00
8.910173320508162575e+00
8.476664644308666396e+00
8.106085955843733259e+00
7.786295364369927974e+00
7.514610980037962129e+00
7.280785222765313591e+00
7.081507952497127611e+00
6.907339055649029724e+00
6.753381286928983762e+00
6.623777259245343885e+00
6.510652717452735772e+00
6.418581526643349910e+00
6.356750564977129869e+00
6.336015734469770955e+00
6.361018385139488807e+00
6.409344102374368468e+00
6.474906621472502621e+00
6.519906144540740023e+00
6.535816503653005149e+00
6.514002314478601896e+00
6.465779475802876597e+00
6.414954392102216296e+00
6.372311333668715605e+00
6.354833080221429675e+00
6.354996334062160024e+00
6.377040383403904222e+00
6.408848657274731409e+00
6.440151626300470333e+00
6.466696696934568500e+00
6.485922435783770368e+00
6.503158649359580323e+00
6.512258385401701766e+00
6.517107638241795620e+00
6.523633963599355212e+00
6.527422322813780653e+00
6.525859114868812760e+00
6.518355233451472941e+00
6.503110149718426491e+00
6.476736656072293208e+00
6.438392090214569485e+00
6.388185389502175404e+00
6.330257959971223869e+00
6.267220038266919424e+00
6.200423390126172940e+00
6.135961232633671436e+00
6.076687870635364419e+00
6.025808646068188779e+00
5.985102380830300994e+00
5.953914619478685388e+00
5.936382192056252727e+00
5.929633765980907079e+00
5.928650379366048107e+00
5.935995658880208303e+00
5.948343445075384039e+00
5.960695880658689383e+00
5.973006849139312457e+00
5.985449841041547536e+00
5.997610147806370584e+00
6.007221022981119596e+00
6.016684169435375651e+00
6.029412227647835465e+00
6.041777018258915888e+00
6.053786503667591745e+00
6.069366050912471167e+00
6.085688800540186350e+00
6.100644602657331994e+00
6.116331519203753508e+00
6.132325653665000154e+00
6.146069496256838960e+00
6.157216435007796917e+00
6.167495854169151137e+00
6.177581452122236527e+00
6.186495623776941066e+00
6.196841828086331994e+00
6.211819688439135234e+00
6.228858282234354782e+00
6.248545319699673861e+00
6.272235767273524054e+00
6.298894518445067980e+00
6.327696714161056946e+00
6.359731187519397366e+00
6.396501143117987453e+00
6.437099788306582582e+00
6.480817012573184321e+00
6.528309385004042120e+00
6.579689721639866207e+00
6.630643536285263373e+00
6.679677138942849979e+00
6.728916358615376403e+00
6.776317824612246632e+00
6.819674959413288384e+00
6.858871885103141608e+00
6.896497927139459527e+00
6.933387913231310762e+00
6.963770108810606985e+00
6.987979925328818176e+00
7.011287869825109986e+00
7.031217384591353259e+00
7.046600202967474580e+00
7.060030428957204229e+00
7.079086087831012897e+00
7.107141774087776476e+00
7.136240054364445307e+00
7.172910285408334197e+00
7.211837083556178918e+00
7.239998832910697679e+00
7.250532360654641906e+00
7.226220475401542664e+00
7.168204387868418515e+00
7.065414481037529448e+00
6.917536774882738548e+00
6.741648609979830731e+00
6.538098362001567132e+00
6.329796853927590838e+00
6.126680747278672179e+00
5.938563958338989757e+00
5.783205834977821702e+00
5.653906157297591939e+00
5.557947329030258565e+00
5.490711313914459879e+00
5.441456425505616146e+00
5.407706714215984256e+00
5.370309101167002552e+00
5.326917311260574550e+00
5.270072597397297720e+00
5.188586703478416773e+00
5.088131830290358870e+00
4.965734417874764439e+00
4.829565558369558254e+00
4.684192890861617720e+00
4.533115163843846496e+00
4.391975347377708339e+00
4.260098190922684047e+00
4.143920004935806922e+00
4.048474891071823123e+00
3.969066118359202644e+00
3.908116838536444870e+00
3.853331549151845170e+00
3.800210838319966644e+00
3.742425785119609660e+00
3.664419371104839396e+00
3.568229638526505099e+00
3.445441314321024961e+00
3.296860186911137802e+00
3.130099650677764966e+00
2.945061873976925870e+00
2.759296219709286735e+00
2.578347449491805499e+00
2.411910358817517253e+00
2.276936350560859523e+00
2.171577631921822071e+00
2.106477963729694647e+00
2.080155455287401534e+00
2.083663217988363847e+00
2.116131160264701272e+00
2.157525278928966284e+00
2.200494069735407177e+00
2.233611131755522283e+00
2.241619657411716648e+00
2.227255376409141618e+00
2.184681480767891149e+00
2.118156918681116885e+00
2.034563335456057498e+00
1.937478932987048097e+00
1.838075652716344210e+00
1.739280296661713798e+00
1.644563089411789969e+00
1.559622074653348234e+00
1.484301616571296334e+00
1.418388358820539707e+00
1.357460667113469244e+00
1.299388689857608581e+00
1.239188568455691586e+00
1.168517843917382004e+00
1.087580552685891710e+00
9.933457102795681948e-01
8.935117270819880053e-01
7.924017474238551628e-01
6.978198135948131542e-01
6.237962258923500647e-01
5.692298794022651043e-01
5.399891818892590400e-01
5.293562944105169032e-01
5.314667324734001497e-01
5.402267339817594660e-01
5.427516801496804488e-01
5.393613446034714043e-01
5.257980286575060225e-01
5.051577045302048097e-01
4.809078741400937829e-01
4.566751900982250478e-01
4.387634995584862030e-01
4.263339454887698499e-01
4.210259241980818246e-01
4.206712700666122573e-01
4.234318863505230346e-01
4.272532393980184584e-01
4.307047131544596841e-01
4.342866204618984205e-01
4.392750206854145190e-01
4.497072742414818247e-01
4.652381210249903476e-01
4.903014905221547703e-01
5.248172600964603474e-01
5.657369753484194908e-01
6.129495374644876593e-01
6.571976859848410735e-01
6.963687181558935180e-01
7.241184119832033694e-01
7.328489871808691047e-01
7.248954419201368848e-01
6.952302238562433345e-01
6.478860985373978698e-01
5.875484214655676274e-01
5.154115292698272510e-01
4.422066642443256423e-01
3.707430665432140948e-01
3.065223566987313464e-01
2.570010942418008981e-01
2.213957391145303377e-01
2.043761097187722087e-01
2.031846731911488291e-01
2.142453154634501589e-01
2.353380455742779820e-01
2.562232537235220042e-01
2.745403798635276393e-01
2.841643184106812936e-01
2.816636490463402254e-01
2.686517551818017879e-01
2.447884573096227312e-01
2.165835847718642349e-01
1.860000030983861297e-01
1.573487082942796877e-01
1.344951226330230454e-01
1.168087847603003909e-01
1.056322314653247857e-01
9.875860054034762969e-02
9.535256298469090008e-02
9.389187783758899675e-02
9.324592284734739556e-02
9.391310899323369876e-02
9.550043722506547372e-02
9.900163336703958483e-02
1.041921082265313964e-01
1.117363005169357687e-01
1.200212685876234781e-01
1.273447093938867569e-01
1.329909556557158368e-01
1.338118467128614486e-01
1.296994945182958214e-01
1.194198729371449691e-01
1.040443570122507461e-01
8.582074592650452971e-02
6.534039472522738812e-02
4.630707190370676046e-02
2.971068327273719556e-02
1.669462228731832115e-02
7.926291595377868773e-03
2.365563807837702762e-03
-5.444134989228757037e-05
-8.953864366537033978e-04
-8.291480960141761397e-04
-3.042677764585859502e-04
5.772095008289564004e-06
2.142958140866712375e-04
2.368475717781939015e-04
1.666761700564799804e-04
8.347475607271472454e-05
9.168179438681838550e-06
-1.914491244359894356e-05
-2.347538844877248152e-05
-1.374921257884436405e-05
-5.753627327512982618e-06
1.434758886271714352e-06
4.092087055107570975e-06
2.982430641236110118e-06
1.300364357099691392e-06
-1.131026027435055390e-07
-3.480529678288429802e-07
-2.849757285540213970e-07
-1.227431815646466391e-07
-2.383357290170145233e-08
6.615910646721369013e-08
8.233832678253113408e-08
3.979929159105904930e-08
4.722723990266645179e-09
-7.444620305255067239e-09
7.929407356247452393e-10
6.479867776790472548e-09
6.225188809468982265e-09
3.819188539139294617e-09
2.806304404525493421e-09
2.604660310201072629e-09
2.084760364897353522e-09
1.576698003849924523e-09
1.238971823861720353e-09
1.132055722878668021e-09
9.866424239776398813e-10
7.680524763750079734e-10
5.624692370342004186e-10
4.321887008232263612e-10
3.693837019710973268e-10
3.229009185284682363e-10
2.826014834048214115e-10
2.475330281785766494e-10
2.188000299817323505e-10
1.941284174542110944e-10
1.690894623538716084e-10
1.432455287908736649e-10
1.192675217289646788e-10
9.768119816936909399e-11
7.926967302154540534e-11
6.345653593455372545e-11
4.996133836677541659e-11
3.820337866494717786e-11
2.794377256872740870e-11
1.931618024122043860e-11
1.253312650807981412e-11
7.434347096862023365e-12
4.137818537634982504e-12
2.070630900856051304e-12
9.541911470312108696e-13
5.482678059136426258e-13
3.519685131559482312e-13
3.209973309295239266e-13
3.002961359307529383e-13
2.452920161019908530e-13
2.020584158528482160e-13
1.469814299292476872e-13
9.940594176906605764e-14
6.813321514140582041e-14
4.853924379043054722e-14
3.594362488446238420e-14
2.815911845905569346e-14
2.169511984033097116e-14
1.613351387969969153e-14
1.197506579468169534e-14
8.515704856775906371e-15
5.832895189973822299e-15
4.097474444530405192e-15
3.045116013942744550e-15
2.271927990172846315e-15
1.738170817575493842e-15
1.356001479595237516e-15
1.067238495658995505e-15
8.592505404503498546e-16
7.047132548748541914e-16
5.813351547835607071e-16
4.911109018784149219e-16
4.209888800378068668e-16
3.588317538023271011e-16
3.081989228785693249e-16
2.644492266022218869e-16
2.244570018024299246e-16
1.891487759626268966e-16
1.555063518890442659e-16
1.245228476920905936e-16
9.666726025936134456e-17
7.191298830270074111e-17
5.164241202162283674e-17
3.502305036890566187e-17
2.287014028433546415e-17
1.429166029446727778e-17
8.275145519163334314e-18
4.848133773367853944e-18
2.697227309923262926e-18
1.472290363680024097e-18
9.103760339767818693e-19
5.408409757361349626e-19
3.639818605018195003e-19
2.650018088091980894e-19
1.856533353035481368e-19
1.482548755024214992e-19
1.212766303861937062e-19
9.746670761429840794e-20
8.397039442503621402e-20
7.153691660464985216e-20
5.981639821467568141e-20
5.100864709058590603e-20
4.329538941899596210e-20
3.677424285310202263e-20
3.168152827735520089e-20
2.710971628961613118e-20
2.269455821895282083e-20
1.862445413642948915e-20
1.451696961314316896e-20
1.077968645449727155e-20
7.451923686488315960e-21
4.738174297295650763e-21
2.782419518604763703e-21
1.384110676502307499e-21
6.324941708074085220e-22
2.253617342799690734e-22
5.160909594765859386e-23
3.176333512082677525e-23
2.230570097527898644e-23
3.481816467746061493e-23
2.966771932943435025e-23
1.662135283489704212e-23
1.926439876774568800e-23
5.873565582771924441e-24
-1.339366578510831211e-23
1.634216758601244501e-23
