1.175867457996473948e-10
-5.128831634436020223e-11
5.442490925479612219e-11
1.034426313382217646e-10
5.110795247959499472e-11
1.108823114909905580e-10
1.481155043615523132e-10
1.193787560848387050e-10
2.187699295633086421e-10
2.613210527142648192e-10
1.904178634114993624e-10
4.573386823283902857e-10
5.953430700120323348e-10
3.882533310436014338e-10
1.006615762686454655e-09
1.189306272510309144e-09
6.263850817431487739e-10
2.417375151606021912e-09
3.565941461593829888e-09
2.322764875893215117e-09
5.573204773601766172e-09
6.235496317641242340e-09
3.812137361277861963e-09
1.513007166698716734e-08
2.730435409771597522e-08
3.334816276919204936e-08
6.299707927781365149e-08
7.555477057030137076e-08
1.390529989701823930e-07
3.583968941689371105e-07
7.986675270370107010e-07
1.955744078630751327e-06
3.909641446087972431e-06
7.034594989769218453e-06
1.166263887378894409e-05
1.735000863516327830e-05
2.425263458944404993e-05
3.146005625488554970e-05
3.850494029550303652e-05
4.498299736983268205e-05
4.995157368734036619e-05
5.380774884665969149e-05
5.610081967583408548e-05
5.716629566658555590e-05
5.784808091246505449e-05
5.784697627526816203e-05
5.764237371066814581e-05
5.809016214596577016e-05
5.799312791476506204e-05
5.800113667514796093e-05
6.098405788521249672e-05
6.751058950629520137e-05
9.259061489817823904e-05
1.444835186124434007e-04
2.350129705525978632e-04
3.875655073691853278e-04
6.018727668999979737e-04
8.891875021801894097e-04
1.235728056606544278e-03
1.623162401423372016e-03
2.042043655998267322e-03
2.452609920314438498e-03
2.842506258508478798e-03
3.193035851004499825e-03
3.479324995982270834e-03
3.708863899935705994e-03
3.866243493608906897e-03
3.963276848677567410e-03
4.028764298424540070e-03
4.067364087486094286e-03
4.149675803447910004e-03
4.304749454169702789e-03
4.568444823985593796e-03
4.981842602463375409e-03
5.522604687620382043e-03
6.201207249902154772e-03
6.934023028885644840e-03
7.667992739889308018e-03
8.351973382680391231e-03
8.889263971219417068e-03
9.278928087783666276e-03
9.485829623711116917e-03
9.560007836382120386e-03
9.553087567385121562e-03
9.513213496376772549e-03
9.581212710439242566e-03
9.772166128257734827e-03
1.016823056464885057e-02
1.081825023997800422e-02
1.167585936125016717e-02
1.276068623822579351e-02
1.396316065272676377e-02
1.523471580022297406e-02
1.648155042482165114e-02
1.753806435390849183e-02
1.841961473380205813e-02
1.906334971489117083e-02
1.950978595058235412e-02
1.980955770737570162e-02
2.001879239142943454e-02
2.026311157783293807e-02
2.055714710289495428e-02
2.091854105995505711e-02
2.141653576916224822e-02
2.213310068317936655e-02
2.311630788030706596e-02
2.451075315245687669e-02
2.631426580216155928e-02
2.857517275964430517e-02
3.113535241718158597e-02
3.380551368571193399e-02
3.644392809212360779e-02
3.865248154960099214e-02
4.040587925335634156e-02
4.157901296071225133e-02
4.224642613382272732e-02
4.260061449323018778e-02
4.275333716933905209e-02
4.315402020174355369e-02
4.385464299324274423e-02
4.499037849253450377e-02
4.659174487587088714e-02
4.847020523816491372e-02
5.056798453187010683e-02
5.247154079392074566e-02
5.404856158396504490e-02
5.520474830961129981e-02
5.575021857084797722e-02
5.573323107709068219e-02
5.514381998282471414e-02
5.410938523615514001e-02
5.274175049169029655e-02
5.104062044695802797e-02
4.922559098238671327e-02
4.745044917024698883e-02
4.578960810422707389e-02
4.450077946817950630e-02
4.363593657613885207e-02
4.329019366312744643e-02
4.349759384285900587e-02
4.414129721717519744e-02
4.521054449950300674e-02
4.655610297684049242e-02
4.807935780771156048e-02
4.976247951369913713e-02
5.145907032637783707e-02
5.309809900142389155e-02
5.463630755094307095e-02
5.593003624932033069e-02
5.699469280772478941e-02
5.776120711363382648e-02
5.828030593472684900e-02
5.867759240338423637e-02
5.896309994085788958e-02
5.927424518880961002e-02
5.963889475637007553e-02
6.007311931005484412e-02
6.053483859015789531e-02
6.098768078635678075e-02
6.141957536040853344e-02
6.185365947124863567e-02
6.235267066414478671e-02
6.296586801229252239e-02
6.383320662773910026e-02
6.497363661674737667e-02
6.640603202682582307e-02
6.822103380678623541e-02
7.047254149798043432e-02
7.326422320591875759e-02
7.688018467068762074e-02
8.133580038462587258e-02
8.678784849870224694e-02
9.304329605384466240e-02
9.979513874321836731e-02
1.068499874453093107e-01
1.137151620844761984e-01
1.204843405668108991e-01
1.270451783642992660e-01
1.337424176897439310e-01
1.409768702114793937e-01
1.488435271705293717e-01
1.575302208601480347e-01
1.671741769438508385e-01
1.775948598051171334e-01
1.887799564091035831e-01
2.011959922318028449e-01
2.147757338013137340e-01
2.309055560165006460e-01
2.503477600462425401e-01
2.737570683072496625e-01
3.017386757578571221e-01
3.338999744999039954e-01
3.694608429099006663e-01
4.064495061906321927e-01
4.465177813794886652e-01
4.876422022141735924e-01
5.353017397141831557e-01
5.970947994859190366e-01
6.739691021156751782e-01
7.798918311892902855e-01
9.239707478518583983e-01
1.107553080973852522e+00
1.359370530164017099e+00
1.702339038526318182e+00
2.150024313815189991e+00
2.783721435300320568e+00
3.648886666171323956e+00
4.793515020429139462e+00
6.360348019099238748e+00
8.400685993184291434e+00
1.100074062791501284e+01
1.433678811538177733e+01
1.845359502886921987e+01
2.346031401509457126e+01
2.951087949066614513e+01
3.663107758560520466e+01
4.491871736975377161e+01
5.443402607824878459e+01
6.517245972642177776e+01
7.716972696703199119e+01
9.031920219044572207e+01
1.045763588086547884e+02
1.198586694980308920e+02
1.358777291876616005e+02
1.525661685767101119e+02
1.697257799511418455e+02
1.870268418835181592e+02
2.044254951411572847e+02
2.217182217351569022e+02
2.387020850027287224e+02
2.553424490624831549e+02
2.715087457831046436e+02
2.870443719203295814e+02
3.018574221434476499e+02
3.158200678656225477e+02
3.286969970150142331e+02
3.403951552273909442e+02
3.507771566039121467e+02
3.597498891361083224e+02
3.673082955044653204e+02
3.734478887587040958e+02
3.783796683070309541e+02
3.821125467811515932e+02
3.848266853678376833e+02
3.868655151980238429e+02
3.882113970398318656e+02
3.891190030310033876e+02
3.897082999373342318e+02
3.898717168185180526e+02
3.896442981942848860e+02
3.887476425600638663e+02
3.871001593160754055e+02
3.845637770865532730e+02
3.809867934136388499e+02
3.764768206357529721e+02
3.709890351204360854e+02
3.646906227262794005e+02
3.578386876130314249e+02
3.505393176216170446e+02
3.431843548304950673e+02
3.359401049440291445e+02
3.289418364634739760e+02
3.223231056017684182e+02
3.159314343107607215e+02
3.098044398942842577e+02
3.037723221168895407e+02
2.976414760021665984e+02
2.914406909777896999e+02
2.849956068283622130e+02
2.781811322478098987e+02
2.709881883761142944e+02
2.632290762058177620e+02
2.548788613807763852e+02
2.458625739582873564e+02
2.361325796013099705e+02
2.258289124560963046e+02
2.149094483109862779e+02
2.035527900290265109e+02
1.919902688549370851e+02
1.802455476610427070e+02
1.685866286390480866e+02
1.571722053821906968e+02
1.460415169248489065e+02
1.353755720394876789e+02
1.252185134551865673e+02
1.155897310130673787e+02
1.065526537979379924e+02
9.808646064482559268e+01
9.020488449417246102e+01
8.289996088810042352e+01
7.613305221904847997e+01
6.991203428159481348e+01
6.419397541728733358e+01
5.893982915474732209e+01
5.414733855236307392e+01
4.977860085322443950e+01
4.579816075955768184e+01
4.220370782070598636e+01
3.897682803378543781e+01
3.609101488974447847e+01
3.354149619559211715e+01
3.128858405558111144e+01
2.929479337780256287e+01
2.753728141475842150e+01
2.594396221975350514e+01
2.448639555943503865e+01
2.313825873816492518e+01
2.184941966064393526e+01
2.062292288362988302e+01
1.945741246774963784e+01
1.834736315560139630e+01
1.729697791129738604e+01
1.630062914351741554e+01
1.536789579780023196e+01
1.450480825391366047e+01
1.370286424261616709e+01
1.296102577204938022e+01
1.227871556798023533e+01
1.165993705231317712e+01
1.110297248808502957e+01
1.059773425234303268e+01
1.014450011584713529e+01
9.739838343685542910e+00
9.376510510745633908e+00
9.052937143080782789e+00
8.759845980281317779e+00
8.491904619948877908e+00
8.249841259712873409e+00
8.026980093497346758e+00
7.821349661195416303e+00
7.632910693752342546e+00
7.462302214658787847e+00
7.311756180715758724e+00
7.176410421774437332e+00
7.057176326751299023e+00
6.959485630469859352e+00
6.876440782917451422e+00
6.803568536297249558e+00
6.745329001542335057e+00
6.701206273698134375e+00
6.666681808273184906e+00
6.639630254098534579e+00
6.623594185547865720e+00
6.618027728115902342e+00
6.617961467656736652e+00
6.623151958912553816e+00
6.634783681366541508e+00
6.651699881851853569e+00
6.670208429903905056e+00
6.688800925094248839e+00
6.708879135318635889e+00
6.728538073700558897e+00
6.744171381041819124e+00
6.756317666344919814e+00
6.766478032387009733e+00
6.773011533011760399e+00
6.774246880393037351e+00
6.772276393103738634e+00
6.768135505895894077e+00
6.760006634340856913e+00
6.748549315232196477e+00
6.735259999325567293e+00
6.719796859531114386e+00
6.701930181003421971e+00
6.682623990240526446e+00
6.662722031418152113e+00
6.642794638246168226e+00
6.623766082175770897e+00
6.605411004658406249e+00
6.587989658070025456e+00
6.570868032298250228e+00
6.553620935620391386e+00
6.535022387072285888e+00
6.514020437160549903e+00
6.492141688103630237e+00
6.467685152230468582e+00
6.439935313154227181e+00
6.410870500591606458e+00
6.379915562946127494e+00
6.347371919295766496e+00
6.313683256075701244e+00
6.280228766683190855e+00
6.248317611043828101e+00
6.216261540966915078e+00
6.185587326824762755e+00
6.157128862464829488e+00
6.129541661714378087e+00
6.102799966721104141e+00
6.077865175945635023e+00
6.055986664811560338e+00
6.036821031430861240e+00
6.022448199245111766e+00
6.014716691004647231e+00
6.014188877405185707e+00
6.021247966910723726e+00
6.035155152904132514e+00
6.056384722325527825e+00
6.083429204288298031e+00
6.114773516455367819e+00
6.151123015681393191e+00
6.188815136972280584e+00
6.225228378279588526e+00
6.258507094336131615e+00
6.285615701458378446e+00
6.308812844519381180e+00
6.326154219371393772e+00
6.338670597695505116e+00
6.350014737964577272e+00
6.359630624208448602e+00
6.377670748233118303e+00
6.403116386298512985e+00
6.438625516066847077e+00
6.471159342959911243e+00
6.484950331317569372e+00
6.474495542977465767e+00
6.430226297638001576e+00
6.366361756953872408e+00
6.288531263575407593e+00
6.218827941736467579e+00
6.160786649111256175e+00
6.116622954161091030e+00
6.082351242382366685e+00
6.051124172966004799e+00
6.020372210790185363e+00
5.984360474416401843e+00
5.943604798453439919e+00
5.896151553625277764e+00
5.845444370498140252e+00
5.795221685527562450e+00
5.746308681829998655e+00
5.700899822912126602e+00
5.658052318312690510e+00
5.617931856772983679e+00
5.576338888978903618e+00
5.532587442858777571e+00
5.486669740367236869e+00
5.439547533742163488e+00
5.393998668632737470e+00
5.350696565310440356e+00
5.314675440494203151e+00
5.287212757763960269e+00
5.269447500225717285e+00
5.262238105638830987e+00
5.261676046089670322e+00
5.267837565135162770e+00
5.274932322424670694e+00
5.277885162097554428e+00
5.275448794433467370e+00
5.262025218493719514e+00
5.236994392636133533e+00
5.199886258809345740e+00
5.149648997158141839e+00
5.087917797745480364e+00
5.014834749007602177e+00
4.931346157146427878e+00
4.838012135938225100e+00
4.734071646418537505e+00
4.620212597445457980e+00
4.497132482021245714e+00
4.363774274377822948e+00
4.219889048158500522e+00
4.066887708909555421e+00
3.903825070000960906e+00
3.730233070872822410e+00
3.547525956747477505e+00
3.354986201719655003e+00
3.156164045832245080e+00
2.953619639043477019e+00
2.748666114242064751e+00
2.549461595437158667e+00
2.358915949377474952e+00
2.180659117184229334e+00
2.020551214267592766e+00
1.877959667545770595e+00
1.756191538500475602e+00
1.652855823851377748e+00
1.563055932781074908e+00
1.486468677555496498e+00
1.413777064492836688e+00
1.341256817228494880e+00
1.264681715059015277e+00
1.177664856071348298e+00
1.082784765769957191e+00
9.770616009088510800e-01
8.651891132079657654e-01
7.526956453336985930e-01
6.415033814440262994e-01
5.403959744566078083e-01
4.507211592071860284e-01
3.756576775306617044e-01
3.171177948742395780e-01
2.722272339935996044e-01
2.416926513721638081e-01
2.218833870948584419e-01
2.103514503845154149e-01
2.061816536433271063e-01
2.058168931114142675e-01
2.084981300734568277e-01
2.129139072227346496e-01
2.177118293676016669e-01
2.230807619175180501e-01
2.287422045406896087e-01
2.360955118581033185e-01
2.455103470376489572e-01
2.578863653888643359e-01
2.730267134355023884e-01
2.901898700425524225e-01
3.079543119283435493e-01
3.229020543731251913e-01
3.346632401815095026e-01
3.412490243070438467e-01
3.467347590580556194e-01
3.533024686013125915e-01
3.675605551916562574e-01
4.027016824669065742e-01
4.586488968166109181e-01
5.460537984224488328e-01
6.611346491952126980e-01
7.965461248488524548e-01
9.452238826601576660e-01
1.077697707825466145e+00
1.189684749856264823e+00
1.259211741395122042e+00
1.273279632883553392e+00
1.241340912373130489e+00
1.158229778536409960e+00
1.047621956872461402e+00
9.197854565767128454e-01
7.896541477692146094e-01
6.775532178054253230e-01
5.808719630326385497e-01
5.084243765247752345e-01
4.556769205537243295e-01
4.161241500269536320e-01
3.873130690842898627e-01
3.621029849438002213e-01
3.394783936961369708e-01
3.182282800397286393e-01
2.991805896093303052e-01
2.828070825237666286e-01
2.706119894645383495e-01
2.625716561712295727e-01
2.575687836739527503e-01
2.553492932964683271e-01
2.531822005651136465e-01
2.505462476215747358e-01
2.459087319665270999e-01
2.379909520158508263e-01
2.277233933832798207e-01
2.141650258667334439e-01
1.982502239080705664e-01
1.813146342731722926e-01
1.632622287797179661e-01
1.457702772935214608e-01
1.296607135847528680e-01
1.153327129291396164e-01
1.036397679682927592e-01
9.440190683366361801e-02
8.778457399145163376e-02
8.342613495088778419e-02
8.076123435584985077e-02
7.986541162784480119e-02
8.086016720195497720e-02
8.337849632853787385e-02
8.812526158947982247e-02
9.458558435520848795e-02
1.017310206232490827e-01
1.092661118679507520e-01
1.140893584455098253e-01
1.155628270332726970e-01
1.120243129212307315e-01
1.027579765001527951e-01
8.933904107510066972e-02
7.176989892400613413e-02
5.371222063995062523e-02
3.657337623009986743e-02
2.180406188043938417e-02
1.112739168094175474e-02
3.854049523936785033e-03
2.560370503201916731e-04
-1.199212877987875826e-03
-1.339154976601753845e-03
-6.884333517704000404e-04
-1.923840752726103899e-04
1.861894763805930835e-04
2.893125669202768475e-04
2.335722821162625944e-04
1.393371932182470502e-04
3.441430592947767317e-05
-1.892307145926609122e-05
-3.504281312087907397e-05
-2.333209247192215131e-05
-9.944769507182312497e-06
1.206670065040919277e-06
5.001246594058204616e-06
4.266652744600580930e-06
2.368796414395609700e-06
2.110335664023445637e-07
-6.248759097135490290e-07
-6.473716749266538228e-07
-2.129857938459403433e-07
4.583464240140735680e-08
1.719380881400918006e-07
1.342552316331976774e-07
7.219299636497640078e-08
2.269596516987860085e-08
6.220996341068159372e-10
1.425849921980535341e-09
8.115484418315916958e-09
1.237124585776670005e-08
1.053837670716537507e-08
7.463971127766883756e-09
4.457053487388939530e-09
2.964322220878251488e-09
2.235844244276988924e-09
1.965785777480112045e-09
1.639392588911023776e-09
1.295819265594335383e-09
9.455440057995980464e-10
6.879990274700530244e-10
5.207388700067479683e-10
4.226566715442772062e-10
3.436387046174554727e-10
2.796519202857126121e-10
2.262094905474773107e-10
1.842583464163644443e-10
1.538250637982014774e-10
1.306427734937079625e-10
1.099372554361002260e-10
9.159444239659764721e-11
7.451420316553864061e-11
5.946771285990896992e-11
4.657654236101976304e-11
3.587474618855814799e-11
2.715870824336923186e-11
2.014838340372202212e-11
1.482922054091471628e-11
1.072927360225478170e-11
7.646122466760635624e-12
5.462923567326073352e-12
3.842662157139495362e-12
2.713951114209907532e-12
1.964603889051927500e-12
1.418963369398487356e-12
1.057770080913362019e-12
8.084734798152360197e-13
6.131287260753481297e-13
4.735204185046887701e-13
3.637874299286691811e-13
2.745866060817846678e-13
2.075607750276886837e-13
1.557271260183680229e-13
1.148011765958790381e-13
8.445012222657390226e-14
6.141550351334374976e-14
4.353802389679992173e-14
3.047442305212043813e-14
2.114521635783428961e-14
1.449559690283596016e-14
1.007694389420489773e-14
7.443131916983418347e-15
5.734610108602332825e-15
4.787495864431941013e-15
4.294232753529771397e-15
3.880745437832722038e-15
3.564836887209363851e-15
3.168026897368200368e-15
2.687142040737992535e-15
2.163279109409011918e-15
1.609848425691931600e-15
1.127049730259260410e-15
7.157053138723714599e-16
4.271233155616561171e-16
2.420091112608655476e-16
1.378051935449685106e-16
9.889393980665845911e-17
7.994408236997307060e-17
7.725392230437010733e-17
7.427504149842171749e-17
6.705309573847643051e-17
5.899184862580252600e-17
4.859524032083672263e-17
3.847042852274690646e-17
2.945232305887148256e-17
2.129444897511956632e-17
1.456112213473981876e-17
9.253317634487881986e-18
5.406228768689349751e-18
2.890607567272369004e-18
1.321369125066689761e-18
6.290389154357431981e-19
2.879186463810404507e-19
1.539990761102840124e-19
1.260870670031567999e-19
8.642694297447662815e-20
5.890780910658132023e-20
3.373858836010288398e-20
1.647779645110900934e-20
8.533618818281061810e-21
6.140248814690473956e-21
4.693025364309364324e-21
4.071870413759823257e-21
3.055332200604630855e-21
2.008942857586806140e-21
1.322604399699462253e-21
8.910450329625482046e-22
6.431100635033699227e-22
5.177345577825475325e-22
4.146097862904667722e-22
3.064576426343890458e-22
2.264560750939539963e-22
1.655770953708233362e-22
1.225836230753510939e-22
9.457750266078817620e-23
6.910543952121122465e-23
4.902119524489559877e-23
4.167140214170377827e-23
2.505234396563728443e-23
1.359820732270945490e-23
2.788466348289072628e-23
