9.386266638083284224e-06
2.075733063904100164e-06
3.819607577811170089e-06
4.396219889650774549e-06
4.154793552659132158e-06
4.625278146683777220e-06
5.116238647669836555e-06
5.545183727037994319e-06
6.087065796641317167e-06
6.672752729183335019e-06
7.291281431751354702e-06
7.962108349345304917e-06
8.677058201322786253e-06
9.431243380621386584e-06
1.022678046881876401e-05
1.106158876457496216e-05
1.193285482494244798e-05
1.284036925428854387e-05
1.378297445124004720e-05
1.475931864769108557e-05
1.576884230901535476e-05
1.681100718110403446e-05
1.788418149618025414e-05
1.898664470293558621e-05
2.011731817688154058e-05
2.127310653067057084e-05
2.245282210112607409e-05
2.365477481931969428e-05
2.487954603494534414e-05
2.612912193404054873e-05
2.740390279071306840e-05
2.871189940342089403e-05
3.005639720918425366e-05
3.144086000324472204e-05
3.287349662252747986e-05
3.435413388986621812e-05
3.588576772908102516e-05
3.746624577574834877e-05
3.909117180734660431e-05
4.075931917830370819e-05
4.245864319741551396e-05
4.418520363994757431e-05
4.593455328995926318e-05
4.769665603069656875e-05
4.947259276642920669e-05
5.125939020553174353e-05
5.305922806907052079e-05
5.487785476133188095e-05
5.671693137387161899e-05
5.858972867591147766e-05
6.050267506854439727e-05
6.246094069695057392e-05
6.448006160790565916e-05
6.656407184087771050e-05
6.871839180022372255e-05
7.095395004644713488e-05
7.327238893853425111e-05
7.567737860628383011e-05
7.817464715551427723e-05
8.076510353659108795e-05
8.345084854846406073e-05
8.623538915491540848e-05
8.912010794543263588e-05
9.210662946731175925e-05
9.519874189208580228e-05
9.839844276323490499e-05
1.017076060511146689e-04
1.051309249450809130e-04
1.086706365381989557e-04
1.123289536437994935e-04
1.161109893566770530e-04
1.200189071470360796e-04
1.240550444116697939e-04
1.282243639994103091e-04
1.325288631615410514e-04
1.369707982010036774e-04
1.415547306965715885e-04
1.462825292649567782e-04
1.511562688282593503e-04
1.561801244033395031e-04
1.613559002081372163e-04
1.666854673729368955e-04
1.721727427666706835e-04
1.778195158575757715e-04
1.836274659197715501e-04
1.896004036761846567e-04
1.957401385505969050e-04
2.020481826865305633e-04
2.085283908595371525e-04
2.151826226604550845e-04
2.220122568830787478e-04
2.290213443243236259e-04
2.362118290758910078e-04
2.435850022882663846e-04
2.511452741041816082e-04
2.588947168586142630e-04
2.668345948990162521e-04
2.749698606036354636e-04
2.833027713583539053e-04
2.918346425285693970e-04
3.005711782668903640e-04
3.095148947005804869e-04
3.186672539966927818e-04
3.280349566567140212e-04
3.376208731689829827e-04
3.474267275005977584e-04
3.574605075698540223e-04
3.677255620917023460e-04
3.782240134382380738e-04
3.889654887033555208e-04
3.999539734830510982e-04
4.111921503877769414e-04
4.226917122513934935e-04
4.344574798623611280e-04
4.464928871209384968e-04
4.588122032052224081e-04
4.714213229529493478e-04
4.843246545087039143e-04
4.975396367822953721e-04
5.110735128379704584e-04
5.249319192031429290e-04
5.391361240147724736e-04
5.536950153550019823e-04
5.686157373400332849e-04
5.839240781192416409e-04
5.996308699219169216e-04
6.157450559031875771e-04
6.322976140538428018e-04
6.493015958839503873e-04
6.667680276340654834e-04
6.847336611488724981e-04
7.032139891130574682e-04
7.222223724166737914e-04
7.418017662493852802e-04
7.619702454344690241e-04
7.827436970247163978e-04
8.041714936595963916e-04
8.262743313285675524e-04
8.490707288451465086e-04
8.726164347385295672e-04
8.969346938220839347e-04
9.220466570266783310e-04
9.480141432711383957e-04
9.748627682708857706e-04
1.002616202035108922e-03
1.031341795757208680e-03
1.061067275088188296e-03
1.091818609205645390e-03
1.123667983476484347e-03
1.156644927571222163e-03
1.190777405811823666e-03
1.226141688245777463e-03
1.262768807365215098e-03
1.300688372538790979e-03
1.339980069925242843e-03
1.380676193267276917e-03
1.422807650562991607e-03
1.466457094869447588e-03
1.511657951679008837e-03
1.558442140532196500e-03
1.606895175882775903e-03
1.657051639754160552e-03
1.708944289790406516e-03
1.762661831047538296e-03
1.818240206699804672e-03
1.875712998216094935e-03
1.935172907981406619e-03
1.996657629779470533e-03
2.060201744040671742e-03
2.125903221816957331e-03
2.193802065579511778e-03
2.263934229958698349e-03
2.336404623199048614e-03
2.411256248364659210e-03
2.488526999302250343e-03
2.568330674970432589e-03
2.650714056792291985e-03
2.735717702912850244e-03
2.823466400990799763e-03
2.914011520379608967e-03
3.007397123881786535e-03
3.103761081488190781e-03
3.203160139185500400e-03
3.305642766364856253e-03
3.411361867624727612e-03
3.520380288719173172e-03
3.632751813397620128e-03
3.748646083433728685e-03
3.868132669948584276e-03
3.991271533365701660e-03
4.118250436969545132e-03
4.249146188526235074e-03
4.384025700245950362e-03
4.523095898787640214e-03
4.666441224073281102e-03
4.814136198962359718e-03
4.966407631030068416e-03
5.123347884352993063e-03
5.285039619809276008e-03
5.451729972969173756e-03
5.623519443806471174e-03
5.800499225023726842e-03
5.982937037162765724e-03
6.170941678846492140e-03
6.364613144243307270e-03
6.564239903138257247e-03
6.769939203074223227e-03
6.981820004028705014e-03
7.200191702832308728e-03
7.425180172988665901e-03
7.656903425959429681e-03
7.895692085248281686e-03
8.141680893350008649e-03
8.394996953327618291e-03
8.655992640373923533e-03
8.924811910220580707e-03
9.201590990254200630e-03
9.486704847313107147e-03
9.780307121113746005e-03
1.008254322917377308e-02
1.039381194656573311e-02
1.071427720182446981e-02
1.104409373898294737e-02
1.138368575051361582e-02
1.173322817492195198e-02
1.209288531592952326e-02
1.246310873868218365e-02
1.284408518255187280e-02
1.323598884609560912e-02
1.363930085489842292e-02
1.405422054068091765e-02
1.448093241107335956e-02
1.491994941277442928e-02
1.537148419092151073e-02
1.583573200661874888e-02
1.631323981423309435e-02
1.680423418638231012e-02
1.730892155472975660e-02
1.782788495561747968e-02
1.836136543982350156e-02
1.890958096914648404e-02
1.947315281055046407e-02
2.005233714522967545e-02
2.064736381379503674e-02
2.125889504370112593e-02
2.188720320291283328e-02
2.253253052082519400e-02
2.319558434507823508e-02
2.387665510247047318e-02
2.457599840570011407e-02
2.529437339967914242e-02
2.603209169523937327e-02
2.678942421986353628e-02
2.756719218843621880e-02
2.836573310751042132e-02
2.918533658509291431e-02
3.002690047867033474e-02
3.089079457113243568e-02
3.177733235132332995e-02
3.268750712822476173e-02
3.362172872393309059e-02
3.458034167717911195e-02
3.556445666539500422e-02
3.657453199635100211e-02
3.761095211948922712e-02
3.867496783999372495e-02
3.976709403148404043e-02
4.088776485518606091e-02
4.203839166511624814e-02
4.321955237165672065e-02
4.443174042131254470e-02
4.567654219778950059e-02
4.695460228475748649e-02
4.826648135707706233e-02
4.961394597824232006e-02
5.099770719434712496e-02
5.241839784016778109e-02
5.387795787230722361e-02
5.537716005298041339e-02
5.691671018366494667e-02
5.849870139676523889e-02
6.012395853255212558e-02
6.179325633829180903e-02
6.350880710344349034e-02
6.527147313494748027e-02
6.708208896977695124e-02
6.894293880041228728e-02
7.085490299928386138e-02
7.281886154645526854e-02
7.483711148660575352e-02
7.691052769810349798e-02
7.904001612279561162e-02
8.122781859538021065e-02
8.347477834399751051e-02
8.578180289130869773e-02
8.815100723772528735e-02
9.058317745554204936e-02
9.307919425568082772e-02
9.564098079015048715e-02
9.826924683250497228e-02
1.009648163514830083e-01
1.037293791844606239e-01
1.065635645138616056e-01
1.094681133132555106e-01
1.124444884419596585e-01
1.154932595140199109e-01
1.186150706713232778e-01
1.218112407159493427e-01
1.250823360385144578e-01
1.284289143337166428e-01
1.318523356219341858e-01
1.353532601968067406e-01
1.389322062807563374e-01
1.425908734446894310e-01
1.463301498272664980e-01
1.501506059369304424e-01
1.540546742596599072e-01
1.580436243599622481e-01
1.621182135678992664e-01
1.662820394540342472e-01
1.705368956322430296e-01
1.748838863891660766e-01
1.793281527991255342e-01
1.838721055893755008e-01
1.885173486633604234e-01
1.932707808748306555e-01
1.981354381591217406e-01
2.031135264670821672e-01
2.082136586012648116e-01
2.134394007131797666e-01
2.187935739956883008e-01
2.242861658872701280e-01
2.299210849570653414e-01
2.357016733178276258e-01
2.416387054977954529e-01
2.477361916683783194e-01
2.539978084719772267e-01
2.604344098821783637e-01
2.670498697765210094e-01
2.738479702566284923e-01
2.808389800843825168e-01
2.880264480360765766e-01
2.954140552609820225e-01
3.030109830343867272e-01
3.108203234117554170e-01
3.188455209039195437e-01
3.270943266689212980e-01
3.355692568695432532e-01
3.442734501943749414e-01
3.532128884850560535e-01
3.623893209634159729e-01
3.718055049402593237e-01
3.814650617011253186e-01
3.913686315003079841e-01
4.015183871353083522e-01
4.119145339881356560e-01
4.225560985987673601e-01
4.334442294935390017e-01
4.445742097560399508e-01
4.559428892865625138e-01
4.675497005230235814e-01
4.793834126901281856e-01
4.914382996905095613e-01
5.037112749413639179e-01
5.161836113870116316e-01
5.288470432967510293e-01
5.416953482491037031e-01
5.547027292445602109e-01
5.678590535958066843e-01
5.811548985039002302e-01
5.945597658850590994e-01
6.080629653559054271e-01
6.216526386521479264e-01
6.352977979904567141e-01
6.489888730829719288e-01
6.627131859091278665e-01
6.764444114446379608e-01
6.901756556667488773e-01
7.038955624316679538e-01
7.175870370592584147e-01
7.312467498186547843e-01
7.448667165655976641e-01
7.584414242137910156e-01
7.719709520171015305e-01
7.854519417833970563e-01
7.988895379506302241e-01
8.122860141029591974e-01
8.256425904898988533e-01
8.389709189992452520e-01
8.522735864036592446e-01
8.655549784263678603e-01
8.788271512005424446e-01
8.920911294423529148e-01
9.053521373324525667e-01
9.186166654193944625e-01
9.318829958762248067e-01
9.451547689973102129e-01
9.584291816688201848e-01
9.717017114820483137e-01
9.849727637217218223e-01
9.982300492270802517e-01
1.011467284325364258e+00
1.024681321123055877e+00
1.037853696360591993e+00
1.050978079220537653e+00
1.064048814264255460e+00
1.077046759711437263e+00
1.089967256664700956e+00
1.102804054133170952e+00
1.115542954720976976e+00
1.128182072743419750e+00
1.140716540940512669e+00
1.153140883762087787e+00
1.165456130651909339e+00
1.177660088679647776e+00
1.189756783912737648e+00
1.201749389673930413e+00
1.213638584312725310e+00
1.225435711334522892e+00
1.237144780327689375e+00
1.248768527883240775e+00
1.260321558576859458e+00
1.271807396367582443e+00
1.283229497522700324e+00
1.294601409786161339e+00
1.305925275458556856e+00
1.317204026113536708e+00
1.328447003284223937e+00
1.339654688410911509e+00
1.350828783871516059e+00
1.361973152472674364e+00
1.373086860276612420e+00
1.384170295869705081e+00
1.395222291348139132e+00
1.406240997250016278e+00
1.417225767829038530e+00
1.428171834781179372e+00
1.439076911611433696e+00
1.449939596732320091e+00
1.460753111162589546e+00
1.471515040651139472e+00
1.482223302631175743e+00
1.492870343053067428e+00
1.503453762489054490e+00
1.513970756724611677e+00
1.524413760621716074e+00
1.534780444394973964e+00
1.545067399989268786e+00
1.555267447807029191e+00
1.565378361116555039e+00
1.575396607733252852e+00
1.585315539795983719e+00
1.595133068487948336e+00
1.604846302169168126e+00
1.614449092102485439e+00
1.623939532684801401e+00
1.633316067085346601e+00
1.642572939840068580e+00
1.651708511459056394e+00
1.660722769493286677e+00
1.669610364544215519e+00
1.678370074160774550e+00
1.687002965218235007e+00
1.695504412362225155e+00
1.703873813982618834e+00
1.712112363486805178e+00
1.720216789455407680e+00
1.728187282406089986e+00
1.736024208920913692e+00
1.743726336587494208e+00
1.751294668845323477e+00
1.758728323797382531e+00
1.766028441515945069e+00
1.773196636045048180e+00
1.780231177709526769e+00
1.787135251289115212e+00
1.793910688288401500e+00
1.800556012018715402e+00
1.807075462408832323e+00
1.813470641949476381e+00
1.819741614934040852e+00
1.825892377095296837e+00
1.831923989425607191e+00
1.837838840689521858e+00
1.843639633119075194e+00
1.849326863689916278e+00
1.854904982178742223e+00
1.860375106141281210e+00
1.865737482866283159e+00
1.870997235800308411e+00
1.876154558058562349e+00
1.881209987911099502e+00
1.886167339132166942e+00
1.891027222965399268e+00
1.895790981602295311e+00
1.900459501109764915e+00
1.905035171874825517e+00
1.909520327955161578e+00
1.913912599773341272e+00
1.918216778735347239e+00
1.922435874771700526e+00
1.926565570673800742e+00
1.930612500513422924e+00
1.934579600847148972e+00
1.938463045281274111e+00
1.942269729647988719e+00
1.946001653420865507e+00
1.949657903037309126e+00
1.953243745901511508e+00
1.956759678404570879e+00
1.960208900749609739e+00
1.963593757771877613e+00
1.966913268498620582e+00
1.970174061637377072e+00
1.973375495315662809e+00
1.976515771286247336e+00
1.979602539284642804e+00
1.982633403048429832e+00
1.985606833018982664e+00
1.988528281615073334e+00
1.991395618441451631e+00
1.994208714851239073e+00
1.996968134840045872e+00
1.999673960188295574e+00
2.002328182943619694e+00
2.004925630924158764e+00
2.007469585644014565e+00
2.009964045965653590e+00
2.012399844615409883e+00
2.014782941907178770e+00
2.017118205919975260e+00
2.019396454881965841e+00
2.021624387739811457e+00
2.023805845394039071e+00
2.025936255699464450e+00
2.028020515876841845e+00
2.030059563267871514e+00
2.032056428587863728e+00
2.034012324409891992e+00
2.035924432153778607e+00
2.037802988587369857e+00
2.039645349702210009e+00
2.041445773215856629e+00
2.043217799519170708e+00
2.044956663707853561e+00
2.046656047792617894e+00
2.048327136224862066e+00
2.049965826478510778e+00
2.051568083486405847e+00
2.053137981183641436e+00
2.054674451721166584e+00
2.056177811570274461e+00
2.057643261450685657e+00
2.059073517146067900e+00
2.060473648262195479e+00
2.061831742834891568e+00
2.063153129720711298e+00
2.064446290663542349e+00
2.065696550484372285e+00
2.066909471945141963e+00
2.068094416715493100e+00
2.069239262900657739e+00
2.070347493794626903e+00
2.071426369106395438e+00
2.072470940891282698e+00
2.073481567342424281e+00
2.074460674999957011e+00
2.075412933391104886e+00
2.076336336710887576e+00
2.077226736584956601e+00
2.078097617180456158e+00
2.078946621479193180e+00
2.079763099777920399e+00
2.080565089064239981e+00
2.081351595139799837e+00
2.082108119985996986e+00
2.082850559468916618e+00
2.083579903648837384e+00
2.084283130380574001e+00
2.084966813083673820e+00
2.085631610306228012e+00
2.086273437391363839e+00
2.086886956120248104e+00
2.087471882638930243e+00
2.088035580906677513e+00
2.088563891639978909e+00
2.089055796758265249e+00
2.089527193797527271e+00
2.089961506606762054e+00
2.090357963828514354e+00
2.090734189548631772e+00
2.091078251570079427e+00
2.091390802829379947e+00
2.091683460754893975e+00
2.091953541523305038e+00
2.092203755039587776e+00
2.092434778242085347e+00
2.092653406680874628e+00
2.092863999672755160e+00
2.093056572964831830e+00
2.093243474135895177e+00
2.093429295746151997e+00
2.093598678015403447e+00
2.093763582708058291e+00
2.093927046370049450e+00
2.094075907544067139e+00
2.094216697563322960e+00
2.094349675936000743e+00
2.094469968361251322e+00
2.094576712215170833e+00
2.094667462974950656e+00
2.094747376963209895e+00
2.094809811510851549e+00
2.094851049150963984e+00
2.094883127871339124e+00
2.094897582767309974e+00
2.094891526014523553e+00
2.094877730157747031e+00
2.094850053970624515e+00
2.094808119870389174e+00
2.094759498544545462e+00
2.094702776038672720e+00
2.094640434273276508e+00
2.094571933065374925e+00
2.094500421347737618e+00
2.094430034938476570e+00
2.094353303787624743e+00
2.094275706492694233e+00
2.094200860699103384e+00
2.094118596606544980e+00
2.094033796097705125e+00
2.093947502998166676e+00
2.093851727297387555e+00
2.093748592366477368e+00
2.093635630002600223e+00
2.093510145801248168e+00
2.093370948306332302e+00
2.093212643945638884e+00
2.093037952997504725e+00
2.092843361007538316e+00
2.092622300996401563e+00
2.092380430223180543e+00
2.092113693499856986e+00
2.091816378882243477e+00
2.091493614412740953e+00
2.091142412133880857e+00
2.090759294398393475e+00
2.090346251133474720e+00
2.089902118226239391e+00
2.089425884037878323e+00
2.088915782407357202e+00
2.088372246020731460e+00
2.087795935151787852e+00
2.087182671451765170e+00
2.086533628716663369e+00
2.085849910290713094e+00
2.085127242271034298e+00
2.084366617876530547e+00
2.083568607755028168e+00
2.082730834441672396e+00
2.081853574424957554e+00
2.080936561166286669e+00
2.079980072661649526e+00
2.078983666392724139e+00
2.077946588677585193e+00
2.076871158974716192e+00
2.075756595334426802e+00
2.074602302432178469e+00
2.073411205035386562e+00
2.072182643260794155e+00
2.070916676353746322e+00
2.069615407833616860e+00
2.068278584706206402e+00
2.066906989936327044e+00
2.065501135155743295e+00
2.064061184331347665e+00
2.062588290205900510e+00
2.061081448768681046e+00
2.059541043739580690e+00
2.057968052797020331e+00
2.056360636909230877e+00
2.054719147676242752e+00
2.053043957336761149e+00
2.051333231903563092e+00
2.049587123667211852e+00
2.047805307081616899e+00
2.045986570413378391e+00
2.044130850631385776e+00
2.042237427585467557e+00
2.040305939185617756e+00
2.038336231241255181e+00
2.036327779514801595e+00
2.034280956332571666e+00
2.032195721997420712e+00
2.030072411976111990e+00
2.027911837922963034e+00
2.025714289382691380e+00
2.023481464976727651e+00
2.021214311807448372e+00
2.018913608473415611e+00
2.016582593900844156e+00
2.014222156774664985e+00
2.011833626349193604e+00
2.009421598812144882e+00
2.006986873694175610e+00
2.004531281697034650e+00
2.002060345127350427e+00
1.999574898991465011e+00
1.997077139555638370e+00
1.994573037952803718e+00
1.992063679551441036e+00
1.989551457010320989e+00
1.987042445480091013e+00
1.984538172072084938e+00
1.982041079785669346e+00
1.979557176692463116e+00
1.977088468685799683e+00
1.974637351258356377e+00
1.972209631743573555e+00
1.969807586410061262e+00
1.967433488134514130e+00
1.965092610593824451e+00
1.962787052692760215e+00
1.960518850844797711e+00
1.958292041075300416e+00
1.956107982276335866e+00
1.953968269361210153e+00
1.951874676893059046e+00
1.949827351938753006e+00
1.947827156676043003e+00
1.945872580525461970e+00
1.943962382030472114e+00
1.942096393748033334e+00
1.940269273584655396e+00
1.938478625038684511e+00
1.936723076551335021e+00
1.934993802614908276e+00
1.933287872552368780e+00
1.931602774455431382e+00
1.929927592893211141e+00
1.928259721333712262e+00
1.926595857111147003e+00
1.924925229909610236e+00
1.923246432536803718e+00
1.921555963804548073e+00
1.919845776902433299e+00
1.918116333735943035e+00
1.916364651620719117e+00
1.914587695869088835e+00
1.912788091634918031e+00
1.910964060108377938e+00
1.909118990261126969e+00
1.907257505060468539e+00
1.905379524282760917e+00
1.903495009364723600e+00
1.901609982687813449e+00
1.899726238679292578e+00
1.897859136219434140e+00
1.896015218179283535e+00
1.894197955030426206e+00
1.892425939864573081e+00
1.890705336853267360e+00
1.889040779304989259e+00
1.887451631148757469e+00
1.885943044917955058e+00
1.884520177539336538e+00
1.883201206830586338e+00
1.881990080855450609e+00
1.880891968777459011e+00
1.879922939592211462e+00
1.879085918510279507e+00
1.878385881877802754e+00
1.877836784580389162e+00
1.877440768209196031e+00
1.877202676270269821e+00
1.877134450312460290e+00
1.877237337789074756e+00
1.877516081884318178e+00
1.877979738097486750e+00
1.878627975223639668e+00
1.879465049359583917e+00
1.880494683709549752e+00
1.881713888694237058e+00
1.883125415401274649e+00
1.884724132898625504e+00
1.886503494699531602e+00
1.888463298544625912e+00
1.890586573472654353e+00
1.892863195588146530e+00
1.895288747149292297e+00
1.897833960954701027e+00
1.900486398101072893e+00
1.903237102846722761e+00
1.906047830636785845e+00
1.908906185243564702e+00
1.911799755601680362e+00
1.914688043071344881e+00
1.917561378041677811e+00
1.920406242005211261e+00
1.923187975920149340e+00
1.925901635865086448e+00
1.928535458167448313e+00
1.931067248406825199e+00
1.933497334508458287e+00
1.935818051367906634e+00
1.938022492230934146e+00
1.940115188714617078e+00
1.942093568731993791e+00
1.943964261835890106e+00
1.945733818879751054e+00
1.947404152611222683e+00
1.948990154470444436e+00
1.950497986871730260e+00
1.951932236648005192e+00
1.953309533672092257e+00
1.954633890312307942e+00
1.955910371842677131e+00
1.957151990414378817e+00
1.958359986390793006e+00
1.959538162441431197e+00
1.960693297566044047e+00
1.961824364271554488e+00
1.962933133099699523e+00
1.964020549649051484e+00
1.965084535335003268e+00
1.966125081824223519e+00
1.967139863361850649e+00
1.968127112837032788e+00
1.969085986229683671e+00
1.970014214268592134e+00
1.970911374967928564e+00
1.971776923525299763e+00
1.972611445082303128e+00
1.973416325669528737e+00
1.974192209525664987e+00
1.974944030114765825e+00
1.975674873824055711e+00
1.976386980533815452e+00
1.977089664093795163e+00
1.977787192746998324e+00
1.978483304650129559e+00
1.979190563614439569e+00
1.979913702189070035e+00
1.980657484839662530e+00
1.981435933212944311e+00
1.982253512580368415e+00
1.983115352146795907e+00
1.984034967487058543e+00
1.985015938270197289e+00
1.986063075106667020e+00
1.987187625830943993e+00
1.988391854478229526e+00
1.989679667058159573e+00
1.991058730715219438e+00
1.992529792023957524e+00
1.994095435644008374e+00
1.995759030922781951e+00
1.997519847443191443e+00
1.999378939748404749e+00
2.001335325518759589e+00
2.003387065065163508e+00
2.005533696432117985e+00
2.007770477024876765e+00
2.010094700954610847e+00
2.012504614345255849e+00
2.014992831600047385e+00
2.017556410542197476e+00
2.020192697803749216e+00
2.022893088287619712e+00
2.025654910439912193e+00
2.028475096836576785e+00
2.031345268871799448e+00
2.034263405929570556e+00
2.037226510483095776e+00
2.040227617979128549e+00
2.043265544199871719e+00
2.046337752356738982e+00
2.049439416606825937e+00
2.052570164963024357e+00
2.055728154717150868e+00
2.058910883014458459e+00
2.062118594791028325e+00
2.065350196109335901e+00
2.068605208395866146e+00
2.071884201285523197e+00
2.075186728935451530e+00
2.078513712696620441e+00
2.081865741263727365e+00
2.085242815516667125e+00
2.088646504023800698e+00
2.092077163869257017e+00
2.095535005910654114e+00
2.099021542571897658e+00
2.102536742845734441e+00
2.106080811862800939e+00
2.109654671479880506e+00
2.113257849097653018e+00
2.116890385313777490e+00
2.120552297727152258e+00
2.124242708208352592e+00
2.127961404496711229e+00
2.131707404325410060e+00
2.135479525563221515e+00
2.139277282161336391e+00
2.143098780480948928e+00
2.146942675899356612e+00
2.150808243352753113e+00
2.154692905177878703e+00
2.158595313369915392e+00
2.162514580258957597e+00
2.166447764357783523e+00
2.170393672085427550e+00
2.174351357373387916e+00
2.178317883059861071e+00
2.182292349853379498e+00
2.186273871472093067e+00
2.190259885893540037e+00
2.194249895244242854e+00
2.198243190515559053e+00
2.202237913170105088e+00
2.206234029474192671e+00
2.210231109281358908e+00
2.214228243098970150e+00
2.218225873412575044e+00
2.222223920950689102e+00
2.226222559679489787e+00
2.230222670753910119e+00
2.234224558922930814e+00
2.238229494423142896e+00
2.242238718239308870e+00
2.246252910706725281e+00
2.250274338575075195e+00
2.254304496261793300e+00
2.258344393920812987e+00
2.262397107374726435e+00
2.266464266421102103e+00
2.270547137530572801e+00
2.274649363954170056e+00
2.278772595933739709e+00
2.282918267137833190e+00
2.287090326499291226e+00
2.291290344184576444e+00
2.295519828060728518e+00
2.299782779559576884e+00
2.304080609547063840e+00
2.308414812546903949e+00
2.312789218171653616e+00
2.317205022766207989e+00
2.321663631583108955e+00
2.326168518783113814e+00
2.330720634437219996e+00
2.335321233401995489e+00
2.339973296284965532e+00
2.344677515891222086e+00
2.349434951283265516e+00
2.354247996750019833e+00
2.359117093688834821e+00
2.364043075107677527e+00
2.369027698076276334e+00
2.374071171006136627e+00
2.379174084260689437e+00
2.384337543487389244e+00
2.389561551182615151e+00
2.394846450369781277e+00
2.400192712481945545e+00
2.405600166916892935e+00
2.411068915060261553e+00
2.416598838852008324e+00
2.422189631636491480e+00
2.427841168592816956e+00
2.433552812878843952e+00
2.439324162830849296e+00
2.445154893023851361e+00
2.451043945231509813e+00
2.456990868230017000e+00
2.462995173068177390e+00
2.469055505513526150e+00
2.475171414590163987e+00
2.481342297654002049e+00
2.487566656913524632e+00
2.493844094197481542e+00
2.500173955679599214e+00
2.506554773391140412e+00
2.512986253388416191e+00
2.519467763100812441e+00
2.525998045396647296e+00
2.532576954785875412e+00
2.539203956174616916e+00
2.545878171670203916e+00
2.552599634019253383e+00
2.559367976381857090e+00
2.566182831521715446e+00
2.573044419028414076e+00
2.579952594788097464e+00
2.586907573079698430e+00
2.593909743471921381e+00
2.600959212543632049e+00
2.608056769398071850e+00
2.615202930981973761e+00
2.622398049026735567e+00
2.629643397826620266e+00
2.636939557874477202e+00
2.644287085266653570e+00
2.651687575879282388e+00
2.659141597602777018e+00
2.666649839364501062e+00
2.674214003962559261e+00
2.681834570085495528e+00
2.689512267537892853e+00
2.697248673572532507e+00
2.705044113202264011e+00
2.712899259126768214e+00
2.720815350207187677e+00
2.728792516200375662e+00
2.736831284431566758e+00
2.744932396494783600e+00
2.753095774944718244e+00
2.761321737207408145e+00
2.769610447214770677e+00
2.777961639318830667e+00
2.786375389870212604e+00
2.794851293151427551e+00
2.803388940886151204e+00
2.811988173908356980e+00
2.820648106949727563e+00
2.829368252165092468e+00
2.838148253854431591e+00
2.846986898576329583e+00
2.855883687616053379e+00
2.864838132049878805e+00
2.873848872390224241e+00
2.882915461295269210e+00
2.892037351453003335e+00
2.901213216582382515e+00
2.910442706608970198e+00
2.919725288442435396e+00
2.929059815607499839e+00
2.938446058994486076e+00
2.947883558220285583e+00
2.957371440268968588e+00
2.966909597502360274e+00
2.976497678766015564e+00
2.986135117520957838e+00
2.995821908441976600e+00
3.005557821525271844e+00
3.015342574045543955e+00
3.025176230900519680e+00
3.035058673024338294e+00
3.044989838002051474e+00
3.054969824007354173e+00
3.064998596913855788e+00
3.075076230400523247e+00
3.085202821625516734e+00
3.095378387932022246e+00
3.105603054474759706e+00
3.115876891243278823e+00
3.126199934314295437e+00
3.136572291495214326e+00
3.146993990305180677e+00
3.157465059938723062e+00
3.167985547323015183e+00
3.178555433037042022e+00
3.189174724472263467e+00
3.199843391664103365e+00
3.210561372515311263e+00
3.221328648981855114e+00
3.232145121873328808e+00
3.243010696209101429e+00
3.253925334306672301e+00
3.264888891436118268e+00
3.275901251718368101e+00
3.286962369690693109e+00
3.298072085846362800e+00
3.309230274848322662e+00
3.320436897527217823e+00
3.331691809315316277e+00
3.342994884549197909e+00
3.354346103168798887e+00
3.365745358208755533e+00
3.377192529731680271e+00
3.388687625766184652e+00
3.400230589094114020e+00
3.411821308477150705e+00
3.423459823664778412e+00
3.435146127628886603e+00
3.446880118166169904e+00
3.458661864500244487e+00
3.470491399022284540e+00
3.482368626846032544e+00
3.494293638767417942e+00
3.506266486129813398e+00
3.518287078122075417e+00
3.530355514301632525e+00
3.542471836887267855e+00
3.554635954791566022e+00
3.566847959716628491e+00
3.579107851523540607e+00
3.591415533729338971e+00
3.603771071140804860e+00
3.616174385687763504e+00
3.628625369965595482e+00
3.641124042066392175e+00
3.653670211310093396e+00
3.666263753899837941e+00
3.678904622500329236e+00
3.691592483661828350e+00
3.704327192370278965e+00
3.717108620308336331e+00
3.729936269405238036e+00
3.742809969921006896e+00
3.755729502207108439e+00
3.768694193546890503e+00
3.781703847921754846e+00
3.794758150992927792e+00
3.807856259859514481e+00
3.820997953093304034e+00
3.834182826509717756e+00
3.847409887169987552e+00
3.860678891684658609e+00
3.873989359423398060e+00
3.887340182515466314e+00
3.900731101402664436e+00
3.914161580259387652e+00
3.927630443521234582e+00
3.941137422959899439e+00
3.954681954853692005e+00
3.968262850573918143e+00
3.981879841458657143e+00
3.995532366489380038e+00
4.009219279893208032e+00
4.022940320392577540e+00
4.036694960205514882e+00
4.050482147006910338e+00
4.064301633142354042e+00
4.078152951011431604e+00
4.092035180840160713e+00
4.105948092281476391e+00
4.119891298105772925e+00
4.133864033936781368e+00
4.147866087233759380e+00
4.161897162229550418e+00
4.175956653878285074e+00
4.190044364574226243e+00
4.204160090834465180e+00
4.218303371791816581e+00
4.232474018821233308e+00
4.246671911430390800e+00
4.260896700984267760e+00
4.275148199511905389e+00
4.289426351529479930e+00
4.303730876232606306e+00
4.318061576625830789e+00
4.332418438014702389e+00
4.346801196251302457e+00
4.361209635458662248e+00
4.375643754358099713e+00
4.390103253666282512e+00
4.404587889743395657e+00
4.419097647447785882e+00
4.433632145698513050e+00
4.448191106161218045e+00
4.462774475608225266e+00
4.477381754220821186e+00
4.492012624657458986e+00
4.506666976735446362e+00
4.521344167610314990e+00
4.536043839533523858e+00
4.550765813248143665e+00
4.565509292306203726e+00
4.580273879973367102e+00
4.595059322960252324e+00
4.609864673622272591e+00
4.624689500052063806e+00
4.639533476629305042e+00
4.654395517732729637e+00
4.669275161813156494e+00
4.684172018061738108e+00
4.699084883798190226e+00
4.714013274283842314e+00
4.728956744440041327e+00
4.743913999646677482e+00
4.758884538551433785e+00
4.773867874683402235e+00
4.788862647452003074e+00
4.803868344899147935e+00
4.818884452292845566e+00
4.833909567094086590e+00
4.848943171667893459e+00
4.863984735012166105e+00
4.879032832718720236e+00
4.894086945029731517e+00
4.909146534554767349e+00
4.924210170038140433e+00
4.939277331693895157e+00
4.954347482999287955e+00
4.969419195513675724e+00
4.984491950151844541e+00
4.999565215780773286e+00
5.014637571423453899e+00
5.029708498278236739e+00
5.044777472600052270e+00
5.059843081289085553e+00
5.074904804554662086e+00
5.089962125933169546e+00
5.105013637384028691e+00
5.120058816311113148e+00
5.135097151844743912e+00
5.150127236010642484e+00
5.165148541342236221e+00
5.180160559839600332e+00
5.195161877418547292e+00
5.210151959684691469e+00
5.225130298254662797e+00
5.240095466436637928e+00
5.255046921064770338e+00
5.269984150029071834e+00
5.284905707916677464e+00
5.299811041314053561e+00
5.314699631307671090e+00
5.329570008581034912e+00
5.344421608466599416e+00
5.359253902706389461e+00
5.374065394218991543e+00
5.388855506600184420e+00
5.403623700425331577e+00
5.418368448545148652e+00
5.433089162866500565e+00
5.447785291790821383e+00
5.462455277439296708e+00
5.477098520570634399e+00
5.491714457230870927e+00
5.506301499722408899e+00
5.520859038612175418e+00
5.535386498165160596e+00
5.549882263138717242e+00
5.564345715170397000e+00
5.578776267934679289e+00
5.593172281955689051e+00
5.607533131380031399e+00
5.621858220907644643e+00
5.636145890779388878e+00
5.650395509129860550e+00
5.664606473509205209e+00
5.678777108039408716e+00
5.692906776237284028e+00
5.706994870323097935e+00
5.721039702284987705e+00
5.735040632231360291e+00
5.748997048684070243e+00
5.762907254986770589e+00
5.776770608799071560e+00
5.790586496255553328e+00
5.804353214842403297e+00
5.818070120455839600e+00
5.831736597765007524e+00
5.845350940400051876e+00
5.858912502919356946e+00
5.872420669054641884e+00
5.885873729829639522e+00
5.899271038677682100e+00
5.912611978578278915e+00
5.925894838576168944e+00
5.939118971049354379e+00
5.952283758159122584e+00
5.965387487171006420e+00
5.978429509415398968e+00
5.991409206031911516e+00
6.004324862505398208e+00
6.017175829146034438e+00
6.029961485849252512e+00
6.042680116344024022e+00
6.055331070040616659e+00
6.067913725457153795e+00
6.080426364821968299e+00
6.092868336917004690e+00
6.105239018927178130e+00
6.117536692229517570e+00
6.129760705439658786e+00
6.141910434691797427e+00
6.153984161667144015e+00
6.165981235485435086e+00
6.177901031782933039e+00
6.189741834261414333e+00
6.201502993420081822e+00
6.213183885222746561e+00
6.224782797665287859e+00
6.236299083682954603e+00
6.247732120640342224e+00
6.259080203597932268e+00
6.270342689123687308e+00
6.281518957254855984e+00
6.292607313274188208e+00
6.303607118664422693e+00
6.314517757538016696e+00
6.325337548795579856e+00
6.336065860139579620e+00
6.346702081210374935e+00
6.357244547986693028e+00
6.367692635654136346e+00
6.378045740798985896e+00
6.388302219823452255e+00
6.398461456559048521e+00
6.408522855840536714e+00
6.418484797558586585e+00
6.428346675204923422e+00
6.438107902982366681e+00
6.447766886921798779e+00
6.457323031009916114e+00
6.466775759707186211e+00
6.476123507339025309e+00
6.485365689031137748e+00
6.494501740140534274e+00
6.503530124918153632e+00
6.512450270091844295e+00
6.521261622310984052e+00
6.529962676895263662e+00
6.538552872486029344e+00
6.547031667213020434e+00
6.555397588211891780e+00
6.563650086241931803e+00
6.571788630951807875e+00
6.579811781780319002e+00
6.587719001757323944e+00
6.595509772013676830e+00
6.603182684681424774e+00
6.610737215220278351e+00
6.618172856212281907e+00
6.625488232944413802e+00
6.632682833527248967e+00
6.639756162046686505e+00
6.646706877630634835e+00
6.653534481368649445e+00
6.660238489051895527e+00
6.666817594676750502e+00
6.673271312777219855e+00
6.679599171244173128e+00
6.685799900377909388e+00
6.691873028771553322e+00
6.697818097021027484e+00
6.703633873580382208e+00
6.709319901858170176e+00
6.714875735960525560e+00
6.720300184705350510e+00
6.725592807188461641e+00
6.730753171992591710e+00
6.735780130761703788e+00
6.740673259225609115e+00
6.745432141509509982e+00
6.750055674650714543e+00
6.754543451984257985e+00
6.758895074266500380e+00
6.763109486434451867e+00
6.767186300370727103e+00
6.771125134492930187e+00
6.774924983921504662e+00
6.778585479950692161e+00
6.782106259555312100e+00
6.785486369966482023e+00
6.788725462636175934e+00
6.791823193799682024e+00
6.794778664282517866e+00
6.797591546297726772e+00
6.800261515818085023e+00
6.802787728276405765e+00
6.805169877099797482e+00
6.807407658246056315e+00
6.809500282333771359e+00
6.811447464316759515e+00
6.813248920183369250e+00
6.814903915976919357e+00
6.816412188375071679e+00
6.817773473295500430e+00
6.818987092244671366e+00
6.820052803741526226e+00
6.820970363459905705e+00
6.821739148370337347e+00
6.822358938911965431e+00
6.822829510353968452e+00
6.823150295258081144e+00
6.823321096064443481e+00
6.823341707571469072e+00
6.823211618326978645e+00
6.822930652889570347e+00
6.822498625684751516e+00
6.821915082009746278e+00
6.821179868721064743e+00
6.820292820180267057e+00
6.819253539613970183e+00
6.818061896431458102e+00
6.816717745470287859e+00
6.815220749474364403e+00
6.813570800737571709e+00
6.811767775334985231e+00
6.809811397461285054e+00
6.807701582694646980e+00
6.805438229294073160e+00
6.803021125077194142e+00
6.800450209356636577e+00
6.797725403647279840e+00
6.794846561661809226e+00
6.791813646924442338e+00
6.788626605328218488e+00
6.785285358695444025e+00
6.781789895239117349e+00
6.778140186318409199e+00
6.774336223858636430e+00
6.770378021209855213e+00
6.766265576163946527e+00
6.761998952361248705e+00
6.757578188678557751e+00
6.753003310101206580e+00
6.748274453066859913e+00
6.743391682280165611e+00
6.738355050397941248e+00
6.733164767078053892e+00
6.727820923036314404e+00
6.722323598731125394e+00
6.716673076700684142e+00
6.710869473710530109e+00
6.704912897753724899e+00
6.698803703079273753e+00
6.692542032374194427e+00
6.686128020474299660e+00
6.679562091322449824e+00
6.672844413218270709e+00
6.665975146723199352e+00
6.658954782654736171e+00
6.651783514434555400e+00
6.644461526841187293e+00
6.636989374066881275e+00
6.629367273998577836e+00
6.621595433805428144e+00
6.613674467080176811e+00
6.605604615386784673e+00
6.597386106256607263e+00
6.589019608524324667e+00
6.580505386565477011e+00
6.571843686199886569e+00
6.563035227521273107e+00
6.554080296844979614e+00
6.544979156348706972e+00
6.535732573979156079e+00
6.526340857193932976e+00
6.516804282946211835e+00
6.507123664605604318e+00
6.497299330129274075e+00
6.487331570210728593e+00
6.477221242532382739e+00
6.466968695131691369e+00
6.456574232120960488e+00
6.446038755937603781e+00
6.435362634548046579e+00
6.424546185981509616e+00
6.413590359494873105e+00
6.402495543110334530e+00
6.391262070113319815e+00
6.379890940139650191e+00
6.368382561642133233e+00
6.356737285263759141e+00
6.344956165738641296e+00
6.333039632501982652e+00
6.320988056234830843e+00
6.308802552124215701e+00
6.296483571210804264e+00
6.284031507197290090e+00
6.271447541048996932e+00
6.258732145978185279e+00
6.245885741652785761e+00
6.232909579383360210e+00
6.219804154929068574e+00
6.206569916455280556e+00
6.193208188724447005e+00
6.179719490106929669e+00
6.166104299032713953e+00
6.152364014784301283e+00
6.138499178008188117e+00
6.124510298113246876e+00
6.110398847562276359e+00
6.096165388501545657e+00
6.081810460799858653e+00
6.067335606252449054e+00
6.052741407300454846e+00
6.038028432476768792e+00
6.023198286747486918e+00
6.008251571282422709e+00
5.993188880310609257e+00
5.978011873966605272e+00
5.962721170335726129e+00
5.947317385447013827e+00
5.931802225456618061e+00
5.916176323450504704e+00
5.900440312788494346e+00
5.884595936188758536e+00
5.868643839877929480e+00
5.852584669925981586e+00
5.836420196699967811e+00
5.820151077908167991e+00
5.803777967993085873e+00
5.787302657379172821e+00
5.770725813913418101e+00
5.754048096747781393e+00
5.737271310686550940e+00
5.720396132757586294e+00
5.703423224133376657e+00
5.686354400571697276e+00
5.669190347723293222e+00
5.651931727238299175e+00
5.634580364700711108e+00
5.617136954186409348e+00
5.599602157453357876e+00
5.581977810848557375e+00
5.564264616949338382e+00
5.546463238310285426e+00
5.528575524569322219e+00
5.510602187037473954e+00
5.492543890579501209e+00
5.474402501608421012e+00
5.456178740425154494e+00
5.437873276227120023e+00
5.419487995939591407e+00
5.401023629006778570e+00
5.382480851138848443e+00
5.363861573088212431e+00
5.345166533388831631e+00
5.326396416262095812e+00
5.307553158618738998e+00
5.288637507752968148e+00
5.269650157929666179e+00
5.250593073180684023e+00
5.231467008927385365e+00
5.212272670346134618e+00
5.193012048008672998e+00
5.173685904541073022e+00
5.154294956139472639e+00
5.134841217824853032e+00
5.115325458265790992e+00
5.095748404035476575e+00
5.076112091220070788e+00
5.056417293203371521e+00
5.036664745641038721e+00
5.016856501353987419e+00
4.996993337035573468e+00
4.977075995642930017e+00
4.957106541870359706e+00
4.937085754322292352e+00
4.917014381191098238e+00
4.896894494071695192e+00
4.876726872161337489e+00
4.856512266741714434e+00
4.836252751591778143e+00
4.815949105316055245e+00
4.795602080241983423e+00
4.775213748146872383e+00
4.754784886017763945e+00
4.734316245424747827e+00
4.713809892649048372e+00
4.693266602199819282e+00
4.672687123410335097e+00
4.652073514306333202e+00
4.631426546206093953e+00
4.610746965076603310e+00
4.590036818606058944e+00
4.569296874324733970e+00
4.548527874030155793e+00
4.527731853536210771e+00
4.506909576064781042e+00
4.486061778706095460e+00
4.465190484234459412e+00
4.444296451080188781e+00
4.423380411271157442e+00
4.402444373566015479e+00
4.381489091123007107e+00
4.360515290647367870e+00
4.339524965932063161e+00
4.318518864359965015e+00
4.297497707068253625e+00
4.276463471835950436e+00
4.255416899729631552e+00
4.234358706026030816e+00
4.213290851268253867e+00
4.192214069623460659e+00
4.171129070130157324e+00
4.150037794673419711e+00
4.128940969900027902e+00
4.107839298132408778e+00
4.086734700991411451e+00
4.065627896954944198e+00
4.044519581057866020e+00
4.023411652912902703e+00
4.002304822166744103e+00
3.981199775923233375e+00
3.960098389968619070e+00
3.939001364456419907e+00
3.917909377874600363e+00
3.896824280356678383e+00
3.875746761914421246e+00
3.854677491726323790e+00
3.833618292498440994e+00
3.812569843475945408e+00
3.791532803854973821e+00
3.770508967235928655e+00
3.749499001503534767e+00
3.728503555241863054e+00
3.707524391391343155e+00
3.686562165917651068e+00
3.665617516219812799e+00
3.644692173157693560e+00
3.623786780256327500e+00
3.602901963217953085e+00
3.582039419530108848e+00
3.561199779792531661e+00
3.540383657556844366e+00
3.519592715760135437e+00
3.498827571627865840e+00
3.478088826156140456e+00
3.457378106646510130e+00
3.436696016534881881e+00
3.416043143893920497e+00
3.395421079376042872e+00
3.374830412243873923e+00
3.354271717303078049e+00
3.333746547596304399e+00
3.313255477858405129e+00
3.292799069297915882e+00
3.272378836426728110e+00
3.251995339124448492e+00
3.231649124677966167e+00
3.211341668180295539e+00
3.191073514353039542e+00
3.170845196238733621e+00
3.150658148655809843e+00
3.130512900887718164e+00
3.110409971411903118e+00
3.090350753953866825e+00
3.070335762099277499e+00
3.050365499445536255e+00
3.030441317852751393e+00
3.010563714968011340e+00
2.990733179205639303e+00
2.970951019844198626e+00
2.951217718368729592e+00
2.931533747727035344e+00
2.911900373966247901e+00
2.892318062202560380e+00
2.872787269660763254e+00
2.853309218581333351e+00
2.833884357521341268e+00
2.814513127759342037e+00
2.795196707233903677e+00
2.775935527770074795e+00
2.756730014514329863e+00
2.737581300690132835e+00
2.718489801236530834e+00
2.699455925021139624e+00
2.680480760219930314e+00
2.661564704753306199e+00
2.642708151101348157e+00
2.623912142137309722e+00
2.605177058654401634e+00
2.586503276671631824e+00
2.567891793576206005e+00
2.549342972952768793e+00
2.530857174316354818e+00
2.512435349451136002e+00
2.494077844681760414e+00
2.475785003002015650e+00
2.457557730537455409e+00
2.439396356333443538e+00
2.421301206866107947e+00
2.403273142604612556e+00
2.385312475329079529e+00
2.367419515018601039e+00
2.349595076544046535e+00
2.331839454467560024e+00
2.314152942306396454e+00
2.296536309446618684e+00
2.278989833311298785e+00
2.261513791004635010e+00
2.244108906597134911e+00
2.226775440480426305e+00
2.209513653408220257e+00
2.192324224361056562e+00
2.175207396831217554e+00
2.158163415299395815e+00
2.141192913937902009e+00
2.124296119491243306e+00
2.107473260260812165e+00
2.090724925947059276e+00
2.074051326712418764e+00
2.057452674790116287e+00
2.040929515796519933e+00
2.024482043486797611e+00
2.008110454155040969e+00
1.991815249767937113e+00
1.975596607853055575e+00
1.959454708912063969e+00
1.943390011736971346e+00
1.927402677809537890e+00
1.911492872002243937e+00
1.895661010441773042e+00
1.879907238746824527e+00
1.864231706338864702e+00
1.848634787217236175e+00
1.833116611322048284e+00
1.817677312815019652e+00
1.802317224130591589e+00
1.787036459718952974e+00
1.771835138684855870e+00
1.756713552482776608e+00
1.741671800269731341e+00
1.726709986306761202e+00
1.711828361676447363e+00
1.697027010452185403e+00
1.682306022274857815e+00
1.667665608489379503e+00
1.653105838312832310e+00
1.638626787000456053e+00
1.624228626824810950e+00
1.609911412396209052e+00
1.595675204831093597e+00
1.581520138031939249e+00
1.567446252277441943e+00
1.553453594806149418e+00
1.539542261895453068e+00
1.525712279794926296e+00
1.511963682141912235e+00
1.498296528380870685e+00
1.484710831061957448e+00
1.471206610515004343e+00
1.457783890193097731e+00
1.444442669301729820e+00
1.431182955174337801e+00
1.418004736162921775e+00
1.404907998504213218e+00
1.391892736863130864e+00
1.378958905425844428e+00
1.366106477852089718e+00
1.353335436481128973e+00
1.340645702306939135e+00
1.328037236813768507e+00
1.315510010370314120e+00
1.303063911781603412e+00
1.290698890761332374e+00
1.278414906071554169e+00
1.266211815351136583e+00
1.254089556945783501e+00
1.242048078379936138e+00
1.230087207158429452e+00
1.218206870654406471e+00
1.206407005525289122e+00
1.194687410174042785e+00
1.183048001386254322e+00
1.171488705321508839e+00
1.160009292305583140e+00
1.148609668909574610e+00
1.137289751160825535e+00
1.126049282320095157e+00
1.114888159105331455e+00
1.103806287772536310e+00
1.092803385514749870e+00
1.081879339548251995e+00
1.071034046713781995e+00
1.060267199119448334e+00
1.049578674824562130e+00
1.038968361606662061e+00
1.028435927459793620e+00
1.017981241628118427e+00
1.007604183175467183e+00
9.973043969450171575e-01
9.870817437088659219e-01
9.769360941658637998e-01
9.668670709689525244e-01
9.568745267663554266e-01
9.469583242417570768e-01
9.371180648210515329e-01
9.273535933849571533e-01
9.176647649544650287e-01
9.080511606985673945e-01
8.985126180969035259e-01
8.890489848640013015e-01
8.796598228920334828e-01
8.703449626365845626e-01
8.611042448660833903e-01
8.519372131871097986e-01
8.428436914178486505e-01
8.338235137448384293e-01
8.248762064905751368e-01
8.160015872298472805e-01
8.071994839343176187e-01
7.984694066513826627e-01
7.898111671103853482e-01
7.812245874363341613e-01
7.727091624134138081e-01
7.642646983233253311e-01
7.558910118118021826e-01
7.475875834088109295e-01
7.393542143416844681e-01
7.311907161411492773e-01
7.230965560825728389e-01
7.150715307234638551e-01
7.071154468384643899e-01
6.992277594320661649e-01
6.914082607642114686e-01
6.836567532049985241e-01
6.759726804499953667e-01
6.683558308189301300e-01
6.608060026199216175e-01
6.533226291750702242e-01
6.459054952049352316e-01
6.385543952881641561e-01
6.312687532792354839e-01
6.240483506241293332e-01
6.168929784940295757e-01
6.098020521506954950e-01
6.027753500747218274e-01
5.958126603414906075e-01
5.889133904644651141e-01
5.820773162547115964e-01
5.753042229938154506e-01
5.685935112629385557e-01
5.619449544888599490e-01
5.553583354528048854e-01
5.488330485944225012e-01
5.423688652338688465e-01
5.359655659381729054e-01
5.296225397749322328e-01
5.233395562306932813e-01
5.171163939385049479e-01
5.109524373459920499e-01
5.048474543769215783e-01
4.988012220057692070e-01
4.928131207983514894e-01
4.868829173860009241e-01
4.810103873560334087e-01
4.751949081192019531e-01
4.694362452850387446e-01
4.637341733214725426e-01
4.580880672007570653e-01
4.524976917813116617e-01
4.469628206756797173e-01
4.414828271238193103e-01
4.360574755026267457e-01
4.306865388288831920e-01
4.253693893045724095e-01
4.201057910916545790e-01
4.148955168654013814e-01
4.097379384696276383e-01
4.046328201125481971e-01
3.995799343755607747e-01
3.945786534062148410e-01
3.896287417122132890e-01
3.847299720207453255e-01
3.798817174234090377e-01
3.750837429702331138e-01
3.703358217646168793e-01
3.656373284573894988e-01
3.609880288713243068e-01
3.563876967061290202e-01
3.518357087589433774e-01
3.473318318418645023e-01
3.428758404599467902e-01
3.384671141135147665e-01
3.341054208060621478e-01
3.297905360456039880e-01
3.255218425612928512e-01
3.212991097356591719e-01
3.171221142659240155e-01
3.129902426045525488e-01
3.089032656871020799e-01
3.048609615752799207e-01
3.008627209092976651e-01
2.969083163393890223e-01
2.929975274567683807e-01
2.891297495256900940e-01
2.853047570620311224e-01
2.815223313421594264e-01
2.777818726649678438e-01
2.740831575540338405e-01
2.704259691181023495e-01
2.668097130782353665e-01
2.632341681005210821e-01
2.596991192657856495e-01
2.562039780842320091e-01
2.527485254933919401e-01
2.493325486791124479e-01
2.459554652892488036e-01
2.426170586567683030e-01
2.393171181992492791e-01
2.360550680337418494e-01
2.328306940081364962e-01
2.296437878925045861e-01
2.264937805884384703e-01
2.233804605736758875e-01
2.203036220856145755e-01
2.172627031096075190e-01
2.142574948631021658e-01
2.112877941595336928e-01
2.083530463505431918e-01
2.054530454972886833e-01
2.025875910914675393e-01
1.997561361158479987e-01
1.969584775724669556e-01
1.941944177265868821e-01
1.914634174380237530e-01
1.887652767390699537e-01
1.860998007564949319e-01
1.834664584529606124e-01
1.808650529717869826e-01
1.782953923814786512e-01
1.757569539522545465e-01
1.732495440100905171e-01
1.707729736375389329e-01
1.683267285954475057e-01
1.659106184547514129e-01
1.635244573764276510e-01
1.611677397733696504e-01
1.588402785146388607e-01
1.565418908962642464e-01
1.542720801234910288e-01
1.520306624080799696e-01
1.498174582303612723e-01
1.476319797081917240e-01
1.454740464328382887e-01
1.433434821113182822e-01
1.412398078757921560e-01
1.391628467270787928e-01
1.371124256350170489e-01
1.350880748309227775e-01
1.330896207495210204e-01
1.311168936539897356e-01
1.291694329446151090e-01
1.272470685097009391e-01
1.253496339312651919e-01
1.234766778350359778e-01
1.216280335787356948e-01
1.198035380842142894e-01
1.180027492472038309e-01
1.162255039074591850e-01
1.144716423435244851e-01
1.127407317548508731e-01
1.110326124729434788e-01
1.093471281460016570e-01
1.076838553007066629e-01
1.060426377671819381e-01
1.044233225724273129e-01
1.028254955838954210e-01
1.012490041341498476e-01
9.969369863428524658e-02
9.815917429599108068e-02
9.664528195467549099e-02
9.515187540685716983e-02
9.367855920152562410e-02
9.222518767346706003e-02
9.079161800184647191e-02
8.937746405521605764e-02
8.798258365996715347e-02
8.660683737091363910e-02
8.524984834732192429e-02
8.391147789479440344e-02
8.259158993253985781e-02
8.128981687051221872e-02
8.000602347639219902e-02
7.874007701836349682e-02
7.749161910614922599e-02
7.626051794778215820e-02
7.504664414106614057e-02
7.384964843440401661e-02
7.266940245028212508e-02
7.150578009321949258e-02
7.035844118018710902e-02
6.922726071873704090e-02
6.811211589415892831e-02
6.701267551436397574e-02
6.592881793996797912e-02
6.486042360863780720e-02
6.380717023577477109e-02
6.276893950140080558e-02
6.174561506530731186e-02
6.073688346273990041e-02
5.974262965869826109e-02
5.876274050346980138e-02
5.779691126151254021e-02
5.684503014822480521e-02
5.590698717162884135e-02
5.498248623215126057e-02
5.407141876099823968e-02
5.317367788988747873e-02
5.228897605844690794e-02
5.141720787852338548e-02
5.055826956953091145e-02
4.971188200739575652e-02
4.887794294740085282e-02
4.805635165736762277e-02
4.724683733588852519e-02
4.644930083996795522e-02
4.566364444123676564e-02
4.488960553002624421e-02
4.412708801536380926e-02
4.337599712017429360e-02
4.263607827020305524e-02
4.190723836456240053e-02
4.118938551413078852e-02
4.048227298974063637e-02
3.978581060184751411e-02
3.909990927245059894e-02
3.842432988573554059e-02
3.775898506386414499e-02
3.710378844799471637e-02
3.645850825866250172e-02
3.582305980664803047e-02
3.519735934557390727e-02
3.458118211247085405e-02
3.397444596045352816e-02
3.337706963767434615e-02
3.278883504634017704e-02
3.220966241678169251e-02
3.163947286999311409e-02
3.107805461288735624e-02
3.052533007859831518e-02
2.998122264741666723e-02
2.944552649503345831e-02
2.891816608890680762e-02
2.839906697912115974e-02
2.788802904204657276e-02
2.738497863747448025e-02
2.688984343822419312e-02
2.640242886948414650e-02
2.592266309227902674e-02
2.545047591573109183e-02
2.498567832466679073e-02
2.452820026672574913e-02
2.407797377570183514e-02
2.363481560505172052e-02
2.319865757399865169e-02
2.276943410993882352e-02
2.234696815720643714e-02
2.193119360752816480e-02
2.152204752451125983e-02
2.111935966551747867e-02
2.072306631709448094e-02
2.033310747275406463e-02
1.994932047863846869e-02
1.957164445104001352e-02
1.920002261903150723e-02
1.883430076840100081e-02
1.847442136796928827e-02
1.812033114668020958e-02
1.777188515226739429e-02
1.742902977645384432e-02
1.709171540955727736e-02
1.675980703919271661e-02
1.643325554493471272e-02
1.611201497720862047e-02
1.579596068680500995e-02
1.548504853981945602e-02
1.517923603669898112e-02
1.487840897479619610e-02
1.458252857681721811e-02
1.429155535562836969e-02
1.400538525610824266e-02
1.372398504228539325e-02
1.344731759490080773e-02
1.317528833718038632e-02
1.290786952895630647e-02
1.264502563442349535e-02
1.238667058572859823e-02
1.213278183481034285e-02
1.188332461784813270e-02
1.163822022503969815e-02
1.139745073034368998e-02
1.116098145073975839e-02
1.092873984944993902e-02
1.070071179800818721e-02
1.047686228251620312e-02
1.025712386617746823e-02
1.004148517008464879e-02
9.829910856288428048e-03
9.622337738502064960e-03
9.418755962604470969e-03
9.219130374263374492e-03
9.023401459314564152e-03
8.831559546730196816e-03
8.643570667320516279e-03
8.459378637906895745e-03
8.278972582291774587e-03
8.102321096220749252e-03
7.929371110135802550e-03
7.760109186981342146e-03
7.594508023879491081e-03
7.432517401484282915e-03
7.274120085292487721e-03
7.119294268079902864e-03
6.967992086810088741e-03
6.820191483642550241e-03
6.675877076057747106e-03
6.535002484782334760e-03
6.397540105404148254e-03
6.263481164191995500e-03
6.132779449569278167e-03
6.005401473942763128e-03
5.881344341992849993e-03
5.760560298083589569e-03
5.643010085385451700e-03
5.528695031903142591e-03
5.417563893212905789e-03
5.309572237403866780e-03
5.204723201731204299e-03
5.102960125349466185e-03
5.004234457781613597e-03
4.908548291839866066e-03
4.815837925809906932e-03
4.726052136078221291e-03
4.639189092588580192e-03
4.555176991266032989e-03
4.473963641574482848e-03
4.395540816783801048e-03
4.319828287792583550e-03
4.246774693377080613e-03
4.176363699778840553e-03
4.108507122394197165e-03
4.043156124694678201e-03
3.980285538269726607e-03
3.919800404668411821e-03
3.861655824851650820e-03
3.805818092928160267e-03
3.752187175078482238e-03
3.700723097254725921e-03
3.651384803775417891e-03
3.604069132033342702e-03
3.558741515257481461e-03
3.515355352757763494e-03
3.473806261163506475e-03
3.434065052896647600e-03
3.396081654898717300e-03
3.359752085348551714e-03
3.325052064449853656e-03
3.291930036923568573e-03
3.260283599960146772e-03
3.230092589640553343e-03
3.201305594952691055e-03
3.173822484508378051e-03
3.147626250233978226e-03
3.122666728653099733e-03
3.098846353334063983e-03
3.076150295699223939e-03
3.054530207108538831e-03
3.033891174372003313e-03
3.014219679556588358e-03
2.995469347792063114e-03
2.977548058620797453e-03
2.960442919854567711e-03
2.944109511481015403e-03
2.928458950802825030e-03
2.913478491562340473e-03
2.899125742827619954e-03
2.885315988167824319e-03
2.872036322640045877e-03
2.859246786980981000e-03
2.846868277523287565e-03
2.834887535335152420e-03
2.823267889430053443e-03
2.811937664262846148e-03
2.800883081321698612e-03
2.790072032056786690e-03
2.779442124673429590e-03
2.768978856678682918e-03
2.758656161362558253e-03
2.748422375994014066e-03
2.738261995426910251e-03
2.728156326864858341e-03
2.718065004255148295e-03
2.707971178644625124e-03
2.697864305852124781e-03
2.687714653092383461e-03
2.677503685710683461e-03
2.667228870771424371e-03
2.656869096809042190e-03
2.646403902290673463e-03
2.635837529743720060e-03
2.625154321575270521e-03
2.614331868352774788e-03
2.603378914627888126e-03
2.592281436391799965e-03
2.581015383953086644e-03
2.569591017271780770e-03
2.557992199992906602e-03
2.546193946430690743e-03
2.534204864125586595e-03
2.522003831686558690e-03
2.509566032510633041e-03
2.496895694589193731e-03
2.483965399461517554e-03
2.470751934974820419e-03
2.457253427363792746e-03
2.443436819718850309e-03
2.429282129215786564e-03
2.414781032849472233e-03
2.399897491407231107e-03
2.384616374075650656e-03
2.368924022806695451e-03
2.352785694157547881e-03
2.336192517439038187e-03
2.319127861561741041e-03
2.301563470665195146e-03
2.283497729650682973e-03
2.264914183031074921e-03
2.245796267148241886e-03
2.226150054267175913e-03
2.205962598121640871e-03
2.185233326666021457e-03
2.163975788086178187e-03
2.142183451677262193e-03
2.119874368473476881e-03
2.097068712125548743e-03
2.073768344772173623e-03
2.050010430960109292e-03
2.025820366622824338e-03
2.001209150511853736e-03
1.976231299202379620e-03
1.950915628765147051e-03
1.925281716504953283e-03
1.899397670079097178e-03
1.873293721210621656e-03
1.846996322914082464e-03
1.820581963718840126e-03
1.794080293557566257e-03
1.767522124087976326e-03
1.740986397991177480e-03
1.714500384980245694e-03
1.688096350244315579e-03
1.661849823775004772e-03
1.635784245484539533e-03
1.609930476579145156e-03
1.584355514310883777e-03
1.559077961052416543e-03
1.534124832136574699e-03
1.509550716049437753e-03
1.485368845768552347e-03
1.461600610903221421e-03
1.438285817840543636e-03
1.415432259440670658e-03
1.393054683899637566e-03
1.371177272334231020e-03
1.349802723418004743e-03
1.328938859540508208e-03
1.308594773911965492e-03
1.288768781625243944e-03
1.269462093091852000e-03
1.250670386457205813e-03
1.232388627373639644e-03
1.214612143461666054e-03
1.197325754462599551e-03
1.180522409334259235e-03
1.164192524809682782e-03
1.148313320922280051e-03
1.132877330577218610e-03
1.117871179798509513e-03
1.103268361198624960e-03
1.089062758410760424e-03
1.075238500424554071e-03
1.061769729056314619e-03
1.048653384101411136e-03
1.035872580739749657e-03
1.023406741277326339e-03
1.011257486320785073e-03
9.994082708874925825e-04
9.878497139793553008e-04
9.765913603722144523e-04
9.656189943785418658e-04
9.549492912919046268e-04
9.446083596680205112e-04
9.345947544313334488e-04
9.249847482177982715e-04
9.158279717470024436e-04
9.071659149427060498e-04
8.991394340027093930e-04
8.917827615842003610e-04
8.851811899986693254e-04
8.793917000467646808e-04
8.743428527227514171e-04
8.701138362535296893e-04
8.665372440184817594e-04
8.633697378983853053e-04
8.607192259741818820e-04
8.577507703126312872e-04
8.537815980464981370e-04
8.484190493222849676e-04
8.393163971373290974e-04
8.256266769186242213e-04
8.060015826391364645e-04
7.785911195722361455e-04
7.436507051781009138e-04
7.002499078091487189e-04
6.503548448278444151e-04
5.956506224243467412e-04
5.367573634998418913e-04
4.782993146158246670e-04
4.233433119716614648e-04
3.667115451955675447e-04
3.137760981654164820e-04
2.888753925603378754e-04
2.327154985359704373e-04
1.411844302112227206e-04
3.648564457911863458e-04
