1.093312939439604983e-05
3.258479349057295598e-06
4.637529983615759165e-06
5.390086060755112198e-06
5.116835752832625725e-06
5.835426000066308642e-06
6.503086930258153051e-06
7.069464771849220024e-06
7.799543482291327245e-06
8.568394917750712676e-06
9.357162251584001615e-06
1.020024055071405482e-05
1.107995084295223273e-05
1.199020642943546929e-05
1.293589734210589181e-05
1.391349897595225736e-05
1.492225595557645997e-05
1.596333974302320359e-05
1.703600333845338885e-05
1.814255454082273284e-05
1.928376577492577870e-05
2.046045865556104802e-05
2.167555485961197991e-05
2.292816257387766398e-05
2.421977447564501603e-05
2.554794814312874864e-05
2.690853727441743759e-05
2.830085104680759428e-05
2.971395459718467348e-05
3.114310623833953316e-05
3.258436348196274112e-05
3.402693284904170144e-05
3.547104020923835696e-05
3.691337198962849634e-05
3.835551559301095460e-05
3.980347475149076977e-05
4.125862309666683677e-05
4.273485024436264877e-05
4.423868768337466719e-05
4.577516007039526737e-05
4.735903896239004824e-05
4.899281640979353701e-05
5.068105329858241031e-05
5.243044395261640673e-05
5.423972154621172279e-05
5.611058900682644283e-05
5.804203764067829833e-05
6.003203311667164034e-05
6.208008619095570105e-05
6.418305422510925786e-05
6.634033473738598110e-05
6.855114251521390563e-05
7.081464550528960460e-05
7.313195386729247295e-05
7.550321982631719565e-05
7.793093300491351597e-05
8.041715305089239361e-05
8.296308816152415412e-05
8.557345256001271452e-05
8.825056924880906413e-05
9.099627607477321157e-05
9.381630700569823197e-05
9.671303205435016184e-05
9.968856422231060831e-05
1.027491555901446246e-04
1.058972634698248207e-04
1.091351656241452219e-04
1.124695585673624309e-04
1.159030070319432292e-04
1.194379505328158709e-04
1.230814504664042323e-04
1.268361238947246560e-04
1.307045442363030110e-04
1.346939698749764118e-04
1.388070276680306145e-04
1.430463674384842060e-04
1.474193405565552386e-04
1.519286158029042335e-04
1.565768879854096904e-04
1.613716679132856842e-04
1.663157547250942384e-04
1.714119111167613585e-04
1.766680078333789344e-04
1.820870663704437207e-04
1.876719770188011891e-04
1.934312011815213781e-04
1.993680445124340281e-04
2.054855882319796343e-04
2.117930703618524900e-04
2.182941112926769589e-04
2.249920300011515231e-04
2.318969681576853864e-04
2.390128769191527790e-04
2.463433426398656408e-04
2.538995036770514313e-04
2.616856598202230350e-04
2.697056873000424205e-04
2.779718112483561018e-04
2.864887078757406618e-04
2.952605693083545165e-04
3.043008131833340076e-04
3.136145305187053919e-04
3.232062650638404329e-04
3.330907524545519247e-04
3.432735447938560828e-04
3.537595845259724776e-04
3.645650661276875443e-04
3.756960540310041335e-04
3.871579468295385535e-04
3.989685473445487868e-04
4.111344866906240653e-04
4.236616857109337078e-04
4.365697082957227331e-04
4.498658089260625039e-04
4.635565038653580790e-04
4.776632708180105109e-04
4.921940465127694906e-04
5.071560216712625840e-04
5.225727393163876345e-04
5.384528796317050682e-04
5.548043917297942147e-04
5.716530342887955274e-04
5.890082946808189402e-04
6.068789682762971809e-04
6.252931795570509411e-04
6.442612896108793627e-04
6.637930307515804056e-04
6.839190449970518294e-04
7.046506369330153606e-04
7.259985679864063316e-04
7.479961537842689688e-04
7.706557163133640658e-04
7.939891382809367675e-04
8.180325734863111778e-04
8.427994408302367678e-04
8.683028350348166247e-04
8.945819271280564889e-04
9.216513202943982111e-04
9.495254095352040347e-04
9.782465847893639585e-04
1.007830731702785525e-03
1.038293631106241514e-03
1.069681126238505820e-03
1.102010497527913021e-03
1.135298995380636502e-03
1.169596194608619978e-03
1.204920900005329110e-03
1.241291915752001842e-03
1.278762881087815466e-03
1.317354274120666234e-03
1.357086540981989426e-03
1.398017780871630908e-03
1.440170313806940884e-03
1.483566324394392823e-03
1.528268833293683132e-03
1.574302188546257463e-03
1.621690422638053962e-03
1.670502001938772851e-03
1.720763501518148128e-03
1.772500927870088692e-03
1.825788769840255626e-03
1.880656034834113756e-03
1.937130848593985244e-03
1.995294335574300439e-03
2.055178139787089409e-03
2.116812671035573495e-03
2.180286319625624174e-03
2.245633562986734406e-03
2.312887277902887350e-03
2.382143749606193284e-03
2.453440474559907304e-03
2.526812994696582722e-03
2.602366105277273065e-03
2.680140496587141759e-03
2.760174585824770859e-03
2.842582275842199958e-03
2.927407619797173146e-03
3.014692129624272493e-03
3.104559403397354807e-03
3.197057029849237342e-03
3.292229843584756985e-03
3.390211733818008274e-03
3.491054013439262669e-03
3.594805077524160231e-03
3.701609736351094485e-03
3.811523244316655703e-03
3.924597808307484469e-03
4.040989851865302296e-03
4.160758828192429211e-03
4.283961026203336568e-03
4.410765262480574253e-03
4.541235493828705595e-03
4.675432386282591182e-03
4.813538034525908192e-03
4.955621254135404025e-03
5.101747413811227698e-03
5.252112884194793524e-03
5.406791743434103542e-03
5.565854423185554595e-03
5.729512677934006648e-03
5.897846295410785235e-03
6.070931167823115544e-03
6.248995640379250739e-03
6.432125692907343824e-03
6.620403113824693125e-03
6.814074128670304271e-03
7.013231418620940842e-03
7.217963141131618528e-03
7.428534755686185161e-03
7.645046171707273359e-03
7.867592423204578661e-03
8.096459601708207859e-03
8.331755380194013141e-03
8.573582207214212533e-03
8.822248229173436720e-03
9.077869417002336003e-03
9.340556195984200949e-03
9.610640195414597853e-03
9.888246208882987137e-03
1.017349321635718611e-02
1.046673774583184446e-02
1.076811392201594553e-02
1.107774986328481821e-02
1.139602838931062789e-02
1.172309344677857461e-02
1.205908287215962625e-02
1.240440715049864924e-02
1.275922053105943421e-02
1.312367113737930059e-02
1.349819850045255905e-02
1.388296766135196751e-02
1.427813758892853245e-02
1.468417830264979324e-02
1.510126616425495720e-02
1.552957154517753575e-02
1.596959654223399638e-02
1.642152944664942993e-02
1.688555260950031292e-02
1.736220204598816139e-02
1.785167870906130549e-02
1.835417755654794592e-02
1.887027072626312404e-02
1.940017272674351631e-02
1.994409183496204455e-02
2.050263897403117180e-02
2.107604328842976535e-02
2.166452720566735754e-02
2.226874361505527811e-02
2.288893757023869116e-02
2.352534662534186416e-02
2.417866934740973625e-02
2.484916815293838899e-02
2.553709685692635498e-02
2.624320391172004288e-02
2.696777070396327511e-02
2.771106860318625284e-02
2.847390058076049515e-02
2.925656871947021967e-02
3.005936338942252414e-02
3.088314705190771739e-02
3.172824429141597735e-02
3.259496606776954297e-02
3.348423954120062496e-02
3.439641363664233675e-02
3.533182162782366048e-02
3.629146070285741571e-02
3.727570593402115134e-02
3.828491475779856323e-02
3.932015967132839601e-02
4.038184357072940184e-02
4.147035000280051981e-02
4.258683175034010809e-02
4.373172094005921967e-02
4.490542921401918797e-02
4.610919394721680470e-02
4.734347746947975555e-02
4.860872142706940124e-02
4.990625098682774374e-02
5.123655908042110130e-02
5.260011902685959861e-02
5.399834549362523411e-02
5.543176180776301226e-02
5.690087420599695966e-02
5.840718695148330863e-02
5.995125312824572950e-02
6.153361257681542323e-02
6.315585802035419971e-02
6.481857168004589997e-02
6.652232712873580589e-02
6.826880426748789532e-02
7.005861458928393237e-02
7.189236519094831246e-02
7.377182355968997518e-02
7.569763228915445119e-02
7.767043193966891024e-02
7.969208212291568894e-02
8.176326103732395323e-02
8.388464352722474482e-02
8.605819270739166471e-02
8.828463038445412414e-02
9.056466829739585889e-02
9.290039384594371563e-02
9.529258444780373816e-02
9.774199412475444160e-02
1.002508667936077846e-01
1.028200515781212548e-01
1.054503539372665388e-01
1.081442192728651053e-01
1.109025882744407582e-01
1.137263317205350899e-01
1.166181544825219407e-01
1.195791116349960714e-01
1.226101587875230298e-01
1.257143299011377058e-01
1.288928186258480324e-01
1.321466911394460764e-01
1.354793870418361801e-01
1.388922610647703171e-01
1.423865213982582756e-01
1.459660859112147935e-01
1.496324859492257631e-01
1.533871055766552471e-01
1.572343902091948853e-01
1.611760490975790716e-01
1.652136703136347362e-01
1.693522270391986939e-01
1.735935874239262489e-01
1.779395522877656177e-01
1.823955554014976832e-01
1.869635872825892997e-01
1.916456358801499338e-01
1.964474789358042761e-01
2.013711974662520110e-01
2.064189025710790881e-01
2.115966405796967376e-01
2.169066037907163291e-01
2.223509500297755626e-01
2.279361397142039836e-01
2.336646133263717839e-01
2.395385572237755112e-01
2.455654335584937231e-01
2.517482250205323457e-01
2.580892924954715784e-01
2.645982492535611796e-01
2.712790282839723788e-01
2.781345634570560055e-01
2.851781331337415182e-01
2.924149610064561422e-01
2.998491816655270981e-01
3.074989311050353447e-01
3.153706815322213086e-01
3.234703995020088985e-01
3.318208271185507097e-01
3.404289240560196550e-01
3.493026859226375236e-01
3.584666225963050734e-01
3.679265534010477956e-01
3.776917601229405896e-01
3.877826573447414327e-01
3.982016835510701624e-01
4.089574409157686330e-01
4.200583239461397334e-01
4.315012563147400670e-01
4.432912217286540391e-01
4.554171278680893553e-01
4.678693312200441490e-01
4.806461817671957015e-01
4.937134146753308084e-01
5.070556232993287393e-01
5.206627227957212334e-01
5.344799646393352255e-01
5.484889272671551463e-01
5.626715972242686270e-01
5.769620895799586480e-01
5.913428550463425415e-01
6.057910144767318927e-01
6.202428954400032168e-01
6.346854255884535334e-01
6.490955900382203714e-01
6.634246020463526738e-01
6.776658223855042129e-01
6.918007836221007345e-01
7.058030394110121897e-01
7.196720775468447018e-01
7.333968919808321330e-01
7.469734189083193643e-01
7.604051356693353192e-01
7.736887681689249563e-01
7.868363745458196723e-01
7.998526306479609715e-01
8.127399751287350815e-01
8.255175787089404915e-01
8.381891086802489843e-01
8.507596730509293659e-01
8.632477286511880399e-01
8.756549799538757561e-01
8.879865432549530757e-01
9.002558873176274012e-01
9.124629541006813449e-01
9.246114241983276472e-01
9.367091549009308737e-01
9.487550889069459314e-01
9.607512637604059824e-01
9.727014580727056936e-01
9.846043288810695238e-01
9.964607692313222076e-01
1.008272396310947228e+00
1.020037940357205519e+00
1.031757751484394081e+00
1.043432528750617427e+00
1.055061110269166269e+00
1.066643670609688455e+00
1.078180408975547566e+00
1.089670167859261296e+00
1.101113052787168423e+00
1.112508711865707545e+00
1.123855903661798106e+00
1.135154639136962240e+00
1.146403872649131239e+00
1.157602256705942301e+00
1.168749668338422643e+00
1.179844312855055088e+00
1.190884764644900118e+00
1.201870755596871287e+00
1.212799792003972810e+00
1.223670421114423368e+00
1.234482235497625258e+00
1.245232165710274286e+00
1.255918789255964896e+00
1.266541562326858328e+00
1.277097002976512963e+00
1.287583769343053186e+00
1.298001176279028002e+00
1.308345490738503480e+00
1.318615479928811896e+00
1.328810317232956395e+00
1.338926129088812145e+00
1.348961791652969033e+00
1.358916364323725423e+00
1.368785869913024866e+00
1.378569277772898394e+00
1.388265603317972330e+00
1.397870765039813223e+00
1.407383823974093673e+00
1.416803846481279328e+00
1.426126697584519265e+00
1.435351572714779422e+00
1.444477650289121895e+00
1.453500937028606055e+00
1.462420859323090738e+00
1.471236669000266728e+00
1.479944884159465568e+00
1.488545288626188734e+00
1.497037066099462743e+00
1.505417711522014867e+00
1.513687466275396076e+00
1.521845311154513603e+00
1.529890097363932666e+00
1.537822529501752244e+00
1.545641440913071873e+00
1.553347122217560328e+00
1.560940611018047486e+00
1.568420956125585519e+00
1.575789561696478991e+00
1.583047558405116240e+00
1.590194777033335782e+00
1.597233096918669437e+00
1.604163498746443040e+00
1.610987013959624958e+00
1.617705360129882086e+00
1.624319267025430058e+00
1.630830825991461452e+00
1.637241341876209733e+00
1.643551427807335541e+00
1.649763386806859522e+00
1.655878452330703965e+00
1.661897442375477096e+00
1.667821661906751629e+00
1.673653038785477776e+00
1.679392901490830647e+00
1.685040732725057389e+00
1.690599827367026853e+00
1.696072056296734409e+00
1.701455344503860934e+00
1.706754354815909425e+00
1.711971121865945911e+00
1.717103482816103588e+00
1.722156562661477208e+00
1.727131893007426422e+00
1.732029185598289445e+00
1.736852569601976315e+00
1.741602486221034640e+00
1.746281745793714313e+00
1.750892291077143392e+00
1.755433382636973683e+00
1.759910414978570481e+00
1.764323033038267541e+00
1.768669915628567013e+00
1.772956747703218205e+00
1.777182102605191050e+00
1.781345151736853927e+00
1.785448913220140765e+00
1.789492903220862852e+00
1.793477771834533385e+00
1.797401982692244715e+00
1.801267680283308081e+00
1.805077269034308651e+00
1.808825181121755499e+00
1.812516489632302275e+00
1.816154612408747759e+00
1.819732946521969152e+00
1.823258064879328622e+00
1.826732888465281368e+00
1.830153830841803719e+00
1.833526449627742139e+00
1.836851631191302348e+00
1.840131679468689496e+00
1.843368870580596619e+00
1.846561373164450570e+00
1.849717247291770228e+00
1.852834774731914491e+00
1.855910116772437446e+00
1.858953630366528387e+00
1.861960960260860221e+00
1.864928202012772429e+00
1.867862775101329698e+00
1.870760489648753522e+00
1.873619668941948868e+00
1.876440517587386614e+00
1.879221772312998917e+00
1.881965416921914214e+00
1.884663599689154312e+00
1.887319155648402580e+00
1.889937383734628495e+00
1.892505768762391627e+00
1.895030103324113258e+00
1.897516806590807681e+00
1.899954862453336446e+00
1.902350128081641722e+00
1.904707019380230681e+00
1.907021895380569321e+00
1.909297604923054115e+00
1.911534028148651032e+00
1.913737441561880415e+00
1.915906146221399320e+00
1.918034904557451403e+00
1.920137701939914621e+00
1.922209172359827356e+00
1.924240812893441843e+00
1.926248286877891625e+00
1.928225425838847817e+00
1.930164081297849554e+00
1.932074478160196174e+00
1.933952983213674814e+00
1.935795675803429594e+00
1.937602309819218105e+00
1.939373835724938822e+00
1.941113015238614681e+00
1.942808391620890918e+00
1.944465175061851125e+00
1.946092717338825828e+00
1.947672362429683668e+00
1.949211047634768823e+00
1.950721911285619337e+00
1.952186454220450562e+00
1.953609954697401063e+00
1.955004676588838253e+00
1.956360074780769009e+00
1.957677414907200486e+00
1.958963193661322100e+00
1.960219663397005041e+00
1.961444199047094772e+00
1.962634203855730730e+00
1.963804427758518711e+00
1.964950716402221076e+00
1.966060950807712038e+00
1.967156907476645289e+00
1.968236263440095390e+00
1.969280985174105325e+00
1.970310305966596509e+00
1.971324563938966712e+00
1.972308066926522940e+00
1.973268843593618982e+00
1.974207725754326015e+00
1.975119102629222523e+00
1.975997650255948423e+00
1.976843466315316489e+00
1.977663287756374899e+00
1.978442393784650699e+00
1.979179701438330108e+00
1.979890877577357378e+00
1.980559047420917596e+00
1.981182578719656640e+00
1.981778899306608999e+00
1.982336012227159827e+00
1.982852928033507434e+00
1.983341360839198542e+00
1.983798168688170938e+00
1.984224021387477110e+00
1.984620453735076673e+00
1.984993008104526835e+00
1.985344167807012505e+00
1.985665516904999706e+00
1.985967739512185082e+00
1.986254214064043788e+00
1.986510965837135378e+00
1.986748889334621460e+00
1.986970665505801037e+00
1.987163053716000993e+00
1.987332994121331131e+00
1.987481004971922482e+00
1.987599960267171673e+00
1.987690897708862314e+00
1.987751613372008785e+00
1.987783440960199544e+00
1.987782124144338747e+00
1.987743431453710130e+00
1.987675809802727400e+00
1.987572205015497806e+00
1.987428043937850441e+00
1.987254747177497505e+00
1.987045608227147042e+00
1.986797636573330195e+00
1.986520223631876192e+00
1.986209539669321122e+00
1.985865450931004084e+00
1.985491557528169304e+00
1.985087973817073914e+00
1.984657438924000816e+00
1.984196676509527135e+00
1.983709159415086853e+00
1.983199219127633306e+00
1.982658539600901326e+00
1.982092158251546055e+00
1.981503979498033585e+00
1.980884434250474335e+00
1.980237964690844343e+00
1.979566193936143748e+00
1.978862315462659005e+00
1.978128530055377254e+00
1.977363325996391419e+00
1.976565196527780843e+00
1.975733541986447017e+00
1.974864243885746662e+00
1.973961187947466778e+00
1.973021578548311394e+00
1.972040352847544087e+00
1.971024585301384802e+00
1.969970660585564914e+00
1.968874612990228146e+00
1.967743331388420502e+00
1.966573883837155812e+00
1.965364912050449497e+00
1.964120120620557186e+00
1.962838281919988548e+00
1.961520975699599711e+00
1.960167363110066452e+00
1.958778122290016244e+00
1.957356822329417101e+00
1.955898815224217380e+00
1.954406098362591271e+00
1.952882480718682645e+00
1.951321840031368771e+00
1.949726459540730650e+00
1.948098658796743932e+00
1.946433622629884175e+00
1.944732916694474234e+00
1.942996438686528604e+00
1.941222649148979018e+00
1.939411826708101749e+00
1.937561690092688194e+00
1.935674333289450599e+00
1.933748787550698678e+00
1.931781834154354449e+00
1.929777931485027631e+00
1.927735414313887619e+00
1.925651742202518335e+00
1.923531553540545724e+00
1.921373252638642226e+00
1.919176205391573964e+00
1.916943188642432183e+00
1.914673310718712607e+00
1.912368143216263805e+00
1.910027600641724055e+00
1.907651750786880873e+00
1.905243658958613251e+00
1.902800763326506273e+00
1.900323909579062054e+00
1.897816321567751485e+00
1.895274420344422062e+00
1.892699344039756149e+00
1.890093168929436018e+00
1.887453060526480320e+00
1.884779905979232284e+00
1.882073954718109787e+00
1.879334348659697840e+00
1.876561363038841579e+00
1.873753637819143947e+00
1.870912492759461143e+00
1.868037544226277546e+00
1.865126778792640216e+00
1.862182898915761387e+00
1.859205108134344142e+00
1.856191961051374184e+00
1.853146251499988795e+00
1.850067166666242713e+00
1.846954782486591062e+00
1.843810878787009777e+00
1.840634991698515854e+00
1.837429071667149083e+00
1.834193485861249195e+00
1.830928321625836075e+00
1.827637163483570193e+00
1.824319404013924784e+00
1.820975691233855942e+00
1.817610708548090592e+00
1.814223869185577875e+00
1.810816266702946153e+00
1.807393253007218981e+00
1.803955301078175921e+00
1.800503825181898998e+00
1.797044792786732570e+00
1.793580336695571598e+00
1.790112150720281958e+00
1.786647146335195613e+00
1.783189044177990512e+00
1.779739883031426162e+00
1.776307979802692616e+00
1.772897995132475479e+00
1.769512432383747003e+00
1.766161266407191954e+00
1.762849218511940208e+00
1.759579342321149875e+00
1.756363083162027827e+00
1.753204516190102646e+00
1.750107231373488892e+00
1.747083520182776795e+00
1.744136540625825127e+00
1.741270299830786294e+00
1.738497075465299746e+00
1.735819277614002454e+00
1.733241150480866466e+00
1.730774094969116605e+00
1.728420145961533594e+00
1.726183588631871935e+00
1.724074174983432295e+00
1.722093807118570963e+00
1.720246597322329762e+00
1.718539888205877331e+00
1.716975327105773497e+00
1.715556574271301260e+00
1.714287701438005795e+00
1.713169622966268291e+00
1.712205166475035290e+00
1.711394228819434149e+00
1.710736411122261158e+00
1.710233271990477810e+00
1.709879904725224220e+00
1.709674271121784050e+00
1.709616315368088557e+00
1.709696416014994336e+00
1.709911071124353699e+00
1.710258540293077445e+00
1.710725567123914326e+00
1.711307850112137707e+00
1.712002277076982049e+00
1.712793882616996832e+00
1.713678443863928758e+00
1.714652116117113101e+00
1.715700417433241087e+00
1.716819910927604331e+00
1.718006767536501611e+00
1.719248690842302141e+00
1.720543285141963308e+00
1.721887316290866776e+00
1.723271344371218206e+00
1.724693795141057251e+00
1.726152244669473035e+00
1.727639729057581564e+00
1.729155048344665824e+00
1.730696432359187353e+00
1.732258498769092547e+00
1.733840128801713121e+00
1.735439865822810068e+00
1.737053332411875539e+00
1.738679654825349585e+00
1.740317454755824444e+00
1.741963783309635749e+00
1.743618675472782265e+00
1.745280937014467071e+00
1.746950597469285382e+00
1.748629490914998419e+00
1.750317099197868487e+00
1.752018517050129676e+00
1.753738009597531677e+00
1.755476416497169012e+00
1.757245411853064487e+00
1.759051592097059080e+00
1.760897657297693319e+00
1.762801662445298234e+00
1.764771483376250671e+00
1.766811629941653417e+00
1.768944026131010760e+00
1.771175997116560596e+00
1.773513069765769279e+00
1.775976526931558164e+00
1.778571070838030677e+00
1.781301827583329223e+00
1.784184145202537097e+00
1.787218486364849923e+00
1.790407943008378799e+00
1.793757537314056405e+00
1.797262910768002264e+00
1.800923823736471308e+00
1.804732981446237616e+00
1.808681882815106112e+00
1.812766467186859742e+00
1.816968240134290147e+00
1.821276280979726936e+00
1.825683225477183536e+00
1.830163249117825464e+00
1.834705215983122306e+00
1.839299829165429223e+00
1.843919293816415950e+00
1.848554260619445389e+00
1.853195284860362557e+00
1.857817789124968977e+00
1.862415460755855401e+00
1.866980356535601127e+00
1.871494692066556276e+00
1.875955454011380752e+00
1.880357260723824808e+00
1.884690343801458612e+00
1.888954382721014680e+00
1.893146819642530509e+00
1.897264893411940045e+00
1.901309876564354129e+00
1.905281575887345147e+00
1.909181802748323387e+00
1.913012288208084222e+00
1.916774314034751514e+00
1.920471497358179347e+00
1.924105225231461214e+00
1.927677302447167840e+00
1.931191005047777631e+00
1.934647072996809269e+00
1.938047124492633388e+00
1.941393081420674127e+00
1.944685187594799913e+00
1.947924557966425274e+00
1.951111879064210797e+00
1.954247311221566585e+00
1.957331522682202340e+00
1.960364821401355373e+00
1.963347723044433168e+00
1.966280736839802978e+00
1.969164836034424271e+00
1.972001171859750324e+00
1.974790429452879748e+00
1.977535004231716576e+00
1.980236723188495418e+00
1.982896679145258689e+00
1.985518909766486706e+00
1.988105741751945210e+00
1.990658731446438567e+00
1.993183245676059201e+00
1.995681811649458126e+00
1.998156338611470018e+00
2.000612864959572690e+00
2.003053807903917516e+00
2.005481218402083154e+00
2.007901063211732229e+00
2.010315415382282200e+00
2.012726239591680066e+00
2.015138824347880941e+00
2.017554782054064244e+00
2.019975814215917431e+00
2.022406183461447959e+00
2.024847038032632884e+00
2.027299724319200358e+00
2.029767402768645201e+00
2.032250831873809727e+00
2.034750994817434933e+00
2.037270077266953638e+00
2.039808555659264666e+00
2.042367101028402132e+00
2.044947154768137487e+00
2.047549014920577282e+00
2.050173117908406173e+00
2.052820403030611640e+00
2.055491068184922110e+00
2.058185391588158719e+00
2.060904006411166112e+00
2.063647058055537720e+00
2.066414725992048673e+00
2.069207467156668478e+00
2.072025397352136533e+00
2.074868636087414675e+00
2.077737536253892348e+00
2.080632192347780851e+00
2.083552686425415246e+00
2.086499303041733366e+00
2.089472118118845589e+00
2.092471189782983298e+00
2.095496754071484613e+00
2.098548870760774232e+00
2.101627584583542596e+00
2.104733099417492870e+00
2.107865462372010779e+00
2.111024715061807999e+00
2.114211045180414139e+00
2.117424490611728327e+00
2.120665099443424406e+00
2.123933055656508806e+00
2.127228389641106165e+00
2.130551162727932990e+00
2.133901559500871681e+00
2.137279602011320723e+00
2.140685366688435121e+00
2.144119032550515058e+00
2.147580610388899913e+00
2.151070187931442224e+00
2.154587923794326620e+00
2.158133814173534670e+00
2.161707949757903702e+00
2.165310450880612692e+00
2.168941297547432701e+00
2.172600573219217512e+00
2.176288346586742417e+00
2.180004583472113566e+00
2.183749351496847346e+00
2.187522665897605023e+00
2.191324484860503130e+00
2.195154856278735522e+00
2.199013755913308721e+00
2.202901145103891789e+00
2.206817054796812450e+00
2.210761451104481523e+00
2.214734312045425924e+00
2.218735661250189395e+00
2.222765496477765002e+00
2.226823826313101495e+00
2.230910681850655219e+00
2.235026137343159469e+00
2.239170243499764013e+00
2.243343055589524848e+00
2.247544763129214029e+00
2.251775465794816800e+00
2.256035257690109042e+00
2.260324467251349390e+00
2.264643243725288801e+00
2.268991728881855963e+00
2.273370392395750006e+00
2.277779427138883150e+00
2.282219022924639074e+00
2.286689769828627483e+00
2.291191892814562259e+00
2.295725620878628970e+00
2.300291623609578284e+00
2.304890142933488040e+00
2.309521430229590333e+00
2.314186181008846432e+00
2.318884637982975061e+00
2.323617053277202249e+00
2.328384091905881803e+00
2.333185982683161352e+00
2.338022956181495360e+00
2.342895597809241170e+00
2.347804111327425947e+00
2.352748687066020583e+00
2.357729797229612512e+00
2.362747614118688499e+00
2.367802276148034846e+00
2.372894128944650571e+00
2.378023312032379710e+00
2.383189909116218974e+00
2.388394146752431446e+00
2.393636135074844962e+00
2.398915909224598852e+00
2.404233602122417768e+00
2.409589301737820488e+00
2.414983008197686409e+00
2.420414798770476938e+00
2.425884749239106686e+00
2.431392843069047682e+00
2.436939146060582928e+00
2.442523733389387441e+00
2.448146592026131163e+00
2.453807820656085603e+00
2.459507505858785859e+00
2.465245657319478756e+00
2.471022446210445533e+00
2.476837981735587668e+00
2.482692312388002698e+00
2.488585713103395491e+00
2.494518324834270828e+00
2.500490246444099451e+00
2.506501877168887393e+00
2.512553395397930878e+00
2.518644956646155730e+00
2.524777092658678779e+00
2.530950020308521342e+00
2.537163952493516117e+00
2.543419548369109773e+00
2.549717058895364818e+00
2.556056749586759658e+00
2.562439388291960274e+00
2.568865250110218934e+00
2.575334643218572861e+00
2.581848412505990176e+00
2.588406842510080352e+00
2.595010269548343906e+00
2.601659573060000508e+00
2.608355029304330053e+00
2.615096984693483062e+00
2.621886303677877894e+00
2.628723235985382711e+00
2.635608118108149434e+00
2.642541748293662618e+00
2.649524333758975114e+00
2.656556181126387806e+00
2.663637975918108136e+00
2.670769871730369172e+00
2.677952127743207011e+00
2.685185281256563972e+00
2.692469427837619111e+00
2.699804766265800904e+00
2.707191666207072966e+00
2.714630168148409073e+00
2.722120403850888604e+00
2.729662574671280151e+00
2.737256675633748415e+00
2.744902772022616233e+00
2.752600914483797734e+00
2.760351066960827549e+00
2.768153235632150100e+00
2.776007352676367557e+00
2.783913367382474302e+00
2.791871239543068040e+00
2.799880823622262316e+00
2.807942069757398684e+00
2.816054907052849554e+00
2.824219154105714225e+00
2.832434773873209632e+00
2.840701680649889038e+00
2.849019692922290847e+00
2.857388793154582274e+00
2.865808894232705129e+00
2.874279838663849507e+00
2.882801629202533800e+00
2.891374186256320034e+00
2.899997385982482800e+00
2.908671246833739232e+00
2.917395700233114564e+00
2.926170651275993517e+00
2.934996125592649108e+00
2.943872063867565725e+00
2.952798383992395248e+00
2.961775108301541337e+00
2.970802180957068828e+00
2.979879509916810054e+00
2.989007103856545555e+00
2.998184902525725004e+00
3.007412780291443877e+00
3.016690723686826558e+00
3.026018660251493131e+00
3.035396411543491713e+00
3.044823936570144607e+00
3.054301145003523121e+00
3.063827794998051690e+00
3.073403816340469774e+00
3.083029098871519214e+00
3.092703337859989077e+00
3.102426435870662136e+00
3.112198265506272765e+00
3.122018471440476173e+00
3.131886934271495004e+00
3.141803516632408755e+00
3.151767835663633388e+00
3.161779757795285750e+00
3.171839147067812004e+00
3.181945624592310562e+00
3.192099052117169489e+00
3.202299309451756226e+00
3.212546058333127785e+00
3.222839166084056739e+00
3.233178544093195494e+00
3.243563932595246779e+00
3.253995214555766680e+00
3.264472348391234124e+00
3.274995187592851575e+00
3.285563639648302559e+00
3.296177723126395787e+00
3.306837431921568538e+00
3.317542704693840605e+00
3.328293628975680818e+00
3.339090354201523780e+00
3.349932853593640569e+00
3.360821286282000830e+00
3.371755956452513914e+00
3.382736871106212906e+00
3.393764255882723901e+00
3.404838550087113003e+00
3.415959788909796568e+00
3.427128250706836798e+00
3.438344470108960493e+00
3.449608499937100614e+00
3.460920648600220417e+00
3.472281486975244302e+00
3.483691070456311323e+00
3.495149706853744931e+00
3.506657928421663240e+00
3.518215774769510862e+00
3.529823516532992311e+00
3.541481562911531711e+00
3.553189917969396205e+00
3.564948775889778432e+00
3.576758337443754154e+00
3.588618552416180219e+00
3.600529500716326492e+00
3.612491098555976610e+00
3.624503226385099808e+00
3.636565818135547801e+00
3.648678449042431549e+00
3.660840921313958773e+00
3.673053001875191015e+00
3.685313897475046119e+00
3.697623331169561656e+00
3.709980896270453243e+00
3.722385438757397136e+00
3.734836610458494022e+00
3.747333841149027567e+00
3.759875661091311105e+00
3.772461667221981951e+00
3.785091152785353685e+00
3.797762411832056539e+00
3.810475009424573400e+00
3.823228144186342714e+00
3.836019980034649723e+00
3.848850077000728120e+00
3.861717591709433517e+00
3.874620678555711795e+00
3.887558919631298071e+00
3.900531487009416320e+00
3.913536646117337536e+00
3.926574024706472432e+00
3.939642865778532510e+00
3.952741651288359304e+00
3.965870071459248525e+00
3.979027487026254750e+00
3.992212673784439669e+00
4.005425392157891729e+00
4.018665153131959933e+00
4.031931066267812724e+00
4.045222959919843042e+00
4.058540509892451631e+00
4.071883158171559991e+00
4.085250789375066027e+00
4.098643239580892050e+00
4.112060242544564481e+00
4.125501720075797074e+00
4.138967646322835314e+00
4.152457974158527243e+00
4.165972639115914866e+00
4.179511717327826226e+00
4.193075287468305490e+00
4.206663274417662635e+00
4.220275811746483363e+00
4.233913003349186965e+00
4.247574741547682997e+00
4.261261170502614881e+00
4.274972324770368814e+00
4.288708047410171531e+00
4.302468449952036700e+00
4.316253420249356765e+00
4.330062742295675449e+00
4.343896460232282486e+00
4.357754262603743101e+00
4.371635871932510575e+00
4.385541241810622104e+00
4.399469836831982228e+00
4.413421322383707768e+00
4.427395551106939386e+00
4.441391765850299933e+00
4.455409584376719856e+00
4.469448759996305753e+00
4.483508338167254692e+00
4.497587901609376715e+00
4.511687115677766258e+00
4.525804867895037553e+00
4.539940719357204557e+00
4.554094265369251104e+00
4.568264282110826358e+00
4.582450321330436616e+00
4.596651929165018302e+00
4.610867816675571440e+00
4.625097535941468330e+00
4.639340604503915166e+00
4.653595708181101465e+00
4.667862405676508786e+00
4.682140203622770613e+00
4.696427792300605475e+00
4.710724739827855778e+00
4.725030555118169495e+00
4.739343950943966099e+00
4.753664504562792104e+00
4.767991735258101826e+00
4.782324385200511507e+00
4.796662038253843185e+00
4.811004227337229544e+00
4.825349721867485009e+00
4.839698108483880823e+00
4.854048933096419383e+00
4.868400984049173985e+00
4.882753846551145749e+00
4.897107076197221076e+00
4.911459468824137531e+00
4.925810604370452594e+00
4.940160043451198746e+00
4.954506577521369692e+00
4.968849778255816751e+00
4.983189206398166426e+00
4.997523638671409252e+00
5.011852636551130225e+00
5.026175756615553603e+00
5.040491753157753330e+00
5.054800176556365265e+00
5.069100575997967262e+00
5.083391678650025725e+00
5.097673023754761168e+00
5.111944151093544164e+00
5.126203758766543217e+00
5.140451375439057280e+00
5.154686530584537962e+00
5.168907893437132195e+00
5.183114982975634000e+00
5.197307318325024461e+00
5.211483541452822443e+00
5.225643162647007678e+00
5.239785691205063323e+00
5.253909744127643222e+00
5.268014823955549097e+00
5.282100430962883841e+00
5.296165159643564380e+00
5.310208505598847495e+00
5.324229960954128593e+00
5.338228099977232688e+00
5.352202411979045671e+00
5.366152381750345590e+00
5.380076565281135537e+00
5.393974446102371978e+00
5.407845502366869006e+00
5.421688273391027657e+00
5.435502237338609710e+00
5.449286866301297216e+00
5.463040684254173662e+00
5.476763164353992686e+00
5.490453773116771963e+00
5.504111020340521243e+00
5.517734374520824048e+00
5.531323297030710684e+00
5.544876284585700255e+00
5.558392801378033710e+00
5.571872304052102542e+00
5.585313277339268190e+00
5.598715181512254446e+00
5.612077468906668365e+00
5.625398613414877680e+00
5.638678071804361203e+00
5.651915292539485769e+00
5.665108739883049971e+00
5.678257867540363435e+00
5.691362120562987847e+00
5.704419954857947062e+00
5.717430821535654850e+00
5.730394162712143746e+00
5.743308427268033256e+00
5.756173064204763712e+00
5.768987513194947070e+00
5.781750217465616792e+00
5.794460624408540816e+00
5.807118171755792702e+00
5.819721298484695104e+00
5.832269450885374518e+00
5.844762065259320849e+00
5.857197577757411011e+00
5.869575434080938514e+00
5.881895069614453853e+00
5.894154919114154900e+00
5.906354428206770812e+00
5.918493031873755861e+00
5.930569164907153912e+00
5.942582273372317481e+00
5.954531792358085163e+00
5.966416158113580614e+00
5.978234817653665267e+00
5.989987206678136111e+00
6.001671764300522405e+00
6.013287938993529202e+00
6.024835167562308413e+00
6.036311893377805937e+00
6.047717566877861550e+00
6.059051626457478079e+00
6.070312521128712113e+00
6.081499703803447510e+00
6.092612614942986227e+00
6.103649710584991617e+00
6.114610446629529683e+00
6.125494266077070371e+00
6.136299633390547292e+00
6.147026007981700957e+00
6.157672835866214278e+00
6.168238591363775392e+00
6.178722737934593034e+00
6.189124725097258306e+00
6.199443038508360537e+00
6.209677146229902966e+00
6.219826501791750673e+00
6.229889603730817349e+00
6.239865925282846781e+00
6.249754924526556010e+00
6.259555114496280659e+00
6.269265974192500757e+00
6.278886966816489057e+00
6.288416621595338540e+00
6.297854423903072707e+00
6.307199842677679413e+00
6.316451425110275686e+00
6.325608663571943957e+00
6.334671033393083128e+00
6.343637101566508285e+00
6.352506368093769673e+00
6.361278315392283389e+00
6.369951532143974582e+00
6.378525526618118668e+00
6.386999789045916032e+00
6.395372931713006359e+00
6.403644471790141068e+00
6.411813908071155588e+00
6.419879878359587622e+00
6.427841909350322958e+00
6.435699509157289278e+00
6.443451342985524910e+00
6.451096947658217395e+00
6.458635841359711804e+00
6.466066718518981737e+00
6.473389126666642568e+00
6.480602594783864134e+00
6.487705848256538843e+00
6.494698445871702752e+00
6.501579928093586425e+00
6.508349052884913277e+00
6.515005390805150398e+00
6.521548494433026200e+00
6.527977155798827091e+00
6.534290957716904380e+00
6.540489465445952000e+00
6.546571506438145782e+00
6.552536676213555289e+00
6.558384553203957523e+00
6.564114001504002260e+00
6.569724629763153523e+00
6.575216030005815782e+00
6.580587104069020477e+00
6.585837474134227598e+00
6.590966746169431012e+00
6.595973860755208307e+00
6.600858453994128183e+00
6.605620146090461553e+00
6.610257917300134345e+00
6.614771418030201744e+00
6.619160282971120246e+00
6.623423532950133641e+00
6.627560833064049639e+00
6.631571832715206227e+00
6.635455594197232188e+00
6.639211797689825723e+00
6.642840107529277560e+00
6.646339628401944033e+00
6.649710055975501355e+00
6.652951069758585412e+00
6.656061817814176607e+00
6.659042011716400644e+00
6.661891346418465254e+00
6.664609014418583222e+00
6.667194743627677944e+00
6.669648244762647948e+00
6.671968755896135583e+00
6.674156021713798737e+00
6.676209769069248345e+00
6.678129282823092261e+00
6.679914324874228981e+00
6.681564638640254294e+00
6.683079557039119045e+00
6.684458859613434889e+00
6.685702306819403695e+00
6.686809280928957655e+00
6.687779579541032859e+00
6.688612980659396356e+00
6.689308917197588578e+00
6.689867205196056155e+00
6.690287640731257035e+00
6.690569708597276843e+00
6.690713243625139306e+00
6.690718060484292629e+00
6.690583697000518804e+00
6.690310007101756717e+00
6.689896824544255161e+00
6.689343741214575978e+00
6.688650630397400931e+00
6.687817345383041179e+00
6.686843533000370599e+00
6.685729086103116003e+00
6.684473877900390271e+00
6.683077610882755870e+00
6.681540197640096324e+00
6.679861531611862802e+00
6.678041371505389456e+00
6.676079649773370761e+00
6.673976280319827481e+00
6.671731078469419707e+00
6.669343996630601623e+00
6.666814969331277041e+00
6.664143868779221158e+00
6.661330667405651162e+00
6.658375320455032664e+00
6.655277757176264686e+00
6.652037970072001372e+00
6.648655935142085305e+00
6.645131638757018955e+00
6.641465093527877173e+00
6.637656296210383999e+00
6.633705290328973270e+00
6.629612108633385681e+00
6.625376768613325140e+00
6.620999370956583086e+00
6.616479968577404058e+00
6.611818599669807561e+00
6.607015422088950096e+00
6.602070508935018900e+00
6.596983919080186887e+00
6.591755867553829695e+00
6.586386447656565224e+00
6.580875738922660645e+00
6.575224013563697234e+00
6.569431385083668751e+00
6.563497953674491292e+00
6.557424048727838795e+00
6.551209803936573373e+00
6.544855340153557854e+00
6.538361043919647564e+00
6.531727069078089976e+00
6.524953557145356520e+00
6.518040951728124810e+00
6.510989426751323528e+00
6.503799144385392417e+00
6.496470605141692722e+00
6.489004002922839298e+00
6.481399520517680202e+00
6.473657715080032737e+00
6.465778800347223410e+00
6.457762979652066804e+00
6.449610866408634458e+00
6.441322694005787497e+00
6.432898686195465565e+00
6.424339512138733888e+00
6.415645424653360074e+00
6.406816667727615489e+00
6.397853965622574357e+00
6.388757590326055613e+00
6.379527805818518083e+00
6.370165390687435369e+00
6.360670635800183881e+00
6.351043824826139605e+00
6.341285789794031125e+00
6.331396840134781989e+00
6.321377278851035619e+00
6.311227990438204039e+00
6.300949302555576281e+00
6.290541537142190442e+00
6.280005630121919147e+00
6.269341927034077777e+00
6.258550768329837588e+00
6.247633140286254161e+00
6.236589405966138422e+00
6.225419923896015284e+00
6.214125729617671290e+00
6.202707203355932286e+00
6.191164721277440997e+00
6.179499367105500518e+00
6.167711537861656268e+00
6.155801626930351489e+00
6.143770765149043633e+00
6.131619365965920387e+00
6.119347839581347870e+00
6.106957362896815233e+00
6.094448365409572688e+00
6.081821273756740531e+00
6.069077309863857295e+00
6.056216918887716183e+00
6.043240543543148213e+00
6.030149449734659051e+00
6.016944097872243269e+00
6.003624946401941997e+00
5.990193304136659513e+00
5.976649646311366304e+00
5.962994446758298039e+00
5.949229056079616385e+00
5.935353963880934280e+00
5.921369659023937970e+00
5.907277532710021539e+00
5.893078088432162964e+00
5.878771829699509510e+00
5.864360187033153871e+00
5.849843677300210487e+00
5.835222818238018583e+00
5.820499078305990004e+00
5.805672987203092106e+00
5.790745076429286264e+00
5.775716850894478505e+00
5.760588852560965201e+00
5.745361626174557479e+00
5.730036711504996383e+00
5.714614662187464056e+00
5.699096035645330183e+00
5.683482404825983991e+00
5.667774334430340843e+00
5.651972393943739625e+00
5.636078187734843148e+00
5.620092290951958169e+00
5.604015284487572579e+00
5.587848802322088027e+00
5.571593429427005084e+00
5.555249757418476264e+00
5.538819448048396765e+00
5.522303095485643354e+00
5.505701301369978040e+00
5.489015753374633100e+00
5.472247054241670128e+00
5.455395814929506315e+00
5.438463747190181330e+00
5.421451461718099551e+00
5.404359578090695670e+00
5.387189830316376771e+00
5.369942836424747235e+00
5.352619223925803915e+00
5.335220747288602183e+00
5.317748031263808350e+00
5.300201710625354501e+00
5.282583558535232093e+00
5.264894205852386655e+00
5.247134293965435958e+00
5.229305612985958085e+00
5.211408799267897685e+00
5.193444500183323598e+00
5.175414521067460250e+00
5.157319503153511953e+00
5.139160099180213770e+00
5.120938127989104416e+00
5.102654235072966671e+00
5.084309077929852982e+00
5.065904487189947680e+00
5.047441111981094686e+00
5.028919613957254953e+00
5.010341833811509993e+00
4.991708423677311934e+00
4.973020048759905443e+00
4.954278558075901451e+00
4.935484606130648544e+00
4.916638861070619981e+00
4.897743178480371107e+00
4.878798214600499783e+00
4.859804639900434431e+00
4.840764314761174525e+00
4.821677896520770723e+00
4.802546057344025066e+00
4.783370660623913473e+00
4.764152364159145669e+00
4.744891841173360270e+00
4.725590956279292598e+00
4.706250367102678744e+00
4.686870747282270599e+00
4.667453960857211648e+00
4.648000664651862124e+00
4.628511532071994061e+00
4.608988424795986916e+00
4.589431998225570020e+00
4.569842924884440549e+00
4.550223062316724132e+00
4.530573063888936325e+00
4.510893600596317832e+00
4.491186524095878596e+00
4.471452485116317099e+00
4.451692152484361564e+00
4.431907370243959754e+00
4.412098785894276176e+00
4.392267065463109077e+00
4.372414043687557594e+00
4.352540364257190930e+00
4.332646689782909455e+00
4.312734844037549031e+00
4.292805466333221354e+00
4.272859215260657706e+00
4.252897902010618125e+00
4.232922160962518277e+00
4.212932646099979195e+00
4.192931154455711074e+00
4.172918314934165984e+00
4.152894776342360039e+00
4.132862320022139713e+00
4.112821568874124090e+00
4.092773165976994143e+00
4.072718875492873813e+00
4.052659313803292029e+00
4.032595117724701694e+00
4.012528032794491217e+00
3.992458668373819464e+00
3.972387654500311616e+00
3.952316716684899145e+00
3.932246456781392840e+00
3.912177497548464000e+00
3.892111543111135941e+00
3.872049187343475030e+00
3.851991045240447775e+00
3.831938798222717768e+00
3.811893031727060954e+00
3.791854352514205662e+00
3.771824418021630265e+00
3.751803804806388865e+00
3.731793110937530855e+00
3.711793968628910534e+00
3.691806945130915008e+00
3.671832629375535006e+00
3.651872627150326789e+00
3.631927495987759880e+00
3.611997815248982224e+00
3.592085163130208425e+00
3.572190087050966856e+00
3.552313156379202752e+00
3.532455920593364329e+00
3.512618916621657039e+00
3.492802703428434796e+00
3.473008800688576869e+00
3.453237734477756948e+00
3.433490052959532246e+00
3.413767244963035186e+00
3.394069825368013937e+00
3.374398331154939257e+00
3.354754219312537256e+00
3.335137993199710937e+00
3.315550178248682922e+00
3.295992198665107953e+00
3.276464545981188525e+00
3.256967733735324888e+00
3.237503152463926170e+00
3.218071281586242005e+00
3.198672622423281542e+00
3.179308531016628248e+00
3.159979474406259925e+00
3.140685941396358150e+00
3.121429252771731111e+00
3.102209862946942565e+00
3.083028247935457156e+00
3.063885692568784069e+00
3.044782638409959663e+00
3.025719548434131934e+00
3.006697670888417662e+00
2.987717434278068129e+00
2.968779288318275533e+00
2.949884444104616588e+00
2.931033316897609708e+00
2.912226342955772651e+00
2.893464695716889690e+00
2.874748777028637736e+00
2.856079009519133738e+00
2.837456528519084475e+00
2.818881722313458127e+00
2.800354999746979434e+00
2.781877457646567464e+00
2.763449470602391767e+00
2.745071433541033112e+00
2.726744404437407621e+00
2.708468744072167311e+00
2.690244833335113217e+00
2.672073691046004118e+00
2.653955664078560428e+00
2.635891119181453579e+00
2.617881035759161534e+00
2.599925746698272366e+00
2.582025604515391315e+00
2.564181548981767644e+00
2.546393898934084188e+00
2.528662992579096436e+00
2.510989729879644639e+00
2.493374415577373604e+00
2.475817373505107000e+00
2.458319463686374551e+00
2.440880976740527064e+00
2.423502222077140722e+00
2.406184019695961851e+00
2.388926646084766237e+00
2.371730396196734425e+00
2.354596049971918070e+00
2.337523869775219421e+00
2.320514136087758583e+00
2.303567588804351196e+00
2.286684476193433735e+00
2.269865064267081234e+00
2.253110052940584751e+00
2.236419676429648451e+00
2.219794186299643979e+00
2.203234242603310911e+00
2.186740065564089619e+00
2.170311892342472682e+00
2.153950343295866876e+00
2.137655624731894743e+00
2.121427959467158342e+00
2.105267928379309872e+00
2.089175723951882002e+00
2.073151554736862412e+00
2.057195962393681743e+00
2.041309125688032022e+00
2.025491239003794686e+00
2.009742805086949247e+00
1.994063989105470114e+00
1.978454971387590078e+00
1.962916216111249446e+00
1.947447874980079652e+00
1.932050114393919493e+00
1.916723360346291427e+00
1.901467751222653879e+00
1.886283439635420445e+00
1.871170813813541223e+00
1.856129998982845031e+00
1.841161134122143439e+00
1.826264570150288202e+00
1.811440419304019223e+00
1.796688807094600770e+00
1.782010047618602933e+00
1.767404240305842089e+00
1.752871497377870069e+00
1.738412096629052384e+00
1.724026124875710275e+00
1.709713681238918426e+00
1.695475007762175190e+00
1.681310178852532422e+00
1.667219280730957598e+00
1.653202520271581433e+00
1.639259959686740986e+00
1.625391672508429197e+00
1.611597831051868823e+00
1.597878485558998030e+00
1.584233697094361126e+00
1.570663604052251472e+00
1.557168244937727763e+00
1.543747668579295684e+00
1.530401980114264537e+00
1.517131206552895684e+00
1.503935384728398938e+00
1.490814587209305264e+00
1.477768829761124003e+00
1.464798137471225781e+00
1.451902551050048951e+00
1.439082075275770478e+00
1.426336723747428481e+00
1.413666506048814275e+00
1.401071416234960232e+00
1.388551456681491159e+00
1.376106606596056769e+00
1.363736849580960531e+00
1.351442177060135252e+00
1.339222538633042525e+00
1.327077907725350725e+00
1.315008265087265871e+00
1.303013531493943278e+00
1.291093670475699229e+00
1.279248652392667163e+00
1.267478369994091913e+00
1.255782777200897149e+00
1.244161834271994227e+00
1.232615406742258335e+00
1.221143439213346671e+00
1.209745882136542106e+00
1.198422574655665818e+00
1.187173452346920399e+00
1.175998456151808202e+00
1.164897399656846355e+00
1.153870209709764838e+00
1.142916818043920868e+00
1.132037013531325131e+00
1.121230714590883304e+00
1.110497844052729777e+00
1.099838166924795191e+00
1.089251593498968163e+00
1.078738038009830147e+00
1.068297242457863616e+00
1.057929109311374516e+00
1.047633544519292803e+00
1.037410267935990449e+00
1.027259174510758877e+00
1.017180162218442652e+00
1.007172929631889202e+00
9.972373644865761833e-01
9.873733570959400963e-01
9.775805856176879027e-01
9.678589308788304590e-01
9.582082758446434090e-01
9.486282791244620149e-01
9.391188149418727704e-01
9.296797592272806332e-01
9.203107519074656961e-01
9.110116609068731330e-01
9.017823554339025049e-01
8.926224575963473962e-01
8.835318293226493980e-01
8.745103334111493654e-01
8.655575750108218669e-01
8.566734103556697955e-01
8.478576961446245841e-01
8.391100214234450405e-01
8.304302370313414450e-01
8.218181938767737948e-01
8.132734657523048583e-01
8.047958983997008930e-01
7.963853372438243206e-01
7.880413416674562077e-01
7.797637526096382610e-01
7.715524103160943392e-01
7.634068605956872977e-01
7.553269398764798082e-01
7.473124835267640487e-01
7.393630246088637170e-01
7.314783953283082729e-01
7.236584264745893336e-01
7.159026391814840018e-01
7.082108617168146880e-01
7.005829205865037324e-01
6.930183258034983140e-01
6.855169019788182050e-01
6.780784716263266176e-01
6.707025344347271600e-01
6.633889116349306336e-01
6.561374220362082843e-01
6.489475557876620559e-01
6.418191310122843829e-01
6.347519630978908367e-01
6.277455334258802422e-01
6.207996572787654044e-01
6.139141469014146590e-01
6.070884756659438164e-01
6.003224562768249006e-01
5.936158981095962517e-01
5.869682672713346649e-01
5.803793741456932942e-01
5.738490255073477320e-01
5.673766809277691614e-01
5.609621487215825653e-01
5.546052333256984435e-01
5.483053884900087604e-01
5.420624207062810784e-01
5.358761323311775904e-01
5.297459719910845299e-01
5.236717445952949745e-01
5.176532506719616622e-01
5.116899344055925170e-01
5.057815993574338309e-01
4.999280444729214956e-01
4.941287101593990205e-01
4.883833988584022623e-01
4.826919081723279881e-01
4.770536753787490425e-01
4.714685020215947930e-01
4.659361845936499935e-01
4.604561578724004067e-01
4.550282227199409779e-01
4.496521747464687357e-01
4.443274468410398081e-01
4.390538393932388872e-01
4.338311473511920480e-01
4.286588023088576116e-01
4.235366043861127916e-01
4.184643480829119966e-01
4.134414642728838629e-01
4.084677530024098946e-01
4.035430085304687609e-01
3.986666615663734259e-01
3.938385122725849286e-01
3.890583548675182191e-01
3.843256204332972659e-01
3.796401094313612279e-01
3.750016162331453184e-01
3.704095728117225428e-01
3.658637801037189496e-01
3.613640328202999963e-01
3.569097643245999207e-01
3.525007761979355725e-01
3.481368636710265307e-01
3.438174619771359741e-01
3.395423735050886460e-01
3.353113941780745955e-01
3.311239615605488518e-01
3.269798790049750492e-01
3.228789432930405101e-01
3.188205947624961900e-01
3.148046378789196575e-01
3.108308704416413160e-01
3.068987359849329466e-01
3.030080402303327869e-01
2.991585821471030027e-01
2.953498088704796798e-01
2.915815275142112362e-01
2.878535383629582944e-01
2.841652925386889406e-01
2.805165986770543629e-01
2.769072585167987044e-01
2.733367275338340341e-01
2.698048160088902248e-01
2.663113272667462228e-01
2.628557214860455793e-01
2.594378107093065489e-01
2.560573999726126759e-01
2.527139544878462263e-01
2.494072881696065558e-01
2.461372078839375588e-01
2.429031841883379783e-01
2.397050329734316254e-01
2.365425630473290963e-01
2.334152506075721778e-01
2.303229136184699044e-01
2.272653629358337979e-01
2.242420806739224004e-01
2.212528869621876171e-01
2.182975948033938629e-01
2.153756924876542023e-01
2.124870023949158859e-01
2.096313397678555568e-01
2.068081993142988351e-01
2.040174057440438393e-01
2.012587766264469502e-01
1.985318133119135797e-01
1.958363429135673295e-01
1.931721854081353273e-01
1.905388489968017074e-01
1.879361632637439605e-01
1.853639506677930704e-01
1.828217264527978170e-01
1.803093227361202977e-01
1.778265645275960150e-01
1.753729742897068566e-01
1.729483867296823518e-01
1.705526294715674906e-01
1.681852323569481833e-01
1.658460327343155016e-01
1.635348608995774999e-01
1.612512542188349052e-01
1.589950527281141779e-01
1.567660894474295352e-01
1.545639093982088819e-01
1.523883553453267703e-01
1.502392630798900786e-01
1.481161853953261998e-01
1.460189678218737630e-01
1.439474489636095589e-01
1.419011894889568304e-01
1.398800377253904825e-01
1.378838351268784346e-01
1.359121503266103870e-01
1.339648344766741495e-01
1.320417319130453015e-01
1.301424193106585636e-01
1.282667506692382331e-01
1.264145732342252804e-01
1.245854717869024214e-01
1.227793031934316520e-01
1.209959176316657697e-01
1.192349080418541457e-01
1.174961341712993518e-01
1.157794491488450261e-01
1.140844541147102015e-01
1.124110117080599075e-01
1.107589780230831128e-01
1.091279624297022965e-01
1.075178304658025441e-01
1.059284412011852750e-01
1.043594122542763764e-01
1.028106120647851035e-01
1.012819026844498649e-01
9.977290998838674041e-02
9.828350531760231268e-02
9.681355370829193563e-02
9.536268929016995799e-02
9.393078630150643316e-02
9.251771276181930403e-02
9.112311104339886059e-02
8.974685827438459718e-02
8.838882545297777060e-02
8.704866317248848018e-02
8.572625144033513278e-02
8.442146422542490258e-02
8.313396031145295351e-02
8.186362257152585142e-02
8.061032793412005459e-02
7.937374333415053718e-02
7.815375449405009833e-02
7.695024128776893624e-02
7.576287875440569641e-02
7.459155544685387718e-02
7.343615416770923887e-02
7.229635800613466723e-02
7.117205832442111135e-02
7.006314083450254637e-02
6.896929661532780198e-02
6.789041981565779871e-02
6.682639903526049752e-02
6.577693327747581586e-02
6.474191945308982454e-02
6.372124902630743604e-02
6.271462885546393029e-02
6.172195858773722038e-02
6.074313252678966574e-02
5.977786531365933409e-02
5.882605930536231181e-02
5.788761161874494271e-02
5.696224460331120176e-02
5.604986329859249633e-02
5.515036760727076021e-02
5.426348751174441681e-02
5.338913070592996024e-02
5.252719985000153802e-02
5.167743248235808634e-02
5.083973892205615602e-02
5.001402455727588930e-02
4.920003440330233263e-02
4.839768137332009501e-02
4.760687355239009294e-02
4.682736334920617471e-02
4.605906623723446391e-02
4.530189296468695170e-02
4.455560324210518924e-02
4.382011506504208259e-02
4.309534180697071476e-02
4.238105037510014883e-02
4.167716124258757232e-02
4.098359036390328280e-02
4.030011171673530262e-02
3.962664819881556860e-02
3.896311829214093442e-02
3.830930288875445539e-02
3.766512724703102027e-02
3.703051231058224202e-02
3.640524569013151024e-02
3.578925492777932510e-02
3.518246334724387664e-02
3.458466503395175168e-02
3.399578972254133774e-02
3.341576301746263661e-02
3.284438518103495463e-02
3.228158803516453096e-02
3.172729934755279951e-02
3.118132520656984041e-02
3.064359940447023214e-02
3.011405173981603067e-02
2.959249373387189477e-02
2.907886102610945933e-02
2.857308530673487515e-02
2.807498311852593686e-02
2.758449182785441267e-02
2.710154488465703337e-02
2.662596346350103518e-02
2.615768655296828518e-02
2.569664925866924424e-02
2.524267707483153836e-02
2.479571053936375710e-02
2.435568636343219198e-02
2.392243419534006987e-02
2.349589609957119032e-02
2.307601042569040750e-02
2.266261103183530787e-02
2.225564155480295667e-02
2.185504212589317596e-02
2.146065115940144416e-02
2.107241399414723146e-02
2.069027281702573787e-02
2.031407128420397931e-02
1.994375665939875433e-02
1.957927359518365704e-02
1.922047202692966569e-02
1.886730145881312590e-02
1.851970954033069564e-02
1.817755383610077449e-02
1.784078648615467985e-02
1.750935874899584369e-02
1.718313738190912696e-02
1.686207760946940165e-02
1.654613492544934270e-02
1.623518689621429936e-02
1.592919229328912736e-02
1.562811139664242385e-02
1.533183404013834482e-02
1.504032296866225464e-02
1.475354362006910808e-02
1.447139915658769704e-02
1.419385663204200676e-02
1.392088672931554062e-02
1.365240636610338086e-02
1.338838709651163535e-02
1.312880456041402161e-02
1.287358902917176695e-02
1.262271655946513305e-02
1.237616702607973601e-02
1.213388270699824849e-02
1.189584394506091290e-02
1.166203368235266963e-02
1.143240390468942998e-02
1.120693879632805867e-02
1.098562280092403760e-02
1.076841448301481784e-02
1.055530120789519542e-02
1.034626706851499156e-02
1.014127349835805894e-02
9.940310202027268990e-03
9.743358955806471003e-03
9.550380129833701756e-03
9.361364797179017733e-03
9.176290559863879356e-03
8.995112997369008115e-03
8.817823515531373474e-03
8.644394042392198815e-03
8.474772286622338918e-03
8.308948955237134212e-03
8.146889406857323046e-03
7.988531439740957293e-03
7.833864100788576548e-03
7.682846094149594490e-03
7.535404589957276494e-03
7.391526140783795905e-03
7.251163647926121315e-03
7.114234374072560783e-03
6.980721712916658495e-03
6.850574562002714231e-03
6.723702355104999029e-03
6.600084858141811069e-03
6.479669582914688274e-03
6.362361289666467433e-03
6.248135852896821892e-03
6.136942563424847841e-03
6.028685288400805614e-03
5.923335948246923749e-03
5.820848930050255554e-03
5.721131052163680453e-03
5.624150405220586756e-03
5.529869474696931693e-03
5.438201352893551332e-03
5.349110592636058953e-03
5.262569995040372074e-03
5.178501212942363680e-03
5.096865700272691299e-03
5.017647616543553270e-03
4.940778068733339169e-03
4.866215977210679687e-03
4.793956495307900856e-03
4.723939546847356376e-03
4.656122189389314513e-03
4.590508775300182649e-03
4.527045979808626101e-03
4.465689749480241007e-03
4.406450613066593275e-03
4.349278824432380695e-03
4.294130020599454603e-03
4.241017054796068428e-03
4.189889956196096721e-03
4.140704862302721674e-03
4.093472795709010743e-03
4.048139672567836571e-03
4.004662899239960251e-03
3.963047768909524517e-03
3.923232633263174125e-03
3.885176839527328899e-03
3.848876804239456922e-03
3.814260720636538163e-03
3.781290401759156410e-03
3.749951343071667928e-03
3.720160114027896200e-03
3.691881335165975858e-03
3.665088802046110889e-03
3.639687232721104063e-03
3.615644201246531048e-03
3.592922261695726417e-03
3.571415256308090730e-03
3.551093679380008371e-03
3.531910354661711975e-03
3.513750287433150144e-03
3.496586723180573897e-03
3.480365037683789270e-03
3.464964298886115141e-03
3.450360260863734665e-03
3.436493591571909614e-03
3.423240951523265265e-03
3.410580354804159872e-03
3.398450668699982882e-03
3.386730067113031834e-03
3.375398627842640231e-03
3.364396256171602994e-03
3.353606706904256347e-03
3.343012014702701536e-03
3.332555721061408131e-03
3.322131122688776975e-03
3.311722204138030281e-03
3.301278381556029765e-03
3.290706083752998473e-03
3.279991323634521422e-03
3.269091184414018355e-03
3.257928180004030991e-03
3.246490484511584812e-03
3.234744124542291311e-03
3.222629770653078537e-03
3.210137909367148049e-03
3.197244211157644015e-03
3.183908507765472514e-03
3.170123737673920597e-03
3.155875297996026119e-03
3.141142031920915543e-03
3.125919440473112418e-03
3.110202105906437545e-03
3.093986619476389848e-03
3.077271122492206395e-03
3.060058264205760617e-03
3.042360183268132470e-03
3.024177710686921493e-03
3.005519980776662908e-03
2.986411833343057768e-03
2.966856814743713388e-03
2.946868672915937005e-03
2.926481817416423051e-03
2.905702508336354805e-03
2.884547161731650100e-03
2.863056706469662826e-03
2.841240071077123005e-03
2.819114544243155052e-03
2.796724912032000267e-03
2.774082653038219617e-03
2.751204479500009726e-03
2.728136957784462347e-03
2.704893887023815391e-03
2.681490437387228781e-03
2.657973521318055237e-03
2.634358879125049072e-03
2.610659712554240855e-03
2.586922408751486397e-03
2.563164096419134116e-03
2.539396086438743937e-03
2.515663767889649450e-03
2.491984957660539884e-03
2.468369544974406953e-03
2.444861746415908244e-03
2.421479359973542980e-03
2.398231612790274487e-03
2.375161925150596088e-03
2.352287677403089132e-03
2.329618663673343592e-03
2.307199289036109078e-03
2.285046740507053458e-03
2.263173978571733028e-03
2.241630142941643429e-03
2.220432386687080841e-03
2.199602078745757465e-03
2.179194663515725619e-03
2.159223697980030589e-03
2.139724630129034421e-03
2.120743166050884868e-03
2.102276270899438443e-03
2.084366346573135898e-03
2.066998811443638857e-03
2.050137429325645834e-03
2.033791840116419645e-03
2.017844155810622625e-03
2.002247276314935310e-03
1.986926469357290417e-03
1.971789037397323353e-03
1.956895114188066716e-03
1.942162829395313811e-03
1.928031253614497648e-03
1.914781922739698184e-03
1.902929748468128656e-03
1.893527578441332694e-03
1.886298059045714293e-03
1.882405239493062073e-03
1.879420314427114255e-03
1.874817205803951982e-03
1.866904876801708238e-03
1.847464309866973277e-03
1.814675780388592475e-03
1.763523615724911725e-03
1.690872015630553006e-03
1.600403515377940220e-03
1.485867207938399446e-03
1.358640431410993018e-03
1.237258837468791558e-03
1.090345620559705561e-03
9.446361883173248417e-04
9.369444501672025529e-04
7.693522852868914979e-04
3.852004729631994598e-04
1.478212575906861061e-03
