8.366241867537382247e-06
1.366760388524633860e-06
3.207990913875487747e-06
3.799297425484711709e-06
3.531790244344963043e-06
4.042418452504955362e-06
4.550411546677970932e-06
4.998018024910980119e-06
5.576918784666819358e-06
6.206161359511217511e-06
6.876265506537460769e-06
7.612361051117426309e-06
8.405840748792640788e-06
9.254232220014032626e-06
1.015921343981967570e-05
1.111968809373750601e-05
1.213222550395815810e-05
1.319614033634323930e-05
1.431048502051305284e-05
1.547109034920834429e-05
1.667629309603322683e-05
1.792455947365762466e-05
1.921115062557423149e-05
2.053479506072521327e-05
2.189352857144689129e-05
2.328469154678616056e-05
2.470862624512478942e-05
2.616416688449545232e-05
2.765273388433892165e-05
2.917577185811226026e-05
3.073344119720746272e-05
3.232981767188675739e-05
3.396632990845451790e-05
3.564373403565135784e-05
3.736668057385162956e-05
3.913629369626832734e-05
4.095354229753170859e-05
4.282308602605203147e-05
4.474551183510395579e-05
4.672228324486540560e-05
4.875625246373303698e-05
5.084622281649885421e-05
5.299340469622921130e-05
5.519482572536303801e-05
5.744694354643932959e-05
5.974894211397026311e-05
6.209124060205311821e-05
6.447015248972681669e-05
6.688261326005713072e-05
6.931870618775196849e-05
7.177799120325746660e-05
7.425759729149713627e-05
7.675558516585666736e-05
7.927578565642310021e-05
8.181828989409091859e-05
8.439156777557286690e-05
8.700153470305294187e-05
8.965166357256705175e-05
9.235609533352782334e-05
9.511990308896387588e-05
9.794808851636648255e-05
1.008539380345652435e-04
1.038404460896967524e-04
1.069120649211329047e-04
1.100779996808312757e-04
1.133397917139364417e-04
1.167005340887127403e-04
1.201660456067454863e-04
1.237376166650236084e-04
1.274173747050503570e-04
1.312100293615094929e-04
1.351173598078482302e-04
1.391412810637461040e-04
1.432871192086721207e-04
1.475572585476130712e-04
1.519538955588171816e-04
1.564835570726958737e-04
1.611490531283648784e-04
1.659529913149148121e-04
1.709029758364018214e-04
1.760020700149281540e-04
1.812532282216706276e-04
1.866648588782050073e-04
1.922402143590674049e-04
1.979825069974429190e-04
2.039007983256781837e-04
2.099985461278281319e-04
2.162791776852465014e-04
2.227524034348034928e-04
2.294219335240397248e-04
2.362914125100082396e-04
2.433712817097891340e-04
2.506655546545367226e-04
2.581781206988296410e-04
2.659202705241489281e-04
2.738963709071137059e-04
2.821105947598394901e-04
2.905752166730480495e-04
2.992950074429498886e-04
3.082744686255622750e-04
3.175270044896275935e-04
3.270578428900547461e-04
3.368718646918854027e-04
3.469837588678038095e-04
3.573992650220685790e-04
3.681236992969481869e-04
3.791731963637612530e-04
3.905540626090739462e-04
4.022721098993909251e-04
4.143450816462127852e-04
4.267799054507492775e-04
4.395829527500296342e-04
4.527737376772887298e-04
4.663598625938808842e-04
4.803483248347144275e-04
4.947605685257872249e-04
5.096049236777754152e-04
5.248890817319402892e-04
5.406365730852673301e-04
5.568565081602740554e-04
5.735573422751490168e-04
5.907648461058722386e-04
6.084889637935451002e-04
6.267389857363743098e-04
6.455430759933488164e-04
6.649120669893225427e-04
6.848561568250315481e-04
7.054060568635270182e-04
7.265735443239999336e-04
7.483697991096722362e-04
7.708282364666570055e-04
7.939616374633302063e-04
8.177822394787379176e-04
8.423263226390178366e-04
8.676077339226116519e-04
8.936398455307880719e-04
9.204619694040799263e-04
9.480890837989236876e-04
9.765357748238254892e-04
1.005844560293185641e-03
1.036031618571962290e-03
1.067112830495562563e-03
1.099134101801210565e-03
1.132112883327569082e-03
1.166066433095223421e-03
1.201044235472621723e-03
1.237065089769055120e-03
1.274147715099609082e-03
1.312345374561379010e-03
1.351678295832981630e-03
1.392166744237673679e-03
1.433867972245735437e-03
1.476803720325311391e-03
1.520995886091906042e-03
1.566505934632543388e-03
1.613357209310530222e-03
1.661573326986659493e-03
1.711220204693249605e-03
1.762322886388960905e-03
1.814906796210980855e-03
1.869042564059306870e-03
1.924757042629356672e-03
1.982077553209177743e-03
2.041079729207367997e-03
2.101792354579871003e-03
2.164244741118554177e-03
2.228517857352804808e-03
2.294642560515731001e-03
2.362650252599344646e-03
2.432627624502619029e-03
2.504607774450894313e-03
2.578624305118116817e-03
2.654770090583777765e-03
2.733080670478203484e-03
2.813591975678925508e-03
2.896403618178895311e-03
2.981553819329140625e-03
3.069080990830007089e-03
3.159092152357460478e-03
3.251628493736373731e-03
3.346731094687249285e-03
3.444515186699170436e-03
3.545025266048275683e-03
3.648305312332544067e-03
3.754479721721954138e-03
3.863596688097461346e-03
3.975703376916612207e-03
4.090934456842621088e-03
4.209342261962829498e-03
4.330977491118785140e-03
4.455986343692723908e-03
4.584425782246524979e-03
4.716350452099866454e-03
4.851919475468927795e-03
4.991194967684656376e-03
5.134235998906337868e-03
5.281216112013768088e-03
5.432203122574367354e-03
5.587261064245650083e-03
5.746579465930655960e-03
5.910232398786096665e-03
6.078289449509860498e-03
6.250957719814926976e-03
6.428318082501970239e-03
6.610446304370201642e-03
6.797568615696423892e-03
6.989773208706496870e-03
7.187142677908539730e-03
7.389923848617222131e-03
7.598212701125827556e-03
7.812099305148760726e-03
8.031852394479919999e-03
8.257576134656106556e-03
8.489368693307708727e-03
8.727521805894741802e-03
8.972148127102681781e-03
9.223354491835164190e-03
9.481456446038779781e-03
9.746575327273389322e-03
1.001882712299049898e-02
1.029855166635980888e-02
1.058587905615388652e-02
1.088093480498459296e-02
1.118408316647742477e-02
1.149546297815091933e-02
1.181520951844230137e-02
1.214371129921241500e-02
1.248111581499367073e-02
1.282756821775619255e-02
1.318348094769984137e-02
1.354901008759949038e-02
1.392431066366564725e-02
1.430981876479744778e-02
1.470569910772166235e-02
1.511211654542161248e-02
1.552953089024345333e-02
1.595811577745416196e-02
1.639804588425141513e-02
1.684980554780350290e-02
1.731357798323013633e-02
1.778954785851600065e-02
1.827822597697519730e-02
1.877980631334070019e-02
1.929448401153583195e-02
1.982279984787269772e-02
2.036496039262999588e-02
2.092117223758887742e-02
2.149201161558360329e-02
2.207770031103220912e-02
2.267845800278940616e-02
2.329490420863115918e-02
2.392727943260382351e-02
2.457581893103800985e-02
2.524119596255687548e-02
2.592367420422844737e-02
2.662350800110148408e-02
2.734143756042934151e-02
2.807775511627199141e-02
2.883273875669290290e-02
2.960721145288180631e-02
3.040150016758586329e-02
3.121591255189122560e-02
3.205137221324819152e-02
3.290824748605812589e-02
3.378688242742632769e-02
3.468832012667307646e-02
3.561297688469697992e-02
3.656124065936906115e-02
3.753429216662321904e-02
3.853260151083658797e-02
3.955660806265875323e-02
4.060764542272308347e-02
4.168624175111884655e-02
4.279289448470361551e-02
4.392910004547729425e-02
4.509544651168478219e-02
4.629249416300291325e-02
4.752190462487513450e-02
4.878432477319238209e-02
5.008037964816681314e-02
5.141188945566840113e-02
5.277955558922139273e-02
5.418406619845208411e-02
5.562738436502492889e-02
5.711025896682377784e-02
5.863343585161739230e-02
6.019899792439106778e-02
6.180773281812096398e-02
6.346043542707309471e-02
6.515928173043743221e-02
6.690508931949490368e-02
6.869869154366127495e-02
7.054233222232153544e-02
7.243685198912551415e-02
7.438311209128316281e-02
7.638340637635256114e-02
7.843859534915394172e-02
8.054955996975989019e-02
8.271863903789029859e-02
8.494671479267984493e-02
8.723468431402638112e-02
8.958494225442541203e-02
9.199839973577583763e-02
9.447597247747761828e-02
9.702013770218359534e-02
9.963184675246831989e-02
1.023120428922902198e-01
1.050633241006520557e-01
1.078866949865189412e-01
1.107831403011780708e-01
1.137554199638115549e-01
1.168046030194831442e-01
1.199317316517572313e-01
1.231397603490025500e-01
1.264298277729158371e-01
1.298030470634508882e-01
1.332625786058584672e-01
1.368096259728830422e-01
1.404453791932851747e-01
1.441731830065778597e-01
1.479942883866672831e-01
1.519099555385813594e-01
1.559236511511508383e-01
1.600366419990240929e-01
1.642502351124070226e-01
1.685679135167222620e-01
1.729909149473801422e-01
1.775205512427462662e-01
1.821601778694801332e-01
1.869109488390649221e-01
1.917741209028537563e-01
1.967527532553083880e-01
2.018478579491698177e-01
2.070605633165458481e-01
2.123934616720286328e-01
2.178473707088534050e-01
2.234232124803867958e-01
2.291229723334742563e-01
2.349472391103648305e-01
2.408966600944239256e-01
2.469725437059426820e-01
2.531752464223274157e-01
2.595051000296643706e-01
2.659627762364885073e-01
2.725484370024229830e-01
2.792621059888076851e-01
2.861039961018378985e-01
2.930741560139774049e-01
3.001723733942157080e-01
3.073987144493829926e-01
3.147532265438022780e-01
3.222356025498583909e-01
3.298461548706085322e-01
3.375850411853907329e-01
3.454520520174226839e-01
3.534481074397814448e-01
3.615735399888390655e-01
3.698284352824900423e-01
3.782144940667697686e-01
3.867321915550560596e-01
3.953820394897851198e-01
4.041663474914047316e-01
4.130855737585492626e-01
4.221406421580101154e-01
4.313338710826004618e-01
4.406654261808611861e-01
4.501364307144674615e-01
4.597482459235749386e-01
4.695004200559660945e-01
4.793938719781347668e-01
4.894279142559148643e-01
4.996012128401411956e-01
5.099139783112073276e-01
5.203626256226866476e-01
5.309448448167889412e-01
5.416596955387465995e-01
5.525004459964338865e-01
5.634639455725550805e-01
5.745478975733411264e-01
5.857429407830763157e-01
5.970454106513062298e-01
6.084517948678453969e-01
6.199512387439888306e-01
6.315399540072397233e-01
6.432136744641009374e-01
6.549613698303725640e-01
6.667794220776671610e-01
6.786634277565525286e-01
6.906031505814440585e-01
7.025952349150760279e-01
7.146356743821368207e-01
7.267152975003394744e-01
7.388309098140957154e-01
7.509791612050457088e-01
7.631515334393409455e-01
7.753448122065660364e-01
7.875562329999926670e-01
7.997771955534619392e-01
8.120043486846254543e-01
8.242352107637843650e-01
8.364605177528411373e-01
8.486768143298636380e-01
8.608815472536249791e-01
8.730646874808108970e-01
8.852228458256564680e-01
8.973531536975781764e-01
9.094452368877022908e-01
9.214960003605351391e-01
9.335022083672549487e-01
9.454538956494976665e-01
9.573484644154723888e-01
9.691824517850480269e-01
9.809471373761988744e-01
9.926405549739171219e-01
1.004259299602590305e+00
1.015796612423735645e+00
1.027251212931599156e+00
1.038620113441918180e+00
1.049898974568575616e+00
1.061087168204210895e+00
1.072182461875987869e+00
1.083183023102598286e+00
1.094088745532557416e+00
1.104898351359193898e+00
1.115612165332738881e+00
1.126230387349752338e+00
1.136752656914118864e+00
1.147180724049974510e+00
1.157514853253965859e+00
1.167755311064438084e+00
1.177904379458527995e+00
1.187962209451890461e+00
1.197929253630124036e+00
1.207807584474020146e+00
1.217597192243744519e+00
1.227298310859933350e+00
1.236912449981709017e+00
1.246439518475484398e+00
1.255879341588279408e+00
1.265232919492013997e+00
1.274500209550541996e+00
1.283680726791323723e+00
1.292775224966969061e+00
1.301783794213451362e+00
1.310705955800938627e+00
1.319542425047624201e+00
1.328293412721040845e+00
1.336958803175011257e+00
1.345539276035230714e+00
1.354035079463840274e+00
1.362446661419345562e+00
1.370774514513935172e+00
1.379018847785307367e+00
1.387180593887479718e+00
1.395259943904076261e+00
1.403257070111625149e+00
1.411173039929533024e+00
1.419007840751910443e+00
1.426761704272869080e+00
1.434435355478817842e+00
1.442028912319010869e+00
1.449542801247572177e+00
1.456977028027070409e+00
1.464332255460659704e+00
1.471609187071186708e+00
1.478807050968524939e+00
1.485927302908124803e+00
1.492970878404264568e+00
1.499936587912392483e+00
1.506826575224628373e+00
1.513641826305273774e+00
1.520381415569022288e+00
1.527047709442723722e+00
1.533641497263534603e+00
1.540162828082650925e+00
1.546613661157985709e+00
1.552994400030902611e+00
1.559306431831007034e+00
1.565550826602271073e+00
1.571727585187453924e+00
1.577839184135543249e+00
1.583885737639996627e+00
1.589867035796922456e+00
1.595785807980886206e+00
1.601641631170410029e+00
1.607434409254584473e+00
1.613166047630879119e+00
1.618836305303342771e+00
1.624445497650107484e+00
1.629993902018621155e+00
1.635482124189331143e+00
1.640911003354527997e+00
1.646279073541003113e+00
1.651588054027435915e+00
1.656839159901339897e+00
1.662029873944232072e+00
1.667162735875358237e+00
1.672238964990232946e+00
1.677256268292799390e+00
1.682217240876436426e+00
1.687122634423848133e+00
1.691971744943282507e+00
1.696766283856927737e+00
1.701506144643345708e+00
1.706193030561287349e+00
1.710827068052547695e+00
1.715407197541950035e+00
1.719937244456349434e+00
1.724415675505162726e+00
1.728840848240523753e+00
1.733217198471807885e+00
1.737542256871310586e+00
1.741814596867260923e+00
1.746037139579462272e+00
1.750207764965573842e+00
1.754326127947146263e+00
1.758392106997347826e+00
1.762405131878868048e+00
1.766366313515806752e+00
1.770272616488164585e+00
1.774125416336886696e+00
1.777926813538415862e+00
1.781672666817262440e+00
1.785365617624882439e+00
1.789007676282890591e+00
1.792595890282170812e+00
1.796132860283105259e+00
1.799619540801888684e+00
1.803055428174823893e+00
1.806442018318140663e+00
1.809779012532188203e+00
1.813067993420978574e+00
1.816309140323425941e+00
1.819501471740389453e+00
1.822647449743079795e+00
1.825746468794438693e+00
1.828797553180361080e+00
1.831803260850565662e+00
1.834762848884378350e+00
1.837675510182621208e+00
1.840543954729109588e+00
1.843367567707712373e+00
1.846145391659518298e+00
1.848880343448198404e+00
1.851571892099360683e+00
1.854218845480723354e+00
1.856823300540145327e+00
1.859384897279951820e+00
1.861902970807948199e+00
1.864376814723385456e+00
1.866806672438175774e+00
1.869193714442504373e+00
1.871533148476017594e+00
1.873826254304045591e+00
1.876076699425569316e+00
1.878276882762648592e+00
1.880428961023449475e+00
1.882538005977461681e+00
1.884597588272464819e+00
1.886609805905570925e+00
1.888578417620093708e+00
1.890502569267202837e+00
1.892383148965417705e+00
1.894219893771738050e+00
1.896019062232550789e+00
1.897779898180369074e+00
1.899497509116219618e+00
1.901182292629525650e+00
1.902832610115940959e+00
1.904441301283545718e+00
1.906017094721570215e+00
1.907558891711637505e+00
1.909061306511967038e+00
1.910526684684266785e+00
1.911955329841538820e+00
1.913346753784841425e+00
1.914696285323969960e+00
1.916005328738584312e+00
1.917278624334833870e+00
1.918507819690043803e+00
1.919694326953672592e+00
1.920845415014230007e+00
1.921954544260709996e+00
1.923023035363273125e+00
1.924055886389928860e+00
1.925052035386212390e+00
1.926012333475673799e+00
1.926936813004578086e+00
1.927829329180703821e+00
1.928690221031375662e+00
1.929515546539249504e+00
1.930310613946595977e+00
1.931075328552050552e+00
1.931805217487252646e+00
1.932503311315950656e+00
1.933169220344023609e+00
1.933801313710824532e+00
1.934398689240016678e+00
1.934960903200712679e+00
1.935490269163463672e+00
1.935983066567087407e+00
1.936439162342088460e+00
1.936863117869504824e+00
1.937251192904692942e+00
1.937603916338889620e+00
1.937924909595059475e+00
1.938212958215944859e+00
1.938469329787394058e+00
1.938694188844305444e+00
1.938889615153987167e+00
1.939057232129255626e+00
1.939193506988367455e+00
1.939302519546861836e+00
1.939385498442343758e+00
1.939437353078892867e+00
1.939461752698358410e+00
1.939458800902782443e+00
1.939425004437583588e+00
1.939361576116444441e+00
1.939267259135835308e+00
1.939142398924252220e+00
1.938985193763501647e+00
1.938793535022905301e+00
1.938571608687561509e+00
1.938315718769405116e+00
1.938023978413107029e+00
1.937702196179811764e+00
1.937346843672113295e+00
1.936957343802031994e+00
1.936537981110896700e+00
1.936087231434579614e+00
1.935606306937347698e+00
1.935095669101538407e+00
1.934556473135274901e+00
1.933991265302740459e+00
1.933396481535237577e+00
1.932775224831423388e+00
1.932130170808706859e+00
1.931455680615942194e+00
1.930755163987079692e+00
1.930030090809496057e+00
1.929275738902564541e+00
1.928494181848099176e+00
1.927684938372231649e+00
1.926846609543615196e+00
1.925979104443962031e+00
1.925080253091573157e+00
1.924152560568273884e+00
1.923194082943151306e+00
1.922202107896859635e+00
1.921181585133536984e+00
1.920129893765577300e+00
1.919045204733226262e+00
1.917932281888658386e+00
1.916789195434465576e+00
1.915615949435242493e+00
1.914414748763486607e+00
1.913185224415619112e+00
1.911929194956352385e+00
1.910645389743049316e+00
1.909335009232241420e+00
1.908000730821362678e+00
1.906638704763202519e+00
1.905250954190474744e+00
1.903839646344370307e+00
1.902400452810673714e+00
1.900935179375295547e+00
1.899444417732977008e+00
1.897925489053852388e+00
1.896379190795210556e+00
1.894804298097843231e+00
1.893200858024924438e+00
1.891568460796096529e+00
1.889904712658971420e+00
1.888211979575849186e+00
1.886489042283973738e+00
1.884733484214761612e+00
1.882948473457635385e+00
1.881132693148976465e+00
1.879284744907795179e+00
1.877406868903434223e+00
1.875498292595189520e+00
1.873559082819130639e+00
1.871589505110746954e+00
1.869589620669784402e+00
1.867560671887529056e+00
1.865501023612196052e+00
1.863411442214110814e+00
1.861293551177120031e+00
1.859144825260290901e+00
1.856966329290494100e+00
1.854759216553721890e+00
1.852521394465443061e+00
1.850253780814275162e+00
1.847956577957886148e+00
1.845629077061593959e+00
1.843271775835111148e+00
1.840884032656090019e+00
1.838466712187772023e+00
1.836019889172514796e+00
1.833542711134104275e+00
1.831037095299494100e+00
1.828502927570624381e+00
1.825940019313899931e+00
1.823350496652637709e+00
1.820734401993009399e+00
1.818092952097428716e+00
1.815427784477146922e+00
1.812739399049296374e+00
1.810030713587699402e+00
1.807302626407859991e+00
1.804556226586749190e+00
1.801795854451597734e+00
1.799021884448152697e+00
1.796235905051711157e+00
1.793442940889397486e+00
1.790643314904094119e+00
1.787838842238606896e+00
1.785034358332179494e+00
1.782230584616066871e+00
1.779429223897513124e+00
1.776634321906901848e+00
1.773847229537628190e+00
1.771069283301104136e+00
1.768303715713535729e+00
1.765552472625246283e+00
1.762816475385186488e+00
1.760098724606770082e+00
1.757401532099852615e+00
1.754725585746473193e+00
1.752074530409892583e+00
1.749450724551407710e+00
1.746854938512326649e+00
1.744292094100142743e+00
1.741764257505896474e+00
1.739272546173030287e+00
1.736823038547024245e+00
1.734417179074235094e+00
1.732056458338132598e+00
1.729747046717055703e+00
1.727489474289681803e+00
1.725285306552720277e+00
1.723139087960759541e+00
1.721050245146868107e+00
1.719019876012292558e+00
1.717049229958579337e+00
1.715136647582108820e+00
1.713282200999430183e+00
1.711483035901833150e+00
1.709736714835265348e+00
1.708041988987404336e+00
1.706392481898219460e+00
1.704785569881673846e+00
1.703218845452964203e+00
1.701684346974812412e+00
1.700180006916151898e+00
1.698702887104316162e+00
1.697246113688413383e+00
1.695808842194678645e+00
1.694388505163886061e+00
1.692981781387217888e+00
1.691589414127974145e+00
1.690210069659811909e+00
1.688845377150730132e+00
1.687497604023544762e+00
1.686167178841951886e+00
1.684860591783714057e+00
1.683581171983131730e+00
1.682331145062759825e+00
1.681120435720921735e+00
1.679952738220097608e+00
1.678831643824072906e+00
1.677768334775153081e+00
1.676766160275511952e+00
1.675829357706753342e+00
1.674968161925568966e+00
1.674185037212454263e+00
1.673484094474400941e+00
1.672872947778654584e+00
1.672352896976412095e+00
1.671927295983657968e+00
1.671600237844647951e+00
1.671371834103100085e+00
1.671244294215880943e+00
1.671218018519594173e+00
1.671292104174953108e+00
1.671467481397338695e+00
1.671741235532792080e+00
1.672111758554408079e+00
1.672578778342287853e+00
1.673136830659095020e+00
1.673784002355877654e+00
1.674519058746257727e+00
1.675335052003878777e+00
1.676230217021832614e+00
1.677202719593013924e+00
1.678245428957199969e+00
1.679357175115062661e+00
1.680535967829638766e+00
1.681775883612980360e+00
1.683076693215781683e+00
1.684436705429298575e+00
1.685852406644571699e+00
1.687324640249117103e+00
1.688852379295323614e+00
1.690435181199800629e+00
1.692074800083966934e+00
1.693771039330419947e+00
1.695526366662523543e+00
1.697342996429141992e+00
1.699221459656393707e+00
1.701166109312818753e+00
1.703178994175773342e+00
1.705261016128450047e+00
1.707416798437210614e+00
1.709647617482522364e+00
1.711954246589074025e+00
1.714339899782575616e+00
1.716804697675346381e+00
1.719348818480608054e+00
1.721972904440976615e+00
1.724675891756601187e+00
1.727457102020722557e+00
1.730314361130737000e+00
1.733245748328913427e+00
1.736249769312764313e+00
1.739322159098858123e+00
1.742460692499459896e+00
1.745663382351040349e+00
1.748925250516299768e+00
1.752244334950306515e+00
1.755618631574067834e+00
1.759043926525683643e+00
1.762518899401767536e+00
1.766041973103740448e+00
1.769610715247743604e+00
1.773224516984571508e+00
1.776882474996139827e+00
1.780584146238728849e+00
1.784329399534487992e+00
1.788117973658996940e+00
1.791950793513626516e+00
1.795827784364282032e+00
1.799749045183427265e+00
1.803715706143475650e+00
1.807727313700149940e+00
1.811783913522998946e+00
1.815885594982863838e+00
1.820031236334550551e+00
1.824220441343273214e+00
1.828451370636189566e+00
1.832722180994178940e+00
1.837031803969945587e+00
1.841376211095246518e+00
1.845753018694487047e+00
1.850160479619625375e+00
1.854592770626804610e+00
1.859047303465198420e+00
1.863521853473566026e+00
1.868009663875634496e+00
1.872508315196582229e+00
1.877015433711056724e+00
1.881524352685838286e+00
1.886033122444741750e+00
1.890539568042812091e+00
1.895037996886525411e+00
1.899527089498195709e+00
1.904005140994526224e+00
1.908467972986007233e+00
1.912914901971235260e+00
1.917344831328201993e+00
1.921755227656105625e+00
1.926145926975578293e+00
1.930516437757953341e+00
1.934865654735695051e+00
1.939193752699053919e+00
1.943500732082351412e+00
1.947786490617003041e+00
1.952051356831637330e+00
1.956295652405087182e+00
1.960519801659378558e+00
1.964724142005019658e+00
1.968909141284027164e+00
1.973075348772725279e+00
1.977223027135628142e+00
1.981352650303722873e+00
1.985464635579110571e+00
1.989559147607078193e+00
1.993636580551701565e+00
1.997697120170981888e+00
2.001740854707970030e+00
2.005768067371013430e+00
2.009778740874242242e+00
2.013772932500006441e+00
2.017750825793878100e+00
2.021712307407875553e+00
2.025657453626022786e+00
2.029586384689726852e+00
2.033499026119679698e+00
2.037395514311649780e+00
2.041275951050718351e+00
2.045140424525798029e+00
2.048989157059487809e+00
2.052822273111534201e+00
2.056640113284745386e+00
2.060442995652923326e+00
2.064231097965959716e+00
2.068005061046257698e+00
2.071765295467546064e+00
2.075512050291301147e+00
2.079246275393338284e+00
2.082968461932019011e+00
2.086678936867337519e+00
2.090378937958293992e+00
2.094069020709501849e+00
2.097749587973474661e+00
2.101422125100424143e+00
2.105087234758485693e+00
2.108745388370943719e+00
2.112398269476196688e+00
2.116046511872212044e+00
2.119690645799476858e+00
2.123332502071900940e+00
2.126972731604930722e+00
2.130611913306891481e+00
2.134251977478881290e+00
2.137893580100524993e+00
2.141537339231526005e+00
2.145185241810049437e+00
2.148837938180081064e+00
2.152496076760019861e+00
2.156161662847259741e+00
2.159835331064499098e+00
2.163517751521307542e+00
2.167210912570540327e+00
2.170915423125087340e+00
2.174631965525649857e+00
2.178362477071066117e+00
2.182107531017481339e+00
2.185867810860444127e+00
2.189645168894208460e+00
2.193440133293882432e+00
2.197253375647713280e+00
2.201086629748571610e+00
2.204940370704564945e+00
2.208815243449493426e+00
2.212712831963738136e+00
2.216633552841138499e+00
2.220578008917256430e+00
2.224547608018089928e+00
2.228542706272178098e+00
2.232563849768028685e+00
2.236612251888971947e+00
2.240688210347653975e+00
2.244792202296887584e+00
2.248925238946817284e+00
2.253087565493968825e+00
2.257279581887731812e+00
2.261502101177608193e+00
2.265755324961204131e+00
2.270039572576838971e+00
2.274355474164702517e+00
2.278703198299291799e+00
2.283082985408521282e+00
2.287495307122088928e+00
2.291940309640833728e+00
2.296418160864970748e+00
2.300929204306807030e+00
2.305473573062343462e+00
2.310051372646454215e+00
2.314662851386207532e+00
2.319308136147777422e+00
2.323987282809786947e+00
2.328700476962441090e+00
2.333447843328577687e+00
2.338229402376405641e+00
2.343045306805262573e+00
2.347895680718035560e+00
2.352780523923210687e+00
2.357699982340383471e+00
2.362654179098839347e+00
2.367643107866130414e+00
2.372666929732519581e+00
2.377725765513865497e+00
2.382819616362767068e+00
2.387948676139956650e+00
2.393113061855669965e+00
2.398312794173832696e+00
2.403548112600768061e+00
2.408819129286893013e+00
2.414125893992508320e+00
2.419468699303529036e+00
2.424847652176251867e+00
2.430262837674528775e+00
2.435714602594127864e+00
2.441203049108360279e+00
2.446728299569346898e+00
2.452290749282403315e+00
2.457890496684951298e+00
2.463527698713138481e+00
2.469202787020092327e+00
2.474915857868689617e+00
2.480667095577903769e+00
2.486456951164917051e+00
2.492285520724579317e+00
2.498153005264736048e+00
2.504059856244042592e+00
2.510006172005574854e+00
2.515992157812057428e+00
2.522018248327920098e+00
2.528084546882585659e+00
2.534191251017692270e+00
2.540338766554290917e+00
2.546527204625636198e+00
2.552756745697626339e+00
2.559027762282821694e+00
2.565340375761868241e+00
2.571694744394422472e+00
2.578091211039895025e+00
2.584529908768693041e+00
2.591010973356827396e+00
2.597534728195525666e+00
2.604101317823005690e+00
2.610710859594674638e+00
2.617363670780159079e+00
2.624059905005449167e+00
2.630799668092671961e+00
2.637583283443948989e+00
2.644410909114588204e+00
2.651282646996634629e+00
2.658198833822375651e+00
2.665159625520134412e+00
2.672165126236432098e+00
2.679215685611302078e+00
2.686311449868080903e+00
2.693452528570059457e+00
2.700639275770919667e+00
2.707871820609415447e+00
2.715150277522254907e+00
2.722474990180016707e+00
2.729846064756486168e+00
2.737263616669065147e+00
2.744727961584456200e+00
2.752239179408884073e+00
2.759797380526164634e+00
2.767402836381025466e+00
2.775055600487591700e+00
2.782755771770333286e+00
2.790503566491567167e+00
2.798299014809762397e+00
2.806142199060336129e+00
2.814033277141408718e+00
2.821972261432523776e+00
2.829959215110069426e+00
2.837994242931821898e+00
2.846077346545877074e+00
2.854208570494147335e+00
2.862387978706451452e+00
2.870615569345646989e+00
2.878891371670598165e+00
2.887215425339856978e+00
2.895587731269268605e+00
2.904008308671464977e+00
2.912477190087020329e+00
2.920994383494475599e+00
2.929559903837991808e+00
2.938173790654131867e+00
2.946836060859759243e+00
2.955546730027876823e+00
2.964305852849671297e+00
2.973113454553072188e+00
2.981969554157152036e+00
2.990874221982288805e+00
2.999827488737630166e+00
3.008829376860180371e+00
3.017879964729995645e+00
3.026979284054172936e+00
3.036127357585553188e+00
3.045324257087397957e+00
3.054570009795721575e+00
3.063864632910646701e+00
3.073208171784104881e+00
3.082600643406195218e+00
3.092042051555443205e+00
3.101532392970902219e+00
3.111071668942326340e+00
3.120659861060515183e+00
3.130296895930216650e+00
3.139982754551878585e+00
3.149717387964301452e+00
3.159500634931868834e+00
3.169332452900885500e+00
3.179212755745545849e+00
3.189141283375727109e+00
3.199117968111912180e+00
3.209142683057325751e+00
3.219215067266505415e+00
3.229335028317409595e+00
3.239502398954977824e+00
3.249716725866328204e+00
3.259977894342327875e+00
3.270285701828751002e+00
3.280639621981611409e+00
3.291039522255375882e+00
3.301485174614500639e+00
3.311976008905411550e+00
3.322511880876964696e+00
3.333092551091169309e+00
3.343717442319600774e+00
3.354386405844974828e+00
3.365099208025334576e+00
3.375855305117934080e+00
3.386654551486133702e+00
3.397496737868607841e+00
3.408381393701145345e+00
3.419308383329199064e+00
3.430277539667603293e+00
3.441288498980474841e+00
3.452341140872395187e+00
3.463435355070515698e+00
3.474570907304274758e+00
3.485747695238259336e+00
3.496965674640181376e+00
3.508224748321634223e+00
3.519524831760700412e+00
3.530865948804121857e+00
3.542248129596689665e+00
3.553671303967320672e+00
3.565135557690824353e+00
3.576641020956660366e+00
3.588187631561796653e+00
3.599775522878914114e+00
3.611404882521757287e+00
3.623075647698033919e+00
3.634787977979237805e+00
3.646542064883701695e+00
3.658337835398024041e+00
3.670175448958862052e+00
3.682055042702753411e+00
3.693976523980770921e+00
3.705940023740734279e+00
3.717945568690504299e+00
3.729993038630498248e+00
3.742082508957546239e+00
3.754213849020710203e+00
3.766386905720081391e+00
3.778601676377734808e+00
3.790857840905180520e+00
3.803155211197371433e+00
3.815493691226258477e+00
3.827872757978093787e+00
3.840292189670677203e+00
3.852751790673277998e+00
3.865250841352253719e+00
3.877789090686045270e+00
3.890366246791941318e+00
3.902981418040166961e+00
3.915634330951979436e+00
3.928324609660178268e+00
3.941051229615952334e+00
3.953813902943073000e+00
3.966612189146093481e+00
3.979444978687320056e+00
3.992311977448073090e+00
4.005212704079541552e+00
4.018146014405983735e+00
4.031111615213013089e+00
4.044109009400306043e+00
4.057137064648305369e+00
4.070195493927374564e+00
4.083283807767135620e+00
4.096400923120005366e+00
4.109546562054358532e+00
4.122720261819636356e+00
4.135921013477612540e+00
4.149148548637990430e+00
4.162402444300485449e+00
4.175681776455452798e+00
4.188986284492256296e+00
4.202315591343619872e+00
4.215668855331415443e+00
4.229045820203263695e+00
4.242446154358388455e+00
4.255869084744664299e+00
4.269314355089353974e+00
4.282781673182276982e+00
4.296270313235130978e+00
4.309780014347649235e+00
4.323310513637641073e+00
4.336861107492018697e+00
4.350431526186567588e+00
4.364021524008610875e+00
4.377630394469655961e+00
4.391257855703833535e+00
4.404903666760846548e+00
4.418567096344391487e+00
4.432247848264447398e+00
4.445945675223717863e+00
4.459659804373447223e+00
4.473389924199225653e+00
4.487135772321166449e+00
4.500896523729134735e+00
4.514671851638440536e+00
4.528461472763828155e+00
4.542264505370708250e+00
4.556080608265933307e+00
4.569909474379053371e+00
4.583750165835963841e+00
4.597602328402414784e+00
4.611465630908994306e+00
4.625339083678737140e+00
4.639222321009524030e+00
4.653114989246339483e+00
4.667016053424545952e+00
4.680925137901256861e+00
4.694841869330150352e+00
4.708765174681603938e+00
4.722694669675178147e+00
4.736629964533267234e+00
4.750569954920988103e+00
4.764514248904805349e+00
4.778462443418587391e+00
4.792413408352718562e+00
4.806366744767523791e+00
4.820322038939201192e+00
4.834278138935530045e+00
4.848234639159894499e+00
4.862191117155068021e+00
4.876146401549246612e+00
4.890100080215890266e+00
4.904051723162974774e+00
4.918000140657490249e+00
4.931944914036654914e+00
4.945885606355486352e+00
4.959821009694493021e+00
4.973750698798064640e+00
4.987674229913376500e+00
5.001590376632973900e+00
5.015498707066245565e+00
5.029398770558423770e+00
5.043289321806473602e+00
5.057169922297583220e+00
5.071040114315180425e+00
5.084898633410245949e+00
5.098745034532423226e+00
5.112578852801973994e+00
5.126398804672619214e+00
5.140204438710884283e+00
5.153995282898330643e+00
5.167770034972642534e+00
5.181528237327874820e+00
5.195269410972964685e+00
5.208992235599076537e+00
5.222696247676773318e+00
5.236380961529337519e+00
5.250045039674233749e+00
5.263688012929894633e+00
5.277309389302081044e+00
5.290907815119082258e+00
5.304482815830186659e+00
5.318033893530681233e+00
5.331559679381620676e+00
5.345059693753479557e+00
5.358533433243557020e+00
5.371979514860033333e+00
5.385397454193252109e+00
5.398786742741304323e+00
5.412145984351057315e+00
5.425474690143825107e+00
5.438772346898551824e+00
5.452037546276888413e+00
5.465269795259292351e+00
5.478468576272079282e+00
5.491632469771423608e+00
5.504760978945355987e+00
5.517853582230735299e+00
5.530908849881996936e+00
5.543926281664535161e+00
5.556905352395426156e+00
5.569844623170159714e+00
5.582743590721308102e+00
5.595601726629110040e+00
5.608417583918506644e+00
5.621190656696644972e+00
5.633920413705350683e+00
5.646605401032545934e+00
5.659245110581761828e+00
5.671839008669295801e+00
5.684385635619613630e+00
5.696884481566470093e+00
5.709335010824889700e+00
5.721735759163476764e+00
5.734086215390175489e+00
5.746385842251574338e+00
5.758633172196613970e+00
5.770827693160401672e+00
5.782968866760460180e+00
5.795055223386749610e+00
5.807086250562211838e+00
5.819061409220531722e+00
5.830979228973165895e+00
5.842839197397569961e+00
5.854640775194092761e+00
5.866382492489687017e+00
5.878063837385913537e+00
5.889684270804529831e+00
5.901242324685547658e+00
5.912737488123450902e+00
5.924169222717618588e+00
5.935536063509336380e+00
5.946837501049752284e+00
5.958072998069162907e+00
5.969241093974807733e+00
5.980341281229494932e+00
5.991373024139438286e+00
6.002334867706889732e+00
6.013226306750532046e+00
6.024046807584340968e+00
6.034794921993142047e+00
6.045470147585473519e+00
6.056071953099287697e+00
6.066598898251979399e+00
6.077050483869399500e+00
6.087426181515621870e+00
6.097724559968970226e+00
6.107945123700226908e+00
6.118087347494433281e+00
6.128149810325456137e+00
6.138132020745775463e+00
6.148033457160831716e+00
6.157852709918063105e+00
6.167589292107461318e+00
6.177242686175035580e+00
6.186811495104586278e+00
6.196295237007693579e+00
6.205693398829875917e+00
6.215004597577944878e+00
6.224228356904121462e+00
6.233364168768150471e+00
6.242410665739971165e+00
6.251367377569120976e+00
6.260233801813055443e+00
6.269008588311947960e+00
6.277691273504501623e+00
6.286281361204006934e+00
6.294777520387832226e+00
6.303179294803065602e+00
6.311486195248300568e+00
6.319696911835109177e+00
6.327810996252758002e+00
6.335827967072648725e+00
6.343746537616472558e+00
6.351566268147633032e+00
6.359286685833122732e+00
6.366906529291674666e+00
6.374425367972808232e+00
6.381842738466993126e+00
6.389157406710719300e+00
6.396368951914190859e+00
6.403476920889897173e+00
6.410480108769649910e+00
6.417378105046915415e+00
6.424170467491170378e+00
6.430856022096818059e+00
6.437434369102008169e+00
6.443905077874557463e+00
6.450267006680964421e+00
6.456519766901551272e+00
6.462662940028960357e+00
6.468695417732384101e+00
6.474616822872557798e+00
6.480426749468890968e+00
6.486124123454477086e+00
6.491708579460909512e+00
6.497179724315896188e+00
6.502536518847975344e+00
6.507778609719608198e+00
6.512905616745418236e+00
6.517916536117855486e+00
6.522811026780380494e+00
6.527588721639788538e+00
6.532248652643325215e+00
6.536790491277080228e+00
6.541213883610144109e+00
6.545517897751864211e+00
6.549702218023573330e+00
6.553766503733903903e+00
6.557709859669152763e+00
6.561531983324169204e+00
6.565232547372713334e+00
6.568810693977088278e+00
6.572266134197689347e+00
6.575598554282231056e+00
6.578807134704597992e+00
6.581891600536565079e+00
6.584851651916395987e+00
6.587686508822460318e+00
6.590395910829736970e+00
6.592979572401795885e+00
6.595436754458087414e+00
6.597767211599513182e+00
6.599970673162959933e+00
6.602046442642021340e+00
6.603994290196510519e+00
6.605813960677893171e+00
6.607504801907588821e+00
6.609066600123923330e+00
6.610499116394348285e+00
6.611801744646450096e+00
6.612974287679286967e+00
6.614016523495412692e+00
6.614927893826233252e+00
6.615708218454834366e+00
6.616357293008507945e+00
6.616874608536936542e+00
6.617260002154772280e+00
6.617513287727940785e+00
6.617634006867235463e+00
6.617622014280676090e+00
6.617477142570543869e+00
6.617198984816241136e+00
6.616787413492871472e+00
6.616242280291061206e+00
6.615563230298839414e+00
6.614750153849826120e+00
6.613802921913625177e+00
6.612721231763283747e+00
6.611504991612918047e+00
6.610154091741178739e+00
6.608668281457915405e+00
6.607047486829139338e+00
6.605291617328778564e+00
6.603400473901526624e+00
6.601374000408310572e+00
6.599212125292279296e+00
6.596914700571598900e+00
6.594481687840278994e+00
6.591913034214928580e+00
6.589208642174360087e+00
6.586368491000864189e+00
6.583392546168184367e+00
6.580280760060975176e+00
6.577033129639697329e+00
6.573649638448839205e+00
6.570130288380691574e+00
6.566475094110209909e+00
6.562684057042069696e+00
6.558757228411525197e+00
6.554694640694921581e+00
6.550496313058719267e+00
6.546162346196488180e+00
6.541692790519626044e+00
6.537087682992749116e+00
6.532347174173893656e+00
6.527471332578408614e+00
6.522460213146760388e+00
6.517314016972000523e+00
6.512032830860072785e+00
6.506616728035524488e+00
6.501065961001125437e+00
6.495380635035757244e+00
6.489560842060424939e+00
6.483606886978619421e+00
6.477518893696621483e+00
6.471296973308910516e+00
6.464941484121534465e+00
6.458452568772050206e+00
6.451830358021932277e+00
6.445075264480554900e+00
6.438187449551031172e+00
6.431167064120085541e+00
6.424014575793996151e+00
6.416730164692531879e+00
6.409314002200861005e+00
6.401766611318914890e+00
6.394088190744512623e+00
6.386278932606574976e+00
6.378339415334244755e+00
6.370269855976048667e+00
6.362070467490311465e+00
6.353741883376467392e+00
6.345284338725758921e+00
6.336698067234039833e+00
6.327983756717409314e+00
6.319141659935303856e+00
6.310172031048886687e+00
6.301075611074082872e+00
6.291852670015662063e+00
6.282503482059518696e+00
6.273028839999671646e+00
6.263429030635506933e+00
6.253704347593338930e+00
6.243855633796901117e+00
6.233883192381795446e+00
6.223787335721300273e+00
6.213568955083101919e+00
6.203228369491132099e+00
6.192765909303331817e+00
6.182182512299687183e+00
6.171478512969385655e+00
6.160654258866226307e+00
6.149710732489733545e+00
6.138648283405587769e+00
6.127467275588160511e+00
6.116168734573853349e+00
6.104753024654262283e+00
6.093220525497257789e+00
6.081572304155475450e+00
6.069808739332702707e+00
6.057930225737788277e+00
6.045937870610700315e+00
6.033832066784465376e+00
6.021613223447405794e+00
6.009282486896619702e+00
5.996840263832081241e+00
5.984286977457236922e+00
5.971623812179892354e+00
5.958851188313144753e+00
5.945969542704084176e+00
5.932980097075724046e+00
5.919883285095051129e+00
5.906679556961432986e+00
5.893370171021597770e+00
5.879955574018620013e+00
5.866436229272849801e+00
5.852813431112296350e+00
5.839087639047764178e+00
5.825259329325006341e+00
5.811329831602347618e+00
5.797299617810018013e+00
5.783169176932932309e+00
5.768939873245738426e+00
5.754612190703581653e+00
5.740186630827968095e+00
5.725664591686066451e+00
5.711046568814595936e+00
5.696333076029945097e+00
5.681525544223101853e+00
5.666624480021064336e+00
5.651630409236354957e+00
5.636544794448849593e+00
5.621368152840930499e+00
5.606101021853459265e+00
5.590744894447762015e+00
5.575300297789865134e+00
5.559767780507058887e+00
5.544148864469804927e+00
5.528444086228224030e+00
5.512654005081125241e+00
5.496780170191166270e+00
5.480823126874828866e+00
5.464783444521870592e+00
5.448662697854719461e+00
5.432461440330292213e+00
5.416180250794631057e+00
5.399820727717134616e+00
5.383383432069750008e+00
5.366868951480931571e+00
5.350278906310336424e+00
5.333613864427427131e+00
5.316874421545912277e+00
5.300062218049597540e+00
5.283177828100954265e+00
5.266221854793992740e+00
5.249195956690477338e+00
5.232100713657021451e+00
5.214936735468850948e+00
5.197705697061159036e+00
5.180408183431931768e+00
5.163044810354811887e+00
5.145617267388685967e+00
5.128126144104592221e+00
5.110572061614929495e+00
5.092956722411684289e+00
5.075280720092014697e+00
5.057544680473367471e+00
5.039750317346085140e+00
5.021898227793836433e+00
5.003989041730787513e+00
4.986024482657314572e+00
4.968005150607246456e+00
4.949931679004867746e+00
4.931805799505628585e+00
4.913628114556609638e+00
4.895399260521966944e+00
4.877120975676096926e+00
4.858793864339062019e+00
4.840418565254618777e+00
4.821996821785251797e+00
4.803529239578750776e+00
4.785016459201932193e+00
4.766460227568887653e+00
4.747861151104540767e+00
4.729219871640780504e+00
4.710538138094132243e+00
4.691816557111596175e+00
4.673055771227069499e+00
4.654257529794961989e+00
4.635422439126730687e+00
4.616551141888369791e+00
4.597645386293769398e+00
4.578705777761270745e+00
4.559732958512269896e+00
4.540728674033119638e+00
4.521693528294303377e+00
4.502628162491004282e+00
4.483534317793993473e+00
4.464412596176926762e+00
4.445263637225227882e+00
4.426089176214175858e+00
4.406889812579925625e+00
4.387666183716404156e+00
4.368420017440998393e+00
4.349151910122036391e+00
4.329862496386010839e+00
4.310553495056024254e+00
4.291225498914175596e+00
4.271879139253043967e+00
4.252516124398118436e+00
4.233137043039689296e+00
4.213742522582427874e+00
4.194334259388943664e+00
4.174912837565366353e+00
4.155478880089133575e+00
4.136034069935541346e+00
4.116578986147490404e+00
4.097114246751585753e+00
4.077641519953007609e+00
4.058161379265341040e+00
4.038674437256667638e+00
4.019182346019864127e+00
3.999685673085735971e+00
3.980185025071405036e+00
3.960682036653700333e+00
3.941177268939400680e+00
3.921671322116246028e+00
3.902165812177047499e+00
3.882661293375240685e+00
3.863158359003358910e+00
3.843658605135429340e+00
3.824162578754056074e+00
3.804670865802030733e+00
3.785185041231285297e+00
3.765705644348052772e+00
3.746233253301288091e+00
3.726769420748491157e+00
3.707314677926303759e+00
3.687869594756042702e+00
3.668435700460502158e+00
3.649013517826403596e+00
3.629603608124593261e+00
3.610207476037599950e+00
3.590825635535521698e+00
3.571458638828433507e+00
3.552107964991632727e+00
3.532774118826381482e+00
3.513457643086300042e+00
3.494159990215839340e+00
3.474881655510519973e+00
3.455623171888929424e+00
3.436385964189208497e+00
3.417170517880236957e+00
3.397977355686585543e+00
3.378807873916903848e+00
3.359662547909108898e+00
3.340541889856288194e+00
3.321447266669670828e+00
3.302379143268733497e+00
3.283338021000413054e+00
3.264325236566965049e+00
3.245341244198902686e+00
3.226386534105324611e+00
3.207462412023735165e+00
3.188569321241962129e+00
3.169707740561797049e+00
3.150878944053603803e+00
3.132083363825374889e+00
3.113321467022650335e+00
3.094594495396194134e+00
3.075902869653268201e+00
3.057247045052472245e+00
3.038628230418404019e+00
3.020046834852726736e+00
3.001503301512202793e+00
2.982998805730848080e+00
2.964533744815653904e+00
2.946108549620311212e+00
2.927724361463049707e+00
2.909381565683009097e+00
2.891080580641512743e+00
2.872822513153550528e+00
2.854607736433193654e+00
2.836436656171354542e+00
2.818310344230019471e+00
2.800229161557225677e+00
2.782193501006794190e+00
2.764204399077047736e+00
2.746262204325562450e+00
2.728367296614722104e+00
2.710520676710071797e+00
2.692722680671066460e+00
2.674973675228230263e+00
2.657274625089665498e+00
2.639625853725985127e+00
2.622027714611184113e+00
2.604481136118577123e+00
2.586986429056124415e+00
2.569543933534200075e+00
2.552154541363557794e+00
2.534818550632438328e+00
2.517536287999527111e+00
2.500308608536189414e+00
2.483135797570250602e+00
2.466018168240646347e+00
2.448956538753715328e+00
2.431951181652106886e+00
2.415002396507254900e+00
2.398110964585302707e+00
2.381277145634367098e+00
2.364501225630677883e+00
2.347783948873960913e+00
2.331125562323259182e+00
2.314526338351298396e+00
2.297986984311994885e+00
2.281507734395139764e+00
2.265088847379971515e+00
2.248730993739799455e+00
2.232434394928885624e+00
2.216199296160201726e+00
2.200026331133992041e+00
2.183915708616254836e+00
2.167867660296970644e+00
2.151882783251177766e+00
2.135961273617128509e+00
2.120103349620102495e+00
2.104309571896398445e+00
2.088580124030021690e+00
2.072915210853973011e+00
2.057315356789441552e+00
2.041780732952406474e+00
2.026311530869458810e+00
2.010908239006185649e+00
1.995571016109281004e+00
1.980300040497600556e+00
1.965095764975468784e+00
1.949958336031189399e+00
1.934887918886942559e+00
1.919884931013832841e+00
1.904949506764562317e+00
1.890081798387571510e+00
1.875282188381500958e+00
1.860550799097710817e+00
1.845887769945367962e+00
1.831293448842972404e+00
1.816767946285906987e+00
1.802311388989649599e+00
1.787924090715397485e+00
1.773606150258569825e+00
1.759357681797293793e+00
1.745178965387730985e+00
1.731070088291541298e+00
1.717031152316288223e+00
1.703062404293671506e+00
1.689163920127575658e+00
1.675335789431864120e+00
1.661578226321660523e+00
1.647891295528316924e+00
1.634275074658705584e+00
1.620729745645468789e+00
1.607255362241503116e+00
1.593851990242904249e+00
1.580519779959105753e+00
1.567258774366959484e+00
1.554069027657223989e+00
1.540950659099451281e+00
1.527903701104706746e+00
1.514928196472746569e+00
1.502024234039421868e+00
1.489191835867627489e+00
1.476431033588955666e+00
1.463741886233318690e+00
1.451124405739911971e+00
1.438578612803073753e+00
1.426104537294732522e+00
1.413702181261210278e+00
1.401371554698062960e+00
1.389112658985955262e+00
1.376925486514996910e+00
1.364810036827473816e+00
1.352766283496736222e+00
1.340794209498722411e+00
1.328893804174387627e+00
1.317065013989468403e+00
1.305307812752620533e+00
1.293622179861284138e+00
1.282008035387499412e+00
1.270465344223944859e+00
1.258994076087626146e+00
1.247594125383561847e+00
1.236265448343711437e+00
1.225008005272420819e+00
1.213821665645718584e+00
1.202706377293598639e+00
1.191662091379689370e+00
1.180688653199038374e+00
1.169786002441510986e+00
1.158954081405578540e+00
1.148192711962016999e+00
1.137501825925036014e+00
1.126881357006664919e+00
1.116331104417517039e+00
1.105850992362857665e+00
1.095440946249641057e+00
1.085100743398634826e+00
1.074830300674655126e+00
1.064629535463176069e+00
1.054498203970387404e+00
1.044436215990565131e+00
1.034443481173038748e+00
1.024519735388490504e+00
1.014664881631524240e+00
1.004878822101998193e+00
9.951612731167583936e-01
9.855121311421825014e-01
9.759312912162131370e-01
9.664184508850003352e-01
9.569735003583037525e-01
9.475963278001882095e-01
9.382866127695645986e-01
9.290442394909840251e-01
9.198690895427176217e-01
9.107608252791439263e-01
9.017193252104059864e-01
8.927444646167406184e-01
8.838358894288685930e-01
8.749934727123721556e-01
8.662170837364880915e-01
8.575063527863013846e-01
8.488611477513851034e-01
8.402813321758967335e-01
8.317665214734905055e-01
8.233165786246120499e-01
8.149313617328294290e-01
8.066104721097594465e-01
7.983537680916511503e-01
7.901611026241517344e-01
7.820320636805462300e-01
7.739665052155183522e-01
7.659642752973375712e-01
7.580249493180607478e-01
7.501483771108597987e-01
7.423344021446985908e-01
7.345825879800779168e-01
7.268927805858350633e-01
7.192648191069270780e-01
7.116982560137081748e-01
7.041929336647076987e-01
6.967486871531063386e-01
6.893650585914742335e-01
6.820418869786509797e-01
6.747790036249151635e-01
6.675759410076157474e-01
6.604325350128642524e-01
6.533486134332827655e-01
6.463236998230570407e-01
6.393576271986359805e-01
6.324502200963499909e-01
6.256009938480920907e-01
6.188097788395992005e-01
6.120763966081539387e-01
6.054003549523960803e-01
5.987814818619849877e-01
5.922195961280453114e-01
5.857141986925801236e-01
5.792651153792812702e-01
5.728721624814440139e-01
5.665348347480495539e-01
5.602529560622425686e-01
5.540263404630467736e-01
5.478544771565071470e-01
5.417371883057797710e-01
5.356742859342139562e-01
5.296652543409778868e-01
5.237099141847902928e-01
5.178080757067737849e-01
5.119592189208058697e-01
5.061631631915605167e-01
5.004197172060741439e-01
4.947283572996159506e-01
4.890889017479458922e-01
4.835011579066733067e-01
4.779645990238707287e-01
4.724790424861325389e-01
4.670442945346877095e-01
4.616598259062112408e-01
4.563254532924088669e-01
4.510409820314271734e-01
4.458058809084469165e-01
4.406199661089973407e-01
4.354830422735878614e-01
4.303945767796507060e-01
4.253543854896241760e-01
4.203622725458709408e-01
4.154177044454560597e-01
4.105204969051131081e-01
4.056704537625195894e-01
4.008670411452103788e-01
3.961100747958528623e-01
3.913993584348035015e-01
3.867343583142111019e-01
3.821148903685249731e-01
3.775407583819926916e-01
3.730114292087242656e-01
3.685267191349650417e-01
3.640864321838753193e-01
3.596900362719849809e-01
3.553373481914949283e-01
3.510281723732779913e-01
3.467619782397982076e-01
3.425385832375009709e-01
3.383577923675227250e-01
3.342190769848090715e-01
3.301222553324559827e-01
3.260671331381602145e-01
3.220531840989250827e-01
3.180802273910277589e-01
3.141480696187606281e-01
3.102561872138205890e-01
3.064044004163310464e-01
3.025925168509659979e-01
2.988200160598675770e-01
2.950867194718291286e-01
2.913924358694604533e-01
2.877366482642976786e-01
2.841191793928200537e-01
2.805398393269276092e-01
2.769981148898048584e-01
2.734938302388656983e-01
2.700267968604971869e-01
2.665965057152255846e-01
2.632027824889314194e-01
2.598454402015797915e-01
2.565239742603245277e-01
2.532382119813868515e-01
2.499879680313585595e-01
2.467727425570728494e-01
2.435923646013771204e-01
2.404466505845620494e-01
2.373351056701566708e-01
2.342575607183997322e-01
2.312138340044605223e-01
2.282034359697496517e-01
2.252261993772279036e-01
2.222819444523112253e-01
2.193701871598755515e-01
2.164907622455869707e-01
2.136434919747529637e-01
2.108278980659394064e-01
2.080438173222451670e-01
2.052910741328851651e-01
2.025691961852366940e-01
1.998780224093999747e-01
1.972173793969841105e-01
1.945868010044629337e-01
1.919861283534514129e-01
1.894151903110113111e-01
1.868735270884421817e-01
1.843609820584395653e-01
1.818773864312510924e-01
1.794222869444681845e-01
1.769955292765955923e-01
1.745969470435825011e-01
1.722260936668192077e-01
1.698828171806225085e-01
1.675669536640516100e-01
1.652780633661578569e-01
1.630159967224630579e-01
1.607805923275515692e-01
1.585714173886757228e-01
1.563883247834626788e-01
1.542311556695593888e-01
1.520994843299701416e-01
1.499931661209538691e-01
1.479120448059988158e-01
1.458557018487637302e-01
1.438239951164128616e-01
1.418167710164166817e-01
1.398336182856909082e-01
1.378743973304443482e-01
1.359389572357601328e-01
1.340268940924664309e-01
1.321380708699459450e-01
1.302723393601371016e-01
1.284293030768517141e-01
1.266088275728874113e-01
1.248107673720237898e-01
1.230347334689088079e-01
1.212805940162330343e-01
1.195482062904753562e-01
1.178371888141290097e-01
1.161474123526180929e-01
1.144787369519855297e-01
1.128307886991185144e-01
1.112034409815089581e-01
1.095965566277702502e-01
1.080097693156674699e-01
1.064429550607233765e-01
1.048959794834112697e-01
1.033684838692062874e-01
1.018603468643931725e-01
1.003714368870277512e-01
9.890140283790495312e-02
9.745012599372415707e-02
9.601747757243617176e-02
9.460311408899886587e-02
9.320691944725896516e-02
9.182876766413865244e-02
9.046832285931200035e-02
8.912547155776061325e-02
8.780009057140343576e-02
8.649185160739453204e-02
8.520064380327584119e-02
8.392634675914194264e-02
8.266863974511176605e-02
8.142741450034411688e-02
8.020255340365849139e-02
7.899374325685404319e-02
7.780087838758725782e-02
7.662384394154998779e-02
7.546233421464602908e-02
7.431624610792365859e-02
7.318546751991755750e-02
7.206970019719073639e-02
7.096884359725576241e-02
6.988278835549550927e-02
6.881124362013978091e-02
6.775411138654537091e-02
6.671128500916011228e-02
6.568248098352912068e-02
6.466760382261320383e-02
6.366654958047400503e-02
6.267904204028014459e-02
6.170498821073328033e-02
6.074428682442997718e-02
5.979666888695427812e-02
5.886204387916718628e-02
5.794031318943085318e-02
5.703121497463613937e-02
5.613466116230209080e-02
5.525055577190843975e-02
5.437864403405376357e-02
5.351884029517545160e-02
5.267105117901446643e-02
5.183502890499767229e-02
5.101069020806683202e-02
5.019794428667272851e-02
4.939655025594082843e-02
4.860642720567379810e-02
4.782748687614082200e-02
4.705949517565085477e-02
4.630237351133489193e-02
4.555603612825053633e-02
4.482025561472147840e-02
4.409495565304379777e-02
4.338005295097461383e-02
4.267532665168988215e-02
4.198070266508169279e-02
4.129610011348531368e-02
4.062130455649343164e-02
3.995624407789751670e-02
3.930084015955374183e-02
3.865488462480049653e-02
3.801830767097664349e-02
3.739103307683576405e-02
3.677285876232905953e-02
3.616371697122057471e-02
3.556353370888715865e-02
3.497211281142407341e-02
3.438938849571285955e-02
3.381528891663525965e-02
3.324962363585270281e-02
3.269232876551527583e-02
3.214333452808205288e-02
3.160245601619587202e-02
3.106963115796016958e-02
3.054479216019117052e-02
3.002775945747010802e-02
2.951847271789050098e-02
2.901686605314915748e-02
2.852276506935809419e-02
2.803611110869634951e-02
2.755684011827080546e-02
2.708478273996012264e-02
2.661988194263945062e-02
2.616207545616395722e-02
2.571119887448329588e-02
2.526719677397653088e-02
2.483000863770514974e-02
2.439947499663551456e-02
2.397554205360367952e-02
2.355815104309716065e-02
2.314714749974407584e-02
2.274247931878338111e-02
2.234408951411011660e-02
2.195182877948497271e-02
2.156564682158929394e-02
2.118548849047738672e-02
2.081120988312265899e-02
2.044276269141599017e-02
2.008009368375647530e-02
1.972306468565036830e-02
1.937162959834059020e-02
1.902573721227181214e-02
1.868525547547321072e-02
1.835014076167732627e-02
1.802034400668472980e-02
1.769573972913009857e-02
1.737628705863472969e-02
1.706193922204323268e-02
1.675257779739418654e-02
1.644816494832112772e-02
1.614865636979122623e-02
1.585394121813958959e-02
1.556398493299551190e-02
1.527874590041212316e-02
1.499812139446540273e-02
1.472208030279424477e-02
1.445058398737904433e-02
1.418353838589496603e-02
1.392091590235202715e-02
1.366268123163130038e-02
1.340874949952169243e-02
1.315909656123678655e-02
1.291369086883469540e-02
1.267245718796892497e-02
1.243537460420617545e-02
1.220241578933369854e-02
1.197351544540350282e-02
1.174865550117079778e-02
1.152781328994796801e-02
1.131093347743498782e-02
1.109800028618129937e-02
1.088899604352572791e-02
1.068387500049143568e-02
1.048262298261627180e-02
1.028522742510823949e-02
1.009165124216019650e-02
9.901881067892316299e-03
9.715909227135922921e-03
9.533705719904032178e-03
9.355257143735491027e-03
9.180560067614189357e-03
9.009589292389007242e-03
8.842330546611707962e-03
8.678783517326415023e-03
8.518924847860639971e-03
8.362738645811849947e-03
8.210226116941493971e-03
8.061362252169797932e-03
7.916128930534361077e-03
7.774526881661504574e-03
7.636525650465966590e-03
7.502104476153771684e-03
7.371261367102134761e-03
7.243956647773444439e-03
7.120166735515898876e-03
6.999884619393735574e-03
6.883058008500679385e-03
6.769660554638435267e-03
6.659678100811834180e-03
6.553043080800676629e-03
6.449726659264292707e-03
6.349705799297698967e-03
6.252896036477041848e-03
6.159266509253079856e-03
6.068784150440504482e-03
5.981347219835225250e-03
5.896923415460050139e-03
5.815469210563159984e-03
5.736866545452578257e-03
5.661082320024524682e-03
5.588062911551218599e-03
5.517676191562786471e-03
5.449888890218136141e-03
5.384638447786550645e-03
5.321782053008362184e-03
5.261286816584516586e-03
5.203083133241025691e-03
5.147021772350770900e-03
5.093070646462747805e-03
5.041155608568531794e-03
4.991125821307492404e-03
4.942950259029727997e-03
4.896553181408850285e-03
4.851787138324564243e-03
4.808622253489369495e-03
4.766984380638278861e-03
4.726734254520002960e-03
4.687843074191520680e-03
4.650241480394837028e-03
4.613802634180426236e-03
4.578498605302354536e-03
4.544267771248093439e-03
4.510999088211670519e-03
4.478665208724238143e-03
4.447214706063956115e-03
4.416554578957005220e-03
4.386657749800453032e-03
4.357484731774947072e-03
4.328961532883035535e-03
4.301061069810895032e-03
4.273756649944010153e-03
4.246992925356194229e-03
4.220742627391868042e-03
4.194991723264518933e-03
4.169701879378691876e-03
4.144845605057986652e-03
4.120420403045325919e-03
4.096402245397547624e-03
4.072763554036132154e-03
4.049511359960181016e-03
4.026632442114727248e-03
4.004099445505246956e-03
3.981926249095450211e-03
3.960106512051517202e-03
3.938613567474440365e-03
3.917465079368300310e-03
3.896657625857048463e-03
3.876165802008745432e-03
3.856007944440448861e-03
3.836179930283234885e-03
3.816658234842524883e-03
3.797459034578518858e-03
3.778574538857595085e-03
3.759983691677480210e-03
3.741698234293756170e-03
3.723704606569128248e-03
3.705984707440435500e-03
3.688544314304126326e-03
3.671362955094733399e-03
3.654425809931258554e-03
3.637731987825665401e-03
3.621253904293139560e-03
3.604980156168335458e-03
3.588903270513295416e-03
3.572989192734344916e-03
3.557229888420364913e-03
3.541612057303539490e-03
3.526096527916830741e-03
3.510678457869372774e-03
3.495339965805872862e-03
3.480038727508308338e-03
3.464772904323156367e-03
3.449521585306062829e-03
3.434241897883848205e-03
3.418935017861731308e-03
3.403578736675107620e-03
3.388133192729815817e-03
3.372603103818426571e-03
3.356966961783623953e-03
3.341193080486731110e-03
3.325291001105990050e-03
3.309242609094618925e-03
3.293031432843264352e-03
3.276673383284872069e-03
3.260157527176118369e-03
3.243489458068800780e-03
3.226691310916162455e-03
3.209763672825843243e-03
3.192735447771955296e-03
3.175629955717209057e-03
3.158462821379440927e-03
3.141270169002955120e-03
3.124061651049584928e-03
3.106858174920323987e-03
3.089648027312155969e-03
3.072412547803758578e-03
3.055110652182332649e-03
3.037652201403525862e-03
3.020079400090254062e-03
3.002283982104126444e-03
2.984894302415431327e-03
2.968324035291048778e-03
2.953750566566761600e-03
2.942610580319616597e-03
2.933764557286697855e-03
2.928641622505527651e-03
2.918821404974488668e-03
2.898208964612534588e-03
2.859490805923898052e-03
2.786645909017592890e-03
2.679507867484573133e-03
2.531221683712193363e-03
2.352570799997510953e-03
2.154238172353000087e-03
1.939677404806979715e-03
1.730452560378381230e-03
1.541383514186177479e-03
1.338545209114942606e-03
1.165101115935600297e-03
1.142580983856990263e-03
9.395841756597395024e-04
2.192508289098577077e-04
1.953983296803251963e-03
