1.895098902319102541e-05
3.051848253112568736e-06
6.561097997815049825e-06
7.823644966184554713e-06
6.755773998028780156e-06
7.804870992519416094e-06
8.648283211467306425e-06
9.222354258679095834e-06
1.013226798846721139e-05
1.109230851862063064e-05
1.207513985324307501e-05
1.317176722746304713e-05
1.434447164391308478e-05
1.559535772606231619e-05
1.693876782445584062e-05
1.837210905212057434e-05
1.990197798799656399e-05
2.153201944843121101e-05
2.326391919187022301e-05
2.510555148018194267e-05
2.705965335225322607e-05
2.912901825461928744e-05
3.132089432275238781e-05
3.363531872240974415e-05
3.607521678582165754e-05
3.864172864639758419e-05
4.133181977043647769e-05
4.414632650605239969e-05
4.707711018750867046e-05
5.011932511325613309e-05
5.327045897215477999e-05
5.651658574928997933e-05
5.985388201145064920e-05
6.327791255941320528e-05
6.677663491710744085e-05
7.034922524095532257e-05
7.399195860782810277e-05
7.769970028967500611e-05
8.147422417039764406e-05
8.531392465438425703e-05
8.922090845493686273e-05
9.319841477713199064e-05
9.724691667309165108e-05
1.013746118268585403e-04
1.055858972618238810e-04
1.098829658622027880e-04
1.142799077095148197e-04
1.187825116176718547e-04
1.233947166764858753e-04
1.281367335350032681e-04
1.330154330161334474e-04
1.380368343981476259e-04
1.432255053061980870e-04
1.485876660393447896e-04
1.541311556196663828e-04
1.598788919477504302e-04
1.658336101644163844e-04
1.720030184385834234e-04
1.783995990259552335e-04
1.850207752784836779e-04
1.918709226689732520e-04
1.989468234041376002e-04
2.062420137261547699e-04
2.137555244358111187e-04
2.214724750198775280e-04
2.293868100919699206e-04
2.374935309299249680e-04
2.457778796357647558e-04
2.542381667281091843e-04
2.628693299011688762e-04
2.716677765429464952e-04
2.806367643767452365e-04
2.897747687522374532e-04
2.990918756155724802e-04
3.085933818335898841e-04
3.182820351532365767e-04
3.281749338689529585e-04
3.382754984021675419e-04
3.485886274240757379e-04
3.591283004362498879e-04
3.698937277995574275e-04
3.808889371727202495e-04
3.921176253987106695e-04
4.035748683579590203e-04
4.152618579384647853e-04
4.271705013641046290e-04
4.392933694817890739e-04
4.516285767726343527e-04
4.641590731014930246e-04
4.768767960265359669e-04
4.897777351268847636e-04
5.028401946768594347e-04
5.160568172110711459e-04
5.294227283361197011e-04
5.429152929277513253e-04
5.565285992631891290e-04
5.702579076220431814e-04
5.840821551931261275e-04
5.979973113105788380e-04
6.119993991207760406e-04
6.260706233934779531e-04
6.402092290673746426e-04
6.544124125453810439e-04
6.686670687436670766e-04
6.829741510979331397e-04
6.973323920246415333e-04
7.117347838720612272e-04
7.261853908506481388e-04
7.406848642473091602e-04
7.552336196170221982e-04
7.698390890668020290e-04
7.845042130776984932e-04
7.992378518864347173e-04
8.140508341201851137e-04
8.289486690423899899e-04
8.439491726560787582e-04
8.590663477990208297e-04
8.743083892963116228e-04
8.897019773412916761e-04
9.052638524731430837e-04
9.210048119378502936e-04
9.369597518465197332e-04
9.531475812538738089e-04
9.695814236483718757e-04
9.863033515082363697e-04
1.003333848948525326e-03
1.020687944812742739e-03
1.038413702222564785e-03
1.056532678227665003e-03
1.075061322115466664e-03
1.094052630145594647e-03
1.113528923103498285e-03
1.133507620909831757e-03
1.154045972200381425e-03
1.175167012286942045e-03
1.196888816890770858e-03
1.219272753337289879e-03
1.242342798987054698e-03
1.266117586960967224e-03
1.290663069518587338e-03
1.316004630084567813e-03
1.342161623229166760e-03
1.369205571528929943e-03
1.397163873028864573e-03
1.426057030030060575e-03
1.455963438492825389e-03
1.486913137691807905e-03
1.518928418171047387e-03
1.552095889268665296e-03
1.586448741029454880e-03
1.622011819860369073e-03
1.658881026737258962e-03
1.697092980094211390e-03
1.736675867898314005e-03
1.777735449934084036e-03
1.820311749191153364e-03
1.864436989841399515e-03
1.910226703005380800e-03
1.957723981768387696e-03
2.006965602008915685e-03
2.058076117740723684e-03
2.111101099496472035e-03
2.166082159502563664e-03
2.223151594413419994e-03
2.282356702588337043e-03
2.343743976994849734e-03
2.407451875133123208e-03
2.473528642956675325e-03
2.542025486839792712e-03
2.613085415263852618e-03
2.686756933996686195e-03
2.763095637194961859e-03
2.842247696899040648e-03
2.924261376991529621e-03
3.009196236356246213e-03
3.097200616036440216e-03
3.188322269175410204e-03
3.282624250312864232e-03
3.380256524935131707e-03
3.481266294819618592e-03
3.585719625605488219e-03
3.693767956099423735e-03
3.805458077835596753e-03
3.920858574385463827e-03
4.040122463472329249e-03
4.163296382527890797e-03
4.290450921391623929e-03
4.421740883175148858e-03
4.557213064662800350e-03
4.696939520424755175e-03
4.841077047754656186e-03
4.989672955966278044e-03
5.142800200634951684e-03
5.300617819675280430e-03
5.463174076930668761e-03
5.630542291496959915e-03
5.802884256166973391e-03
5.980249852083909488e-03
6.162712358141316828e-03
6.350437559985124686e-03
6.543478055085086807e-03
6.741906989500910663e-03
6.945896773820904070e-03
7.155504537692726312e-03
7.370803759133954906e-03
7.591978322823392245e-03
7.819092729427771366e-03
8.052222110795157275e-03
8.291569750783631815e-03
8.537211654901359983e-03
8.789227107717324794e-03
9.047850519714416978e-03
9.313174992188628584e-03
9.585287927213264128e-03
9.864470778011278848e-03
1.015084075946716055e-02
1.044449901185839739e-02
1.074579396028239875e-02
1.105487507976799649e-02
1.137186453837994542e-02
1.169720074011697079e-02
1.203107407947932340e-02
1.237363646937542604e-02
1.272544055965711858e-02
1.308672589766314565e-02
1.345768373003445283e-02
1.383900378328207365e-02
1.423098136102708168e-02
1.463385661221901918e-02
1.504847433962438509e-02
1.547518923655313849e-02
1.591429870907524677e-02
1.636681208774228360e-02
1.683314283935642003e-02
1.731365138032150627e-02
1.780950899591065770e-02
1.832118208558622049e-02
1.884909582679039977e-02
1.939456631352580451e-02
1.995810139666845048e-02
2.054018759090135357e-02
2.114225316872275773e-02
2.176483067140093722e-02
2.240845868035474739e-02
2.307463084984845078e-02
2.376388363583045379e-02
2.447679264928301346e-02
2.521485983826817281e-02
2.597860294736807629e-02
2.676861482415171523e-02
2.758634470410122053e-02
2.843227004342943273e-02
2.930697837106828463e-02
3.021180963536866312e-02
3.114718378737884805e-02
3.211366058319026912e-02
3.311242789292807159e-02
3.414383857582133780e-02
3.520840570392062135e-02
3.630714507320186024e-02
3.744034319666236094e-02
3.860845466392256314e-02
3.981233313258986106e-02
4.105221145818948453e-02
4.232848419950583502e-02
4.364188650863479180e-02
4.499262230327503304e-02
4.638103692580739651e-02
4.780782355598086480e-02
4.927319223542345195e-02
5.077746283076255834e-02
5.232138999824074294e-02
5.390523184001159290e-02
5.552931807350208748e-02
5.719458417131891709e-02
5.890138015124344456e-02
6.065008916043839599e-02
6.244194767794630091e-02
6.427743753583974040e-02
6.615704205191051679e-02
6.808240253803148068e-02
7.005416256715364665e-02
7.207294924965540472e-02
7.414087922082374105e-02
7.625877244495700424e-02
7.842743368268377535e-02
8.064947788447013322e-02
8.292589695144279849e-02
8.525769131876921592e-02
8.764794061647059042e-02
9.009778330690997039e-02
9.260841306600790801e-02
9.518328132686802723e-02
9.782362727808667502e-02
1.005308123941375809e-01
1.033085123054327398e-01
1.061580034462806799e-01
1.090807664896608631e-01
1.120805105515286088e-01
1.151584734177709124e-01
1.183161855628436787e-01
1.215571743881711936e-01
1.248825585944312172e-01
1.282938332401223624e-01
1.317941301551439903e-01
1.353843748297311744e-01
1.390659337738117396e-01
1.428413641933183598e-01
1.467113444798493760e-01
1.506770229050080900e-01
1.547402783927493419e-01
1.589015246879863508e-01
1.631616207320487899e-01
1.675217831758755438e-01
1.719821954970084388e-01
1.765433931169199389e-01
1.812061055014770605e-01
1.859703823360766839e-01
1.908364570770707258e-01
1.958049262494042375e-01
2.008758625369027051e-01
2.060492889442138986e-01
2.113261848757175543e-01
2.167068431571382847e-01
2.221912401451612284e-01
2.277813439630887171e-01
2.334778640492094215e-01
2.392809492661702453e-01
2.451941212611844223e-01
2.512186434843030058e-01
2.573550713640811449e-01
2.636088273995240150e-01
2.699817437092447703e-01
2.764749698764162877e-01
2.830957754021357631e-01
2.898464034354065189e-01
2.967286682396578779e-01
3.037510981103909713e-01
3.109160036672452554e-01
3.182257576567934509e-01
3.256890043060360895e-01
3.333076308461478954e-01
3.410842606525362197e-01
3.490260926681822418e-01
3.571340458293881803e-01
3.654105135945862060e-01
3.738595640706579570e-01
3.824806799013922842e-01
3.912754595424503545e-01
4.002434265036725614e-01
4.093823696500767384e-01
4.186925751186318378e-01
4.281682711697571975e-01
4.378055981863431256e-01
4.476032018339943241e-01
4.575501845040422233e-01
4.676413996500317083e-01
4.778738177540859944e-01
4.882325210168338980e-01
4.987116738554918105e-01
5.093068562254703391e-01
5.200009121745878815e-01
5.307879963890821395e-01
5.416628315482170386e-01
5.526080086138602798e-01
5.636182523584075676e-01
5.746880589901315339e-01
5.858014192186575819e-01
5.969539647236239421e-01
6.081405123135169566e-01
6.193473649588807639e-01
6.305711012461344689e-01
6.418071770809254950e-01
6.530442492027516144e-01
6.642796396218932919e-01
6.755094805642998246e-01
6.867241417710761020e-01
6.979213749808081957e-01
7.090978022439107242e-01
7.202445992279148390e-01
7.313596757053427710e-01
7.424398704044218311e-01
7.534764455893167012e-01
7.644673442620296688e-01
7.754094116449864460e-01
7.862937592629622996e-01
7.971184035318947814e-01
8.078801406787983197e-01
8.185701998645659172e-01
8.291868128531340032e-01
8.397268223774574381e-01
8.501821297718877846e-01
8.605513252560723636e-01
8.708314597324710027e-01
8.810156261299590952e-01
8.911028354024678189e-01
9.010904643965550465e-01
9.109730317224395968e-01
9.207499247994417324e-01
9.304188492109259911e-01
9.399756320125768339e-01
9.494199206401793267e-01
9.587496420861462143e-01
9.679615887625878656e-01
9.770555489252464865e-01
9.860295275800708970e-01
9.948809476635575022e-01
1.003609684776550770e+00
1.012213744140474381e+00
1.020691076879565840e+00
1.029041695522878719e+00
1.037263670521679781e+00
1.045355725345910036e+00
1.053318152548782916e+00
1.061149309586234768e+00
1.068849235961323751e+00
1.076418685597522407e+00
1.083856620545733396e+00
1.091165042446103017e+00
1.098345304059406224e+00
1.105397269276626515e+00
1.112325375503949054e+00
1.119131592887778748e+00
1.125816839496440513e+00
1.132388053499758795e+00
1.138847691527372419e+00
1.145197659439664450e+00
1.151446970545911830e+00
1.157598322191252915e+00
1.163654344678956454e+00
1.169625333801541212e+00
1.175513953710683790e+00
1.181323217471862641e+00
1.187063818302940499e+00
1.192738179753627614e+00
1.198349438929946720e+00
1.203907993174596625e+00
1.209415936742870068e+00
1.214876470270257247e+00
1.220299339680517958e+00
1.225686325858242220e+00
1.231040825831964503e+00
1.236371863062245335e+00
1.241680963694448137e+00
1.246971912260699700e+00
1.252253034072022375e+00
1.257525639039434262e+00
1.262793952058508085e+00
1.268065535058682469e+00
1.273341477049841020e+00
1.278626214212841505e+00
1.283926326237297078e+00
1.289242655600784992e+00
1.294579341258797811e+00
1.299941679251680249e+00
1.305330255440563691e+00
1.310748286967277521e+00
1.316199522035919278e+00
1.321684306410793708e+00
1.327204442449278377e+00
1.332761963020179463e+00
1.338356988197814568e+00
1.343989750203921751e+00
1.349660454718689229e+00
1.355368964302270163e+00
1.361114181511226207e+00
1.366894346882634226e+00
1.372708972394067528e+00
1.378556146629234869e+00
1.384431965576027324e+00
1.390335479269789509e+00
1.396264510345916365e+00
1.402212902228691327e+00
1.408179201956836657e+00
1.414161295834453158e+00
1.420150937103543010e+00
1.426146282920570441e+00
1.432145257521703741e+00
1.438138115787306104e+00
1.444122912047172358e+00
1.450097281525362547e+00
1.456050992676616751e+00
1.461982382077784415e+00
1.467888405345351366e+00
1.473759554574689323e+00
1.479594780519839281e+00
1.485390217419083614e+00
1.491138130996972899e+00
1.496838209566856648e+00
1.502486083389251270e+00
1.508076351027212603e+00
1.513609283195606059e+00
1.519080737410964277e+00
1.524487575126644900e+00
1.529830286039542742e+00
1.535105783925653666e+00
1.540312618496687103e+00
1.545451110651030691e+00
1.550519743601511236e+00
1.555517989737291051e+00
1.560445778286847940e+00
1.565303119604785964e+00
1.570089774129272753e+00
1.574805291951823172e+00
1.579450717956941252e+00
1.584025753453670360e+00
1.588529725602624731e+00
1.592964134721569947e+00
1.597328508947729375e+00
1.601622083544320674e+00
1.605846471976466683e+00
1.610000995061778406e+00
1.614084810555443505e+00
1.618099554909827598e+00
1.622044305031961065e+00
1.625918114485126464e+00
1.629722523970414061e+00
1.633456390951217641e+00
1.637118770392478995e+00
1.640710687830023717e+00
1.644230986279147322e+00
1.647679047526369622e+00
1.651054732026460359e+00
1.654357259911058309e+00
1.657586750120442431e+00
1.660741474181964827e+00
1.663821419813813263e+00
1.666827629917085440e+00
1.669757108315760741e+00
1.672610721432752356e+00
1.675390136170345379e+00
1.678092292549218989e+00
1.680718611363967829e+00
1.683270600739612322e+00
1.685746779369045711e+00
1.688148472944144496e+00
1.690476085700548525e+00
1.692730978777543749e+00
1.694913738104837586e+00
1.697023032818270494e+00
1.699063220775742344e+00
1.701033856913187092e+00
1.702931939426459040e+00
1.704763615278136024e+00
1.706527634970269824e+00
1.708220192675269145e+00
1.709846997435264582e+00
1.711406646419488142e+00
1.712895993098587644e+00
1.714317863013828491e+00
1.715671496766907111e+00
1.716956002686513605e+00
1.718169662861699587e+00
1.719312979362842109e+00
1.720388416361547490e+00
1.721389733408405176e+00
1.722318892877324759e+00
1.723181691322136500e+00
1.723969461566220884e+00
1.724685340388954158e+00
1.725336959685253246e+00
1.725916897999635102e+00
1.726428848735666044e+00
1.726879579525245179e+00
1.727266693644652129e+00
1.727593820687075121e+00
1.727863975295464760e+00
1.728081786656288754e+00
1.728250527256313340e+00
1.728367769174798729e+00
1.728444196628975860e+00
1.728482865660571077e+00
1.728476366076989956e+00
1.728437908579135041e+00
1.728370549076884144e+00
1.728264360446926995e+00
1.728130332694725491e+00
1.727971514853106072e+00
1.727779594363998639e+00
1.727559260248312745e+00
1.727312927449880631e+00
1.727038047425512479e+00
1.726732205473581638e+00
1.726397726648663644e+00
1.726038713823558446e+00
1.725648392966876443e+00
1.725229462193247132e+00
1.724790485833991083e+00
1.724324197092906408e+00
1.723833662903389019e+00
1.723328298189728214e+00
1.722803593384331533e+00
1.722262911873455593e+00
1.721713085799709608e+00
1.721153847298240835e+00
1.720588802706043197e+00
1.720020311080919129e+00
1.719451773082394608e+00
1.718886936442080904e+00
1.718323905364061766e+00
1.717767781262309112e+00
1.717222220195578020e+00
1.716682913202597582e+00
1.716154476972190812e+00
1.715640120661021228e+00
1.715135433976432644e+00
1.714643158437056947e+00
1.714165676674065830e+00
1.713700154046923663e+00
1.713247231295806694e+00
1.712808184369632558e+00
1.712382294712703645e+00
1.711968743086577760e+00
1.711567609895844555e+00
1.711179882939338315e+00
1.710804168970284644e+00
1.710439492322218813e+00
1.710087739781281924e+00
1.709747561323847087e+00
1.709417277884224262e+00
1.709098960451157501e+00
1.708791495254467607e+00
1.708493002164593655e+00
1.708205292896024297e+00
1.707927433485409097e+00
1.707657880711648479e+00
1.707397916986013620e+00
1.707146758688709021e+00
1.706903617677649976e+00
1.706668998683152472e+00
1.706442400509791790e+00
1.706223932116032183e+00
1.706013094355651516e+00
1.705809864914990648e+00
1.705615026924636624e+00
1.705427051118225457e+00
1.705246433369056902e+00
1.705074083821003006e+00
1.704907805508230512e+00
1.704748349375003302e+00
1.704596062181107152e+00
1.704448819012711169e+00
1.704307122903433447e+00
1.704170182794865651e+00
1.704036778006522423e+00
1.703906660671181461e+00
1.703777668143328095e+00
1.703649986311911446e+00
1.703522374422372643e+00
1.703391489264179937e+00
1.703258793193662690e+00
1.703122191694025789e+00
1.702977680082956580e+00
1.702827254392117240e+00
1.702668403135788600e+00
1.702497080219079528e+00
1.702314815992941321e+00
1.702119191451252567e+00
1.701906598565674722e+00
1.701677353486519273e+00
1.701429479293985025e+00
1.701160008681724234e+00
1.700867928870976487e+00
1.700551778032965089e+00
1.700209183997610785e+00
1.699838373449907847e+00
1.699438243578399010e+00
1.699006884046908139e+00
1.698542702727408704e+00
1.698044738474412396e+00
1.697511505199987170e+00
1.696942409867868484e+00
1.696336535291957714e+00
1.695692956860237466e+00
1.695012360996999368e+00
1.694293979608953782e+00
1.693537664894728012e+00
1.692745010566672370e+00
1.691915637803258043e+00
1.691050234987038658e+00
1.690150503138890592e+00
1.689216646447227577e+00
1.688249869229114353e+00
1.687251172007570910e+00
1.686221306868904923e+00
1.685161266959607884e+00
1.684070919803721367e+00
1.682951245682444474e+00
1.681802168195601466e+00
1.680622529215919370e+00
1.679413068740798876e+00
1.678172158277414505e+00
1.676898165178753564e+00
1.675591251420845973e+00
1.674248618040569125e+00
1.672868888882439009e+00
1.671451716889452710e+00
1.669994542667558202e+00
1.668496875519973388e+00
1.666958439142940618e+00
1.665379021107003865e+00
1.663759361116406987e+00
1.662100188248297528e+00
1.660405708682032300e+00
1.658677910137066114e+00
1.656919453498584049e+00
1.655140191522718851e+00
1.653343112483815602e+00
1.651533327580115396e+00
1.649726212151400695e+00
1.647925345655532725e+00
1.646138154030600598e+00
1.644384050423520982e+00
1.642666723805841889e+00
1.640995133071539103e+00
1.639390296076411291e+00
1.637855512058519869e+00
1.636400067807586511e+00
1.635043767175626384e+00
1.633789034744099089e+00
1.632644157327593826e+00
1.631624974386832960e+00
1.630732603628441524e+00
1.629973121400073666e+00
1.629355988273583078e+00
1.628880703856045109e+00
1.628550167200311094e+00
1.628365577638262840e+00
1.628324722664938440e+00
1.628426657484568274e+00
1.628663257708041767e+00
1.629030812603449396e+00
1.629524236775744539e+00
1.630126248590348048e+00
1.630832193756976523e+00
1.631633040287051140e+00
1.632504100181439988e+00
1.633440602453792634e+00
1.634430377723137484e+00
1.635444684755160472e+00
1.636479558159231296e+00
1.637521136762552842e+00
1.638541066671456825e+00
1.639536963894726140e+00
1.640495185804152989e+00
1.641392301092273520e+00
1.642227909874466540e+00
1.642990595911047569e+00
1.643665326012311745e+00
1.644253587684773477e+00
1.644747834717064094e+00
1.645142963113845669e+00
1.645441777586884813e+00
1.645641484621007899e+00
1.645746212832361444e+00
1.645759214307822793e+00
1.645682378522983491e+00
1.645526537987994864e+00
1.645294485123822703e+00
1.644991842573263918e+00
1.644632666362713103e+00
1.644218606510468916e+00
1.643757483809320741e+00
1.643263161437482855e+00
1.642735864665334722e+00
1.642183899588602891e+00
1.641618397441469090e+00
1.641038318233640103e+00
1.640450956171696895e+00
1.639863462969979757e+00
1.639274041396578285e+00
1.638687975515733308e+00
1.638108478269323376e+00
1.637533667025426576e+00
1.636966444019772871e+00
1.636407103899468085e+00
1.635854304733547870e+00
1.635308795162643714e+00
1.634769496149819368e+00
1.634236017114442774e+00
1.633707632161310874e+00
1.633183490966797047e+00
1.632664262310344894e+00
1.632148650839601034e+00
1.631637305617423594e+00
1.631131766951721351e+00
1.630631053157518551e+00
1.630137986654217608e+00
1.629654579338363440e+00
1.629180806383616842e+00
1.628721627087895918e+00
1.628279038836481396e+00
1.627854236011601508e+00
1.627453618069141461e+00
1.627078724667238907e+00
1.626731817678595204e+00
1.626419583283208681e+00
1.626142802583889990e+00
1.625904317134326149e+00
1.625709799475992368e+00
1.625559163897506432e+00
1.625455169128399602e+00
1.625401360059301803e+00
1.625396864608035008e+00
1.625443714267310602e+00
1.625542659723022032e+00
1.625692263267488391e+00
1.625893368243091608e+00
1.626143829081072356e+00
1.626441930975707217e+00
1.626787145208824503e+00
1.627174847948877678e+00
1.627603332180910911e+00
1.628070796532979037e+00
1.628570913809751497e+00
1.629102217356580118e+00
1.629661950990346275e+00
1.630243013161368326e+00
1.630844341735209868e+00
1.631462661915143997e+00
1.632091012436233335e+00
1.632728841994901758e+00
1.633372814189034017e+00
1.634016908328237427e+00
1.634661151320514483e+00
1.635302551786818048e+00
1.635936670012844374e+00
1.636564146629006844e+00
1.637182650967793585e+00
1.637789772921110609e+00
1.638386755929969629e+00
1.638972135314817002e+00
1.639545738196012570e+00
1.640109325122959261e+00
1.640662382415088549e+00
1.641206880363184295e+00
1.641744916013692324e+00
1.642276887674816166e+00
1.642806483397994510e+00
1.643335872846752865e+00
1.643866211819663858e+00
1.644402201270901420e+00
1.644945789276000658e+00
1.645498649099248700e+00
1.646065663955530667e+00
1.646648316854892213e+00
1.647248526369772925e+00
1.647870623091976627e+00
1.648515509250496391e+00
1.649185109997238996e+00
1.649882773365620947e+00
1.650608869971925685e+00
1.651365181940237292e+00
1.652154056895572154e+00
1.652975524056354173e+00
1.653831185277326199e+00
1.654722734133825091e+00
1.655650110630430882e+00
1.656614791324688696e+00
1.657618337066553593e+00
1.658660809618200283e+00
1.659743651533201581e+00
1.660868733719172319e+00
1.662036324710666202e+00
1.663247892876451361e+00
1.664505771529107392e+00
1.665810363245483261e+00
1.667163140166169955e+00
1.668566676161810092e+00
1.670021309902565365e+00
1.671528401786906981e+00
1.673090244306574936e+00
1.674706870257588243e+00
1.676379350611086672e+00
1.678109069766430039e+00
1.679895564336838731e+00
1.681739436173342872e+00
1.683640664044401936e+00
1.685598222898257559e+00
1.687612127847920140e+00
1.689680766003086809e+00
1.691802636149715822e+00
1.693977154610820657e+00
1.696201312129383298e+00
1.698473343105243893e+00
1.700792167287569212e+00
1.703153901368670509e+00
1.705556793119267445e+00
1.707999456534341931e+00
1.710477839991642490e+00
1.712990477917596399e+00
1.715535910709963474e+00
1.718110634896118372e+00
1.720713683788530846e+00
1.723343747064892240e+00
1.725998453155984436e+00
1.728677456537817569e+00
1.731379771665954914e+00
1.734104530678675316e+00
1.736852040877594483e+00
1.739621751978774888e+00
1.742414447983213099e+00
1.745231047794590040e+00
1.748071483279990401e+00
1.750938148347908507e+00
1.753832481778716534e+00
1.756754893175429322e+00
1.759709200420687125e+00
1.762697236216379748e+00
1.765719845247230024e+00
1.768781972189144902e+00
1.771885690233677257e+00
1.775032205102737848e+00
1.778227191249918571e+00
1.781472783047591824e+00
1.784770441535192598e+00
1.788126075935551507e+00
1.791541681829375010e+00
1.795018835826012626e+00
1.798563104269902402e+00
1.802176139832353030e+00
1.805859464494064426e+00
1.809617690527620004e+00
1.813451948843054495e+00
1.817363521947764182e+00
1.821355510112686593e+00
1.825428404588306686e+00
1.829583077462435092e+00
1.833820718675594152e+00
1.838141152161435699e+00
1.842544717066741944e+00
1.847030545105041277e+00
1.851597865355382622e+00
1.856246438583258440e+00
1.860973479401303310e+00
1.865777778456789271e+00
1.870658560805482651e+00
1.875611520312696401e+00
1.880635211328940626e+00
1.885728441632222641e+00
1.890885938273752842e+00
1.896106220433419809e+00
1.901387840870390811e+00
1.906725145592325532e+00
1.912116780730017673e+00
1.917561210915682546e+00
1.923052912021040450e+00
1.928590763337809877e+00
1.934173281646650366e+00
1.939795456529123330e+00
1.945456456208958462e+00
1.951154950436663427e+00
1.956886707316024543e+00
1.962651207036039347e+00
1.968447339502641169e+00
1.974271838969349213e+00
1.980124502310003365e+00
1.986004487631715776e+00
1.991909638672989757e+00
1.997840055043932139e+00
2.003795200869792126e+00
2.009774119089479338e+00
2.015777164067914295e+00
2.021804127102137638e+00
2.027855232407064001e+00
2.033930988469137446e+00
2.040031497762596402e+00
2.046157973538150987e+00
2.052310920372300007e+00
2.058490676780617257e+00
2.064699048648664714e+00
2.070936342457118329e+00
2.077202992045779517e+00
2.083500840488912154e+00
2.089829811996827047e+00
2.096190250064864813e+00
2.102583443091151416e+00
2.109008814589187430e+00
2.115466433118772471e+00
2.121956565725738653e+00
2.128478125086490369e+00
2.135030777208209329e+00
2.141613564099881017e+00
2.148224996075130289e+00
2.154864309233923247e+00
2.161529437002786214e+00
2.168218686749301849e+00
2.174930949686302739e+00
2.181663440197726178e+00
2.188414497615378096e+00
2.195182840917780265e+00
2.201965497029197305e+00
2.208761045610285745e+00
2.215568241817163386e+00
2.222384436772186778e+00
2.229208585892811900e+00
2.236039665873143178e+00
2.242875711413230722e+00
2.249716099175292250e+00
2.256560145191230049e+00
2.263406713807089687e+00
2.270255571414824036e+00
2.277106406695088570e+00
2.283958864757720253e+00
2.290813025190419072e+00
2.297668909700849138e+00
2.304526774492218433e+00
2.311386925912857659e+00
2.318249636278294279e+00
2.325115572354913507e+00
2.331985195671908428e+00
2.338858937841833630e+00
2.345737713427648252e+00
2.352622090696187218e+00
2.359512585190474354e+00
2.366410261770325096e+00
2.373315764019702456e+00
2.380229641547022101e+00
2.387153065162650023e+00
2.394086726339685001e+00
2.401031180005644305e+00
2.407987677173792918e+00
2.414956922312958110e+00
2.421939456227906629e+00
2.428936568109043570e+00
2.435948928921909395e+00
2.442977043740437004e+00
2.450022163356867289e+00
2.457084871594683584e+00
2.464165608492523862e+00
2.471265479832103207e+00
2.478384931923430123e+00
2.485524304890284863e+00
2.492684445648143843e+00
2.499865627562072756e+00
2.507068058240891073e+00
2.514292234707276474e+00
2.521538245376844234e+00
2.528806144659728972e+00
2.536096036924263775e+00
2.543407839728735631e+00
2.550741452915650687e+00
2.558096606190092270e+00
2.565473083017403955e+00
2.572870649184491487e+00
2.580288735404343115e+00
2.587727042623577667e+00
2.595185242147790117e+00
2.602662583109841332e+00
2.610158740644737296e+00
2.617673343255100704e+00
2.625205594785820384e+00
2.632755197471820630e+00
2.640321791959309383e+00
2.647904668827472552e+00
2.655503600114136553e+00
2.663118288474640938e+00
2.670748220750181812e+00
2.678393268056706855e+00
2.686053233730966827e+00
2.693727877296226314e+00
2.701417184471822441e+00
2.709121083668568630e+00
2.716839647501647637e+00
2.724572979740612411e+00
2.732321143777510120e+00
2.740084532752295132e+00
2.747863362447239055e+00
2.755657828544338273e+00
2.763468625537868206e+00
2.771296068335438179e+00
2.779140472567348308e+00
2.787002795587409043e+00
2.794883433864029154e+00
2.802782804073859158e+00
2.810702075154370316e+00
2.818641704497111267e+00
2.826602187007381417e+00
2.834584844303709605e+00
2.842590172196940213e+00
2.850618719084279551e+00
2.858671896653378397e+00
2.866750215849716454e+00
2.874854253354178102e+00
2.882985447845118454e+00
2.891144302520613607e+00
2.899331397805877231e+00
2.907548138948934824e+00
2.915795000269414405e+00
2.924072543125954216e+00
2.932382084832406921e+00
2.940724052862381921e+00
2.949098969507477630e+00
2.957508018814994699e+00
2.965951567868680083e+00
2.974430083757740206e+00
2.982944583901867563e+00
2.991495366740357653e+00
3.000082832753806716e+00
3.008707813139956500e+00
3.017370535017974920e+00
3.026071326061108291e+00
3.034810825783708310e+00
3.043589192540862687e+00
3.052406680158588514e+00
3.061263743942328031e+00
3.070160480360631272e+00
3.079097072908175026e+00
3.088073810543259246e+00
3.097090737756184708e+00
3.106147974726286787e+00
3.115245668912220989e+00
3.124383824331735227e+00
3.133562507060702274e+00
3.142781751282257563e+00
3.152041532301687266e+00
3.161341872194904479e+00
3.170682720275383115e+00
3.180064034074788992e+00
3.189485801587087277e+00
3.198947913512771191e+00
3.208450319011940000e+00
3.217992981028938271e+00
3.227575754482101100e+00
3.237198587674100736e+00
3.246861426365620584e+00
3.256564108793557732e+00
3.266306587976311349e+00
3.276088799264591955e+00
3.285910579956591082e+00
3.295771891556295685e+00
3.305672664970531027e+00
3.315612749583940033e+00
3.325592117567810480e+00
3.335610700858581357e+00
3.345668371743154790e+00
3.355765113854257908e+00
3.365900865318323554e+00
3.376075530016573012e+00
3.386289102583937005e+00
3.396541532117012707e+00
3.406832760209282274e+00
3.417162790845782894e+00
3.427531588149859587e+00
3.437939134065040481e+00
3.448385439099522554e+00
3.458870485172053311e+00
3.469394292616467812e+00
3.479956874492114327e+00
3.490558231334178085e+00
3.501198414321357699e+00
3.511877434047367075e+00
3.522595307947392396e+00
3.533352104405069749e+00
3.544147825703461319e+00
3.554982501569615483e+00
3.565856198103103392e+00
3.576768902955041352e+00
3.587720650655108923e+00
3.598711480812958552e+00
3.609741360124216314e+00
3.620810317989612503e+00
3.631918340582185767e+00
3.643065367867880600e+00
3.654251412593781723e+00
3.665476380413293711e+00
3.676740179899892436e+00
3.688042795192140844e+00
3.699384027089245297e+00
3.710763749715903614e+00
3.722181907535346834e+00
3.733638177654909018e+00
3.745132398656016548e+00
3.756664466429945559e+00
3.768233923255451145e+00
3.779840573198388842e+00
3.791484257908030120e+00
3.803164382731364146e+00
3.814880720306256467e+00
3.826633056272425559e+00
3.838420666245838220e+00
3.850243296302599649e+00
3.862100678409124299e+00
3.873991974137110272e+00
3.885916909180191947e+00
3.897875167978243294e+00
3.909865820461364105e+00
3.921888578842036566e+00
3.933943089257306625e+00
3.946028356660539416e+00
3.958144086763177416e+00
3.970289898642753723e+00
3.982464760415501015e+00
3.994668377732599751e+00
4.006900354649104656e+00
4.019159649309933080e+00
4.031445972683227019e+00
4.043758925406616633e+00
4.056097478872048967e+00
4.068461353301453087e+00
4.080850156016321506e+00
4.093262889482203626e+00
4.105699285471838600e+00
4.118158965789189274e+00
4.130640975436517870e+00
4.143145058379401391e+00
4.155670855943015773e+00
4.168217460592219759e+00
4.180784627624943184e+00
4.193372020066297168e+00
4.205978776774723649e+00
4.218604662302625208e+00
4.231249360916741864e+00
4.243912051900209370e+00
4.256592506135455700e+00
4.269290426509649627e+00
4.282005023299006119e+00
4.294736070349532753e+00
4.307483285015810459e+00
4.320245897229687770e+00
4.333023680381139719e+00
4.345816361294842167e+00
4.358623177790160064e+00
4.371443899659523069e+00
4.384278258009174145e+00
4.397125487582077774e+00
4.409985351954989419e+00
4.422857581682732686e+00
4.435741399166768240e+00
4.448636559817808589e+00
4.461542789557404021e+00
4.474459291393294791e+00
4.487385811330997676e+00
4.500322067554784589e+00
4.513267238987443086e+00
4.526221061656102940e+00
4.539183243946491864e+00
4.552152938205176191e+00
4.565129870460721939e+00
4.578113738210773498e+00
4.591103666547852846e+00
4.604099371879823543e+00
4.617100540529240682e+00
4.630106270952395242e+00
4.643116270542028801e+00
4.656130214735509476e+00
4.669147176708420055e+00
4.682166855509779957e+00
4.695188916316443084e+00
4.708212408596072152e+00
4.721237023656471798e+00
4.734262417148351609e+00
4.747287616196167015e+00
4.760312304805100148e+00
4.773336129759890412e+00
4.786358096704371512e+00
4.799377882565884157e+00
4.812395125721451450e+00
4.825408810546229610e+00
4.838418606895749541e+00
4.851424144929504578e+00
4.864424387308733166e+00
4.877418996638961168e+00
4.890407594777675726e+00
4.903389121686935859e+00
4.916363232424842522e+00
4.929329540232595619e+00
4.942286961060115225e+00
4.955235142085720135e+00
4.968173687474499722e+00
4.981101487796116167e+00
4.994018182072996304e+00
5.006923364897930107e+00
5.019815900331910719e+00
5.032695419107973578e+00
5.045561505832406368e+00
5.058412997448601622e+00
5.071249516480059505e+00
5.084070637326822073e+00
5.096875169955723983e+00
5.109662729020883809e+00
5.122432878783212296e+00
5.135184403277668785e+00
5.147916909906860461e+00
5.160629953207931386e+00
5.173322293289840168e+00
5.185993531185213001e+00
5.198643212493528232e+00
5.211270076317892297e+00
5.223873718422006540e+00
5.236453676604954310e+00
5.249008672650028906e+00
5.261538298303110928e+00
5.274042084991100943e+00
5.286518741394132803e+00
5.298967856554209099e+00
5.311388957150378509e+00
5.323780743208929245e+00
5.336142802349360892e+00
5.348474658204078303e+00
5.360775006498463391e+00
5.373043434584954703e+00
5.385279464696613339e+00
5.397481792189488203e+00
5.409650005097119241e+00
5.421783625718663124e+00
5.433881352264620546e+00
5.445942774129719055e+00
5.457967414851651711e+00
5.469953977793573507e+00
5.481902054089281329e+00
5.493811169311986653e+00
5.505680033223345760e+00
5.517508238767345752e+00
5.529295313929402766e+00
5.541039975039161014e+00
5.552741816640334171e+00
5.564400369083764453e+00
5.576014354439806198e+00
5.587583368411409346e+00
5.599106943283080007e+00
5.610583805214543140e+00
5.622013550469680432e+00
5.633395712525168797e+00
5.644729019400855918e+00
5.656013067250630577e+00
5.667247389795531554e+00
5.678430714401332402e+00
5.689562636457879741e+00
5.700642688896895294e+00
5.711669595940446875e+00
5.722642951662304078e+00
5.733562287210109965e+00
5.744426321492973386e+00
5.755234646891511652e+00
5.765986791930143518e+00
5.776681468611248427e+00
5.787318267474613975e+00
5.797896713835789306e+00
5.808415511965062450e+00
5.818874250675162507e+00
5.829272451811363887e+00
5.839608811972690994e+00
5.849882918627858253e+00
5.860094290253517357e+00
5.870241616762125858e+00
5.880324484915344208e+00
5.890342410291794728e+00
5.900294077986991681e+00
5.910179074910935526e+00
5.919996914559059853e+00
5.929746279859852365e+00
5.939426758894385650e+00
5.949037864183959634e+00
5.958578279765570862e+00
5.968047596020642942e+00
5.977445325831549638e+00
5.986770158058629221e+00
5.996021686555020658e+00
6.005199426047478362e+00
6.014302074174740831e+00
6.023329229412751396e+00
6.032280409883706618e+00
6.041154326005433894e+00
6.049950581951970996e+00
6.058668700784338945e+00
6.067307409569099974e+00
6.075866319133134574e+00
6.084344958946206638e+00
6.092742076313748534e+00
6.101057289517926030e+00
6.109290135780836017e+00
6.117439385842860844e+00
6.125504666073575244e+00
6.133485522626440201e+00
6.141380752400050547e+00
6.149189990309000819e+00
6.156912792428454573e+00
6.164547984022230587e+00
6.172095208841128056e+00
6.179554033672622460e+00
6.186923313825526627e+00
6.194202702030139562e+00
6.201391776377281673e+00
6.208489423390751938e+00
6.215495304802158394e+00
6.222409010406502183e+00
6.229229458644177875e+00
6.235956320179938395e+00
6.242589196740436996e+00
6.249127038975962556e+00
6.255569526360545751e+00
6.261916272628628377e+00
6.268166260599950412e+00
6.274319178411889020e+00
6.280374651757957061e+00
6.286331695336382808e+00
6.292190005811342246e+00
6.297949220690848726e+00
6.303608386097752536e+00
6.309167207122549748e+00
6.314625332878059716e+00
6.319981840381906579e+00
6.325236443107431938e+00
6.330388801528342491e+00
6.335438023033316490e+00
6.340383829505935154e+00
6.345225892533044920e+00
6.349963349429903481e+00
6.354595930595642983e+00
6.359123318506971323e+00
6.363544680101935747e+00
6.367859754478748080e+00
6.372068234830405409e+00
6.376169317602436770e+00
6.380162750848288766e+00
6.384048238374837148e+00
6.387825006241076409e+00
6.391492811774413418e+00
6.395051369381072881e+00
6.398499935078915790e+00
6.401838275837409498e+00
6.405066116746961136e+00
6.408182744372865614e+00
6.411187935729576459e+00
6.414081426781652162e+00
6.416862535464392003e+00
6.419531049259993516e+00
6.422086715302281590e+00
6.424528883932224765e+00
6.426857353528260042e+00
6.429071882787869896e+00
6.431171855674918447e+00
6.433157081885922501e+00
6.435027332163858027e+00
6.436782025453530842e+00
6.438420983174200529e+00
6.439943988666335883e+00
6.441350497305474043e+00
6.442640342612612869e+00
6.443813321125335669e+00
6.444868926135463028e+00
6.445807003612388009e+00
6.446627363911294317e+00
6.447329539699881984e+00
6.447913389705457909e+00
6.448378738711859626e+00
6.448725160131640877e+00
6.448952525718696371e+00
6.449060675255342545e+00
6.449049224112351375e+00
6.448918057295844442e+00
6.448667030083414353e+00
6.448295800800799782e+00
6.447804267888037622e+00
6.447192302512586792e+00
6.446459606683244914e+00
6.445606092412212718e+00
6.444631647025123478e+00
6.443536016635824204e+00
6.442319126925604600e+00
6.440980881504260402e+00
6.439521070689074200e+00
6.437939633890255031e+00
6.436236490979754699e+00
6.434411476260759599e+00
6.432464542901352722e+00
6.430395626872481785e+00
6.428204605965878393e+00
6.425891447114015165e+00
6.423456102102960585e+00
6.420898491501337624e+00
6.418218596000367704e+00
6.415416382830650299e+00
6.412491814504686971e+00
6.409444885465877206e+00
6.406275577978393976e+00
6.402983895658429958e+00
6.399569846705922771e+00
6.396033428022110279e+00
6.392374683606185215e+00
6.388593635440343199e+00
6.384690294740153149e+00
6.380664745412577332e+00
6.376517023277508578e+00
6.372247153673050057e+00
6.367855260295400832e+00
6.363341392891370241e+00
6.358705590909775829e+00
6.353948018155040067e+00
6.349068738423466307e+00
6.344067805475858357e+00
6.338945424019196473e+00
6.333701672048562159e+00
6.328336618063725716e+00
6.322850508927892577e+00
6.317243436998938755e+00
6.311515486155393262e+00
6.305666947056457694e+00
6.299697926584243213e+00
6.293608524809664040e+00
6.287399078085251780e+00
6.281069707955538206e+00
6.274620531607528306e+00
6.268051933068385040e+00
6.261364048637887869e+00
6.254557013569759683e+00
6.247631261428732152e+00
6.240586943296341893e+00
6.233424213375861278e+00
6.226143556304848836e+00
6.218745137889640340e+00
6.211229132002006992e+00
6.203596075367454610e+00
6.195846148365666828e+00
6.187979545005525495e+00
6.179996854443298382e+00
6.171898271382921131e+00
6.163684010122159940e+00
6.155354711826050540e+00
6.146910585181483810e+00
6.138351864572045180e+00
6.129679241964627323e+00
6.120892939609196226e+00
6.111993211413089711e+00
6.102980798209075353e+00
6.093855935332425311e+00
6.084618895323857579e+00
6.075270465343453274e+00
6.065810893301454065e+00
6.056240469215854461e+00
6.046560023615466406e+00
6.036769816469855776e+00
6.026870153939710484e+00
6.016861906761309164e+00
6.006745346468847835e+00
5.996520793954605466e+00
5.986189157025272323e+00
5.975750718328264988e+00
5.965205812104773742e+00
5.954555380329616732e+00
5.943799716371818143e+00
5.932939166563222955e+00
5.921974704551043800e+00
5.910906634102961910e+00
5.899735312584694746e+00
5.888461743342502608e+00
5.877086240289643548e+00
5.865609171020782497e+00
5.854031567181304574e+00
5.842353752640524256e+00
5.830576104689208172e+00
5.818699682430907849e+00
5.806724819552663952e+00
5.794651902770432628e+00
5.782482018291802639e+00
5.770215509517293562e+00
5.757852772542835673e+00
5.745394920696228702e+00
5.732842307001972948e+00
5.720195337060267171e+00
5.707455151562751183e+00
5.694622113063338098e+00
5.681696636892841212e+00
5.668679891427327533e+00
5.655572248632096510e+00
5.642374133827012805e+00
5.629086743329648534e+00
5.615710458359725266e+00
5.602245714452174674e+00
5.588693735943283336e+00
5.575054913099904752e+00
5.561329691813042153e+00
5.547519324252173867e+00
5.533624209466932342e+00
5.519644803723835480e+00
5.505582386532052119e+00
5.491437365400659409e+00
5.477210206850711138e+00
5.462902216921253107e+00
5.448513811201393331e+00
5.434045466203329511e+00
5.419498513393708805e+00
5.404873376013115127e+00
5.390170540171740576e+00
5.375391361417517722e+00
5.360536270175290774e+00
5.345605761653594357e+00
5.330601213955631579e+00
5.315523064197381409e+00
5.300371816109339385e+00
5.285148868715521253e+00
5.269854665317763143e+00
5.254489717547581762e+00
5.239055443676821966e+00
5.223552292689467969e+00
5.207980783483146858e+00
5.192342351928185273e+00
5.176637452200684386e+00
5.160866609841865404e+00
5.145031276744311377e+00
5.129131911809221123e+00
5.113169046631505843e+00
5.097144147656554658e+00
5.081057678072583350e+00
5.064910174983623392e+00
5.048703118042086935e+00
5.032436974315569245e+00
5.016112285923470360e+00
4.999730544503134588e+00
4.983292220621726720e+00
4.966797860969435874e+00
4.950248968055066534e+00
4.933646015586874434e+00
4.916989554422785069e+00
4.900281096910664935e+00
4.883521119553250855e+00
4.866710177002379289e+00
4.849849790457204435e+00
4.832940438868963184e+00
4.815982680323588561e+00
4.798978043887040634e+00
4.781927010602485595e+00
4.764830141627510507e+00
4.747688972872341040e+00
4.730503987094913931e+00
4.713275748143423094e+00
4.696005797674749793e+00
4.678694619756656792e+00
4.661342780514549311e+00
4.643951826150961359e+00
4.626522241607231578e+00
4.609054594830312546e+00
4.591550435247479633e+00
4.574010248207089013e+00
4.556434602974515968e+00
4.538825050758679147e+00
4.521182076823074603e+00
4.503506251201448762e+00
4.485799125331195292e+00
4.468061183882638510e+00
4.450292997066769729e+00
4.432496114911914198e+00
4.414671020981814742e+00
4.396818285043427643e+00
4.378939454030393641e+00
4.361035009893821091e+00
4.343105521319911233e+00
4.325152530456561450e+00
4.307176517155796525e+00
4.289178048387600306e+00
4.271158659861932883e+00
4.253118828875092738e+00
4.235059120063574767e+00
4.216981061126491070e+00
4.198885126384847233e+00
4.180771877557600824e+00
4.162642832871384257e+00
4.144498463292748625e+00
4.126339327083777597e+00
4.108166931668001176e+00
4.089981744318013313e+00
4.071784319350930659e+00
4.053576152193042681e+00
4.035357706118557708e+00
4.017129531063663883e+00
3.998893109390828204e+00
3.980648900098685328e+00
3.962397448354150864e+00
3.944140222494957992e+00
3.925877676984552256e+00
3.907610351870427490e+00
3.889339700579081072e+00
3.871066172786315818e+00
3.852790303095526170e+00
3.834513529173649626e+00
3.816236295653782307e+00
3.797959131381889453e+00
3.779683457418969272e+00
3.761409713090063445e+00
3.743138421167912622e+00
3.724870985232129339e+00
3.706607839019187889e+00
3.688349498899052392e+00
3.670097350043658224e+00
3.651851820303857021e+00
3.633613419296160885e+00
3.615383512798173715e+00
3.597162522463721146e+00
3.578950950781658147e+00
3.560750143092255460e+00
3.542560514531966742e+00
3.524382560067170989e+00
3.506217603518520409e+00
3.488066053183738635e+00
3.469928396099157819e+00
3.451805933472150922e+00
3.433699066448737458e+00
3.415608273726673527e+00
3.397534832830383156e+00
3.379479137459177718e+00
3.361441657577049824e+00
3.343423646018003570e+00
3.325425488766446946e+00
3.307447646685558240e+00
3.289491347010122357e+00
3.271556967774892133e+00
3.253644960417048093e+00
3.235756525792101712e+00
3.217892033787776995e+00
3.200051926142561953e+00
3.182237376701360532e+00
3.164448747045463861e+00
3.146686469000837594e+00
3.128951688926506325e+00
3.111244759973054386e+00
3.093566103900206699e+00
3.075916839255457891e+00
3.058297310663784518e+00
3.040707929720774416e+00
3.023149786966966346e+00
3.005623218427883714e+00
2.988128625483800871e+00
2.970667070572482249e+00
2.953238881057609344e+00
2.935844448086509573e+00
2.918484805959755679e+00
2.901160273318327487e+00
2.883871231076779562e+00
2.866618685383803378e+00
2.849402946089334421e+00
2.832224383876607465e+00
2.815083976707002833e+00
2.797982025556470465e+00
2.780918890864141790e+00
2.763895522313156494e+00
2.746912211903619561e+00
2.729969309790771348e+00
2.713067737207847774e+00
2.696207777057264110e+00
2.679389769134973065e+00
2.662614605958934622e+00
2.645882561194423221e+00
2.629193964163522246e+00
2.612549678310582824e+00
2.595949967912128287e+00
2.579395151664525709e+00
2.562886063501375045e+00
2.546422958154662464e+00
2.530006143513036765e+00
2.513636423509298279e+00
2.497314043180527410e+00
2.481039299406945009e+00
2.464812965612291240e+00
2.448635277003834432e+00
2.432506519248482046e+00
2.416427434773891658e+00
2.400398248847517735e+00
2.384419235729807074e+00
2.368491106426314108e+00
2.352614076187319103e+00
2.336788407700967962e+00
2.321014780221309248e+00
2.305293398941922867e+00
2.289624514853552117e+00
2.274008775253487435e+00
2.258446375278994722e+00
2.242937554148964896e+00
2.227482927139233126e+00
2.212082679369866689e+00
2.196737038269305220e+00
2.181446587171469442e+00
2.166211501252682137e+00
2.151031996188322637e+00
2.135908623584709787e+00
2.120841548775284302e+00
2.105830975770720315e+00
2.090877424777541460e+00
2.075981051405808575e+00
2.061142048131333393e+00
2.046360904171530937e+00
2.031637765541636220e+00
2.016972813341098458e+00
2.002366506255366829e+00
1.987818980833144344e+00
1.973330406969976636e+00
1.958901213284848453e+00
1.944531526979935698e+00
1.930221506918379015e+00
1.915971552091108920e+00
1.901781780459628868e+00
1.887652340011744423e+00
1.873583600492759738e+00
1.859575670712080298e+00
1.845628687914362631e+00
1.831742992906534750e+00
1.817918685417150071e+00
1.804155892048617815e+00
1.790454924894141042e+00
1.776815874658284278e+00
1.763238857369213264e+00
1.749724156553523757e+00
1.736271853939816090e+00
1.722882055020400927e+00
1.709555014841682263e+00
1.696290806202945589e+00
1.683089524077217236e+00
1.669951395083108414e+00
1.656876483144344769e+00
1.643864872720812942e+00
1.630916762055143687e+00
1.618032206264922834e+00
1.605211279306281602e+00
1.592454151133675389e+00
1.579760868151192987e+00
1.567131493838351153e+00
1.554566170020791782e+00
1.542064934510779528e+00
1.529627840369800262e+00
1.517255001556435445e+00
1.504946447445150826e+00
1.492702220780866007e+00
1.480522408042027616e+00
1.468407030352142817e+00
1.456356120291919742e+00
1.444369737384078034e+00
1.432447894718434256e+00
1.420590614918413985e+00
1.408797931213541688e+00
1.397069848902597444e+00
1.385406380912245661e+00
1.373807534968434885e+00
1.362273308839735853e+00
1.350803706064689136e+00
1.339398709760705186e+00
1.328058310436597278e+00
1.316782502590043924e+00
1.305571245700340777e+00
1.294424523287507123e+00
1.283342321181717649e+00
1.272324576234466154e+00
1.261371265239692674e+00
1.250482365745162028e+00
1.239657792987175933e+00
1.228897517280489238e+00
1.218201508272445777e+00
1.207569660562815450e+00
1.197001938212537642e+00
1.186498303333408222e+00
1.176058630801742888e+00
1.165682878625128316e+00
1.155371001715656876e+00
1.145122856049216375e+00
1.134938393754815644e+00
1.124817562842762797e+00
1.114760201106153259e+00
1.104766254946219606e+00
1.094835665726308527e+00
1.084968253663604498e+00
1.075163959562392746e+00
1.065422718349589237e+00
1.055744333167214055e+00
1.046128739339204694e+00
1.036575865525010576e+00
1.027085498199720393e+00
1.017657567316182954e+00
1.008291995399947849e+00
9.989885525957807877e-01
9.897471635946822888e-01
9.805677448953579178e-01
9.714500506030884219e-01
9.623940002632657142e-01
9.533995044389763640e-01
9.444663014692818992e-01
9.355943058832769665e-01
9.267834223952280404e-01
9.180333738615256145e-01
9.093440699419900186e-01
9.007154095955018924e-01
8.921471005147174616e-01
8.836390476577219433e-01
8.751911443378866950e-01
8.668030834587328037e-01
8.584747654655505711e-01
8.502060781602472916e-01
8.419967001015581376e-01
8.338465274312719666e-01
8.257554426032113204e-01
8.177231103525639533e-01
8.097494227445315440e-01
8.018342570799060764e-01
7.939772648686097556e-01
7.861783343397549251e-01
7.784373378673726807e-01
7.707539144052576452e-01
7.631279485956053987e-01
7.555593081402164346e-01
7.480476201653313284e-01
7.405927659788038575e-01
7.331946088880255674e-01
7.258527649645655222e-01
7.185671124327569492e-01
7.113375105003316712e-01
7.041635649841883060e-01
6.970451512695969853e-01
6.899821247692371484e-01
6.829740818548818426e-01
6.760208953070634408e-01
6.691224170507775737e-01
6.622782348152507215e-01
6.554882189977975226e-01
6.487522183392814279e-01
6.420698127077626438e-01
6.354408703245001400e-01
6.288652370403969849e-01
6.223424856113400905e-01
6.158724822748932182e-01
6.094550702725020086e-01
6.030898159567420480e-01
5.967765837595567779e-01
5.905152145768980398e-01
5.843052690224360690e-01
5.781466098875531756e-01
5.720390759686487803e-01
5.659822227592080646e-01
5.599759115638658358e-01
5.540199793071264311e-01
5.481139769366251135e-01
5.422577644148418585e-01
5.364511770044743111e-01
5.306937616403849534e-01
5.249853770803108999e-01
5.193258571190747519e-01
5.137147451748146354e-01
5.081518989326297975e-01
5.026371508990471471e-01
4.971700414391815870e-01
4.917504272938717502e-01
4.863781398485254592e-01
4.810527168511809504e-01
4.757740142242913861e-01
4.705418623887983043e-01
4.653557968880365769e-01
4.602156729503004140e-01
4.551213201798906538e-01
4.500722723078084964e-01
4.450683839913077144e-01
4.401094841584838879e-01
4.351951051033641771e-01
4.303251010344371075e-01
4.254993003378496064e-01
4.207172342315070313e-01
4.159787565966677758e-01
4.112836954066327322e-01
4.066315811517414169e-01
4.020222675068272356e-01
3.974555821572016145e-01
3.929310552040307658e-01
3.884485402357691353e-01
3.840078647712454885e-01
3.796085588528657073e-01
3.752504761019740953e-01
3.709334439899916180e-01
3.666569928253438082e-01
3.624209763807477169e-01
3.582252221978277640e-01
3.540692611726487526e-01
3.499529473469797369e-01
3.458761084498185312e-01
3.418382762857831714e-01
3.378393052825263143e-01
3.338790234741273455e-01
3.299569638962415730e-01
3.260729814782276637e-01
3.222269046783850510e-01
3.184182680892497230e-01
3.146469272564217934e-01
3.109127111836523238e-01
3.072151563506193006e-01
3.035541190319580585e-01
2.999294289005418057e-01
2.963406246579669001e-01
2.927875634183167985e-01
2.892700756496305869e-01
2.857877026136977916e-01
2.823403023712769411e-01
2.789277063134640300e-01
2.755494586018368275e-01
2.722054183469422850e-01
2.688954179916756559e-01
2.656190049350791171e-01
2.623760394354929248e-01
2.591663551157883938e-01
2.559895029441257019e-01
2.528453444185677079e-01
2.497337144678317689e-01
2.466541679501755846e-01
2.436065676883863995e-01
2.405907500386466336e-01
2.376062740548210150e-01
2.346530039618314467e-01
2.317307776587321788e-01
2.288391586804865152e-01
2.259780127235839764e-01
2.231471793373128454e-01
2.203462267993354928e-01
2.175750223390834348e-01
2.148334072538763684e-01
2.121209547988974764e-01
2.094375337901025758e-01
2.067829873599675017e-01
2.041568939476210709e-01
2.015591240018917707e-01
1.989895225662986766e-01
1.964476734416684411e-01
1.939334487496625625e-01
1.914466955094713818e-01
1.889870030337868767e-01
1.865542451517082645e-01
1.841482709119961758e-01
1.817686752640874925e-01
1.794153337749079258e-01
1.770880975669636703e-01
1.747865673292920974e-01
1.725106203939615057e-01
1.702601099930551865e-01
1.680346426399424997e-01
1.658340974571373694e-01
1.636583298153989618e-01
1.615069521232107563e-01
1.593798453177082408e-01
1.572768669323939272e-01
1.551976353317766344e-01
1.531420332913188687e-01
1.511099205279349544e-01
1.491009214168584618e-01
1.471149205954994932e-01
1.451517799829011579e-01
1.432111300164726764e-01
1.412928572192193311e-01
1.393968257302283242e-01
1.375226720993884821e-01
1.356702847588292238e-01
1.338395300855887982e-01
1.320300507923463096e-01
1.302417372434081233e-01
1.284744580720698359e-01
1.267278622043481462e-01
1.250018419587885232e-01
1.232962682436898327e-01
1.216107962486006611e-01
1.199453202667775248e-01
1.182997135004269645e-01
1.166736374512360591e-01
1.150669884054435627e-01
1.134796418776942012e-01
1.119112657271809641e-01
1.103617582486321608e-01
1.088309972866046277e-01
1.073186570980931426e-01
1.058246379986059055e-01
1.043488201782857422e-01
1.028908843253858313e-01
1.014507327849617918e-01
1.000282481059139861e-01
9.862311743287956178e-02
9.723524514557439768e-02
9.586451616174108958e-02
9.451062409816336773e-02
9.317347537071779540e-02
9.185295727259575049e-02
9.054876989866689208e-02
8.926082169907094410e-02
8.798900234541699727e-02
8.673301840695861464e-02
8.549278036316267093e-02
8.426818026347965285e-02
8.305893113902929059e-02
8.186494549110177876e-02
8.068611774321016172e-02
7.952216736841695444e-02
7.837300888030514223e-02
7.723853907003079555e-02
7.611848382715262484e-02
7.501275966655364391e-02
7.392126573870329287e-02
7.284373432088099565e-02
7.178008391734935767e-02
7.073021602848460210e-02
6.969386928948047288e-02
6.867096418158859239e-02
6.766140454545710448e-02
6.666493534552542233e-02
6.568147902749894851e-02
6.471094176320990599e-02
6.375307482059067166e-02
6.280780259727256065e-02
6.187503358833065792e-02
6.095452534348105161e-02
6.004620419969652900e-02
5.914998096883258838e-02
5.826561946494437233e-02
5.739304795140531129e-02
5.653217955183807014e-02
5.568278433055681709e-02
5.484479246349190790e-02
5.401811938200914293e-02
5.320254138778104935e-02
5.239799055377344222e-02
5.160438461511942382e-02
5.082150609557741644e-02
5.004928894699444547e-02
4.928765320290023899e-02
4.853638758660919900e-02
4.779542790700422317e-02
4.706469648732183181e-02
4.634398821458101531e-02
4.563324072811880683e-02
4.493237862652674913e-02
4.424120290442163511e-02
4.355965299938976965e-02
4.288765576271330593e-02
4.222501821291193419e-02
4.157168154743375726e-02
4.092757483648002542e-02
4.029251100408777486e-02
3.966643296295137983e-02
3.904927195458447048e-02
3.844084664937304913e-02
3.784110162505924940e-02
3.724997023062769086e-02
3.666727667867240165e-02
3.609296715769379910e-02
3.552697704229496045e-02
3.496913583683546739e-02
3.441939128463199910e-02
3.387768068521358061e-02
3.334383854043321965e-02
3.281781409423902007e-02
3.229954645200209390e-02
3.178887478206917500e-02
3.128574978088683595e-02
3.079011222424092933e-02
3.030180559157753806e-02
2.982078199472605259e-02
2.934698373204868219e-02
2.888025823212026291e-02
2.842055900132851864e-02
2.796782970641027363e-02
2.752192137962232096e-02
2.708278892244815259e-02
2.665037721774578608e-02
2.622454060016063404e-02
2.580523539239723899e-02
2.539240755374192957e-02
2.498591449490022640e-02
2.458571401415543881e-02
2.419175303288982962e-02
2.380389191854627787e-02
2.342209002787873362e-02
2.304629517006050524e-02
2.267637068771677367e-02
2.231227760475969213e-02
2.195396459980691883e-02
2.160129817338614366e-02
2.125424114474862292e-02
2.091274311578586453e-02
2.057667411087279671e-02
2.024599888217866808e-02
1.992066809593473486e-02
1.960055585747552329e-02
1.928562898514806986e-02
1.897583944976067791e-02
1.867106617946018635e-02
1.837127817103212032e-02
1.807642904560559718e-02
1.778640345695542760e-02
1.750117265309535444e-02
1.722069235462948128e-02
1.694485396138083536e-02
1.667363098729314139e-02
1.640698179160508113e-02
1.614480559423380965e-02
1.588707811489751057e-02
1.563376095348823977e-02
1.538476219371794074e-02
1.514005961327736204e-02
1.489961867533226743e-02
1.466335723954402537e-02
1.443125489930909694e-02
1.420328156727359951e-02
1.397936554646578289e-02
1.375948790994960778e-02
1.354362350049987014e-02
1.333171136985253184e-02
1.312373364993810014e-02
1.291967041266587311e-02
1.271947129049921799e-02
1.252311898586676991e-02
1.233059884177364895e-02
1.214187033703796083e-02
1.195691621293144130e-02
1.177572680319494310e-02
1.159827007035092207e-02
1.142452824903866793e-02
1.125449601609584439e-02
1.108814780896150674e-02
1.092546482870292678e-02
1.076644506527211186e-02
1.061106681383213422e-02
1.045930976665112970e-02
1.031117383682080349e-02
1.016663805440984336e-02
1.002568021229408891e-02
9.888300460805157094e-03
9.754475111310962482e-03
9.624179784744250551e-03
9.497412993101455453e-03
9.374144796472519067e-03
9.254348526504694791e-03
9.138019136911422133e-03
9.025117157475589028e-03
8.915613715426307789e-03
8.809498420771463487e-03
8.706719663675248355e-03
8.607246718804169652e-03
8.511062408415313515e-03
8.418101542312190697e-03
8.328332250075240820e-03
8.241729694187622038e-03
8.158215395583366322e-03
8.077757510051264758e-03
8.000323489150168443e-03
7.925824152359315852e-03
7.854229417269438518e-03
7.785500039113162248e-03
7.719541429547758377e-03
7.656327604832958988e-03
7.595814873525633983e-03
7.537911250531002631e-03
7.482597710944899859e-03
7.429829546145335327e-03
7.379527537230663042e-03
7.331682868984622063e-03
7.286253997124716476e-03
7.243185968669067776e-03
7.202483921164020038e-03
7.164113819138918753e-03
7.128057923932304939e-03
7.094340150253877243e-03
7.062938840174001059e-03
7.033889543649907844e-03
7.007240831177059988e-03
6.982991638627668134e-03
6.961248104097814311e-03
6.942085316665164325e-03
6.925537769677032017e-03
6.911778733475544556e-03
6.900891441964884972e-03
6.892960626641946725e-03
6.888143864837186457e-03
6.886470513276842474e-03
6.888057047683134732e-03
6.892816032096240990e-03
6.900616643325406009e-03
6.911506588969203689e-03
6.924813660191617669e-03
6.940160961619259820e-03
6.957346954239961891e-03
6.974912448144383360e-03
6.992283114641863022e-03
7.008872487335033631e-03
7.022692618082763440e-03
7.033196451799696852e-03
7.039464922868411516e-03
7.039680030794769929e-03
7.033661104010499078e-03
7.020364777019255653e-03
6.999688748002954285e-03
6.972514828776287150e-03
6.939640842943834050e-03
6.904982347018283513e-03
6.869009634892950418e-03
6.835985377485843083e-03
6.801510941833244402e-03
6.757944594666762117e-03
6.700188356247439685e-03
6.600339268925584264e-03
6.450103271485224492e-03
6.233516989731905517e-03
5.944331263203798781e-03
5.593557242338869327e-03
5.182401506437043885e-03
4.743872742182670028e-03
4.292116576715069264e-03
3.828598370527496603e-03
3.381429278033924041e-03
2.985913139838810865e-03
2.555875444033006098e-03
2.163118405670784190e-03
2.114885066290540707e-03
1.717051242709468012e-03
3.005574006876111991e-04
3.419969918059040815e-03
