9.988603296432648819e-06
4.823953063877654446e-06
6.196656132431731853e-06
6.886430457279918648e-06
7.051315571701712151e-06
7.945442282935704639e-06
8.920296396561095813e-06
9.894748246023058984e-06
1.106220822943913220e-05
1.233672811899351767e-05
1.369803691028472952e-05
1.517435980061812124e-05
1.675172841953493171e-05
1.841878891385066467e-05
2.017834513750752111e-05
2.202550574587631006e-05
2.395364478004557789e-05
2.596474026884436622e-05
2.805634062887189060e-05
3.023061809572649420e-05
3.249174921403750083e-05
3.484038159375007289e-05
3.728606878513676795e-05
3.983326231395187386e-05
4.248478049537198837e-05
4.525193339749496060e-05
4.813769726065970879e-05
5.114525969937880177e-05
5.428334440206280571e-05
5.755305146242834278e-05
6.095686436245826011e-05
6.449892877298167798e-05
6.817859252848783313e-05
7.199693134255459787e-05
7.595307250675526162e-05
8.004545946143443115e-05
8.427337998603743826e-05
8.863374027384512933e-05
9.312610418481747331e-05
9.774903125694045167e-05
1.025029651664166938e-04
1.073901259146398530e-04
1.124104794991261715e-04
1.175716521354989796e-04
1.228777593493303726e-04
1.283312674469845908e-04
1.339449653097784718e-04
1.397226693118937247e-04
1.456684551798244711e-04
1.517951908857499753e-04
1.581049681064210135e-04
1.646018448980053779e-04
1.712953370205049202e-04
1.781859186998825011e-04
1.852767668802183783e-04
1.925737776036029556e-04
2.000765643391758813e-04
2.077875361101716586e-04
2.157101915727186597e-04
2.238437371464476605e-04
2.321902399654580788e-04
2.407516488912014180e-04
2.495267501955879112e-04
2.585174742819579372e-04
2.677242247373263508e-04
2.771452002099080770e-04
2.867821174054100667e-04
2.966334673349497954e-04
3.066968065624142074e-04
3.169734556724618560e-04
3.274597690229663974e-04
3.381527835347034115e-04
3.490532865682948577e-04
3.601556196829119416e-04
3.714565529672178481e-04
3.829563014482583339e-04
3.946476460488069853e-04
4.065274166337997860e-04
4.185953095300117693e-04
4.308432373932671346e-04
4.432684522947742504e-04
4.558702588384703352e-04
4.686405458043666947e-04
4.815773563231860320e-04
4.946797847274626283e-04
5.079406073319936345e-04
5.213590019803468695e-04
5.349340684767210771e-04
5.486603585924993039e-04
5.625384686360948962e-04
5.765677293222653925e-04
5.907452385154852992e-04
6.050732023782314948e-04
6.195513896334929821e-04
6.341800128630130937e-04
6.489629634162033664e-04
6.639006095964473594e-04
6.789965850919210547e-04
6.942564159579150051e-04
7.096811652982119509e-04
7.252779090977657913e-04
7.410536387443235817e-04
7.570101314863150179e-04
7.731576623725686971e-04
7.895044232646234459e-04
8.060528538715894557e-04
8.228159834529562939e-04
8.398028806553822301e-04
8.570165444219644824e-04
8.744722064313506906e-04
8.921794736923747103e-04
9.101417808065882754e-04
9.283760127946357561e-04
9.468920061578454603e-04
9.656935243383224336e-04
9.847986638119486050e-04
1.004217248652239380e-03
1.023953316559113747e-03
1.044025921371342360e-03
1.064444725028145921e-03
1.085214063434768866e-03
1.106353925622352444e-03
1.127873764873678223e-03
1.149778329249119243e-03
1.172088757020052279e-03
1.194814347424079945e-03
1.217960459100641104e-03
1.241549800731088634e-03
1.265591662188478251e-03
1.290092274999423035e-03
1.315076497842336024e-03
1.340553831076080537e-03
1.366531675178280078e-03
1.393037724867741099e-03
1.420081971711521264e-03
1.447673282779864861e-03
1.475842939468065837e-03
1.504601754590140531e-03
1.533960334027332931e-03
1.563954335284986836e-03
1.594595762209131832e-03
1.625897189316167840e-03
1.657899465759698392e-03
1.690616185344625535e-03
1.724062072918017057e-03
1.758284001405209865e-03
1.793297567388129005e-03
1.829119782688778950e-03
1.865804374365086877e-03
1.903369346480380002e-03
1.941834096560151289e-03
1.981259999191150797e-03
2.021667834839117970e-03
2.063079453776722142e-03
2.105564583354748061e-03
2.149147085103914924e-03
2.193851299718554363e-03
2.239755868711757435e-03
2.286887953532798327e-03
2.335274392344181913e-03
2.385003118087823930e-03
2.436104718967161114e-03
2.488608505985072210e-03
2.542611894055357268e-03
2.598148948381305123e-03
2.655251401614202797e-03
2.714026206697985142e-03
2.774510918219164329e-03
2.836739629823705356e-03
2.900828866133890131e-03
2.966819703354350770e-03
3.034748558344513292e-03
3.104741699597459229e-03
3.176843843789014295e-03
3.251093762426448402e-03
3.327627962205266954e-03
3.406495068074826427e-03
3.487736360924201511e-03
3.571499572086005419e-03
3.657837695644046861e-03
3.746794851389198197e-03
3.838531592324752675e-03
3.933105950930653773e-03
4.030565427025880644e-03
4.131085639858303980e-03
4.234730520014525282e-03
4.341551711529090772e-03
4.451742732522434055e-03
4.565374413210351000e-03
4.682503508856859613e-03
4.803344704879817899e-03
4.927976803869323248e-03
5.056462790308770099e-03
5.189041996270936548e-03
5.325802259986404073e-03
5.466813987482885447e-03
5.612344579956698130e-03
5.762491884978100144e-03
5.917334907324207742e-03
6.077172201211703158e-03
6.242112433727683291e-03
6.412244282044563155e-03
6.587899921961096368e-03
6.769199416855046190e-03
6.956242010456384524e-03
7.149395084355800352e-03
7.348790366846671106e-03
7.554538324842183065e-03
7.767041972898361402e-03
7.986444573650084561e-03
8.212868193263009667e-03
8.446750457805728488e-03
8.688245520643386732e-03
8.937487104512888830e-03
9.194944664948889387e-03
9.460781959881977426e-03
9.735144060339233005e-03
1.001852740870560858e-02
1.031110332118380032e-02
1.061302747767322273e-02
1.092481619803076058e-02
1.124664549491800197e-02
1.157868040340547834e-02
1.192144776717724008e-02
1.227512469276413089e-02
1.263988372008862521e-02
1.301625104454041948e-02
1.340440080138938748e-02
1.380451054515777209e-02
1.421709384438095414e-02
1.464231787812831503e-02
1.508036213612168157e-02
1.553171652000100156e-02
1.599653818443183897e-02
1.647500509417182402e-02
1.696757592196274436e-02
1.747439675838114923e-02
1.799564062750452428e-02
1.853173415806161003e-02
1.908281467673159440e-02
1.964904757804395927e-02
2.023083715880141797e-02
2.082831899969718112e-02
2.144164985078936270e-02
2.207123583231639444e-02
2.271722377612293842e-02
2.337976362174624956e-02
2.405930544405637458e-02
2.475602722821852730e-02
2.547007809939617548e-02
2.620201470953418751e-02
2.695207335449616159e-02
2.772041380842704683e-02
2.850778320446103672e-02
2.931451009370231522e-02
3.014078292193237904e-02
3.098764282437728099e-02
3.185554982930574597e-02
3.274474625804400102e-02
3.365668558270851207e-02
3.459200108165288307e-02
3.555102119374232289e-02
3.653573639927978900e-02
3.754699352245021576e-02
3.858524518758705418e-02
3.965313748270957867e-02
4.075176432332453663e-02
4.188174386552043910e-02
4.304647418228647188e-02
4.424731681393023058e-02
4.548509602454343242e-02
4.676401694258227465e-02
4.808570950898950064e-02
4.945123836426124769e-02
5.086560901272255131e-02
5.233069436187619966e-02
5.384782062757439286e-02
5.542270587269230303e-02
5.705740919964311098e-02
5.875351912829183260e-02
6.051728219750409504e-02
6.235085300390622032e-02
6.425605552829657952e-02
6.623937735120506709e-02
6.830294513484479191e-02
7.044875838325347084e-02
7.268315983389062040e-02
7.500809815424569482e-02
7.742565292939417032e-02
7.994155808781711059e-02
8.255741929250259847e-02
8.527526757198418406e-02
8.809972398602450294e-02
9.103188847778288795e-02
9.407359008551431645e-02
9.722784822045114905e-02
1.004951184370205391e-01
1.038768647444909959e-01
1.073741004528955961e-01
1.109865460299703649e-01
1.147151493096724012e-01
1.185586720539468786e-01
1.225160793261633602e-01
1.265876891788064174e-01
1.307699931944870109e-01
1.350612672155621641e-01
1.394611491790300473e-01
1.439641137933444781e-01
1.485679050786849476e-01
1.532715138891583562e-01
1.580679294098399912e-01
1.629546015494252320e-01
1.679299985158549946e-01
1.729863881009100213e-01
1.781212158889964314e-01
1.833326338314699433e-01
1.886130855144420859e-01
1.939603107920683245e-01
1.993724044458571043e-01
2.048428727102432345e-01
2.103700059202653350e-01
2.159521071528025526e-01
2.215844610952776017e-01
2.272660746595678294e-01
2.329956763711218681e-01
2.387707348269353103e-01
2.445910185682013960e-01
2.504558010345284691e-01
2.563647542873465635e-01
2.623183298558358634e-01
2.683163393501541427e-01
2.743603128643414268e-01
2.804512133573088817e-01
2.865892625054832221e-01
2.927772645598687995e-01
2.990164889576505947e-01
3.053073604390477702e-01
3.116533433886884974e-01
3.180558482972702383e-01
3.245152894704093072e-01
3.310353805943857530e-01
3.376176105949866280e-01
3.442622459914434496e-01
3.509732236234002212e-01
3.577521806675263982e-01
3.645992402720277803e-01
3.715189770821145654e-01
3.785133584882933167e-01
3.855825326710389800e-01
3.927324559651080293e-01
3.999656490572939815e-01
4.072825809088516658e-01
4.146913943609639719e-01
4.221953236892365680e-01
4.297954896169360328e-01
4.375027323977791482e-01
4.453209935973145850e-01
4.532522887588288918e-01
4.613100444456482152e-01
4.694986707037463458e-01
4.778211185691033092e-01
4.862924865640614325e-01
4.949171822547992483e-01
5.036988668245376832e-01
5.126526402886922851e-01
5.217822776740341784e-01
5.310916744844925708e-01
5.405937869904806625e-01
5.502910935710035867e-01
5.601870937280132301e-01
5.702904147954526159e-01
5.806016758232147579e-01
5.911233421690959000e-01
6.018579332901883294e-01
6.128038479270790928e-01
6.239620169545724293e-01
6.353277898534223089e-01
6.468972222130456862e-01
6.586694393416320237e-01
6.706323644226260816e-01
6.827798009390213529e-01
6.951090342264510946e-01
7.076009956613070750e-01
7.202474902033352278e-01
7.330440990546591706e-01
7.459656811948179866e-01
7.590024244112164586e-01
7.721484195515531113e-01
7.853737035025902813e-01
7.986673609475433144e-01
8.120222270582937441e-01
8.254050751742481040e-01
8.388045590196123724e-01
8.522125287059162391e-01
8.655944218012234792e-01
8.789392812031701085e-01
8.922383492399422744e-01
9.054580131338471061e-01
9.185885732933057879e-01
9.316212073219168888e-01
9.445256562601574979e-01
9.572942029860215252e-01
9.699186392050620498e-01
9.823741039743665304e-01
9.946552361984988266e-01
1.006755108590373426e+00
1.018655420394920963e+00
1.030353087049010519e+00
1.041842909335197742e+00
1.053113180628659773e+00
1.064162655879550723e+00
1.074987945610049289e+00
1.085583099628388615e+00
1.095948190050103133e+00
1.106081380397220704e+00
1.115981456394524729e+00
1.125649502221360176e+00
1.135084849813438934e+00
1.144290545053008756e+00
1.153268736047734500e+00
1.162019687955933689e+00
1.170551045033551674e+00
1.178866295545502485e+00
1.186966714430438774e+00
1.194865250279082858e+00
1.202566892001366794e+00
1.210074235597583092e+00
1.217405653216447892e+00
1.224567345610583224e+00
1.231563486806748875e+00
1.238416530572768348e+00
1.245133052964225717e+00
1.251718680552911911e+00
1.258196957712288455e+00
1.264573677935267870e+00
1.270855254480517171e+00
1.277062405182422644e+00
1.283199102152222437e+00
1.289271461144001707e+00
1.295293849726560254e+00
1.301267914405590309e+00
1.307198316834585983e+00
1.313091200380037904e+00
1.318946091822687183e+00
1.324765362510361477e+00
1.330547293259969122e+00
1.336290073230163244e+00
1.341993524331557941e+00
1.347650351517749812e+00
1.353258415891253508e+00
1.358815339077311224e+00
1.364311477973681797e+00
1.369745218876027293e+00
1.375112774367277302e+00
1.380405151546232334e+00
1.385621700095849285e+00
1.390758191628029827e+00
1.395808172308443451e+00
1.400771921015099730e+00
1.405645651644680028e+00
1.410425917163384613e+00
1.415113551176229167e+00
1.419705820311945921e+00
1.424201612482710599e+00
1.428601850075332136e+00
1.432905111264027864e+00
1.437111497239593971e+00
1.441221722201756927e+00
1.445235621126528036e+00
1.449153713927788800e+00
1.452976538645938342e+00
1.456704948185774340e+00
1.460339916835879492e+00
1.463882144442813171e+00
1.467333233889130062e+00
1.470695444742613711e+00
1.473970071107143065e+00
1.477159263341600415e+00
1.480267603531308707e+00
1.483297206686191139e+00
1.486250613550682331e+00
1.489135129948352843e+00
1.491953494909028954e+00
1.494708421140113153e+00
1.497409108874843575e+00
1.500058312348383716e+00
1.502658549083004891e+00
1.505218922918494018e+00
1.507741441791417891e+00
1.510227956129707172e+00
1.512685095855999196e+00
1.515113574984916722e+00
1.517514198746787057e+00
1.519889436955855322e+00
1.522238632865256180e+00
1.524561509183250729e+00
1.526856150073438334e+00
1.529120921246287290e+00
1.531354883027976621e+00
1.533553004158823896e+00
1.535713301317208179e+00
1.537834909703176267e+00
1.539911783380169874e+00
1.541942157412970582e+00
1.543925930300150462e+00
1.545858047878444275e+00
1.547737299535256517e+00
1.549564592641874405e+00
1.551337112325774648e+00
1.553054325501235899e+00
1.554717783431332156e+00
1.556327249212902109e+00
1.557882891454352103e+00
1.559386130495005185e+00
1.560838985549332980e+00
1.562242310024511971e+00
1.563596684507816192e+00
1.564905739178945820e+00
1.566170897790357452e+00
1.567391703904804201e+00
1.568572634771644658e+00
1.569715395483778364e+00
1.570818901711058535e+00
1.571887674507250532e+00
1.572923288808923958e+00
1.573924720734809490e+00
1.574895789417035452e+00
1.575837611726511378e+00
1.576749728410653972e+00
1.577634752611330571e+00
1.578493283666338121e+00
1.579325567112049855e+00
1.580132914886488882e+00
1.580915565771711329e+00
1.581674470812257871e+00
1.582409943458879198e+00
1.583121968162139348e+00
1.583812322711933618e+00
1.584480820874715201e+00
1.585127085040079820e+00
1.585753790790949580e+00
1.586360730890825188e+00
1.586947060644682272e+00
1.587515858906911825e+00
1.588067287293021934e+00
1.588600343785892433e+00
1.589117290292806572e+00
1.589618978820503736e+00
1.590105032149031095e+00
1.590575634158966745e+00
1.591032502098763679e+00
1.591476588140837700e+00
1.591905724100707742e+00
1.592322327353642208e+00
1.592728639620236697e+00
1.593121148017536903e+00
1.593502396134320653e+00
1.593875098565929127e+00
1.594235888645968435e+00
1.594586696188713626e+00
1.594929792541070812e+00
1.595262903927282316e+00
1.595586852288661817e+00
1.595903081553805114e+00
1.596210597477762283e+00
1.596509151564808215e+00
1.596799431357385224e+00
1.597081742277676186e+00
1.597355364036785907e+00
1.597620190955971076e+00
1.597878189944547112e+00
1.598129041720342203e+00
1.598371399128727610e+00
1.598609255574806598e+00
1.598843167240856067e+00
1.599070114558375222e+00
1.599295531383974955e+00
1.599520604770786170e+00
1.599741085485322456e+00
1.599961546549703018e+00
1.600183028161656473e+00
1.600402038416933737e+00
1.600620500155270021e+00
1.600839023993615884e+00
1.601056360060623796e+00
1.601271377186699985e+00
1.601484028321425557e+00
1.601695889558042873e+00
1.601903286505032220e+00
1.602105558025465060e+00
1.602306724433650409e+00
1.602501898355611187e+00
1.602690114928241760e+00
1.602876434868818256e+00
1.603056541360805554e+00
1.603229617444796640e+00
1.603399726501527178e+00
1.603564803428528585e+00
1.603724508942906857e+00
1.603880002794339843e+00
1.604032363901041203e+00
1.604181691224021877e+00
1.604325399462298352e+00
1.604467273240365310e+00
1.604607398400776708e+00
1.604740294782431187e+00
1.604870693057826925e+00
1.604998025171507470e+00
1.605116276171751677e+00
1.605228794730359398e+00
1.605333907039139696e+00
1.605427834162083345e+00
1.605510842623909973e+00
1.605580199092078830e+00
1.605636046122555838e+00
1.605675439064430110e+00
1.605695165943154423e+00
1.605698907440340717e+00
1.605682014098680277e+00
1.605641628534312915e+00
1.605582728529582504e+00
1.605501207879637571e+00
1.605395205584229545e+00
1.605268228307364931e+00
1.605118410503991067e+00
1.604945005674916603e+00
1.604748368992752861e+00
1.604529147099467368e+00
1.604287292640290241e+00
1.604020287605270267e+00
1.603730184893932931e+00
1.603417001533760100e+00
1.603077203087205360e+00
1.602712611696883949e+00
1.602322879714969339e+00
1.601905602637302417e+00
1.601461230637995614e+00
1.600989084910341420e+00
1.600489030793568190e+00
1.599960061997177441e+00
1.599401599798128126e+00
1.598815412961698934e+00
1.598199851637001734e+00
1.597554946898019468e+00
1.596882982496415915e+00
1.596182727621633157e+00
1.595455062099069288e+00
1.594701385058612031e+00
1.593921538655258319e+00
1.593117060893655568e+00
1.592287891963870550e+00
1.591434901613461905e+00
1.590559778051958917e+00
1.589661453825873316e+00
1.588741237838790843e+00
1.587800439203138625e+00
1.586838029235172476e+00
1.585855040777049973e+00
1.584852154107609934e+00
1.583829322433769393e+00
1.582786860862136935e+00
1.581724994944615048e+00
1.580644965856222051e+00
1.579546391273833450e+00
1.578429561397404868e+00
1.577296560724446017e+00
1.576146723599020305e+00
1.574981014617496067e+00
1.573801464747489831e+00
1.572607689719901058e+00
1.571401723772235970e+00
1.570184698055504535e+00
1.568956945532095082e+00
1.567721542932384970e+00
1.566478360330366471e+00
1.565228567031444307e+00
1.563975827305790212e+00
1.562719035635875331e+00
1.561459975820345569e+00
1.560202231159441455e+00
1.558944487309369409e+00
1.557688715997372464e+00
1.556437883361167840e+00
1.555191324960081722e+00
1.553950793935313213e+00
1.552718544409417367e+00
1.551495097846832261e+00
1.550281804987094558e+00
1.549080648088837719e+00
1.547893301764189822e+00
1.546720831970676890e+00
1.545565712941664449e+00
1.544430196654020593e+00
1.543315395013973967e+00
1.542224923002009085e+00
1.541160765099824914e+00
1.540124411764169254e+00
1.539120723334038265e+00
1.538150695667814150e+00
1.537216314685115437e+00
1.536323100653570251e+00
1.535470798135635029e+00
1.534661693628839307e+00
1.533900956683445616e+00
1.533187400046616355e+00
1.532523190308956451e+00
1.531912252991229906e+00
1.531353219445664715e+00
1.530847708922523642e+00
1.530398112925733800e+00
1.530003698230848030e+00
1.529665319816055025e+00
1.529384257355658194e+00
1.529160888771024629e+00
1.528995382494197530e+00
1.528888688509280724e+00
1.528842182148316242e+00
1.528855623801143260e+00
1.528930179001910306e+00
1.529067555535044809e+00
1.529267381091119260e+00
1.529530875610210172e+00
1.529859167171394141e+00
1.530251838858444513e+00
1.530709238415824958e+00
1.531231165649597381e+00
1.531817000892112368e+00
1.532464904843732656e+00
1.533173076133599322e+00
1.533940374382934957e+00
1.534761665022325694e+00
1.535633824968533956e+00
1.536554884382128838e+00
1.537516020109281234e+00
1.538513458607345896e+00
1.539544258387532727e+00
1.540596439030464948e+00
1.541666355393326304e+00
1.542750196814854924e+00
1.543834156532577495e+00
1.544915344410831004e+00
1.545989412567659649e+00
1.547042502634148997e+00
1.548072815926604839e+00
1.549075947469194636e+00
1.550039767616211650e+00
1.550963610207650722e+00
1.551843531590060943e+00
1.552670513262319973e+00
1.553444841649443298e+00
1.554163478504856144e+00
1.554821203339389557e+00
1.555418945432698541e+00
1.555954840574020892e+00
1.556427318345721789e+00
1.556837590115269565e+00
1.557184986095063062e+00
1.557470676634181261e+00
1.557695818674899924e+00
1.557860693067433688e+00
1.557967861272527621e+00
1.558018203578189320e+00
1.558012514651296199e+00
1.557953487385680846e+00
1.557841714337432792e+00
1.557678038341093751e+00
1.557464702375922272e+00
1.557202269599129663e+00
1.556891352594151678e+00
1.556534245925071724e+00
1.556131971593601948e+00
1.555685001501169173e+00
1.555197251076195775e+00
1.554670753682559914e+00
1.554106344136249263e+00
1.553511661858871129e+00
1.552890113483209156e+00
1.552243666689723911e+00
1.551585396274320239e+00
1.550920009579300318e+00
1.550251326293347498e+00
1.549598198837170315e+00
1.548966016318403582e+00
1.548360744745144624e+00
1.547805381784979728e+00
1.547304932024176516e+00
1.546867105863549474e+00
1.546515522842891288e+00
1.546253589084457758e+00
1.546089627496425756e+00
1.546043290475523468e+00
1.546115420318789679e+00
1.546313339092042272e+00
1.546648388952754472e+00
1.547118469813984598e+00
1.547728266062539326e+00
1.548478044335521053e+00
1.549363115265535606e+00
1.550384370016448798e+00
1.551530682445469767e+00
1.552795754813408147e+00
1.554176378306189710e+00
1.555652273474443126e+00
1.557216836970672036e+00
1.558863403402643177e+00
1.560566677262985813e+00
1.562320989159083462e+00
1.564117621339094155e+00
1.565931138097093722e+00
1.567757657792930637e+00
1.569588176290874548e+00
1.571401483310698843e+00
1.573195793144778198e+00
1.574963478405783990e+00
1.576690453424010707e+00
1.578376818392730918e+00
1.580017498265558151e+00
1.581606522946403359e+00
1.583145317311416056e+00
1.584631836812202321e+00
1.586067399882684414e+00
1.587454064167059142e+00
1.588792584209967274e+00
1.590089403001753832e+00
1.591346580647966524e+00
1.592566877953397020e+00
1.593759027586681754e+00
1.594924641156149514e+00
1.596067372679881080e+00
1.597195407044073256e+00
1.598309674795785229e+00
1.599413557985656986e+00
1.600512408981021650e+00
1.601606447343873363e+00
1.602697811809951745e+00
1.603787679088267026e+00
1.604875689100275338e+00
1.605962151409813243e+00
1.607043864459305693e+00
1.608120131680813580e+00
1.609189346210412985e+00
1.610244855691773225e+00
1.611285927109939564e+00
1.612309461490559981e+00
1.613307179125991864e+00
1.614278603703199311e+00
1.615219979137398232e+00
1.616123676688695499e+00
1.616989693164944342e+00
1.617814653860436103e+00
1.618593741624476445e+00
1.619327505424295710e+00
1.620013920816674835e+00
1.620652459517109678e+00
1.621244135950827392e+00
1.621788908009519581e+00
1.622290939180383917e+00
1.622751479141278486e+00
1.623172586036969678e+00
1.623562362582538166e+00
1.623921993421392207e+00
1.624255217944976515e+00
1.624572440156664577e+00
1.624874511875705752e+00
1.625166045288015448e+00
1.625457760921519501e+00
1.625750036467469073e+00
1.626047430582746145e+00
1.626359270890656239e+00
1.626685494019290523e+00
1.627029861356668272e+00
1.627399359584158267e+00
1.627793673396461749e+00
1.628215425932015847e+00
1.628669257771685919e+00
1.629154869548970375e+00
1.629673867993728820e+00
1.630229311947475557e+00
1.630821160107726486e+00
1.631450469545257853e+00
1.632119809452151848e+00
1.632829524032556767e+00
1.633580688021499361e+00
1.634376275897811759e+00
1.635216991803364550e+00
1.636104325020012462e+00
1.637041952490029040e+00
1.638030784700703402e+00
1.639072761442702308e+00
1.640171832153493270e+00
1.641328906359762030e+00
1.642546011478752233e+00
1.643826387094747155e+00
1.645170771048137581e+00
1.646580641310509519e+00
1.648057386128670698e+00
1.649601506246981764e+00
1.651213253495557920e+00
1.652891314155816360e+00
1.654636012996782535e+00
1.656445912618644600e+00
1.658316774897433676e+00
1.660248905209068759e+00
1.662239106864514149e+00
1.664280735043825343e+00
1.666374260812434116e+00
1.668515097667751190e+00
1.670695317937932467e+00
1.672915697957447989e+00
1.675170976761214847e+00
1.677453361496082707e+00
1.679763975354352956e+00
1.682097751916635131e+00
1.684448373814702471e+00
1.686817240931793860e+00
1.689200283091849775e+00
1.691593614714008043e+00
1.693998756183122900e+00
1.696413188236387759e+00
1.698835867007573164e+00
1.701268242843314793e+00
1.703709563044141229e+00
1.706161493916217964e+00
1.708625247911039535e+00
1.711101722886512633e+00
1.713594760617757506e+00
1.716105234020144588e+00
1.718635330320769983e+00
1.721190335307501984e+00
1.723770766214325123e+00
1.726379620005848770e+00
1.729022904176481523e+00
1.731700843953595692e+00
1.734416773985087978e+00
1.737176865520576818e+00
1.739981171633520063e+00
1.742832995245447103e+00
1.745738359207436696e+00
1.748697288845724396e+00
1.751712838791501525e+00
1.754790825427425149e+00
1.757931384211211645e+00
1.761137263926329410e+00
1.764414220053603932e+00
1.767762603748200823e+00
1.771184931321618139e+00
1.774687156141969702e+00
1.778269899114845787e+00
1.781935598727376169e+00
1.785690666083355138e+00
1.789535981552565991e+00
1.793474082077368026e+00
1.797511981007142934e+00
1.801650737424068893e+00
1.805893124568886288e+00
1.810246685123450439e+00
1.814712507904733263e+00
1.819293649572729210e+00
1.823997823881845948e+00
1.828825945038178524e+00
1.833781272688020936e+00
1.838871032654249005e+00
1.844095729469105160e+00
1.849458603330212725e+00
1.854965481476468225e+00
1.860616228041851450e+00
1.866413712218814025e+00
1.872361314858469683e+00
1.878458074318116067e+00
1.884706049694861107e+00
1.891105157947792437e+00
1.897653511690207351e+00
1.904351900229371841e+00
1.911195984777045886e+00
1.918182968781135367e+00
1.925311975202939285e+00
1.932574032104094952e+00
1.939965581574096154e+00
1.947483834049575036e+00
1.955115364851220505e+00
1.962856126439571192e+00
1.970701394810568496e+00
1.978634091824717389e+00
1.986650044595796638e+00
1.994742839643994792e+00
2.002893115648066047e+00
2.011096978491470733e+00
2.019346833381120643e+00
2.027622812897762028e+00
2.035921679785721583e+00
2.044235372102446213e+00
2.052545438726216087e+00
2.060849585333619505e+00
2.069140097281578328e+00
2.077401695317933505e+00
2.085633171161405119e+00
2.093827936721409433e+00
2.101975177035737108e+00
2.110074747279160334e+00
2.118121794209166797e+00
2.126110585429923372e+00
2.134041863421483942e+00
2.141912843672090005e+00
2.149722746601432366e+00
2.157472916612111824e+00
2.165162651976617614e+00
2.172795328190465280e+00
2.180372561785837604e+00
2.187895451027282778e+00
2.195370270253901523e+00
2.202798602037167708e+00
2.210182847829053721e+00
2.217530746971896338e+00
2.224843619965076957e+00
2.232124578860453123e+00
2.239381496049265508e+00
2.246615308554883672e+00
2.253829272277175111e+00
2.261030375942535198e+00
2.268219158379136235e+00
2.275398574173199684e+00
2.282574135441055141e+00
2.289746051174422092e+00
2.296916702796901966e+00
2.304089955114889232e+00
2.311265802153753324e+00
2.318445957847690142e+00
2.325632803573515428e+00
2.332826242122126192e+00
2.340027369361875387e+00
2.347237448359627887e+00
2.354456393904855727e+00
2.361684822338950607e+00
2.368923307833496583e+00
2.376171843609401257e+00
2.383430736779658332e+00
2.390700257602829559e+00
2.397980504172476657e+00
2.405271630262086457e+00
2.412573878117840298e+00
2.419887443772554381e+00
2.427212441244562147e+00
2.434549231474561370e+00
2.441898079864093685e+00
2.449259122769378738e+00
2.456632871585608502e+00
2.464019623392507796e+00
2.471419552808902242e+00
2.478833272448595970e+00
2.486261074586008313e+00
2.493703155516763470e+00
2.501160138585875270e+00
2.508632282773039179e+00
2.516119773059923848e+00
2.523623147235258379e+00
2.531142613697102028e+00
2.538678311015508005e+00
2.546230615099374983e+00
2.553799678038545462e+00
2.561385565035573020e+00
2.568988448434292859e+00
2.576608428335025902e+00
2.584245483426641954e+00
2.591899580210329290e+00
2.599570778657025905e+00
2.607258973255932144e+00
2.614963959029936280e+00
2.622685772372232105e+00
2.630424240022565474e+00
2.638179048779404567e+00
2.645950229905458251e+00
2.653737569760740822e+00
2.661540728531767819e+00
2.669359750180542168e+00
2.677194414766422170e+00
2.685044444259671703e+00
2.692909910441864341e+00
2.700790623326218221e+00
2.708686450562839187e+00
2.716597502594339186e+00
2.724523653449768101e+00
2.732464985929638601e+00
2.740421654736653778e+00
2.748393625962680886e+00
2.756381244901389582e+00
2.764384710567488579e+00
2.772404100184914899e+00
2.780440041937584983e+00
2.788492774011613218e+00
2.796562493002643368e+00
2.804650101889295311e+00
2.812755868639186030e+00
2.820880106046457669e+00
2.829023957052095639e+00
2.837187707152302618e+00
2.845371771464118904e+00
2.853577476015581649e+00
2.861805110340382097e+00
2.870055169171660037e+00
2.878329089604325208e+00
2.886627152112020145e+00
2.894949902252450968e+00
2.903298809126742430e+00
2.911674132862922537e+00
2.920076438191148593e+00
2.928507148325895315e+00
2.936966494609638989e+00
2.945455029690329685e+00
2.953974061456317912e+00
2.962523787421727395e+00
2.971104720173319169e+00
2.979717996857541351e+00
2.988363779570209378e+00
2.997042518315675697e+00
3.005755141505734418e+00
3.014501777303137953e+00
3.023282797376867226e+00
3.032098901974319194e+00
3.040950189192339170e+00
3.049836943795817046e+00
3.058759636119248615e+00
3.067718339578345166e+00
3.076713250281179146e+00
3.085744622147391869e+00
3.094812509921802235e+00
3.103917025167544974e+00
3.113058230725758602e+00
3.122236168504617826e+00
3.131450874203566936e+00
3.140702252950485995e+00
3.149990338845073179e+00
3.159315103561736393e+00
3.168676332174104715e+00
3.178074054775783974e+00
3.187508192661880013e+00
3.196978449472297701e+00
3.206484853664162582e+00
3.216027290428445706e+00
3.225605418798346502e+00
3.235219266512606939e+00
3.244868696602358327e+00
3.254553356395285757e+00
3.264273272508303680e+00
3.274028298676853410e+00
3.283818097950397696e+00
3.293642694333755117e+00
3.303501943477571867e+00
3.313395545069484083e+00
3.323323518222549122e+00
3.333285729624241966e+00
3.343281929410159226e+00
3.353312129057617330e+00
3.363376212997629011e+00
3.373473988319733774e+00
3.383605455981713916e+00
3.393770522229913045e+00
3.403969050498779847e+00
3.414201028504894708e+00
3.424466385648541777e+00
3.434765034566407582e+00
3.445096947436596224e+00
3.455462075470726813e+00
3.465860367810264631e+00
3.476291779430774387e+00
3.486756279562101213e+00
3.497253836955318107e+00
3.507784388497213968e+00
3.518347915616233834e+00
3.528944387254702164e+00
3.539573722174613746e+00
3.550235906764808380e+00
3.560930890098148893e+00
3.571658573622183752e+00
3.582418940782173156e+00
3.593211902008069725e+00
3.604037343009868000e+00
3.614895236549470869e+00
3.625785438717244347e+00
3.636707821678998531e+00
3.647662340755722266e+00
3.658648786531701003e+00
3.669667020229660626e+00
3.680716974662390228e+00
3.691798369215231190e+00
3.702911056926842193e+00
3.714054945230738980e+00
3.725229682405970077e+00
3.736435115955680786e+00
3.747671127493087173e+00
3.758937299702790114e+00
3.770233476830215924e+00
3.781559516583513414e+00
3.792914945981912922e+00
3.804299607695554197e+00
3.815713339425212070e+00
3.827155625363801050e+00
3.838626307530642823e+00
3.850125208876455485e+00
3.861651784707745616e+00
3.873205876479543175e+00
3.884787298226589858e+00
3.896395489545875890e+00
3.908030290591820499e+00
3.919691512063794736e+00
3.931378588599206747e+00
3.943091357603725200e+00
3.954829631010777558e+00
3.966592845579009818e+00
3.978380834001049582e+00
3.990193412424355213e+00
4.002030022475589810e+00
4.013890489911166704e+00
4.025774636161762565e+00
4.037681906112160490e+00
4.049612116387405258e+00
4.061565092831240342e+00
4.073540278206886356e+00
4.085537478120898847e+00
4.097556520274273417e+00
4.109596837234140487e+00
4.121658222246459502e+00
4.133740501111144106e+00
4.145843086805197863e+00
4.157965759581176535e+00
4.170108339004263698e+00
4.182270209204270728e+00
4.194451137588628420e+00
4.206650933248638147e+00
4.218868943668899085e+00
4.231104924314006865e+00
4.243358670268079891e+00
4.255629487041503900e+00
4.267917119693191985e+00
4.280221346941424976e+00
4.292541430043632644e+00
4.304877105633032386e+00
4.317228135147904489e+00
4.329593736474042664e+00
4.341973640004032298e+00
4.354367590476011074e+00
4.366774766112487605e+00
4.379194893203931294e+00
4.391627701703109565e+00
4.404072336017720524e+00
4.416528520193454099e+00
4.428995972320236341e+00
4.441473810066262295e+00
4.453961756617725420e+00
4.466459521695886004e+00
4.478966203535796886e+00
4.491481525249061413e+00
4.504005191776274231e+00
4.516536288515538899e+00
4.529074538632673175e+00
4.541619645514540338e+00
4.554170686834621229e+00
4.566727385302859155e+00
4.579289445240237733e+00
4.591855939694753808e+00
4.604426589854238472e+00
4.617001102458566208e+00
4.629578546768609471e+00
4.642158640961527638e+00
4.654741094547220293e+00
4.667324971609313700e+00
4.679909985570935405e+00
4.692495847932792508e+00
4.705081614262504708e+00
4.717666991412108324e+00
4.730251691087510757e+00
4.742834755524256707e+00
4.755415883288910628e+00
4.767994783720027385e+00
4.780570480023158986e+00
4.793142661022902651e+00
4.805711030615126056e+00
4.818274587044147239e+00
4.830833008315784660e+00
4.843385989621014076e+00
4.855932498713932510e+00
4.868472202164904061e+00
4.881004783327149710e+00
4.893529174904569068e+00
4.906045031911507870e+00
4.918552023149072028e+00
4.931049043135226739e+00
4.943535735696474198e+00
4.956011753026543509e+00
4.968475950061472801e+00
4.980927960250951081e+00
4.993367417961885657e+00
5.005793139053796637e+00
5.018204747776392693e+00
5.030601860390325086e+00
5.042983256091525313e+00
5.055348551373487709e+00
5.067697345079777982e+00
5.080028383922846835e+00
5.092341278239730151e+00
5.104635611070270862e+00
5.116910102321429399e+00
5.129164357816322628e+00
5.141397947217677178e+00
5.153609570429252607e+00
5.165798830338714787e+00
5.177965286304743842e+00
5.190107625705840277e+00
5.202225449915748534e+00
5.214318311499288150e+00
5.226384892972926188e+00
5.238424795388011646e+00
5.250437568226339557e+00
5.262421896494373641e+00
5.274377381833190270e+00
5.286303574306887576e+00
5.298199167985952585e+00
5.310063765710448358e+00
5.321896921508529665e+00
5.333697343908183619e+00
5.345464637257450136e+00
5.357198362434195893e+00
5.368897246329363604e+00
5.380560894834548691e+00
5.392188877896132659e+00
5.403779942996624008e+00
5.415333697381285560e+00
5.426849721500716761e+00
5.438326783925827357e+00
5.449764492903905300e+00
5.461162439989571737e+00
5.472519413689661327e+00
5.483835022813448923e+00
5.495108869797469708e+00
5.506339760493843549e+00
5.517527303821545992e+00
5.528671112133085153e+00
5.539770004916642954e+00
5.550823590807858920e+00
5.561831490499318242e+00
5.572792532684355926e+00
5.583706325442181928e+00
5.594572495795364198e+00
5.605389876926269999e+00
5.616158076248950692e+00
5.626876724871888946e+00
5.637544655900391000e+00
5.648161476163715555e+00
5.658726818583591722e+00
5.669239512166959649e+00
5.679699163431423337e+00
5.690105405002508832e+00
5.700457058633112695e+00
5.710753730978865406e+00
5.720995052584573415e+00
5.731179835882301177e+00
5.741307688258928010e+00
5.751378236838299962e+00
5.761390283867410034e+00
5.771343438155921213e+00
5.781237322581328719e+00
5.791070729547631579e+00
5.800843270025784371e+00
5.810554562356436747e+00
5.820203390554708811e+00
5.829789368486472334e+00
5.839312110174280868e+00
5.848770393637529708e+00
5.858163836319353557e+00
5.867492048588631270e+00
5.876753805575727796e+00
5.885948728895353810e+00
5.895076426282614079e+00
5.904135673548217333e+00
5.913126096960698241e+00
5.922047302892145204e+00
5.930898071615643197e+00
5.939678034413607755e+00
5.948386797709274809e+00
5.957023150005375633e+00
5.965586727839624182e+00
5.974077139143503246e+00
5.982493184213315551e+00
5.990834504979940967e+00
5.999100712297315674e+00
6.007290621475047665e+00
6.015403879895611539e+00
6.023440102639696647e+00
6.031398122815878615e+00
6.039277593266526800e+00
6.047078134447374076e+00
6.054798599575581086e+00
6.062438646943032694e+00
6.069997903346489920e+00
6.077475243945314354e+00
6.084870332481506772e+00
6.092182802868290281e+00
6.099411553597398061e+00
6.106556253898450137e+00
6.113616545391976409e+00
6.120591350904894590e+00
6.127480345248639715e+00
6.134283178174172235e+00
6.140998797529191755e+00
6.147626883870866088e+00
6.154167095360075557e+00
6.160618405310366086e+00
6.166980500264059195e+00
6.173253046956237888e+00
6.179435044447835423e+00
6.185526185580472180e+00
6.191526145742820120e+00
6.197433949934122666e+00
6.203249297677853491e+00
6.208971873040977307e+00
6.214600727127398194e+00
6.220135566582598585e+00
6.225576084150932665e+00
6.230921357239739500e+00
6.236171100100542652e+00
6.241325014155115980e+00
6.246382203392272459e+00
6.251342390182064612e+00
6.256205284647889719e+00
6.260970017752824468e+00
6.265636320510391322e+00
6.270203911813069020e+00
6.274671950128976938e+00
6.279040175636971810e+00
6.283308316123211057e+00
6.287475558239890461e+00
6.291541651835516724e+00
6.295506333779777641e+00
6.299368819732908520e+00
6.303128869687134817e+00
6.306786229852378689e+00
6.310340145849212767e+00
6.313790388246602880e+00
6.317136712913370644e+00
6.320378396481975081e+00
6.323515220481795929e+00
6.326546950809888159e+00
6.329472896221985501e+00
6.332292849536606205e+00
6.335006587082144591e+00
6.337613450862709108e+00
6.340113245256623564e+00
6.342505757439954373e+00
6.344790363754792217e+00
6.346966880351882168e+00
6.349035105661864797e+00
6.350994451372184990e+00
6.352844745563287709e+00
6.354585798295715904e+00
6.356217057487904221e+00
6.357738363257269043e+00
6.359149537618702830e+00
6.360450065458078228e+00
6.361639798994443318e+00
6.362718572456615540e+00
6.363685908272571190e+00
6.364541670794430672e+00
6.365285706652074715e+00
6.365917576233111497e+00
6.366437156030824163e+00
6.366844305191194486e+00
6.367138622342470633e+00
6.367319996114059855e+00
6.367388298218634723e+00
6.367343165703950980e+00
6.367184499326651093e+00
6.366912183366447486e+00
6.366525893410372561e+00
6.366025542337639287e+00
6.365411026963522012e+00
6.364682061521442336e+00
6.363838571018420431e+00
6.362880464762611155e+00
6.361807495770949394e+00
6.360619601197285533e+00
6.359316702808231803e+00
6.357898592604882104e+00
6.356365219922268217e+00
6.354716518975446427e+00
6.352952321033357386e+00
6.351072587661800384e+00
6.349077265549266436e+00
6.346966225602418632e+00
6.344739441681370273e+00
6.342396873012194902e+00
6.339938430582101603e+00
6.337364100621409868e+00
6.334673854994385067e+00
6.331867645257830191e+00
6.328945470098767068e+00
6.325907314148889959e+00
6.322753170033744929e+00
6.319483048993389751e+00
6.316096948572926806e+00
6.312594902937168406e+00
6.308976935985007195e+00
6.305243058324804473e+00
6.301393346067068357e+00
6.297427835885023306e+00
6.293346551592400751e+00
6.289149611561321684e+00
6.284837065364659914e+00
6.280408950147685410e+00
6.275865426755946608e+00
6.271206557796470626e+00
6.266432393852788607e+00
6.261543138352443805e+00
6.256538867077707344e+00
6.251419644139459386e+00
6.246185715566130447e+00
6.240837170458178207e+00
6.235374086531037641e+00
6.229796752366424606e+00
6.224105270519737054e+00
6.218299732384861223e+00
6.212380469009186612e+00
6.206347596523062116e+00
6.200201220077680375e+00
6.193941713082494083e+00
6.187569205332994038e+00
6.181083815827246752e+00
6.174485960232396486e+00
6.167775782055326950e+00
6.160953414241832071e+00
6.154019314613806024e+00
6.146973640378045722e+00
6.139816538534348389e+00
6.132548508944690724e+00
6.125169722435138020e+00
6.117680340158137220e+00
6.110080903862093571e+00
6.102371597835009709e+00
6.094552597453983367e+00
6.086624486123188404e+00
6.078587461356618427e+00
6.070441712778354315e+00
6.062187865098113804e+00
6.053826128745718904e+00
6.045356707541050589e+00
6.036780266989783428e+00
6.028097030064009765e+00
6.019307214633736969e+00
6.010411526301836282e+00
6.001410200162280439e+00
5.992303467880330636e+00
5.983092074254571457e+00
5.973776266054385609e+00
5.964356288370482595e+00
5.954832924099654257e+00
5.945206431236706557e+00
5.935477067818279551e+00
5.925645653573325511e+00
5.915712457290733362e+00
5.905677749379781183e+00
5.895542385013309961e+00
5.885306643380513236e+00
5.874970806621992558e+00
5.864535763903563570e+00
5.854001804472371617e+00
5.843369221523314394e+00
5.832638936767705395e+00
5.821811249226570339e+00
5.810886462472272029e+00
5.799865529381342810e+00
5.788748758522675786e+00
5.777536463204191897e+00
5.766229626208740910e+00
5.754828565477719593e+00
5.743333603477691618e+00
5.731745751798253963e+00
5.720065337615248602e+00
5.708292692064130591e+00
5.696428854618738491e+00
5.684474161571329454e+00
5.672428952335696550e+00
5.660294293521012321e+00
5.648070530418784152e+00
5.635758010431151099e+00
5.623357826704289408e+00
5.610870333394005094e+00
5.598295885692672336e+00
5.585635602797220933e+00
5.572889847558989196e+00
5.560058982837344566e+00
5.547144153457767679e+00
5.534145730752546122e+00
5.521064085177292746e+00
5.507900386776518609e+00
5.494655015096196138e+00
5.481328348144903551e+00
5.467921580741092136e+00
5.454435100322901242e+00
5.440869292411601776e+00
5.427225376078549601e+00
5.413503746281739915e+00
5.399704795996316697e+00
5.385829767920831124e+00
5.371879064117265123e+00
5.357853084920766840e+00
5.343753095910751760e+00
5.329579505804025175e+00
5.315332722155855727e+00
5.301014032556442324e+00
5.286623851906493421e+00
5.272162594790649415e+00
5.257631569823634443e+00
5.243031197609231420e+00
5.228361899520153067e+00
5.213625004108941141e+00
5.198820937202627057e+00
5.183950126674747416e+00
5.169013919848954863e+00
5.154012747306022213e+00
5.138947043094488798e+00
5.123818172084662059e+00
5.108626569159031128e+00
5.093372674185662419e+00
5.078057868320388302e+00
5.062682590317985287e+00
5.047247285489910418e+00
5.031753349997959646e+00
5.016201226065223118e+00
5.000591364058075250e+00
4.984925173860426995e+00
4.969203100786073968e+00
4.953425599862394613e+00
4.937594093416939778e+00
4.921709029502277843e+00
4.905770867412622138e+00
4.889781040651255850e+00
4.873739999681287571e+00
4.857648207672585094e+00
4.841507108048344499e+00
4.825317153374550472e+00
4.809078810310102092e+00
4.792793530952636161e+00
4.776461769680024894e+00
4.760083996258072325e+00
4.743661670219598392e+00
4.727195247475565409e+00
4.710685200519533211e+00
4.694132995080641635e+00
4.677539088331452710e+00
4.660903955114457986e+00
4.644229066109706316e+00
4.627514879482133914e+00
4.610761872041042153e+00
4.593971518158050493e+00
4.577144276718538407e+00
4.560280626108894175e+00
4.543382043111882318e+00
4.526448987054027207e+00
4.509481937496842896e+00
4.492482372326469964e+00
4.475450751019931062e+00
4.458387553895059696e+00
4.441294258601776512e+00
4.424171324462392363e+00
4.407019232111404783e+00
4.389839457589142846e+00
4.372632459741425670e+00
4.355398719055881607e+00
4.338139708557541496e+00
4.320855886276513402e+00
4.303547732064803455e+00
4.286216714499469838e+00
4.268863290438700275e+00
4.251487938585515991e+00
4.234092121619045024e+00
4.216676294853985318e+00
4.199240935309402012e+00
4.181787498313068063e+00
4.164316437251913250e+00
4.146828226909916815e+00
4.129324313823983239e+00
4.111805149059756026e+00
4.094271204606547698e+00
4.076723916804788850e+00
4.059163733999890056e+00
4.041591124828172177e+00
4.024007514082899917e+00
4.006413346988963120e+00
3.988809088283449711e+00
3.971196149937245234e+00
3.953574973656882374e+00
3.935946019757442738e+00
3.918310686205920490e+00
3.900669410798534908e+00
3.883022648940018140e+00
3.865371783520001880e+00
3.847717248041123472e+00
3.830059492553536060e+00
3.812399883913367926e+00
3.794738850957277254e+00
3.777076837988383673e+00
3.759415194993826148e+00
3.741754345784346736e+00
3.724094728580508828e+00
3.706437675782936481e+00
3.688783605829990986e+00
3.671132950583309906e+00
3.653487024249043813e+00
3.635846239560833748e+00
3.618211021803667382e+00
3.600582666477438298e+00
3.582961580293344550e+00
3.565348181797235227e+00
3.547743747350237786e+00
3.530148677338381002e+00
3.512563383455571397e+00
3.494989122551544813e+00
3.477426288400009557e+00
3.459875285772204823e+00
3.442337351673710355e+00
3.424812872994837054e+00
3.407302247546916352e+00
3.389806692178561232e+00
3.372326586642550694e+00
3.354862321776947098e+00
3.337415093962414314e+00
3.319985275577796102e+00
3.302573250488715306e+00
3.285180194282702804e+00
3.267806471746913299e+00
3.250452459780047487e+00
3.233119312824018987e+00
3.215807387875945889e+00
3.198517054868907028e+00
3.181249446709479844e+00
3.164004912426426674e+00
3.146783814976314986e+00
3.129587265296821297e+00
3.112415604290414972e+00
3.095269187907300434e+00
3.078149104635659494e+00
3.061055687114178525e+00
3.043989284232590631e+00
3.026950961502183901e+00
3.009941043180445419e+00
2.992959871014788664e+00
2.976008486968843680e+00
2.959087206820997462e+00
2.942196365064968067e+00
2.925336979509285840e+00
2.908509357373814996e+00
2.891713825758066125e+00
2.874951377680718512e+00
2.858222311740935329e+00
2.841526947476512799e+00
2.824866252466122329e+00
2.808240516641665518e+00
2.791650051788776121e+00
2.775095799394009077e+00
2.758578040689272370e+00
2.742097079500099621e+00
2.725653830581304948e+00
2.709248566443852368e+00
2.692881582734185653e+00
2.676553766862683759e+00
2.660265382607909235e+00
2.644016717214185963e+00
2.627808630175088478e+00
2.611641376532479519e+00
2.595515234908287727e+00
2.579431036358906137e+00
2.563389027189891589e+00
2.547389477189519358e+00
2.531433188517666188e+00
2.515520398746296848e+00
2.499651368632977100e+00
2.483826871048934404e+00
2.468047134835347212e+00
2.452312411540089609e+00
2.436623444423940299e+00
2.420980453598287951e+00
2.405383681242814209e+00
2.389833840756756089e+00
2.374331143519443632e+00
2.358875822205515504e+00
2.343468560170326231e+00
2.328109560054719029e+00
2.312799044913139923e+00
2.297537667940012351e+00
2.282325623026819184e+00
2.267163123513796563e+00
2.252050792378304411e+00
2.236988814747599807e+00
2.221977394173853870e+00
2.207017123417783111e+00
2.192108178824576648e+00
2.177250754103825958e+00
2.162445411852547128e+00
2.147692319614677103e+00
2.132991661221530943e+00
2.118343969208674071e+00
2.103749402300344684e+00
2.089208134432618991e+00
2.074720668228875464e+00
2.060287153578224562e+00
2.045907754523759614e+00
2.031582943971305788e+00
2.017312862964892872e+00
2.003097665676932149e+00
1.988937795534530872e+00
1.974833384734523856e+00
1.960784577621964564e+00
1.946791788427204350e+00
1.932855140507737657e+00
1.918974768446539025e+00
1.905151057600855680e+00
1.891384122508485532e+00
1.877674088078180148e+00
1.864021311157308958e+00
1.850425897496847272e+00
1.836887962441796418e+00
1.823407834729550814e+00
1.809985611371338621e+00
1.796621398280900950e+00
1.783315496518388832e+00
1.770067994417092061e+00
1.756878988612690540e+00
1.743748752948943270e+00
1.730677367157910540e+00
1.717664918769068905e+00
1.704711654893390715e+00
1.691817646753092097e+00
1.678982972959337516e+00
1.666207854390890475e+00
1.653492353865655629e+00
1.640836541277276517e+00
1.628240611783940972e+00
1.615704619918161278e+00
1.603228627066336953e+00
1.590812803182949819e+00
1.578457194646475381e+00
1.566161854552279520e+00
1.553926928167848720e+00
1.541752453860306460e+00
1.529638476652563694e+00
1.517585117636894632e+00
1.505592407321908466e+00
1.493660382875646730e+00
1.481789141717986036e+00
1.469978706660796108e+00
1.458229107230759380e+00
1.446540417666152045e+00
1.434912653251572578e+00
1.423345836079079829e+00
1.411840017682115755e+00
1.400395205993963055e+00
1.389011415869853883e+00
1.377688676600210771e+00
1.366426988948298282e+00
1.355226360719769874e+00
1.344086799409147659e+00
1.333008298795270052e+00
1.321990859809903496e+00
1.311034468585543289e+00
1.300139112105495487e+00
1.289304784591495556e+00
1.278531451237131744e+00
1.267819092421530458e+00
1.257167695808755647e+00
1.246577206069391819e+00
1.236047597171408885e+00
1.225578850363114203e+00
1.215170890205029330e+00
1.204823684448022014e+00
1.194537208057704580e+00
1.184311365899365365e+00
1.174146119701243718e+00
1.164041438272597206e+00
1.153997207205214703e+00
1.144013382399105438e+00
1.134089926629245459e+00
1.124226706647489138e+00
1.114423672719466518e+00
1.104680781706351977e+00
1.094997881969874021e+00
1.085374918334185201e+00
1.075811841868215213e+00
1.066308483013254094e+00
1.056864781343534121e+00
1.047480682260894191e+00
1.038155998778264477e+00
1.028890665409849303e+00
1.019684622021295617e+00
1.010537664712901407e+00
1.001449723126752733e+00
9.924207317306512621e-01
9.834504702514887953e-01
9.745388636449178188e-01
9.656858411277514653e-01
9.568911666147411621e-01
9.481547605583270366e-01
9.394765470801865748e-01
9.308562748634980899e-01
9.222938600381089813e-01
9.137892217951981699e-01
9.053420941825837120e-01
8.969523891854046527e-01
8.886200212370281015e-01
8.803447103574023602e-01
8.721263645620728200e-01
8.639648937060879774e-01
8.558600043956579029e-01
8.478116008490871325e-01
8.398195885278526562e-01
8.318836612406506070e-01
8.240037195781843016e-01
8.161796647966625962e-01
8.084111785214659340e-01
8.006981578827456758e-01
7.930405001215913297e-01
7.854378752888834248e-01
7.778901772188234753e-01
7.703972993278621617e-01
7.629589006933846784e-01
7.555748720159738419e-01
7.482451030770503886e-01
7.409692425723014564e-01
7.337471782289668454e-01
7.265787963813316042e-01
7.194637359256240705e-01
7.124018817741574194e-01
7.053931169998834960e-01
6.984370712727532293e-01
6.915336268469211012e-01
6.846826637177367836e-01
6.778838028941730487e-01
6.711369241275323416e-01
6.644419045176033212e-01
6.577983569713216072e-01
6.512061588911557397e-01
6.446651846623070448e-01
6.381750396438269357e-01
6.317355990422210965e-01
6.253467347087490191e-01
6.190080450052416472e-01
6.127194030940606995e-01
6.064806784735615741e-01
6.002914630562772302e-01
5.941516281112541042e-01
5.880610409659184912e-01
5.820192876286983674e-01
5.760262376251751304e-01
5.700817562950284412e-01
5.641854242842032630e-01
5.583371095236608905e-01
5.525366755496138316e-01
5.467836981818984254e-01
5.410780439046173340e-01
5.354195746353711538e-01
5.298078618965965658e-01
5.242427708720951429e-01
5.187241620453524327e-01
5.132516031594877015e-01
5.078249582431847431e-01
5.024440865286666780e-01
4.971085524839307102e-01
4.918182191261565861e-01
4.865729446159510752e-01
4.813722906332595919e-01
4.762161193255583513e-01
4.711042879565743302e-01
4.660363558852218535e-01
4.610121845289998910e-01
4.560316304228750339e-01
4.510942510493637925e-01
4.461999072333625027e-01
4.413484549410207070e-01
4.365394501991876619e-01
4.317727533748914048e-01
4.270482200159446129e-01
4.223654050898137391e-01
4.177241686374679186e-01
4.131243659285115388e-01
4.085655512433417069e-01
4.040475844254735605e-01
3.995703205956728232e-01
3.951333136970673898e-01
3.907364235008645714e-01
3.863795050976888135e-01
3.820621124230106358e-01
3.777841052971842584e-01
3.735453388893102411e-01
3.693453674395953956e-01
3.651840509350929853e-01
3.610612447229648025e-01
3.569765036466848174e-01
3.529296879734920567e-01
3.489206533205384542e-01
3.449489554227097021e-01
3.410144549366921907e-01
3.371170078355396615e-01
3.332561710265657395e-01
3.294318056608394052e-01
3.256437681489192659e-01
3.218916168472559791e-01
3.181752135018196537e-01
3.144944150396398741e-01
3.108487815408458865e-01
3.072381754423583744e-01
3.036624542654923209e-01
3.001211800877578439e-01
2.966142161285766354e-01
2.931414205814076857e-01
2.897023577944436989e-01
2.862968918566591858e-01
2.829248817123855564e-01
2.795858942529704794e-01
2.762797945195253346e-01
2.730064422872557350e-01
2.697654072611043730e-01
2.665565555124924657e-01
2.633797477287666555e-01
2.602345566950394207e-01
2.571208495868966826e-01
2.540384880859543060e-01
2.509870483179585388e-01
2.479663986323119296e-01
2.449764017871671751e-01
2.420166375008066251e-01
2.390869753620427363e-01
2.361872792870159665e-01
2.333171328274615819e-01
2.304764068733058113e-01
2.276649665782121967e-01
2.248823995551172128e-01
2.221285780530497800e-01
2.194033685397002442e-01
2.167063629019941873e-01
2.140374348025286810e-01
2.113964520954361437e-01
2.087830111381961673e-01
2.061969870580986630e-01
2.036382491631454628e-01
2.011063984610376165e-01
1.986013115917107663e-01
1.961228593787911478e-01
1.936706476428939894e-01
1.912445545815337766e-01
1.888444525896119941e-01
1.864699524468579617e-01
1.841209339503984410e-01
1.817972711157942456e-01
1.794985798125589838e-01
1.772247414766502382e-01
1.749756317875051093e-01
1.727508718208850824e-01
1.705503446880399510e-01
1.683739277696550130e-01
1.662212474515724348e-01
1.640921885540530811e-01
1.619866301910751205e-01
1.599042041514433243e-01
1.578447969954036301e-01
1.558082895975902715e-01
1.537943192333819653e-01
1.518027742312116624e-01
1.498335372497796303e-01
1.478862511269531110e-01
1.459608059847483652e-01
1.440570862861430268e-01
1.421747405011004051e-01
1.403136605677788307e-01
1.384737327711819677e-01
1.366546112778256605e-01
1.348561898617164634e-01
1.330783566458484113e-01
1.313207715534898401e-01
1.295833302113607588e-01
1.278659225952175904e-01
1.261682144416597928e-01
1.244901032441922267e-01
1.228314808454045171e-01
1.211920188485689637e-01
1.195716166253427276e-01
1.179701678989001357e-01
1.163873501894511359e-01
1.148230647556085920e-01
1.132772072148305470e-01
1.117494610514212922e-01
1.102397294173717152e-01
1.087479098382312936e-01
1.072736918062465183e-01
1.058169803710573148e-01
1.043776749802738518e-01
1.029554711742815404e-01
1.015502759027489404e-01
1.001619905494328805e-01
9.879031673892363363e-02
9.743516332169255278e-02
9.609643363169566299e-02
9.477383540905377768e-02
9.346727940449794936e-02
9.217667091595184437e-02
9.090172382489991598e-02
8.964235078074789254e-02
8.839845905850696184e-02
8.716976870046089232e-02
8.595619425230409394e-02
8.475764497812236786e-02
8.357384709296772352e-02
8.240471703582082086e-02
8.125016607008482550e-02
8.010992658685155143e-02
7.898391691487949284e-02
7.787205032464461496e-02
7.677406537648744089e-02
7.568988228495147907e-02
7.461941633198974910e-02
7.356241222890176623e-02
7.251879207146270934e-02
7.148847315319915852e-02
7.047120630518526052e-02
6.946691549914132957e-02
6.847552003495795125e-02
6.749677681821820985e-02
6.653061169030775879e-02
6.557694594600889382e-02
6.463554250531385048e-02
6.370632907167411707e-02
6.278922891622491786e-02
6.188401089839055264e-02
6.099060457440747679e-02
6.010893516564586037e-02
5.923877738207988103e-02
5.838006262140791464e-02
5.753271802147637975e-02
5.669652404230620529e-02
5.587141390937624269e-02
5.505731663615398563e-02
5.425401832442958844e-02
5.346145401118872903e-02
5.267955453885948131e-02
5.190811154048449033e-02
5.114706184558268781e-02
5.039633807519483533e-02
4.965573728805356551e-02
4.892519808457823638e-02
4.820465481334467589e-02
4.749390986674718179e-02
4.679290359202659816e-02
4.610157201718589198e-02
4.541972279923237044e-02
4.474729800609785618e-02
4.408423530430289478e-02
4.343034757892624831e-02
4.278557859099122590e-02
4.214986761625868356e-02
4.152303277245728008e-02
4.090501948540960220e-02
4.029576862669590614e-02
3.969510359897641949e-02
3.910297146487596437e-02
3.851931469778404477e-02
3.794396208873673793e-02
3.737686231069081016e-02
3.681795946668977443e-02
3.626708789018900231e-02
3.572419784105900636e-02
3.518923510268163329e-02
3.466203975046065061e-02
3.414256361270017609e-02
3.363075422598030967e-02
3.312645764300329448e-02
3.262962724928439306e-02
3.214021242734278055e-02
3.165806546476258171e-02
3.118314130311397245e-02
3.071539127980085770e-02
3.025467418085359475e-02
2.980094651612501255e-02
2.935416169844616216e-02
2.891418526472737394e-02
2.848097532249176111e-02
2.805448748718590915e-02
2.763459427207998545e-02
2.722125543300138450e-02
2.681442891718069724e-02
2.641399440043959088e-02
2.601991336291135937e-02
2.563214621092514342e-02
2.525057992280572636e-02
2.487517780808748760e-02
2.450590285500195767e-02
2.414264943770880537e-02
2.378538283203669376e-02
2.343406872497677887e-02
2.308860893949615800e-02
2.274897088722417637e-02
2.241512306426831150e-02
2.208697476645547775e-02
2.176449574107615706e-02
2.144765739676469593e-02
2.113637651057529224e-02
2.083062538875697992e-02
2.053037844734459730e-02
2.023555994670468705e-02
1.994614498514332007e-02
1.966211106793324184e-02
1.938338993206053726e-02
1.910995968788896729e-02
1.884180098901985442e-02
1.857885300880786697e-02
1.832109704151164281e-02
1.806851690767807481e-02
1.782105908405533581e-02
1.757870812236121336e-02
1.734145095931514599e-02
1.710924104339535054e-02
1.688206609175239500e-02
1.665991599384456998e-02
1.644275047641630128e-02
1.623056007952802457e-02
1.602333730916257262e-02
1.582104688999941278e-02
1.562368149226178553e-02
1.543123565170519650e-02
1.524367694185176786e-02
1.506099901299169479e-02
1.488319750025772319e-02
1.471023948934162100e-02
1.454211790205073296e-02
1.437882809736337579e-02
1.422033183216840461e-02
1.406661895779501466e-02
1.391768263974696267e-02
1.377347270670918784e-02
1.363397294131542953e-02
1.349917178525029092e-02
1.336899866957371591e-02
1.324342771242258653e-02
1.312243946995765749e-02
1.300593275731078309e-02
1.289386800127626138e-02
1.278621414478556956e-02
1.268282785617067497e-02
1.258365170329722553e-02
1.248863889693374411e-02
1.239759191851611680e-02
1.231043158231909414e-02
1.222709114831240472e-02
1.214730754135315456e-02
1.207097672887515009e-02
1.199800808389610111e-02
1.192806383719443968e-02
1.186101349158230449e-02
1.179673929823880398e-02
1.173482401759711087e-02
1.167511155060181431e-02
1.161745497831999895e-02
1.156136065703810417e-02
1.150665201012064480e-02
1.145315323634567110e-02
1.140031154345118834e-02
1.134794193780094655e-02
1.129584539257903232e-02
1.124344949975961995e-02
1.119058145777245689e-02
1.113703467098650646e-02
1.108227973235345436e-02
1.102618160220661392e-02
1.096854189090897512e-02
1.090892252698532315e-02
1.084726025614217611e-02
1.078329690355477044e-02
1.071686760032634043e-02
1.064819956402444749e-02
1.057721673405664746e-02
1.050532855878249898e-02
1.043329859887410366e-02
1.036273865838353327e-02
1.029557956602222303e-02
1.023077796257959408e-02
1.016949758168458721e-02
1.010423111134818933e-02
1.003014578938052001e-02
9.941569661301443220e-03
9.827120345193385981e-03
9.686381068758230864e-03
9.516162552076393166e-03
9.320041437713845467e-03
9.100156866243878581e-03
8.859803066820333417e-03
8.597190781594430883e-03
8.308616593511888512e-03
7.987328151949427135e-03
7.623042446104380011e-03
7.225246648321886900e-03
6.767473591381232591e-03
6.267668304499033304e-03
5.800490454025239440e-03
5.220604111436735056e-03
4.592033432465195304e-03
4.438906258936249453e-03
3.776012620507777570e-03
2.788760034491569260e-03
5.855431963708002639e-03
