2.646683564080139155e-05
6.166632114914387938e-06
1.115456740381492735e-05
1.255068179356998402e-05
1.168750342771355681e-05
1.314777956104046404e-05
1.463212332057347937e-05
1.589335105658881968e-05
1.756930192818653770e-05
1.938500702991922375e-05
2.130578308828004927e-05
2.342008018869580130e-05
2.569452243561018260e-05
2.811452559150214326e-05
3.068796741368766390e-05
3.340857153535870867e-05
3.625821473321558128e-05
3.923282232196216487e-05
4.232662667980754902e-05
4.551762686582060949e-05
4.880075158963185356e-05
5.216828240080953694e-05
5.560096896522250123e-05
5.909722394058203424e-05
6.264933855311704853e-05
6.624892609075355590e-05
6.989910005630886277e-05
7.359492082255687697e-05
7.734414983124514526e-05
8.115429756369009430e-05
8.502572722897119514e-05
8.898216857599853407e-05
9.303250746771623159e-05
9.718365950183296758e-05
1.014643581093594029e-04
1.058781597762452451e-04
1.104352067160435159e-04
1.151470595579360303e-04
1.200058857161080553e-04
1.250163852555315886e-04
1.301556439937124048e-04
1.354070296179316556e-04
1.407629942366764731e-04
1.461755730587583669e-04
1.516316127696370867e-04
1.571151886160966616e-04
1.625880346605500877e-04
1.680518395625735500e-04
1.734950561948816116e-04
1.789195893549061988e-04
1.843415439498591703e-04
1.897635516262754932e-04
1.952277083161058481e-04
2.007536967003058931e-04
2.063568089560724992e-04
2.120931024694572124e-04
2.179752524858496370e-04
2.240216108337837568e-04
2.302748008899840090e-04
2.367377989105427761e-04
2.434234417683111857e-04
2.503507952910854150e-04
2.575172112366502092e-04
2.649277666275365512e-04
2.725844448798721222e-04
2.804842610172029213e-04
2.886273565846372109e-04
2.970103763185367204e-04
3.056327450357914331e-04
3.144935600527064669e-04
3.235920829858438788e-04
3.329301820716016637e-04
3.425082315511053781e-04
3.523302600448101579e-04
3.623994659247059460e-04
3.727179582559912697e-04
3.832932039468568979e-04
3.941287456454857225e-04
4.052279040098969169e-04
4.165994780351219852e-04
4.282468747586300802e-04
4.401739475925446621e-04
4.523892673111847788e-04
4.648959766834499362e-04
4.776979739099219101e-04
4.908027418718818868e-04
5.042131490711051697e-04
5.179328486408945643e-04
5.319678057878103345e-04
5.463206013742776196e-04
5.609944585957926232e-04
5.759935887808706424e-04
5.913202465678038229e-04
6.069770780845230862e-04
6.229664045727434417e-04
6.392901104513105731e-04
6.559501353810737352e-04
6.729468764732831699e-04
6.902818242330461271e-04
7.079561094057645410e-04
7.259683114697995090e-04
7.443195450110703590e-04
7.630100767926024973e-04
7.820369580031136377e-04
8.014010035818703486e-04
8.211016307204370033e-04
8.411348675945764771e-04
8.615013756960062915e-04
8.821998257339706351e-04
9.032259614589111972e-04
9.245805123214060435e-04
9.462616075319201696e-04
9.682656754243443298e-04
9.905938074879746050e-04
1.013243902952900210e-03
1.036214248630425204e-03
1.059506654086730514e-03
1.083119200963916524e-03
1.107053366021105772e-03
1.131312077009836645e-03
1.155894094932030962e-03
1.180805510792445716e-03
1.206050791799485747e-03
1.231629934037026253e-03
1.257555084751772268e-03
1.283832667965664276e-03
1.310464496685608991e-03
1.337470157095340534e-03
1.364858419256321760e-03
1.392633485109149140e-03
1.420823632802876166e-03
1.449440318910175151e-03
1.478490661273512566e-03
1.508012696803102829e-03
1.538020845304582376e-03
1.568525591871524315e-03
1.599575574808130346e-03
1.631188381857779550e-03
1.663378218388311203e-03
1.696204925277108172e-03
1.729689389465089268e-03
1.763849778621620797e-03
1.798757498491477917e-03
1.834436797683071342e-03
1.870909935453590267e-03
1.908260025214751458e-03
1.946514680304222344e-03
1.985700276884115861e-03
2.025911591118685282e-03
2.067179557217925165e-03
2.109534607351264048e-03
2.153082987138515200e-03
2.197858874938782466e-03
2.243896636195423597e-03
2.291313686826276091e-03
2.340147354151848359e-03
2.390435780513650889e-03
2.442307189544919589e-03
2.495801957871567837e-03
2.550961843834167065e-03
2.607925493136922009e-03
2.666736240857349102e-03
2.727439323304293398e-03
2.790183436950286616e-03
2.855014805776106331e-03
2.921982052360887813e-03
2.991243601142375228e-03
3.062848528505834542e-03
3.136848815834862580e-03
3.213412371850395220e-03
3.292591132718164244e-03
3.374440486668088893e-03
3.459137688461611654e-03
3.546737594761733680e-03
3.637299128336131740e-03
3.731008877845016364e-03
3.827924741956339593e-03
3.928109382339995542e-03
4.031758848976726463e-03
4.138934269656985472e-03
4.249702316470398665e-03
4.364268773122657180e-03
4.482698251274910839e-03
4.605061757290866004e-03
4.731575224387915383e-03
4.862307070405462450e-03
4.997332994148406121e-03
5.136879632840164397e-03
5.281019600050961688e-03
5.429833661344591299e-03
5.583559850697352063e-03
5.742275436560126400e-03
5.906066627463058688e-03
6.075183698841496449e-03
6.249709111191842185e-03
6.429734888439388348e-03
6.615524582461125569e-03
6.807166478256326814e-03
7.004758791320230514e-03
7.208579645564282268e-03
7.418723905088929482e-03
7.635296380905674807e-03
7.858591427439344176e-03
8.088711398134067546e-03
8.325768172224667571e-03
8.570074478371200732e-03
8.821741257727513941e-03
9.080888053179405825e-03
9.347848712625657017e-03
9.622744070248949802e-03
9.905702108012271606e-03
1.019708120847044770e-02
1.049701359995246740e-02
1.080563670398603134e-02
1.112333749575838970e-02
1.145026123636711836e-02
1.178655602519235006e-02
1.213264195568141378e-02
1.248867897877459221e-02
1.285482730668639079e-02
1.323154478590641940e-02
1.361900754797701514e-02
1.401738943665769600e-02
1.442719024555901182e-02
1.484860336923765102e-02
1.528181769210124746e-02
1.572737800133097719e-02
1.618549535400978096e-02
1.665637470775679571e-02
1.714060696157101299e-02
1.763842028535796830e-02
1.815003605136729717e-02
1.867608973581364948e-02
1.921682491701801401e-02
1.977247871518927544e-02
2.034372648857613389e-02
2.093082427684142890e-02
2.153402301444663422e-02
2.215402996262716070e-02
2.279110951338840160e-02
2.344552308030266319e-02
2.411799897030876202e-02
2.480880494301896874e-02
2.551820820608545481e-02
2.624694540639007159e-02
2.699528231907328754e-02
2.776348619405656637e-02
2.855228914869186244e-02
2.936194998065546138e-02
3.019272970164206191e-02
3.104534517166277971e-02
3.192004449857434312e-02
3.281707644066177848e-02
3.373713684831358001e-02
3.468046178332682972e-02
3.564728303319000813e-02
3.663827787518204177e-02
3.765367248697627789e-02
3.869367950326716571e-02
3.975897161430439614e-02
4.084977192793278616e-02
4.196627566416843286e-02
4.310917959093982926e-02
4.427871612638628607e-02
4.547507015602583746e-02
4.669900814870086431e-02
4.795079017410974753e-02
4.923060445833265381e-02
5.053935026141909842e-02
5.187733908959033663e-02
5.324478351636765389e-02
5.464279370706252165e-02
5.607175998667113248e-02
5.753194734197598220e-02
5.902476340754117534e-02
6.055070486003232694e-02
6.211012237754708759e-02
6.370480472721697096e-02
6.533537769250651051e-02
6.700231227532536804e-02
6.870784363999214717e-02
7.045273900609937134e-02
7.223761981658066711e-02
7.406519748372483725e-02
7.593637773952914560e-02
7.785195096769105538e-02
7.981508567158336620e-02
8.182680608841294556e-02
8.388807187011391997e-02
8.600243694272265149e-02
8.817101039485293612e-02
9.039489996615163170e-02
9.267793402252066937e-02
9.502126933746148085e-02
9.742612188910639015e-02
9.989647772430926276e-02
1.024335169200355916e-01
1.050385163009425749e-01
1.077155482729301728e-01
1.104658236994435078e-01
1.132906445759415126e-01
1.161942012690127118e-01
1.191777903008790079e-01
1.222427386457618920e-01
1.253935328925228909e-01
1.286316613063492598e-01
1.319585320072568790e-01
1.353792580191870154e-01
1.388956613068224322e-01
1.425093516775887414e-01
1.462264961709894562e-01
1.500493903949247643e-01
1.539800163078738904e-01
1.580259975830284880e-01
1.621901848491570097e-01
1.664751105756916427e-01
1.708900575281449841e-01
1.754383915872178290e-01
1.801233158574243320e-01
1.849555876923750508e-01
1.899388785943466329e-01
1.950770481724567740e-01
2.003816203855531830e-01
2.058561801254769064e-01
2.115050327724218582e-01
2.173392174405603672e-01
2.233616974302744806e-01
2.295767949968701427e-01
2.359934128194786374e-01
2.426133103919930756e-01
2.494402204350960883e-01
2.564791674714982372e-01
2.637302132602085125e-01
2.711958256000083778e-01
2.788757413357929593e-01
2.867680606845580682e-01
2.948734016366689192e-01
3.031855626902398293e-01
3.117007531561937772e-01
3.204174177414626512e-01
3.293238200772218849e-01
3.384147102343046942e-01
3.476864267732002189e-01
3.571231996928232455e-01
3.667190401485371787e-01
3.764686754914537414e-01
3.863546348931317653e-01
3.963710372094752521e-01
4.065118381824890936e-01
4.167604915443144376e-01
4.271119851826055691e-01
4.375604923721725381e-01
4.480926325351832218e-01
4.587047401784616896e-01
4.693920859920506783e-01
4.801456963985288873e-01
4.909633249000611710e-01
5.018418644770059611e-01
5.127766360063942264e-01
5.237664770633839728e-01
5.348099209539228793e-01
5.459051537688357492e-01
5.570514759651269410e-01
5.682485702145738671e-01
5.794951764399497440e-01
5.907903560282036226e-01
6.021340962412566888e-01
6.135232009644040474e-01
6.249559312194005178e-01
6.364316456840154457e-01
6.479432931089387226e-01
6.594880770653439583e-01
6.710639940878936338e-01
6.826593434061005716e-01
6.942703725284511407e-01
7.058933955163354534e-01
7.175125799935163640e-01
7.291236122616898685e-01
7.407212862860257374e-01
7.522872504202334776e-01
7.638171677119780512e-01
7.753048670939542975e-01
7.867316644792531344e-01
7.980937073070969445e-01
8.093846023426856107e-01
8.205874726920865392e-01
8.316992951638221276e-01
8.427141507080891936e-01
8.536185529658348869e-01
8.644104388073109435e-01
8.750848391978269802e-01
8.856324332984443215e-01
8.960520649785713720e-01
9.063399127560353152e-01
9.164908187717816235e-01
9.265043771101190151e-01
9.363778912448569303e-01
9.461098141701921316e-01
9.557003122133450601e-01
9.651476925132297380e-01
9.744532011695808960e-01
9.836174261035665056e-01
9.926395667640103282e-01
1.001522798272054482e+00
1.010268012324858189e+00
1.018875235758901265e+00
1.027348771919392334e+00
1.035689712754630731e+00
1.043898847197396895e+00
1.051980906305272079e+00
1.059937081205881926e+00
1.067768769840634402e+00
1.075480569766623207e+00
1.083073687080801095e+00
1.090549831812790194e+00
1.097913132476877829e+00
1.105164776448002817e+00
1.112306378787534689e+00
1.119341593455054795e+00
1.126271628412365944e+00
1.133097616345815517e+00
1.139823089535088263e+00
1.146449367773023420e+00
1.152976903207232118e+00
1.159409677553685736e+00
1.165749193703675468e+00
1.171995331021952413e+00
1.178152993514393065e+00
1.184223827110791660e+00
1.190207537776699187e+00
1.196109951720299547e+00
1.201932653275328278e+00
1.207675705043251391e+00
1.213345152725554765e+00
1.218942183391752643e+00
1.224467631194954720e+00
1.229926446569400644e+00
1.235319076457057852e+00
1.240647207055910473e+00
1.245913204863281276e+00
1.251116587583884332e+00
1.256259550870040931e+00
1.261340834767670893e+00
1.266359106288440728e+00
1.271316392207924917e+00
1.276207725268971638e+00
1.281031269592734834e+00
1.285788101035051367e+00
1.290470584149713273e+00
1.295076881660953028e+00
1.299606523339386754e+00
1.304051088368712863e+00
1.308409219419021774e+00
1.312678742136156540e+00
1.316852600029729592e+00
1.320930229308118431e+00
1.324908162969130609e+00
1.328782503380878444e+00
1.332553562577188488e+00
1.336217532642590688e+00
1.339774675283774696e+00
1.343226052528771808e+00
1.346568805731090501e+00
1.349807405253497627e+00
1.352943400610809421e+00
1.355976162644038974e+00
1.358913563491553012e+00
1.361757320508093061e+00
1.364509885353876628e+00
1.367181133644590263e+00
1.369772647629990070e+00
1.372290022913384533e+00
1.374743514765153662e+00
1.377134357716522928e+00
1.379470419178336238e+00
1.381760896015312268e+00
1.384006620806805588e+00
1.386216095893354039e+00
1.388396577091769002e+00
1.390548628719456836e+00
1.392679459635855599e+00
1.394794254477912387e+00
1.396893582138742929e+00
1.398981758077436632e+00
1.401062431407809727e+00
1.403136456429616707e+00
1.405204514248228342e+00
1.407269555811885509e+00
1.409332849878264904e+00
1.411391798578691903e+00
1.413449314178427896e+00
1.415506954428922048e+00
1.417560162136446200e+00
1.419611938375559212e+00
1.421663765357126907e+00
1.423710977189751814e+00
1.425756206714139829e+00
1.427800387391447323e+00
1.429840548084099217e+00
1.431878169119188859e+00
1.433913238392832135e+00
1.435945683380463356e+00
1.437975137922380853e+00
1.440000487720674904e+00
1.442024779531478451e+00
1.444045567792928919e+00
1.446060807909054668e+00
1.448075793208843942e+00
1.450086394836942461e+00
1.452090129395570584e+00
1.454092786480246646e+00
1.456089492629564219e+00
1.458078032238975474e+00
1.460062577552100116e+00
1.462038697264036458e+00
1.464005181147737922e+00
1.465962795929235618e+00
1.467908593436763942e+00
1.469842904220716839e+00
1.471762288940441588e+00
1.473665816594250666e+00
1.475555462771435566e+00
1.477424175963875763e+00
1.479272862833681534e+00
1.481104674698266122e+00
1.482910895685480179e+00
1.484693407954194244e+00
1.486455535914186887e+00
1.488189638890841771e+00
1.489897315346249362e+00
1.491580806559481109e+00
1.493236122838524693e+00
1.494863391685048448e+00
1.496462727254465719e+00
1.498035202634357077e+00
1.499578849422635640e+00
1.501091289146413432e+00
1.502578303518729674e+00
1.504036071045915302e+00
1.505460263621599681e+00
1.506859344641388931e+00
1.508228713853277503e+00
1.509563400877831141e+00
1.510871599666401721e+00
1.512149445297781725e+00
1.513392942046309253e+00
1.514607185699722747e+00
1.515790406939397927e+00
1.516940973679482996e+00
1.518059071381721026e+00
1.519145691067247617e+00
1.520202343158573166e+00
1.521223967988275971e+00
1.522214030442794241e+00
1.523177218615910933e+00
1.524104395221427488e+00
1.525000401162180497e+00
1.525872420356807480e+00
1.526709655482226813e+00
1.527516889352003915e+00
1.528302440577629762e+00
1.529057074487211842e+00
1.529784354329004614e+00
1.530491728267262763e+00
1.531174822977406924e+00
1.531835579911410505e+00
1.532478161580103082e+00
1.533105363272242672e+00
1.533717991397938851e+00
1.534314756073282160e+00
1.534905884558267486e+00
1.535492075500878961e+00
1.536065605128601019e+00
1.536641904006080805e+00
1.537222117192676984e+00
1.537793124096029862e+00
1.538370663011186190e+00
1.538956281218850641e+00
1.539535804327073487e+00
1.540118673809684369e+00
1.540705065085124836e+00
1.541286573213527911e+00
1.541862991356462764e+00
1.542433311551117514e+00
1.542998203253693967e+00
1.543549380896428902e+00
1.544085145997586395e+00
1.544614368110470259e+00
1.545124622473936116e+00
1.545614014130605396e+00
1.546095898366683707e+00
1.546558466784158981e+00
1.547000312500721675e+00
1.547434188986791526e+00
1.547852681458247170e+00
1.548255524667548899e+00
1.548650504341954282e+00
1.549036197873425058e+00
1.549413841678989101e+00
1.549784206509376761e+00
1.550151163269557708e+00
1.550517314365484678e+00
1.550877096332727634e+00
1.551237439504062898e+00
1.551601655751827513e+00
1.551960558649845501e+00
1.552321450812611969e+00
1.552687349046510734e+00
1.553048942980776781e+00
1.553411667714023281e+00
1.553777219144098609e+00
1.554139237937945284e+00
1.554500006299107007e+00
1.554859229166557055e+00
1.555215292683319817e+00
1.555567134513456073e+00
1.555912438539931442e+00
1.556254454980256163e+00
1.556589545565619348e+00
1.556914041552826200e+00
1.557234586386599728e+00
1.557546363533916400e+00
1.557845500115579540e+00
1.558139511917116637e+00
1.558423976423328972e+00
1.558696019615564810e+00
1.558961317814090419e+00
1.559217119384428640e+00
1.559462341207066061e+00
1.559698838419079747e+00
1.559926150880488693e+00
1.560145053479548904e+00
1.560353005486385891e+00
1.560551650160311610e+00
1.560742936721979168e+00
1.560920956232787704e+00
1.561088561411472009e+00
1.561247730137388379e+00
1.561391442767327220e+00
1.561522502694957515e+00
1.561641806921186815e+00
1.561743872164796043e+00
1.561830310914938735e+00
1.561900359067484478e+00
1.561952080235301743e+00
1.561985316831923543e+00
1.561997838759257240e+00
1.561991817816754669e+00
1.561965515581439812e+00
1.561916060501161496e+00
1.561848611404747844e+00
1.561760658423097858e+00
1.561649661839298986e+00
1.561521451580899722e+00
1.561373738644063813e+00
1.561204880629484260e+00
1.561018880182154511e+00
1.560814350807050443e+00
1.560590397881791214e+00
1.560347587853097018e+00
1.560085525652684213e+00
1.559803332898300310e+00
1.559498053393253647e+00
1.559169846754373978e+00
1.558817036117907451e+00
1.558434504115272290e+00
1.558022345055693370e+00
1.557577748524489492e+00
1.557095553115614095e+00
1.556575376223508833e+00
1.556013704986625390e+00
1.555407269175466567e+00
1.554755219843167557e+00
1.554054381571346788e+00
1.553304383170601710e+00
1.552504285096247827e+00
1.551652393954578324e+00
1.550751048656927589e+00
1.549799706804168009e+00
1.548798838849083204e+00
1.547752342380477542e+00
1.546660391565014114e+00
1.545525497753178934e+00
1.544351555836390055e+00
1.543139449168402733e+00
1.541892823886321873e+00
1.540614202931386068e+00
1.539304860533595720e+00
1.537968218900305217e+00
1.536604681169998932e+00
1.535215427625667983e+00
1.533802307740976145e+00
1.532363627650246585e+00
1.530900004488197075e+00
1.529410784222912767e+00
1.527892847415135202e+00
1.526345938100400756e+00
1.524766623708522006e+00
1.523151373026454758e+00
1.521498978583346817e+00
1.519803647956275539e+00
1.518062425532249238e+00
1.516273310084878423e+00
1.514429130332907825e+00
1.512528157503560733e+00
1.510567945308975091e+00
1.508541243581199787e+00
1.506447708462453683e+00
1.504284910124418673e+00
1.502046851102915248e+00
1.499734273838651433e+00
1.497345243793525738e+00
1.494876120267436770e+00
1.492328179037348379e+00
1.489700383868195255e+00
1.486992161505387378e+00
1.484204791665906020e+00
1.481338396754245723e+00
1.478395751847837891e+00
1.475377869028340116e+00
1.472286124687473441e+00
1.469126574758584658e+00
1.465900044161848603e+00
1.462609116990073899e+00
1.459262857541184566e+00
1.455862261896506915e+00
1.452410984592501064e+00
1.448920756113390551e+00
1.445393189638085829e+00
1.441832832993094948e+00
1.438253753748017116e+00
1.434658513397716328e+00
1.431052369035755278e+00
1.427451439782880138e+00
1.423859335922782243e+00
1.420281847760482163e+00
1.416736910503008096e+00
1.413229062894073351e+00
1.409764469773079343e+00
1.406362695279735453e+00
1.403028963999819245e+00
1.399769686984568606e+00
1.396605882483258787e+00
1.393543196475368395e+00
1.390588196139693311e+00
1.387763067043363385e+00
1.385073614701741063e+00
1.382526489476848974e+00
1.380144406665341883e+00
1.377933003999481043e+00
1.375898890377206030e+00
1.374064031329739421e+00
1.372433403422621323e+00
1.371013292555462115e+00
1.369822812891060337e+00
1.368865589092248092e+00
1.368147055331758288e+00
1.367680680905617230e+00
1.367467967145520547e+00
1.367512717801673050e+00
1.367819828095803159e+00
1.368388085933631038e+00
1.369218773752121976e+00
1.370306052265953367e+00
1.371645895702985340e+00
1.373236332299667017e+00
1.375060354517627204e+00
1.377111712680835431e+00
1.379384924228170162e+00
1.381853701926249345e+00
1.384510810598398090e+00
1.387347708333989571e+00
1.390332920848189380e+00
1.393459794629395176e+00
1.396717907354568133e+00
1.400075961507173616e+00
1.403529274399129889e+00
1.407067204406208694e+00
1.410663757481657177e+00
1.414316929524350064e+00
1.418017549991891002e+00
1.421748249562278410e+00
1.425509438263247830e+00
1.429294629374562975e+00
1.433095557352380922e+00
1.436913866312369059e+00
1.440746117615847588e+00
1.444590700001733063e+00
1.448448797816556999e+00
1.452319447836962540e+00
1.456203240530462795e+00
1.460099296727825013e+00
1.464007851800026572e+00
1.467926849103792897e+00
1.471852412591472259e+00
1.475784462895071814e+00
1.479714748735361241e+00
1.483636474905827951e+00
1.487548024654861356e+00
1.491433883201386479e+00
1.495285406608958922e+00
1.499098904175181657e+00
1.502853273241322674e+00
1.506539727278880969e+00
1.510152783696286471e+00
1.513669494297180451e+00
1.517082720888953240e+00
1.520386135537677985e+00
1.523559445218386488e+00
1.526598495537208500e+00
1.529497366281878712e+00
1.532242248327727152e+00
1.534832503384848224e+00
1.537263763244087977e+00
1.539530800435730873e+00
1.541636160769027208e+00
1.543577737955491358e+00
1.545358864075214500e+00
1.546984280636452214e+00
1.548454276116401296e+00
1.549778905515238669e+00
1.550963831440869578e+00
1.552011347375994665e+00
1.552935365418961711e+00
1.553741297150981637e+00
1.554432725374232716e+00
1.555024455855002374e+00
1.555520862826596185e+00
1.555926025175609739e+00
1.556253345524973630e+00
1.556505873252503669e+00
1.556687526003484701e+00
1.556809078963829363e+00
1.556872414051251097e+00
1.556880890552982066e+00
1.556842518516141638e+00
1.556758448828633234e+00
1.556631368157730178e+00
1.556467187379224626e+00
1.556266839879442365e+00
1.556032450607363948e+00
1.555768878892435758e+00
1.555477260357521319e+00
1.555159394405838613e+00
1.554820110733947880e+00
1.554460973213050989e+00
1.554083713166079184e+00
1.553693838860179532e+00
1.553293354239518420e+00
1.552884120581105032e+00
1.552472591784794131e+00
1.552061052593032286e+00
1.551651588523154990e+00
1.551251445420166908e+00
1.550862936672252168e+00
1.550488355473242263e+00
1.550135287924167216e+00
1.549805814924703151e+00
1.549502332508390090e+00
1.549232185888078428e+00
1.548997020202161456e+00
1.548799181548433657e+00
1.548645226344259607e+00
1.548536255811869822e+00
1.548474410345725083e+00
1.548465062258517877e+00
1.548508761192888938e+00
1.548607320808777388e+00
1.548764743295609980e+00
1.548981098903282172e+00
1.549257810405407332e+00
1.549597526168665640e+00
1.549999953334149305e+00
1.550466119735157688e+00
1.550997482435163777e+00
1.551593507455822696e+00
1.552254870186808633e+00
1.552982064473531487e+00
1.553774412701198981e+00
1.554632303198278942e+00
1.555555482283595081e+00
1.556543186381154298e+00
1.557595580051039263e+00
1.558711812447521439e+00
1.559891053001724925e+00
1.561133285484046285e+00
1.562437130723218992e+00
1.563801685529168983e+00
1.565226768932090673e+00
1.566710480305212316e+00
1.568251834125201194e+00
1.569850479284017775e+00
1.571503982159120794e+00
1.573211280582929916e+00
1.574971840575069004e+00
1.576782715696440462e+00
1.578642800734879836e+00
1.580551375763794786e+00
1.582505073149675257e+00
1.584502808724682632e+00
1.586543697237855932e+00
1.588624130770765808e+00
1.590743133793754316e+00
1.592899707017599198e+00
1.595090264860625551e+00
1.597314037912306084e+00
1.599569993250153255e+00
1.601854882818852355e+00
1.604168234535245041e+00
1.606509082382585385e+00
1.608874841412924139e+00
1.611265406938454881e+00
1.613679986792265764e+00
1.616116949712539608e+00
1.618576596405586931e+00
1.621058406611636249e+00
1.623561918111697588e+00
1.626087837160695493e+00
1.628635990514041731e+00
1.631207195795719933e+00
1.633802526582859516e+00
1.636422197998641304e+00
1.639068298396691548e+00
1.641742196211176674e+00
1.644444496276930456e+00
1.647178428371126602e+00
1.649945557031336385e+00
1.652746837162840210e+00
1.655586404775643672e+00
1.658465906104928500e+00
1.661386569958858139e+00
1.664353124205934620e+00
1.667367178591660837e+00
1.670430132429639114e+00
1.673546946822830783e+00
1.676719084436196772e+00
1.679947997061377984e+00
1.683238513508171108e+00
1.686591855598000178e+00
1.690009408514240752e+00
1.693495529919583298e+00
1.697051129908059286e+00
1.700677418927976303e+00
1.704377996558311237e+00
1.708153416026371163e+00
1.712004624516107576e+00
1.715934244086446681e+00
1.719942452325996518e+00
1.724029869042431828e+00
1.728197994813268190e+00
1.732446638809720163e+00
1.736776055745622882e+00
1.741186560299986752e+00
1.745677625718607295e+00
1.750249131041505812e+00
1.754900222892737505e+00
1.759630094754218277e+00
1.764438267103169089e+00
1.769322819185913609e+00
1.774282740573300599e+00
1.779317237936051788e+00
1.784423500936337392e+00
1.789600402976385007e+00
1.794846906881064408e+00
1.800159550674996778e+00
1.805537179512630930e+00
1.810978600649219894e+00
1.816479968460855909e+00
1.822040174387873579e+00
1.827657964684101799e+00
1.833329368887614663e+00
1.839053374289310483e+00
1.844828751659619570e+00
1.850651616866262117e+00
1.856521072168639819e+00
1.862435974829485197e+00
1.868392665010995879e+00
1.874390351678673072e+00
1.880428008338873802e+00
1.886502260530962038e+00
1.892612399250626964e+00
1.898757512382263535e+00
1.904934514462359951e+00
1.911142752515374577e+00
1.917381405395949701e+00
1.923647657531395216e+00
1.929940898361211410e+00
1.936260368790991615e+00
1.942603517494879029e+00
1.948969782474059942e+00
1.955358448352525258e+00
1.961767259318884848e+00
1.968195726462380835e+00
1.974643180685733190e+00
1.981107731939439232e+00
1.987588998191822443e+00
1.994086381128485685e+00
2.000598446586202783e+00
2.007124949471500219e+00
2.013665400691157625e+00
2.020218900158023967e+00
2.026785354147861984e+00
2.033364421616412621e+00
2.039955771061234824e+00
2.046559452260815259e+00
2.053175297579560965e+00
2.059803515045959710e+00
2.066444268189309597e+00
2.073097565305218382e+00
2.079764059851938907e+00
2.086443984189922940e+00
2.093137500051924338e+00
2.099845563628265133e+00
2.106568426305058139e+00
2.113306360705855980e+00
2.120060462511331956e+00
2.126830957835623259e+00
2.133618177365262270e+00
2.140423202969487626e+00
2.147246204303567385e+00
2.154087518134077950e+00
2.160948093537460313e+00
2.167828028905315119e+00
2.174727625185125301e+00
2.181647626950280472e+00
2.188588061849505717e+00
2.195549168479547397e+00
2.202531462857437727e+00
2.209534913546490120e+00
2.216559686429102616e+00
2.223606082887803037e+00
2.230674029627241151e+00
2.237763622745321257e+00
2.244874985732439931e+00
2.252008020965994728e+00
2.259162766019566337e+00
2.266339210352091182e+00
2.273537246059541328e+00
2.280756866459137111e+00
2.287997965562889480e+00
2.295260433923999699e+00
2.302544233568251109e+00
2.309849189343598397e+00
2.317175193721331627e+00
2.324522186552641756e+00
2.331889936070094205e+00
2.339278336202815556e+00
2.346687309235578223e+00
2.354116568592376613e+00
2.361566007278669499e+00
2.369035530970079240e+00
2.376524794867874490e+00
2.384033688755751168e+00
2.391562100758992226e+00
2.399109625288362135e+00
2.406676148237998802e+00
2.414261539328323103e+00
2.421865335474082226e+00
2.429487420492334238e+00
2.437127646608464815e+00
2.444785505389068359e+00
2.452460882986705393e+00
2.460153617841381202e+00
2.467863177820005305e+00
2.475589457932118709e+00
2.483332289616641209e+00
2.491091146712918647e+00
2.498865940818997711e+00
2.506656505807037583e+00
2.514462356153145617e+00
2.522283427906346187e+00
2.530119568510975636e+00
2.537970368873565974e+00
2.545835796433748133e+00
2.553715723817049366e+00
2.561609851301880347e+00
2.569518182864044764e+00
2.577440627096445169e+00
2.585377020229736367e+00
2.593327405536642871e+00
2.601291736383056552e+00
2.609270002547380951e+00
2.617262286704910679e+00
2.625268592934340006e+00
2.633289071653791780e+00
2.641323842433310976e+00
2.649372962601837855e+00
2.657436739437922135e+00
2.665515324593473512e+00
2.673608827615662875e+00
2.681717698682642759e+00
2.689842114918016946e+00
2.697982233664097507e+00
2.706138625413398557e+00
2.714311484983905842e+00
2.722501010166858304e+00
2.730707862739695457e+00
2.738932246945908755e+00
2.747174391440001084e+00
2.755435016350700206e+00
2.763714327239962909e+00
2.772012572617674753e+00
2.780330496772975835e+00
2.788668299216952473e+00
2.797026236755426609e+00
2.805405044919288216e+00
2.813804910995897135e+00
2.822226088826704338e+00
2.830669275765343329e+00
2.839134642216274873e+00
2.847622428863651578e+00
2.856133270749919628e+00
2.864667318416545427e+00
2.873224790900513081e+00
2.881806243332834416e+00
2.890411805106733123e+00
2.899041667291501145e+00
2.907696294701330952e+00
2.916375795870252308e+00
2.925080330021993635e+00
2.933810268509859043e+00
2.942565700637265635e+00
2.951346752418174901e+00
2.960153705368140375e+00
2.968986632208635346e+00
2.977845626767190890e+00
2.986730890130875782e+00
2.995642481738542529e+00
3.004580466338566236e+00
3.013544978425731546e+00
3.022536067723726294e+00
3.031553774645600274e+00
3.040598183755827133e+00
3.049669338538853580e+00
3.058767260906899654e+00
3.067892003291033731e+00
3.077043606015261279e+00
3.086222078824871762e+00
3.095427459322501296e+00
3.104659787125203962e+00
3.113919066063377983e+00
3.123205334300678260e+00
3.132518632437267581e+00
3.141858964039581537e+00
3.151226380195316423e+00
3.160620923367584822e+00
3.170042601493715750e+00
3.179491487192462440e+00
3.188967624894499142e+00
3.198471030244034896e+00
3.208001801915907780e+00
3.217559985736068384e+00
3.227145606953577772e+00
3.236758790796694374e+00
3.246399583376174292e+00
3.256068020004506014e+00
3.265764249307478551e+00
3.275488316186866200e+00
3.285240265154506289e+00
3.295020262033977687e+00
3.304828348791524650e+00
3.314664577156657632e+00
3.324529121657449959e+00
3.334422019496722012e+00
3.344343326782098558e+00
3.354293216761595975e+00
3.364271720050889147e+00
3.374278893720033423e+00
3.384314899043504798e+00
3.394379758310301032e+00
3.404473525838158210e+00
3.414596340238912120e+00
3.424748213880017378e+00
3.434929194566958888e+00
3.445139388182799411e+00
3.455378795772675815e+00
3.465647455045602232e+00
3.475945430229520294e+00
3.486272709886881316e+00
3.496629318406736520e+00
3.507015270994120471e+00
3.517430542856339937e+00
3.527875142350271886e+00
3.538349030174965382e+00
3.548852167645836886e+00
3.559384545005425338e+00
3.569946065081661235e+00
3.580536675139203595e+00
3.591156345941436623e+00
3.601804921329581077e+00
3.612482334763067016e+00
3.623188536931827741e+00
3.633923313837292834e+00
3.644686585783169175e+00
3.655478283575531062e+00
3.666298138659962902e+00
3.677146059201631179e+00
3.688021957062364908e+00
3.698925514274714832e+00
3.709856628173449966e+00
3.720815193279161548e+00
3.731800848781320123e+00
3.742813482669104186e+00
3.753852974247493535e+00
3.764918927294182982e+00
3.776011221972456866e+00
3.787129724830844424e+00
3.798274011870091282e+00
3.809443956829344557e+00
3.820639416069797178e+00
3.831859944965846143e+00
3.843105411972645769e+00
3.854375665706129883e+00
3.865670246937777055e+00
3.876989019603031661e+00
3.888331826663156576e+00
3.899698198660813020e+00
3.911087995332081402e+00
3.922501055537563008e+00
3.933936901979404599e+00
3.945395390059093899e+00
3.956876355431322878e+00
3.968379313251860552e+00
3.979904114042886576e+00
3.991450590444296953e+00
4.003018248396958967e+00
4.014606932686381136e+00
4.026216472463675977e+00
4.037846361174293186e+00
4.049496436829507218e+00
4.061166524067743921e+00
4.072856099465005819e+00
4.084564993189329307e+00
4.096293023966841140e+00
4.108039646650484933e+00
4.119804682607962398e+00
4.131587943086344694e+00
4.143388856508373408e+00
4.155207234715262210e+00
4.167042879954814261e+00
4.178895190217036593e+00
4.190763967401606394e+00
4.202649003474220990e+00
4.214549663118781986e+00
4.226465738222834112e+00
4.238397009569518481e+00
4.250342807040723869e+00
4.262302912772324426e+00
4.274277095930727910e+00
4.286264651534884784e+00
4.298265352506414949e+00
4.310278956444800080e+00
4.322304724759479910e+00
4.334342421889112451e+00
4.346391794355831451e+00
4.358452072264146437e+00
4.370523012397280915e+00
4.382604351035602974e+00
4.394695289980012909e+00
4.406795579184419331e+00
4.418904945743920898e+00
4.431022566465313339e+00
4.443148185213595447e+00
4.455281521039503367e+00
4.467421729006047393e+00
4.479568547482277729e+00
4.491721688571507443e+00
4.503880288482561944e+00
4.516044080500296154e+00
4.528212770729267866e+00
4.540385478847099421e+00
4.552561933279920758e+00
4.564741834864029180e+00
4.576924288404855545e+00
4.589109017529184875e+00
4.601295718286565695e+00
4.613483481612362880e+00
4.625672026266590464e+00
4.637861043751446921e+00
4.650049611571354546e+00
4.662237443475789611e+00
4.674424226455082376e+00
4.686609024612560681e+00
4.698791546520444840e+00
4.710971474548624194e+00
4.723147859202404319e+00
4.735320403735754802e+00
4.747488785715874293e+00
4.759652041806870848e+00
4.771809869867635889e+00
4.783961942476383733e+00
4.796107282319575837e+00
4.808245581872783170e+00
4.820376508594477194e+00
4.832499071270748736e+00
4.844612957103623607e+00
4.856717828399103709e+00
4.868812680385958380e+00
4.880897195195584182e+00
4.892971030068875571e+00
4.905033167282487838e+00
4.917083284177142133e+00
4.929121033136917518e+00
4.941145384302364718e+00
4.953156010556538646e+00
4.965152559738229776e+00
4.977133990792361296e+00
4.989099972503114877e+00
5.001050148546858587e+00
5.012983467633034707e+00
5.024899594804746350e+00
5.036798169990018614e+00
5.048678132536287499e+00
5.060539144079672980e+00
5.072380841202766888e+00
5.084202154585372391e+00
5.096002742750715520e+00
5.107782239288980897e+00
5.119539566661132746e+00
5.131274380523101364e+00
5.142986311745176842e+00
5.154674274740229656e+00
5.166337922493323909e+00
5.177976883327841229e+00
5.189590063505586492e+00
5.201177113494603432e+00
5.212737659138784174e+00
5.224270598212244821e+00
5.235775578789435336e+00
5.247252224203742266e+00
5.258699423241758986e+00
5.270116821693314968e+00
5.281504040270697864e+00
5.292859958202871695e+00
5.304184219107164644e+00
5.315476440912902056e+00
5.326735492756625057e+00
5.337961016215647447e+00
5.349152626257764886e+00
5.360309181535664713e+00
5.371430321754513848e+00
5.382515658762844879e+00
5.393564040581625640e+00
5.404575105258753176e+00
5.415548461423333571e+00
5.426482946644200389e+00
5.437378197580934547e+00
5.448233819633556685e+00
5.459048640486027004e+00
5.469822295734803497e+00
5.480554387657989857e+00
5.491243735041474672e+00
5.501889972797179951e+00
5.512492700322856543e+00
5.523050728913666774e+00
5.533563693221736024e+00
5.544031190147676647e+00
5.554452025294402517e+00
5.564825833513779685e+00
5.575152209730977582e+00
5.585429955988575834e+00
5.595658707818579103e+00
5.605838058817131930e+00
5.615966809850992725e+00
5.626044597617851473e+00
5.636071015133080842e+00
5.646044864627078219e+00
5.655965784437840149e+00
5.665833367819846700e+00
5.675646420954742588e+00
5.685404584269562633e+00
5.695107452114275937e+00
5.704753837150025042e+00
5.714343382302922159e+00
5.723875683874214637e+00
5.733349563373452362e+00
5.742764666587681255e+00
5.752120592588433112e+00
5.761416173858275869e+00
5.770651059353482992e+00
5.779824851665800622e+00
5.788936396067207113e+00
5.797985344936996022e+00
5.806971305042041287e+00
5.815893135913262846e+00
5.824750493555814757e+00
5.833542989453980532e+00
5.842269498508681380e+00
5.850929680510510877e+00
5.859523152082552144e+00
5.868048804263325202e+00
5.876506300756243029e+00
5.884895263625034012e+00
5.893214600508826173e+00
5.901463979132240745e+00
5.909643027192476694e+00
5.917750669145550368e+00
5.925786576840956776e+00
5.933750383711259957e+00
5.941641031069782919e+00
5.949458195003771266e+00
5.957201514715651847e+00
5.964869948317669923e+00
5.972463176269196872e+00
5.979980843536413460e+00
5.987421924949305030e+00
5.994786105504965157e+00
6.002073035913858767e+00
6.009281707688674423e+00
6.016411810567348084e+00
6.023463000997114847e+00
6.030434287241063451e+00
6.037325364021229213e+00
6.044135893547295524e+00
6.050864901044085364e+00
6.057512086499922788e+00
6.064077117961594432e+00
6.070559037993947804e+00
6.076957552168341437e+00
6.083272334501512724e+00
6.089502445449762824e+00
6.095647596511610367e+00
6.101707467867686141e+00
6.107681138580926650e+00
6.113568326439636103e+00
6.119368718040121280e+00
6.125081411909250484e+00
6.130706132496513305e+00
6.136242573115534782e+00
6.141689852726301524e+00
6.147047702810148451e+00
6.152315823737996681e+00
6.157493355949710256e+00
6.162580038319839026e+00
6.167575578641638856e+00
6.172479139924498703e+00
6.177290468781383659e+00
6.182009280804614981e+00
6.186634762674183996e+00
6.191166669065636619e+00
6.195604723746559017e+00
6.199948138154195654e+00
6.204196675327106725e+00
6.208350067574076370e+00
6.212407552142830802e+00
6.216368900711064072e+00
6.220233854477418056e+00
6.224001677508365304e+00
6.227672150373687820e+00
6.231245023489488943e+00
6.234719588699088710e+00
6.238095635696610408e+00
6.241372924421257018e+00
6.244550775401229714e+00
6.247628987669675560e+00
6.250607330973926956e+00
6.253485155388435857e+00
6.256262269485872274e+00
6.258938453089091247e+00
6.261513086638188952e+00
6.263985988434932040e+00
6.266356948630956047e+00
6.268625378814139282e+00
6.270791107196401093e+00
6.272853934500981943e+00
6.274813304211396492e+00
6.276669054624206545e+00
6.278420997269371640e+00
6.280068608240828354e+00
6.281611736088586362e+00
6.283050203378729215e+00
6.284383519496252291e+00
6.285611543408158752e+00
6.286734108940927435e+00
6.287750759414781676e+00
6.288661364371702867e+00
6.289465769117494887e+00
6.290163551512101492e+00
6.290754591824479824e+00
6.291238747052292801e+00
6.291615630157164851e+00
6.291885132280548909e+00
6.292047122316630769e+00
6.292101248846299733e+00
6.292047414022008844e+00
6.291885498829844714e+00
6.291615187942700693e+00
6.291236394655172148e+00
6.290749012229902348e+00
6.290152761860614561e+00
6.289447568107433106e+00
6.288633336682362796e+00
6.287709825686456533e+00
6.286676971060598085e+00
6.285534691125992168e+00
6.284282781236683491e+00
6.282921188820605352e+00
6.281449844953736594e+00
6.279868582548350453e+00
6.278177360615642577e+00
6.276376123115833927e+00
6.274464740782593530e+00
6.272443184294814955e+00
6.270311410607910751e+00
6.268069328493922399e+00
6.265716920369971632e+00
6.263254156275892548e+00
6.260680983186361459e+00
6.257997395311150512e+00
6.255203375838156887e+00
6.252298910048504688e+00
6.249284003980640101e+00
6.246158654004699606e+00
6.242922883743776907e+00
6.239576711081074478e+00
6.236120145570255069e+00
6.232553249138025997e+00
6.228876051507815426e+00
6.225088575383157519e+00
6.221190920880581565e+00
6.217183129539333386e+00
6.213065237144372865e+00
6.208837381817191137e+00
6.204499616870683631e+00
6.200051991071062751e+00
6.195494680299970192e+00
6.190827749587694662e+00
6.186051260555935016e+00
6.181165426559672937e+00
6.176170324281001989e+00
6.171066028054908337e+00
6.165852788404369456e+00
6.160530693593649687e+00
6.155099830523972138e+00
6.149560486588810271e+00
6.143912761566135750e+00
6.138156754784191982e+00
6.132292790243610625e+00
6.126320979172805714e+00
6.120241433208177817e+00
6.114054512750364268e+00
6.107760340422735190e+00
6.101359040081788976e+00
6.094851008391544589e+00
6.088236379322874647e+00
6.081515288901932159e+00
6.074688169993918585e+00
6.067755167875474420e+00
6.060716430731646120e+00
6.053572427632509800e+00
6.046323315119913389e+00
6.038969253563190698e+00
6.031510748286176948e+00
6.023947967050029995e+00
6.016281082460813501e+00
6.008510636158987950e+00
6.000636807066192624e+00
5.992659780090957788e+00
5.984580133228587506e+00
5.976398056481863286e+00
5.968113747123516610e+00
5.959727819476024813e+00
5.951240474516562351e+00
5.942651921921416225e+00
5.933962812207252746e+00
5.925173357186753975e+00
5.916283778938857374e+00
5.907294763903801815e+00
5.898206534556337033e+00
5.889019325322087717e+00
5.879733858134965629e+00
5.870350365924426939e+00
5.860869095341572965e+00
5.851290803216405045e+00
5.841615732695227159e+00
5.831844142463677549e+00
5.821976823488331121e+00
5.812014028869785243e+00
5.801956029069270215e+00
5.791803648287038975e+00
5.781557149298248710e+00
5.771216814020101005e+00
5.760783498869289865e+00
5.750257476006576773e+00
5.739639038437009511e+00
5.728929073697275776e+00
5.718127863043420689e+00
5.707235710166575160e+00
5.696253532585160428e+00
5.685181620365191257e+00
5.674020287464533574e+00
5.662770480238098258e+00
5.651432497286055678e+00
5.640006662411262361e+00
5.628493949681645070e+00
5.616894665967309130e+00
5.605209144504669005e+00
5.593438385993142248e+00
5.581582705319796389e+00
5.569642444762597400e+00
5.557618630623163192e+00
5.545511585561531120e+00
5.533321660529409769e+00
5.521049906454631895e+00
5.508696653531058196e+00
5.496262261041422903e+00
5.483747803610063976e+00
5.471153618725697498e+00
5.458480073681534428e+00
5.445728265902837428e+00
5.432898539929350790e+00
5.419991270761244984e+00
5.407007577748392357e+00
5.393947812228709005e+00
5.380812356616121228e+00
5.367602351313935038e+00
5.354318154193048684e+00
5.340960154791752679e+00
5.327529513689243323e+00
5.314026595010223453e+00
5.300451795126059018e+00
5.286806293901043396e+00
5.273090461420244957e+00
5.259304700591165727e+00
5.245450209657156471e+00
5.231527364357154930e+00
5.217536573830429347e+00
5.203479053781001618e+00
5.189355185284227900e+00
5.175165383399760621e+00
5.160910880367769238e+00
5.146592062274457646e+00
5.132209349783458663e+00
5.117763990748404268e+00
5.103256375935476541e+00
5.088686931293987747e+00
5.074056919377670560e+00
5.059366735299106743e+00
5.044616809976324667e+00
5.029808419764228766e+00
5.014941963787461710e+00
5.000017877619776563e+00
4.985037450533899239e+00
4.970001085332458324e+00
4.954909221937357167e+00
4.939763161667541702e+00
4.924563310669997307e+00
4.909310112912288027e+00
4.894004880890809872e+00
4.878648023763163089e+00
4.863239989242915229e+00
4.847782100124644167e+00
4.832274768241534346e+00
4.816718444752461359e+00
4.801114461843950743e+00
4.785463233687121232e+00
4.769765214579117618e+00
4.754021745147750444e+00
4.738233241560473985e+00
4.722400160933420743e+00
4.706523851324226015e+00
4.690604730550307799e+00
4.674643258209444596e+00
4.658640788703915625e+00
4.642597741149768531e+00
4.626514577266120476e+00
4.610392656633624853e+00
4.594232399311263926e+00
4.578034268753005342e+00
4.561799628470091683e+00
4.545528899105877763e+00
4.529222545435551694e+00
4.512881933579082627e+00
4.496507484405054988e+00
4.480099663570640267e+00
4.463659838423962078e+00
4.447188429701827594e+00
4.430685903482941335e+00
4.414153626926544227e+00
4.397592020285954639e+00
4.381001549586390986e+00
4.364383580372414251e+00
4.347738532070498430e+00
4.331066870171526695e+00
4.314369957201646066e+00
4.297648211428193754e+00
4.280902097330953282e+00
4.264132973067355614e+00
4.247341255426353435e+00
4.230527407414398589e+00
4.213692781552277111e+00
4.196837792845606430e+00
4.179962902389632085e+00
4.163069455907067784e+00
4.146157866329675201e+00
4.129228592436472667e+00
4.112282972114102542e+00
4.095321415943479870e+00
4.078344380021625248e+00
4.061353193492611702e+00
4.044348264321350861e+00
4.027330045599887498e+00
4.010299856953332132e+00
3.993258103474678578e+00
3.976205234971451841e+00
3.959142560892441765e+00
3.942070483209150211e+00
3.924989448205879139e+00
3.907900754597125825e+00
3.890804800986597645e+00
3.873702029932091673e+00
3.856593728928632725e+00
3.839480292966254371e+00
3.822362160700473410e+00
3.805240607963277011e+00
3.788116025883249360e+00
3.770988849055750602e+00
3.753860341214664942e+00
3.736730889375929010e+00
3.719600923924226255e+00
3.702471696036598647e+00
3.685343588361206901e+00
3.668217026918286994e+00
3.651093249817209951e+00
3.633972635079744773e+00
3.616855604195006180e+00
3.599743381619402882e+00
3.582636340487697524e+00
3.565534897570302508e+00
3.548440262996361838e+00
3.531352804753467467e+00
3.514272934679098626e+00
3.497201847806323372e+00
3.480139906718826115e+00
3.463087518077379912e+00
3.446045860959282336e+00
3.429015292294465223e+00
3.411996213293638558e+00
3.394989786140090171e+00
3.377996361870517550e+00
3.361016335945485434e+00
3.344050852657209916e+00
3.327100256923253507e+00
3.310164938132591939e+00
3.293246021655727329e+00
3.276343846081461120e+00
3.259458794391731917e+00
3.242591971999588818e+00
3.225743710973601353e+00
3.208914387547972868e+00
3.192105086166721062e+00
3.175316132205901809e+00
3.158547894815198820e+00
3.141801436510057055e+00
3.125077075820883010e+00
3.108375174489048209e+00
3.091696772218156308e+00
3.075042180557999050e+00
3.058411753539032940e+00
3.041806507265116366e+00
3.025226746186884252e+00
3.008672816349148960e+00
2.992145709576561785e+00
2.975645723116090213e+00
2.959173194784971539e+00
2.942729091564187272e+00
2.926313703403797817e+00
2.909927359687314308e+00
2.893571002103016099e+00
2.877244913219235922e+00
2.860949413816390230e+00
2.844685419951431982e+00
2.828453206731937453e+00
2.812253086201939922e+00
2.796085948549558609e+00
2.779952061346153247e+00
2.763851727799994773e+00
2.747785812081763535e+00
2.731754574153053117e+00
2.715758308317764769e+00
2.699797852655615227e+00
2.683873459445791809e+00
2.667985414046251780e+00
2.652134528432990468e+00
2.636321047130858464e+00
2.620545246533262151e+00
2.604807912546780901e+00
2.589109281871069701e+00
2.573449621935372189e+00
2.557829692645663844e+00
2.542249722807507162e+00
2.526709970901590552e+00
2.511211170925502945e+00
2.495753543725075740e+00
2.480337338859806451e+00
2.464963264524929976e+00
2.449631533545624240e+00
2.434342386596143104e+00
2.419096506181003470e+00
2.403894097049992240e+00
2.388735391033788069e+00
2.373621045056266254e+00
2.358551255744637309e+00
2.343526246130662738e+00
2.328546647659852642e+00
2.313612648798341276e+00
2.298724463824071584e+00
2.283882698793062271e+00
2.269087533981435367e+00
2.254339174956394132e+00
2.239638202455143556e+00
2.224984788544981829e+00
2.210379130121126412e+00
2.195821782650503984e+00
2.181312909983276871e+00
2.166852700375050400e+00
2.152441684046145109e+00
2.138080016631910940e+00
2.123767877772684276e+00
2.109505772439874249e+00
2.095293848067055986e+00
2.081132275694485223e+00
2.067021535017276257e+00
2.052961765290977514e+00
2.038953128961435990e+00
2.024996080398242082e+00
2.011090750713369513e+00
1.997237293754898779e+00
1.983436138501551538e+00
1.969687407966909776e+00
1.955991247390319154e+00
1.942348060286349876e+00
1.928757961626089923e+00
1.915221088023963292e+00
1.901737817459480562e+00
1.888308256927828888e+00
1.874932534400316042e+00
1.861611002264771386e+00
1.848343759617629312e+00
1.835130925770787291e+00
1.821972827490821123e+00
1.808869556062820294e+00
1.795821222129207806e+00
1.782828126845509287e+00
1.769890353782620274e+00
1.757008004914118571e+00
1.744181355846184056e+00
1.731410482541669182e+00
1.718695478320866110e+00
1.706036593363697840e+00
1.693433896139086903e+00
1.680887471348275097e+00
1.668397543936624094e+00
1.655964174999957850e+00
1.643587440676291811e+00
1.631267540940773086e+00
1.619004529642225743e+00
1.606798474434794066e+00
1.594649550660912851e+00
1.582557805052283273e+00
1.570523296882801789e+00
1.558546177269920063e+00
1.546626485960312714e+00
1.534764273975146365e+00
1.522959668678607770e+00
1.511212702965303079e+00
1.499523419753524545e+00
1.487891923181000609e+00
1.476318239422885759e+00
1.464802403464293912e+00
1.453344496787436491e+00
1.441944538979441859e+00
1.430602557278488618e+00
1.419318611114204209e+00
1.408092713615382463e+00
1.396924884472306116e+00
1.385815161684392782e+00
1.374763552049962145e+00
1.363770067919184648e+00
1.352834726490988571e+00
1.341957528359482454e+00
1.331138478747266207e+00
1.320377574678876398e+00
1.309674810669420042e+00
1.299030185027514550e+00
1.288443675216414563e+00
1.277915269797225806e+00
1.267444960375909035e+00
1.257032705447268528e+00
1.246678487744138808e+00
1.236382292376210890e+00
1.226144059437204392e+00
1.215963765959197973e+00
1.205841390755004516e+00
1.195776856056203208e+00
1.185770133324383968e+00
1.175821195266519181e+00
1.165929946761617542e+00
1.156096353834674906e+00
1.146320383268779830e+00
1.136601923071451692e+00
1.126940933969265091e+00
1.117337376994189446e+00
1.107791123737209338e+00
1.098302129769394897e+00
1.088870350535531939e+00
1.079495641642473913e+00
1.070177953653644431e+00
1.060917236582558321e+00
1.051713330466273133e+00
1.042566181013297122e+00
1.033475732954912907e+00
1.024441811159700233e+00
1.015464356638619892e+00
1.006543308984271246e+00
9.976784782904726256e-01
9.888698010321821386e-01
9.801172118029629621e-01
9.714205063135161744e-01
9.627796166679458700e-01
9.541944725982034470e-01
9.456648558268786475e-01
9.371906942552876707e-01
9.287719128907204746e-01
9.204082798711508140e-01
9.120997190653583608e-01
9.038461508941558753e-01
8.956473303275266362e-01
8.875031773733671470e-01
8.794136080070781292e-01
8.713783644643053883e-01
8.633973630643629882e-01
8.554705154826368618e-01
8.475975516741126592e-01
8.397783844416936150e-01
8.320129213117208877e-01
8.243008804340874462e-01
8.166421712665922206e-01
8.090366973439744314e-01
8.014841655090734207e-01
7.939844820443320295e-01
7.865375466573062413e-01
7.791430554035031486e-01
7.718009115575356072e-01
7.645110111712399847e-01
7.572730400519870342e-01
7.500868986312593245e-01
7.429524794832684798e-01
7.358694587223645334e-01
7.288377340982598040e-01
7.218571948913764524e-01
7.149275080893641166e-01
7.080485689177411501e-01
7.012202635514079851e-01
6.944422504232200533e-01
6.877144223879952945e-01
6.810366627061158473e-01
6.744086218270209931e-01
6.678301903840327958e-01
6.613012489148465400e-01
6.548214404501009334e-01
6.483906535465044918e-01
6.420087662096902736e-01
6.356754146034756525e-01
6.293904853486308459e-01
6.231538541061396597e-01
6.169651507072860808e-01
6.108242599736026790e-01
6.047310554038419772e-01
5.986851610094241494e-01
5.926864599457541960e-01
5.867348237252969501e-01
5.808298710281947219e-01
5.749714834737028601e-01
5.691595307564299988e-01
5.633936266888401878e-01
5.576736514814025769e-01
5.519994731712488667e-01
5.463707011424356885e-01
5.407872143219107919e-01
5.352488792416388863e-01
5.297553012742662881e-01
5.243063581868563361e-01
5.189019151509149941e-01
5.135415739255538847e-01
5.082252112403503608e-01
5.029526910443163912e-01
4.977236118656660491e-01
4.925378495178920901e-01
4.873952668598933169e-01
4.822954595605064010e-01
4.772383026376466053e-01
4.722236579881951557e-01
4.672511187859513804e-01
4.623205593727855445e-01
4.574318408086699983e-01
4.525845541328366028e-01
4.477785731294506300e-01
4.430137581448323481e-01
4.382896984426278841e-01
4.336062673660754374e-01
4.289633246701297087e-01
4.243604582015605975e-01
4.197975409774459266e-01
4.152744322832038759e-01
4.107907189071886012e-01
4.063462736525532137e-01
4.019409554566962250e-01
3.975743504066254208e-01
3.932463312007823397e-01
3.889567565494915780e-01
3.847052121920460643e-01
3.804915708279050235e-01
3.763156910601175298e-01
3.721771586277766164e-01
3.680758463332440833e-01
3.640116127901298348e-01
3.599840440757868798e-01
3.559930131932770858e-01
3.520383788817130211e-01
3.481197278832870445e-01
3.442369334953772064e-01
3.403898546937034197e-01
3.365780791976477615e-01
3.328014806883685672e-01
3.290599184846436098e-01
3.253529815795425106e-01
3.216805441234815155e-01
3.180424658794889781e-01
3.144383373942509219e-01
3.108680333691783981e-01
3.073314141071716299e-01
3.038280719721284662e-01
3.003578822947571836e-01
2.969207060078739024e-01
2.935161375409653939e-01
2.901440529292275694e-01
2.868043138201570863e-01
2.834965169438003474e-01
2.802205391122149503e-01
2.769762427676165095e-01
2.737632271644310777e-01
2.705813699613723311e-01
2.674305344714122956e-01
2.643103226884186974e-01
2.612206131851319557e-01
2.581612702181190766e-01
2.551318987292136575e-01
2.521323782701900273e-01
2.491625741116291481e-01
2.462220943470854462e-01
2.433108195699821563e-01
2.404286161335690009e-01
2.375750954832175632e-01
2.347501393141182835e-01
2.319536151295278348e-01
2.291851379234115804e-01
2.264445905501877299e-01
2.237318417293440442e-01
2.210465101964373957e-01
2.183884800197327669e-01
2.157576211999920890e-01
2.131535564024118756e-01
2.105761709607101295e-01
2.080253362204618206e-01
2.055006789578990578e-01
2.030020858206498524e-01
2.005294295606141197e-01
1.980823412377895332e-01
1.956607088589537302e-01
1.932644066411588757e-01
1.908930700901887434e-01
1.885465886139978398e-01
1.862248379502370044e-01
1.839274581999661429e-01
1.816543402112273942e-01
1.794053612936779007e-01
1.771801662792619469e-01
1.749786474920706769e-01
1.728006838606158391e-01
1.706459250687277773e-01
1.685142649497928247e-01
1.664055840931371877e-01
1.643195371408716909e-01
1.622560194664811328e-01
1.602149133570845152e-01
1.581958785055832262e-01
1.561988118542047832e-01
1.542235974200103221e-01
1.522699000266737601e-01
1.503376182119152138e-01
1.484266377504390999e-01
1.465366286659740280e-01
1.446674911168062405e-01
1.428191126590948878e-01
1.409911685772873291e-01
1.391835606737828468e-01
1.373961783067877973e-01
1.356287020756039852e-01
1.338810354488309262e-01
1.321530696047977238e-01
1.304444905071299454e-01
1.287552033112296657e-01
1.270851010317572694e-01
1.254338750428980742e-01
1.238014322058628713e-01
1.221876673865109758e-01
1.205922774134546155e-01
1.190151708709388384e-01
1.174562444898969021e-01
1.159152005951075703e-01
1.143919495090613830e-01
1.128863898407898025e-01
1.113982294505144049e-01
1.099273804119100112e-01
1.084737432242222216e-01
1.070370313191503220e-01
1.056171585319732320e-01
1.042140272631393305e-01
1.028273565476206658e-01
1.014570619899997500e-01
1.001030479014781843e-01
9.876503894691812668e-02
9.744295250505952133e-02
9.613669480566250369e-02
9.484599616434639946e-02
9.357077573600004750e-02
9.231094167479896029e-02
9.106622996232492662e-02
8.983656152885323432e-02
8.862184645689176465e-02
8.742182640450818498e-02
8.623642407409437549e-02
8.506555147877459255e-02
8.390895596094484488e-02
8.276656198972186240e-02
8.163828351015241236e-02
8.052387355714213379e-02
7.942325835953033264e-02
7.833635379562735312e-02
7.726291860523548660e-02
7.620288076892024753e-02
7.515615810095337135e-02
7.412251506700905102e-02
7.310188139107948180e-02
7.209417682897563406e-02
7.109917160622179766e-02
7.011679718236313308e-02
6.914697526477663059e-02
6.818948188966791890e-02
6.724425024542067530e-02
6.631120400687059990e-02
6.539012509122754668e-02
6.448094841086818296e-02
6.358359963089606215e-02
6.269786664014996569e-02
6.182368607268776128e-02
6.096098561408664490e-02
6.010955923421746477e-02
5.926934528965532856e-02
5.844027352380140594e-02
5.762214411157303567e-02
5.681489713662209867e-02
5.601846444358037774e-02
5.523265254419196246e-02
5.445740325802223003e-02
5.369265057846520084e-02
5.293820748438227836e-02
5.219401754491972967e-02
5.146001695119900576e-02
5.073602526692137099e-02
5.002198782987874598e-02
4.931784307604359513e-02
4.862341724706628621e-02
4.793865747441047875e-02
4.726350448057286407e-02
4.659779124167901659e-02
4.594146671435467982e-02
4.529447394018623618e-02
4.465665263892207304e-02
4.402795363062720485e-02
4.340832229600945918e-02
4.279760505159226763e-02
4.219575462588959214e-02
4.160271874326161579e-02
4.101835040846907310e-02
4.044260430951275576e-02
3.987543050105279291e-02
3.931668840343099242e-02
3.876633471949578885e-02
3.822432180117350115e-02
3.769051524828105626e-02
3.716487383509201742e-02
3.664735215672112328e-02
3.613782169595713273e-02
3.563624335137244997e-02
3.514257388494142903e-02
3.465669030974659337e-02
3.417855569073851435e-02
3.370812885674145942e-02
3.324529194613300154e-02
3.279001021206263272e-02
3.234224442445825937e-02
3.190188139160198694e-02
3.146888854465822172e-02
3.104322844017221028e-02
3.062479204946631436e-02
3.021354892608358808e-02
2.980946322591636680e-02
2.941242952099011945e-02
2.902241937231355914e-02
2.863939831034117631e-02
2.826326388529233277e-02
2.789398947966369516e-02
2.753154173183530729e-02
2.717582048772043679e-02
2.682680068841814328e-02
2.648444977000105269e-02
2.614866914708082954e-02
2.581943498553160646e-02
2.549671516996264431e-02
2.518041195990448899e-02
2.487050236721402921e-02
2.456695435413870990e-02
2.426967040916733556e-02
2.397862802289427164e-02
2.369379488129762235e-02
2.341507338743759048e-02
2.314244125370405747e-02
2.287586562560635015e-02
2.261524912647415453e-02
2.236056969419898330e-02
2.211179388105054613e-02
2.186882592589257587e-02
2.163164445787268964e-02
2.140021577896480606e-02
2.117444883945427195e-02
2.095432411785812590e-02
2.073980865326466652e-02
2.053082157181852427e-02
2.032734725571392481e-02
2.012935539821801220e-02
1.993678366206795560e-02
1.974962337328320036e-02
1.956784996719688682e-02
1.939143098870993800e-02
1.922036862144804736e-02
1.905464835856445632e-02
1.889428133401339568e-02
1.873928504167524794e-02
1.858966031361948892e-02
1.844547661570100291e-02
1.830677123947261828e-02
1.817356611968727262e-02
1.804600309845747971e-02
1.792414283289757784e-02
1.780803454415836110e-02
1.769790251322260477e-02
1.759382999743325932e-02
1.749590102449507384e-02
1.740441574849625403e-02
1.731946355678411903e-02
1.724117073108006812e-02
1.716984746632816555e-02
1.710553159962755268e-02
1.704838018995400231e-02
1.699849922008274741e-02
1.695575032727589249e-02
1.692022972483104085e-02
1.689138668804876162e-02
1.686875970684702242e-02
1.685204783049043184e-02
1.683959793164037724e-02
1.683084777610318813e-02
1.682481221294708507e-02
1.682075276969855274e-02
1.681925536340891578e-02
1.682167249862037001e-02
1.683122130665541324e-02
1.684701342646114861e-02
1.687401458238753718e-02
1.689969971523551731e-02
1.691141861258818949e-02
1.689824742178148292e-02
1.681693539800443657e-02
1.665740593495883271e-02
1.639766608595001271e-02
1.603063152889134743e-02
1.556997544290656017e-02
1.502057020722164654e-02
1.441731771204807916e-02
1.376790644956629901e-02
1.308276672925688493e-02
1.237172071954404338e-02
1.163940997841836876e-02
1.086217012848882113e-02
1.004688252676430756e-02
9.281453092752045900e-03
8.348674016384801874e-03
7.309546869816038739e-03
7.023456702534629399e-03
5.786320292362814692e-03
3.369085977153582403e-03
9.096857543912680380e-03
