3.250831479484719323e-05
1.742340085694135732e-06
1.146375366827131937e-05
1.300241244249729838e-05
1.169817222936855931e-05
1.293666705933523636e-05
1.435849483148671130e-05
1.555997901482101590e-05
1.715336957536120303e-05
1.889459176524893366e-05
2.074993359326760518e-05
2.279172850227485466e-05
2.499049962334317526e-05
2.733242909833871463e-05
2.982290904540311065e-05
3.245669677337156676e-05
3.521773051557744417e-05
3.810250021475852561e-05
4.110587430901249759e-05
4.421125545009984875e-05
4.741625812896061760e-05
5.071539283103254614e-05
5.409763693386563575e-05
5.756289811809846849e-05
6.110728808841027417e-05
6.472884751848880067e-05
6.843017865665971806e-05
7.221015773741641891e-05
7.607583235608786885e-05
8.003127916048130488e-05
8.407807916827952043e-05
8.822939491111922580e-05
9.248926491161919979e-05
9.686147093511235145e-05
1.013613415895963922e-04
1.059911086176756672e-04
1.107561365734552713e-04
1.156672676354410061e-04
1.207221731508708392e-04
1.259254296686351555e-04
1.312740546770496620e-04
1.367598397361416754e-04
1.423825677645343955e-04
1.481219089126431748e-04
1.539674060583876773e-04
1.599125598802400257e-04
1.659299394816565222e-04
1.720137842148878736e-04
1.781552977286501556e-04
1.843378549558044967e-04
1.905643753945853445e-04
1.968301417842483749e-04
2.031396307339597114e-04
2.095020399290033555e-04
2.159198000190004727e-04
2.224138728436405720e-04
2.289939449473169083e-04
2.356674701309660364e-04
2.424590935675409941e-04
2.493749796067718546e-04
2.564232164011834660e-04
2.636223010902805607e-04
2.709747247018470329e-04
2.784862754780171776e-04
2.861674247051836594e-04
2.940191598254278675e-04
3.020447196422897259e-04
3.102501859526888813e-04
3.186371281562167912e-04
3.272075758821030582e-04
3.359676369504673629e-04
3.449203227256511322e-04
3.540678400577477124e-04
3.634187705279314537e-04
3.729774173599008477e-04
3.827468452776147732e-04
3.927384652612617068e-04
4.029573795424417574e-04
4.134075497213176957e-04
4.241025417599119285e-04
4.350478676904669865e-04
4.462481479063048258e-04
4.577183299023457005e-04
4.694641564534153305e-04
4.814906685489697105e-04
4.938137033782414578e-04
5.064391958336605069e-04
5.193724662761356903e-04
5.326300276258019023e-04
5.462180207162775506e-04
5.601419875680425367e-04
5.744190588746626901e-04
5.890556010833413077e-04
6.040573622991288151e-04
6.194420939273492929e-04
6.352164027530666536e-04
6.513862400831501925e-04
6.679700012147591313e-04
6.849745472405819290e-04
7.024060302887885502e-04
7.202835269423949393e-04
7.386141721201448102e-04
7.574043150557165831e-04
7.766737726407920263e-04
7.964299834999261129e-04
8.166794911926589804e-04
8.374429442822500314e-04
8.587281291550160093e-04
8.805417854447829826e-04
9.029055285230901638e-04
9.258275545132498225e-04
9.493148096286398857e-04
9.733900669162370671e-04
9.980620160854952131e-04
1.023337833954669892e-03
1.049241710013495282e-03
1.075782937251416405e-03
1.102968965762276318e-03
1.130825739716836194e-03
1.159363294563727420e-03
1.188589420163142221e-03
1.218532243016847349e-03
1.249202712662245010e-03
1.280609053895161815e-03
1.312782099903921909e-03
1.345733920355178352e-03
1.379473303009486626e-03
1.414034412513563667e-03
1.449430679740511090e-03
1.485671619460295599e-03
1.522795452233442282e-03
1.560817245212551370e-03
1.599747442026097687e-03
1.639629137334008835e-03
1.680479340619266430e-03
1.722309664113409224e-03
1.765168976669619213e-03
1.809076561882100266e-03
1.854045476318999562e-03
1.900131326897726985e-03
1.947356021200626888e-03
1.995734367716619617e-03
2.045329714492919067e-03
2.096166951031010455e-03
2.148262970676296027e-03
2.201689874081380789e-03
2.256475886345022958e-03
2.312640335116855194e-03
2.370265057274057764e-03
2.429381948700630629e-03
2.490013126337404202e-03
2.552251078549454873e-03
2.616131673076442510e-03
2.681680163993813409e-03
2.749000495124739093e-03
2.818132756747160263e-03
2.889105667027479143e-03
2.962035274857767204e-03
3.036966077372596495e-03
3.113930548953012818e-03
3.193057298342274076e-03
3.274395332891158906e-03
3.357981127357400133e-03
3.443956075400619529e-03
3.532373704959889185e-03
3.623274676150777408e-03
3.716813136618462438e-03
3.813047044021371148e-03
3.912021361375647190e-03
4.013902688553657415e-03
4.118753217504300332e-03
4.226622259831533217e-03
4.337688294082479856e-03
4.452017449160258419e-03
4.569663359087561619e-03
4.690815550454727027e-03
4.815543699347898422e-03
4.943905668770792391e-03
5.076100977144808700e-03
5.212202382429298279e-03
5.352271824794770268e-03
5.496517581336148733e-03
5.645014975662100004e-03
5.797829827388629835e-03
5.955177827580398174e-03
6.117136330658323219e-03
6.283774807011559792e-03
6.455314986541879629e-03
6.631835740535420298e-03
6.813409946659826355e-03
7.000264063260480153e-03
7.192478031174291860e-03
7.390127892980113272e-03
7.593443696777366775e-03
7.802506122752275210e-03
8.017394151748324579e-03
8.238340570592432924e-03
8.465426638898999531e-03
8.698734077311353133e-03
8.938497969686038172e-03
9.184800218732842511e-03
9.437725124789780179e-03
9.697510160077806377e-03
9.964238208179624842e-03
1.023799603594470649e-02
1.051902425012174978e-02
1.080740737162107223e-02
1.110323457608922322e-02
1.140675112141785463e-02
1.171804417627913403e-02
1.203720533387206415e-02
1.236448689480019146e-02
1.269998006248586331e-02
1.304377893934637912e-02
1.339614622211657974e-02
1.375717891861186724e-02
1.412697383967476301e-02
1.450580845347535820e-02
1.489378770998115407e-02
1.529101146939562499e-02
1.569777738855951746e-02
1.611420082588314873e-02
1.654038521597691810e-02
1.697665482678458251e-02
1.742313815164605803e-02
1.787994295417608473e-02
1.834742743016455971e-02
1.882573609671573181e-02
1.931498207021596289e-02
1.981556548999131168e-02
2.032764982669029233e-02
2.085135486557084319e-02
2.138713113381307193e-02
2.193516389905552852e-02
2.249558122274743222e-02
2.306889259356042707e-02
2.365530773437750020e-02
2.425496485799425936e-02
2.486844088746622064e-02
2.549597245693745531e-02
2.613771004769522080e-02
2.679430638623379879e-02
2.746602740588617933e-02
2.815303823090561583e-02
2.885607608625470957e-02
2.957543888339361771e-02
3.031130914527975506e-02
3.106451869448564537e-02
3.183540103108375985e-02
3.262415952712920814e-02
3.343173398781455058e-02
3.425849897494556012e-02
3.510468342889921933e-02
3.597135449499618692e-02
3.685893628295602159e-02
3.776769015194308271e-02
3.869883915730998325e-02
3.965286964783056728e-02
4.063008547812309995e-02
4.163190661167779499e-02
4.265889947328736082e-02
4.371142487170178587e-02
4.479115538224188314e-02
4.589876079186799851e-02
4.703467862050738496e-02
4.820090463249326884e-02
4.939823995238751958e-02
5.062722413470050614e-02
5.189025839749535768e-02
5.318830566512979668e-02
5.452203757712301146e-02
5.589434717229260080e-02
5.730638825046147772e-02
5.875899695136191370e-02
6.025563609344083971e-02
6.179767252583542869e-02
6.338613752627517139e-02
6.502511611256230062e-02
6.671619666960436346e-02
6.846062857021879833e-02
7.026312553710245545e-02
7.212548499712863326e-02
7.404918242479181789e-02
7.603949978667218224e-02
7.809840342696043602e-02
8.022758017657657947e-02
8.243273479594646902e-02
8.471593024673636230e-02
8.707902017556913565e-02
8.952789128545969588e-02
9.206459786238908871e-02
9.469108143079690842e-02
9.741307648475912295e-02
1.002324947663096738e-01
1.031512520950489259e-01
1.061745222373570163e-01
1.093039226173851547e-01
1.125412010497705562e-01
1.158905258986879239e-01
1.193530675505864863e-01
1.229302481273055886e-01
1.266248062670462804e-01
1.304373334836237686e-01
1.343687738401873888e-01
1.384201011952510829e-01
1.425912407572839935e-01
1.468825376281051309e-01
1.512930249086980317e-01
1.558219388367455271e-01
1.604689633859020526e-01
1.652312282982821567e-01
1.701073344108878505e-01
1.750963230687776484e-01
1.801936919284636007e-01
1.853975336096056747e-01
1.907063550379300143e-01
1.961144986277481295e-01
2.016197301687075172e-01
2.072202097221769179e-01
2.129097245610447608e-01
2.186859147133888570e-01
2.245468277502307430e-01
2.304862931383140356e-01
2.365020032745450695e-01
2.425921232785935855e-01
2.487509775736498618e-01
2.549764270320636905e-01
2.612669211916948675e-01
2.676174716151244470e-01
2.740261395917539256e-01
2.804917132294327264e-01
2.870097769500322693e-01
2.935785456989837838e-01
3.001970659659657370e-01
3.068611296568897751e-01
3.135690159733669491e-01
3.203198353054149683e-01
3.271091291504560905e-01
3.339351676341744679e-01
3.407968800662439235e-01
3.476892325399156825e-01
3.546104915479734720e-01
3.615592036892511518e-01
3.685297889315431452e-01
3.755206365581329475e-01
3.825298478019087955e-01
3.895518112415745082e-01
3.965852862830468450e-01
4.036280672093494615e-01
4.106754817444890349e-01
4.177269758814019518e-01
4.247803751510121906e-01
4.318331593158908355e-01
4.388857526418178945e-01
4.459364740853508646e-01
4.529860581487719640e-01
4.600360667559578176e-01
4.670857642113018238e-01
4.741397485734887840e-01
4.812006644951820067e-01
4.882690126729784530e-01
4.953530936389141659e-01
5.024563439388225472e-01
5.095805191494154895e-01
5.167366400030012352e-01
5.239284618835213791e-01
5.311587160005688535e-01
5.384395550763243499e-01
5.457745121444081970e-01
5.531667964026975026e-01
5.606279168548377045e-01
5.681607071887120330e-01
5.757682981910924314e-01
5.834600575096338115e-01
5.912378037510902518e-01
5.991041518155171275e-01
6.070654301090064875e-01
6.151223089082388240e-01
6.232766866685889307e-01
6.315315906718068639e-01
6.398865317483101167e-01
6.483427275512944066e-01
6.569000123612819264e-01
6.655567434501346025e-01
6.743136013925532524e-01
6.831672721454246089e-01
6.921148982395836091e-01
7.011566742194831336e-01
7.102857597499975251e-01
7.194979543790398502e-01
7.287927539255946163e-01
7.381589469210118049e-01
7.475909024345819276e-01
7.570869063925663722e-01
7.666304467470285156e-01
7.762145933419822841e-01
7.858357706064778014e-01
7.954718571354920664e-01
8.051151307224267972e-01
8.147596790879269024e-01
8.243788035761613342e-01
8.339649045372340419e-01
8.435097839333813852e-01
8.529848822507625217e-01
8.623838873988125542e-01
8.716971041831507172e-01
8.808981930479191647e-01
8.899832221499113238e-01
8.989424619808552563e-01
9.077562428028397301e-01
9.164236586053360334e-01
9.249367191137718436e-01
9.332858881376728810e-01
9.414732176184719137e-01
9.494939941147109153e-01
9.573501109880750981e-01
9.650457701563582846e-01
9.725803257110401390e-01
9.799657326834996240e-01
9.872070398270729186e-01
9.943074578058271884e-01
1.001285397828270751e+00
1.008145381971411902e+00
1.014893377366676619e+00
1.021549590279081654e+00
1.028117002050083384e+00
1.034602768684431018e+00
1.041024618166818128e+00
1.047383599445658842e+00
1.053686555281911019e+00
1.059945979533765792e+00
1.066161230537398863e+00
1.072337813215834545e+00
1.078482187904041378e+00
1.084592691961576483e+00
1.090673089933670070e+00
1.096724687534048170e+00
1.102745598045308251e+00
1.108737945087890031e+00
1.114699716006443797e+00
1.120629461147135242e+00
1.126528006492469425e+00
1.132392027828168279e+00
1.138220889732418861e+00
1.144014471182793535e+00
1.149769735572415241e+00
1.155486924445429553e+00
1.161165215102874848e+00
1.166802762972366958e+00
1.172400479580589794e+00
1.177956999198211729e+00
1.183471822563670672e+00
1.188946130701947324e+00
1.194378174445456020e+00
1.199768284647587224e+00
1.205117405917704998e+00
1.210423643600205379e+00
1.215687150503756975e+00
1.220908123239996534e+00
1.226084848385312176e+00
1.231216065859480846e+00
1.236300819076527224e+00
1.241337912953269784e+00
1.246323563098304499e+00
1.251255474174495230e+00
1.256133164342851272e+00
1.260949718176400447e+00
1.265701627043157584e+00
1.270389005393257831e+00
1.275002016421315165e+00
1.279536413146798113e+00
1.283992391424595203e+00
1.288358341644348037e+00
1.292630054083392155e+00
1.296807001529056036e+00
1.300877727617029134e+00
1.304838974452409595e+00
1.308688744300168461e+00
1.312417971791912219e+00
1.316025140259375892e+00
1.319506572994327831e+00
1.322857474938070599e+00
1.326078442815252778e+00
1.329164813837001580e+00
1.332116939662318478e+00
1.334937299007823208e+00
1.337621791049862674e+00
1.340175460497570192e+00
1.342601883839464882e+00
1.344899348462653910e+00
1.347076003722090798e+00
1.349135508258072713e+00
1.351079729425151754e+00
1.352917882160791008e+00
1.354652926939956314e+00
1.356290094908481736e+00
1.357838038379761025e+00
1.359298840756736126e+00
1.360679340887666955e+00
1.361987003578028599e+00
1.363223495469826574e+00
1.364394673683569481e+00
1.365507197004956597e+00
1.366563071106611460e+00
1.367565000488413673e+00
1.368519656544617158e+00
1.369429891483010531e+00
1.370294637510323099e+00
1.371121053023004910e+00
1.371912675331969256e+00
1.372665953504686343e+00
1.373388153724508731e+00
1.374082638942904611e+00
1.374745914727752094e+00
1.375384191326796568e+00
1.375999504336291812e+00
1.376590869995256705e+00
1.377162087476716090e+00
1.377713039950814844e+00
1.378246336034585795e+00
1.378762569208928257e+00
1.379259463889784376e+00
1.379742383314793486e+00
1.380208953460688726e+00
1.380655637245125966e+00
1.381088255497445294e+00
1.381502678977527543e+00
1.381895537901330462e+00
1.382270541346847459e+00
1.382623461093982264e+00
1.382952416572492460e+00
1.383257437543571777e+00
1.383535598396958832e+00
1.383787136346701141e+00
1.384008559382202241e+00
1.384198880040219626e+00
1.384360132785136921e+00
1.384487042114476596e+00
1.384580323748448194e+00
1.384642724306528905e+00
1.384669619246144734e+00
1.384662620307140601e+00
1.384623864221603773e+00
1.384551354970984027e+00
1.384446729381710872e+00
1.384310576904416168e+00
1.384144196337432575e+00
1.383948769107231191e+00
1.383723213405531061e+00
1.383471307717625498e+00
1.383193882167157440e+00
1.382888913574424228e+00
1.382560898188089915e+00
1.382210877538209814e+00
1.381837113665737471e+00
1.381443012418358762e+00
1.381030502106562530e+00
1.380599285150040823e+00
1.380150601580047320e+00
1.379687687872763524e+00
1.379212274468700317e+00
1.378723410248992920e+00
1.378225607960664734e+00
1.377722439488645589e+00
1.377211615096676445e+00
1.376698479269359732e+00
1.376187606624096782e+00
1.375676632230712348e+00
1.375171086128557318e+00
1.374675393082116948e+00
1.374188254860617464e+00
1.373714802778936095e+00
1.373258236972493718e+00
1.372818950307416408e+00
1.372401341997783186e+00
1.372006712340724244e+00
1.371637128200104527e+00
1.371296244605869186e+00
1.370983361711452853e+00
1.370701687356093323e+00
1.370454229691407733e+00
1.370238645414433298e+00
1.370058390831546014e+00
1.369915103879995932e+00
1.369805684176363725e+00
1.369732818651161699e+00
1.369696215975981346e+00
1.369693081657332279e+00
1.369724563369866699e+00
1.369788308493367301e+00
1.369882704573857524e+00
1.370007002203846413e+00
1.370157145035180823e+00
1.370333120441948660e+00
1.370532462647949146e+00
1.370750146409852377e+00
1.370987529671088723e+00
1.371241159627849759e+00
1.371505924494889728e+00
1.371783704121623648e+00
1.372071132660307669e+00
1.372363774936171454e+00
1.372662881589729489e+00
1.372966201658834651e+00
1.373270407018881700e+00
1.373575176233964967e+00
1.373879937806788076e+00
1.374182479349628450e+00
1.374480645146342495e+00
1.374775404256686429e+00
1.375065313093033259e+00
1.375346987584322278e+00
1.375622163743940751e+00
1.375889661216288529e+00
1.376146119250474698e+00
1.376392992997632625e+00
1.376628951651257760e+00
1.376851998878445116e+00
1.377062474781543200e+00
1.377258774968174615e+00
1.377441061584182114e+00
1.377608321948996739e+00
1.377758902061743562e+00
1.377894966113393238e+00
1.378014600291336267e+00
1.378116555377168817e+00
1.378203934562013622e+00
1.378274823354067147e+00
1.378328822045290503e+00
1.378368492434499659e+00
1.378392816384601538e+00
1.378402430077883212e+00
1.378398160482456447e+00
1.378380343277885833e+00
1.378350448297755548e+00
1.378307230141998962e+00
1.378252193445147489e+00
1.378187112375783174e+00
1.378109330871289506e+00
1.378020819429253585e+00
1.377923029890736784e+00
1.377813201936290310e+00
1.377692922713540824e+00
1.377562882158715363e+00
1.377421504044982647e+00
1.377269412163936169e+00
1.377106476224648546e+00
1.376932953018109806e+00
1.376748435892086952e+00
1.376552303251064258e+00
1.376346390394907582e+00
1.376129670734905330e+00
1.375901567455732000e+00
1.375664540250728818e+00
1.375417566207903564e+00
1.375160588648485005e+00
1.374895565800899888e+00
1.374621985483796882e+00
1.374340507277226786e+00
1.374051842139095259e+00
1.373756159465009397e+00
1.373454683958856171e+00
1.373146810263635942e+00
1.372833204898836534e+00
1.372515257859826976e+00
1.372191585228007105e+00
1.371862964130110996e+00
1.371530499413448956e+00
1.371192827358699295e+00
1.370850462980949258e+00
1.370503917428271601e+00
1.370152498434383581e+00
1.369796261531559756e+00
1.369435058662448190e+00
1.369069105683182741e+00
1.368698021358482286e+00
1.368321156850122788e+00
1.367939427477122827e+00
1.367552195669701653e+00
1.367158585006663651e+00
1.366759725480732213e+00
1.366354949191190604e+00
1.365943404422281793e+00
1.365525925497365733e+00
1.365101987038873865e+00
1.364670893397626594e+00
1.364232854653760763e+00
1.363787559906488367e+00
1.363334451257721236e+00
1.362873058322533026e+00
1.362403262453102393e+00
1.361924519069145800e+00
1.361435861459739938e+00
1.360937288163825976e+00
1.360428126649551039e+00
1.359907227493986737e+00
1.359374628231437176e+00
1.358829465620450039e+00
1.358270721716202445e+00
1.357698429766501791e+00
1.357111615558295847e+00
1.356509610821700518e+00
1.355892453024455158e+00
1.355259288431647446e+00
1.354609881726670961e+00
1.353944330300204557e+00
1.353262235274148351e+00
1.352563760038621998e+00
1.351849144201002551e+00
1.351118790791768332e+00
1.350373162861775889e+00
1.349612722737164816e+00
1.348838932966374138e+00
1.348052451088544545e+00
1.347254013457500621e+00
1.346446228333366468e+00
1.345629875336308734e+00
1.344805967862339857e+00
1.343978136426815295e+00
1.343147249600429971e+00
1.342314545986398100e+00
1.341484359164058615e+00
1.340657631175106390e+00
1.339835725563127466e+00
1.339023222740991059e+00
1.338221108049164165e+00
1.337430737811195813e+00
1.336656431068021789e+00
1.335899149558777976e+00
1.335160100353946611e+00
1.334442869949650223e+00
1.333748294830421566e+00
1.333077303545596504e+00
1.332432388620594654e+00
1.331814150495526095e+00
1.331223141762710727e+00
1.330660551640429956e+00
1.330126660372543901e+00
1.329621591249810608e+00
1.329145179136423272e+00
1.328697353905112566e+00
1.328277803682436753e+00
1.327885089954272457e+00
1.327518821713031594e+00
1.327178287829277492e+00
1.326860943605766563e+00
1.326566149538205508e+00
1.326292860478348601e+00
1.326037632806558619e+00
1.325799665816991268e+00
1.325577660655961942e+00
1.325367494301890048e+00
1.325168283901356991e+00
1.324978562018583661e+00
1.324793757913750314e+00
1.324612970159618319e+00
1.324434650108069489e+00
1.324254044346249826e+00
1.324070289470772765e+00
1.323881849392825272e+00
1.323684107759767192e+00
1.323476302514516867e+00
1.323257015233524791e+00
1.323022136838724494e+00
1.322771082044433610e+00
1.322502664348776058e+00
1.322213658218083232e+00
1.321903732463616254e+00
1.321572041824964350e+00
1.321216550326875128e+00
1.320837238528556057e+00
1.320433683266677871e+00
1.320005197191375546e+00
1.319552091057488274e+00
1.319074393177564586e+00
1.318572740293049605e+00
1.318047749238396849e+00
1.317499868048783718e+00
1.316930879642504326e+00
1.316341658299037709e+00
1.315732990940749803e+00
1.315107567361591068e+00
1.314466477316960313e+00
1.313810748333825051e+00
1.313143790546656087e+00
1.312466900008590232e+00
1.311781267086307823e+00
1.311090967562612120e+00
1.310397530452510395e+00
1.309702277381952440e+00
1.309010025058718885e+00
1.308322571092678688e+00
1.307641381927260316e+00
1.306972129093835422e+00
1.306316876339306488e+00
1.305677263970570490e+00
1.305059827259649863e+00
1.304466811037311880e+00
1.303900028644856768e+00
1.303366655065720581e+00
1.302868931317988421e+00
1.302408774220151555e+00
1.301993495859217420e+00
1.301625072605407274e+00
1.301305374995043618e+00
1.301041140372203975e+00
1.300833804104048363e+00
1.300684985409578553e+00
1.300600091616075149e+00
1.300579800377829498e+00
1.300625272905391094e+00
1.300739987891276872e+00
1.300923769072111602e+00
1.301177172463671150e+00
1.301501462856637259e+00
1.301895657843154863e+00
1.302359664452877208e+00
1.302892616783781099e+00
1.303492897091780511e+00
1.304159832534228292e+00
1.304890817718482809e+00
1.305683839255080469e+00
1.306537799533890043e+00
1.307448910080033944e+00
1.308415006247628520e+00
1.309434756446458570e+00
1.310503747939600672e+00
1.311619863752859105e+00
1.312781712296055447e+00
1.313984696719467715e+00
1.315226879730373444e+00
1.316506931648058432e+00
1.317820348820446963e+00
1.319165446513807183e+00
1.320541018282675561e+00
1.321942798826091003e+00
1.323369395372043122e+00
1.324819740744817897e+00
1.326289894502126199e+00
1.327778789099709700e+00
1.329285494458623873e+00
1.330806496410249062e+00
1.332341095632745054e+00
1.333888503442951068e+00
1.335445788470897677e+00
1.337012671488978954e+00
1.338588528415736834e+00
1.340171216898871975e+00
1.341760923974557373e+00
1.343357230162168792e+00
1.344958995719602646e+00
1.346566894065992281e+00
1.348180754728987241e+00
1.349800603027106582e+00
1.351427575216044730e+00
1.353061783194152490e+00
1.354704475311431011e+00
1.356357174309238856e+00
1.358020284455973004e+00
1.359696196616099195e+00
1.361386692067103610e+00
1.363092447852058742e+00
1.364816768504705680e+00
1.366561524592081467e+00
1.368327616279805703e+00
1.370118896941276532e+00
1.371937132503290968e+00
1.373783369781957697e+00
1.375661539992713012e+00
1.377573105830665723e+00
1.379519162390215214e+00
1.381503184515446181e+00
1.383526149561929985e+00
1.385589086407715831e+00
1.387694469235458028e+00
1.389842645103459118e+00
1.392034453195371002e+00
1.394270873661096921e+00
1.396551534354250057e+00
1.398876961993797297e+00
1.401246265797419843e+00
1.403658337227913444e+00
1.406113281630468670e+00
1.408608141274691805e+00
1.411141136233056370e+00
1.413711871803312592e+00
1.416315362784065668e+00
1.418949307847083174e+00
1.421612781530187775e+00
1.424299080053508026e+00
1.427005608378989931e+00
1.429730943203370686e+00
1.432467242732515134e+00
1.435211904734129851e+00
1.437963113976286733e+00
1.440712705528389703e+00
1.443458385243377551e+00
1.446198123981614181e+00
1.448924404187254877e+00
1.451635545511471781e+00
1.454329541572985329e+00
1.457000534945787962e+00
1.459647713924480783e+00
1.462269364423776752e+00
1.464862210915888641e+00
1.467426476773331823e+00
1.469961007696206634e+00
1.472465808368559337e+00
1.474942188115953234e+00
1.477389779300193551e+00
1.479812231956188606e+00
1.482211864875869312e+00
1.484589247721356253e+00
1.486951639400957648e+00
1.489302170012537063e+00
1.491642394376692105e+00
1.493982726276527950e+00
1.496326809471786090e+00
1.498677115954290207e+00
1.501046381741025115e+00
1.503438402176602073e+00
1.505856384945555071e+00
1.508314264437385477e+00
1.510815603692320153e+00
1.513364068358880266e+00
1.515973499530265167e+00
1.518646866612099799e+00
1.521387948856384620e+00
1.524209177904200851e+00
1.527112631425691758e+00
1.530101829483039744e+00
1.533186599684378981e+00
1.536367925510761623e+00
1.539648708901123930e+00
1.543035232669811796e+00
1.546527300054512111e+00
1.550126891391064854e+00
1.553836161317634135e+00
1.557653770106898428e+00
1.561580564513201486e+00
1.565614407644482675e+00
1.569752969800975784e+00
1.573995869586111596e+00
1.578336948669531559e+00
1.582773134818414418e+00
1.587302853267242853e+00
1.591916589100540458e+00
1.596610837209136990e+00
1.601382989237685406e+00
1.606221146491860985e+00
1.611121704027620005e+00
1.616081283925274059e+00
1.621086760860672493e+00
1.626134746567641010e+00
1.631221427261300372e+00
1.636333649692917946e+00
1.641468507053401416e+00
1.646622109787447386e+00
1.651782376224592008e+00
1.656947068523187738e+00
1.662112562709772812e+00
1.667268731104047719e+00
1.672414102343332098e+00
1.677545600867489162e+00
1.682655639611374987e+00
1.687743521993932738e+00
1.692806916817253260e+00
1.697841037561165001e+00
1.702845894107068991e+00
1.707819995358813125e+00
1.712761304973118959e+00
1.717670415137584561e+00
1.722546672633180398e+00
1.727390485610670767e+00
1.732202873026857270e+00
1.736983934774862570e+00
1.741736041787247613e+00
1.746460476598912459e+00
1.751157949034785055e+00
1.755832222444960067e+00
1.760484691678203539e+00
1.765116502400389420e+00
1.769732232231648217e+00
1.774333262481507800e+00
1.778920995621486867e+00
1.783500301530768439e+00
1.788072454486086427e+00
1.792638950617954086e+00
1.797204527985047484e+00
1.801770293881490348e+00
1.806337704689058965e+00
1.810911059951753055e+00
1.815491270489037356e+00
1.820079655949939701e+00
1.824679888611687950e+00
1.829292678143168205e+00
1.833919147474377453e+00
1.838562257857424997e+00
1.843222531298726707e+00
1.847900867200317876e+00
1.852599516320033501e+00
1.857318838148257711e+00
1.862059508555937049e+00
1.866823129137679560e+00
1.871609928024335900e+00
1.876420377029403896e+00
1.881255528067951266e+00
1.886115510609369439e+00
1.891000624233207139e+00
1.895911489203062628e+00
1.900848167323010429e+00
1.905810823890551342e+00
1.910799768521457942e+00
1.915815022514615995e+00
1.920856655975217153e+00
1.925924780482077603e+00
1.931019398943805143e+00
1.936140522805523956e+00
1.941288162328577149e+00
1.946462318621867249e+00
1.951662975957594526e+00
1.956890119921336213e+00
1.962143760961581052e+00
1.967423881181871836e+00
1.972730496560669566e+00
1.978063633046861725e+00
1.983423288528207706e+00
1.988809543464530982e+00
1.994222441230136811e+00
1.999662006519929980e+00
2.005128399508239845e+00
2.010621679585315125e+00
2.016141902986943180e+00
2.021689309132932433e+00
2.027263969648642306e+00
2.032865971756057988e+00
2.038495621678868996e+00
2.044152998067900295e+00
2.049838214501720657e+00
2.055551623502592573e+00
2.061293304963211614e+00
2.067063391407630846e+00
2.072862256840545925e+00
2.078689976756230795e+00
2.084546693690469521e+00
2.090432777335669901e+00
2.096348293839017440e+00
2.102293386423583765e+00
2.108268396420694746e+00
2.114273376740318344e+00
2.120308462515688053e+00
2.126373946424115591e+00
2.132469865496949168e+00
2.138596339251590539e+00
2.144753596439447296e+00
2.150941656853230910e+00
2.157160618574981203e+00
2.163410636737503445e+00
2.169691713720882209e+00
2.176003922274802438e+00
2.182347339742646941e+00
2.188721951916361874e+00
2.195127804243627967e+00
2.201564897085945827e+00
2.208033201227716180e+00
2.214532734607623343e+00
2.221063425510183098e+00
2.227625231787332627e+00
2.234218145139347467e+00
2.240842029709469330e+00
2.247496832736068928e+00
2.254182522074868800e+00
2.260898907582171713e+00
2.267645928229043317e+00
2.274423531167897305e+00
2.281231482700333490e+00
2.288069715736257059e+00
2.294938160256689397e+00
2.301836549735792659e+00
2.308764812976706882e+00
2.315722866404455349e+00
2.322710420716167068e+00
2.329727402254246460e+00
2.336773717348298529e+00
2.343849062851017795e+00
2.350953363973410593e+00
2.358086520094212712e+00
2.365248221817572549e+00
2.372438394264832606e+00
2.379656932606255548e+00
2.386903527428190674e+00
2.394178104569932852e+00
2.401480557312675401e+00
2.408810581206080936e+00
2.416168103445494264e+00
2.423553017348598626e+00
2.430965027366009945e+00
2.438404062581402076e+00
2.445870017942006758e+00
2.453362609937506100e+00
2.460881770019851533e+00
2.468427396101887439e+00
2.475999219286869391e+00
2.483597173859718232e+00
2.491221161851816301e+00
2.498870931183881261e+00
2.506546419441250784e+00
2.514247533803656953e+00
2.521974040971328268e+00
2.529725882299592055e+00
2.537502971061881496e+00
2.545305094514948241e+00
2.553132198239722594e+00
2.560984202478516991e+00
2.568860916626186874e+00
2.576762290904140329e+00
2.584688253319994189e+00
2.592638636729332369e+00
2.600613396336493022e+00
2.608612468605291834e+00
2.616635710819437133e+00
2.624683083405097150e+00
2.632754531829835098e+00
2.640849938310935396e+00
2.648969268606214289e+00
2.657112477549987251e+00
2.665279472241032455e+00
2.673470223732905993e+00
2.681684696368289877e+00
2.689922821450636992e+00
2.698184575141889141e+00
2.706469931186873623e+00
2.714778843765135452e+00
2.723111293813530676e+00
2.731467264113309312e+00
2.739846729757858146e+00
2.748249675994745900e+00
2.756676094021225154e+00
2.765125977310800565e+00
2.773599314849793718e+00
2.782096105397542818e+00
2.790616357801960490e+00
2.799160064136355874e+00
2.807727229669895408e+00
2.816317875273822491e+00
2.824931995406730678e+00
2.833569600642597663e+00
2.842230720321143433e+00
2.850915350563624884e+00
2.859623505942835653e+00
2.868355220652497817e+00
2.877110491759106825e+00
2.885889336480868650e+00
2.894691790327316827e+00
2.903517850619655505e+00
2.912367535872157465e+00
2.921240879567308824e+00
2.930137878634031523e+00
2.939058551583700218e+00
2.948002926820704861e+00
2.956971000289791096e+00
2.965962789289806611e+00
2.974978314459013173e+00
2.984017570227920135e+00
2.993080571593230932e+00
3.002167329147436003e+00
3.011277835341468201e+00
3.020412101922023584e+00
3.029570127585825556e+00
3.038751902403214800e+00
3.047957434078120809e+00
3.057186707990933616e+00
3.066439711491797837e+00
3.075716447609904591e+00
3.085016887399656849e+00
3.094341015208190271e+00
3.103688828917425813e+00
3.113060284624122431e+00
3.122455363440282294e+00
3.131874057780361653e+00
3.141316308485670561e+00
3.150782093244720361e+00
3.160271398824622935e+00
3.169784150795606603e+00
3.179320323270428350e+00
3.188879897313575018e+00
3.198462783434587564e+00
3.208068952046533528e+00
3.217698378562110495e+00
3.227350958809353187e+00
3.237026659398308137e+00
3.246725450226937593e+00
3.256447212934224122e+00
3.266191910237474350e+00
3.275959506722759595e+00
3.285749870394987671e+00
3.295562959996429786e+00
3.305398735050490089e+00
3.315257050501363434e+00
3.325137861036774112e+00
3.335041121395196928e+00
3.344966674016345731e+00
3.354914469453415649e+00
3.364884457951063723e+00
3.374876469957150515e+00
3.384890451808319156e+00
3.394926349547588540e+00
3.404983982082631311e+00
3.415063291449279337e+00
3.425164219773005669e+00
3.435286574802509207e+00
3.445430294187318054e+00
3.455595316404890927e+00
3.465781438352684152e+00
3.475988593208825250e+00
3.486216716053535780e+00
3.496465593168324393e+00
3.506735153177168218e+00
3.517025327992381989e+00
3.527335893445595616e+00
3.537666773527952113e+00
3.548017897189799097e+00
3.558389029913122226e+00
3.568780090982802466e+00
3.579191006567967293e+00
3.589621531837470680e+00
3.600071581302275447e+00
3.610541078503576085e+00
3.621029768270043192e+00
3.631537560276417054e+00
3.642064375558992761e+00
3.652609948513460214e+00
3.663174183920213878e+00
3.673757000399964223e+00
3.684358121752739468e+00
3.694977447808748483e+00
3.705614894824794003e+00
3.716270175767256490e+00
3.726943185460211083e+00
3.737633837806479065e+00
3.748341834619598689e+00
3.759067065658718843e+00
3.769809442436966140e+00
3.780568655209265216e+00
3.791344588605291221e+00
3.802137151663821157e+00
3.812946022584707162e+00
3.823771080795098865e+00
3.834612232723394243e+00
3.845469143925296596e+00
3.856341688541364832e+00
3.867229770200996342e+00
3.878133041134903092e+00
3.889051370099974037e+00
3.899984657685607647e+00
3.910932542029236458e+00
3.921894886392625068e+00
3.932871588033775456e+00
3.943862270149146809e+00
3.954866790379304664e+00
3.965885042312697450e+00
3.976916633290270564e+00
3.987961415191353609e+00
3.999019277555722951e+00
4.010089810904352348e+00
4.021172861203385906e+00
4.032268313531553794e+00
4.043375740597132229e+00
4.054494982292434990e+00
4.065625918799465666e+00
4.076768104018413830e+00
4.087921371603197684e+00
4.099085596391657482e+00
4.110260312507381109e+00
4.121445347202973508e+00
4.132640569526332186e+00
4.143845492914592477e+00
4.155059938064360914e+00
4.166283767803940385e+00
4.177516474065741114e+00
4.188757870850909448e+00
4.200007814369642212e+00
4.211265774355070768e+00
4.222531557995723439e+00
4.233805014531054844e+00
4.245085590953741495e+00
4.256373087551300394e+00
4.267667346299488074e+00
4.278967791087716854e+00
4.290274215248489398e+00
4.301586453272529198e+00
4.312903905780254732e+00
4.324226359133865216e+00
4.335553640198609671e+00
4.346885126368396968e+00
4.358220597061087886e+00
4.369559871463109424e+00
4.380902303995015679e+00
4.392247667198431849e+00
4.403595772617129533e+00
4.414945952155716391e+00
4.426297971588819102e+00
4.437651634941896184e+00
4.449006252250260474e+00
4.460361582669071900e+00
4.471717422912950823e+00
4.483073061960920036e+00
4.494428252530259904e+00
4.505782784306761712e+00
4.517135926163291515e+00
4.528487424589370036e+00
4.539837062587049665e+00
4.551184089976331393e+00
4.562528247251366409e+00
4.573869311124854953e+00
4.585206513483879753e+00
4.596539589075147703e+00
4.607868308750536990e+00
4.619191887613651737e+00
4.630510054920614849e+00
4.641822576109414733e+00
4.653128650643575170e+00
4.664428002548206997e+00
4.675720392297214367e+00
4.687005004819360110e+00
4.698281559165486065e+00
4.709549811283864074e+00
4.720808932608511199e+00
4.732058637465584638e+00
4.743298677692178167e+00
4.754528212181511115e+00
4.765746950774079949e+00
4.776954641576180549e+00
4.788150431794069739e+00
4.799334027009193981e+00
4.810505171935854030e+00
4.821663002840376855e+00
4.832807221258518915e+00
4.843937568805388061e+00
4.855053171447869076e+00
4.866153726876607521e+00
4.877238973852776383e+00
4.888308028584419596e+00
4.899360585106253829e+00
4.910396379524493149e+00
4.921414518741198840e+00
4.932414693315123166e+00
4.943396636853953474e+00
4.954359447335122901e+00
4.965302812014996903e+00
4.976226462122267158e+00
4.987129487038849618e+00
4.998011570888836630e+00
5.008872442611820297e+00
5.019711183291582834e+00
5.030527474089685036e+00
5.041321041725074004e+00
5.052090959269519566e+00
5.062836905094424189e+00
5.073558603753465235e+00
5.084255120600752242e+00
5.094926131395039803e+00
5.105571358575358154e+00
5.116189860097796860e+00
5.126781309293233058e+00
5.137345426539643434e+00
5.147881262754129494e+00
5.158388489033318258e+00
5.168866823757297446e+00
5.179315311213268380e+00
5.189733620467113617e+00
5.200121467979211154e+00
5.210477891873035006e+00
5.220802559397575315e+00
5.231095185190686614e+00
5.241354801738856040e+00
5.251581074698338902e+00
5.261773717003349837e+00
5.271931756090856958e+00
5.282054856258524111e+00
5.292142728878656222e+00
5.302194396984443614e+00
5.312209523758350649e+00
5.322187819175414170e+00
5.332128302564394851e+00
5.342030636244256669e+00
5.351894528979432408e+00
5.361718997140928700e+00
5.371503702443301442e+00
5.381248352647193478e+00
5.390951961952908711e+00
5.400614191735975567e+00
5.410234748977991615e+00
5.419812646528511912e+00
5.429347545694747090e+00
5.438839152919307196e+00
5.448286480546631338e+00
5.457689190090740716e+00
5.467046987707877115e+00
5.476358886101986734e+00
5.485624547272585083e+00
5.494843677352103661e+00
5.504015290281533801e+00
5.513139048827418343e+00
5.522214659368355427e+00
5.531241137967682242e+00
5.540218148442746404e+00
5.549145397693354020e+00
5.558021904793993606e+00
5.566847334898138655e+00
5.575621395705010030e+00
5.584343110188875414e+00
5.593012145125726420e+00
5.601628209293796345e+00
5.610190330452637930e+00
5.618698177287689610e+00
5.627151459935610944e+00
5.635549211821227367e+00
5.643891103826334188e+00
5.652176847723979769e+00
5.660405483476555588e+00
5.668576684448573211e+00
5.676690164324841525e+00
5.684744970468051939e+00
5.692740779010761365e+00
5.700677305821233887e+00
5.708553606513956602e+00
5.716369360273355404e+00
5.724124285418237257e+00
5.731817446653704629e+00
5.739448526497784364e+00
5.747017245981571598e+00
5.754522679725586620e+00
5.761964513860795556e+00
5.769342472386196796e+00
5.776655640647557988e+00
5.783903708665289578e+00
5.791086403655286041e+00
5.798202822482756424e+00
5.805252659330971454e+00
5.812235644874694351e+00
5.819150888276816147e+00
5.825998088153657939e+00
5.832776978873571494e+00
5.839486682659686068e+00
5.846126902828088667e+00
5.852697377668232726e+00
5.859197243210961581e+00
5.865626207735274988e+00
5.871984013672364000e+00
5.878269811593977323e+00
5.884483315001695303e+00
5.890624270682458530e+00
5.896691844469260424e+00
5.902685755342190532e+00
5.908605754652065833e+00
5.914451024201835772e+00
5.920221288702269824e+00
5.925916304270963941e+00
5.931535269379225817e+00
5.937077914716794247e+00
5.942544001366413475e+00
5.947932745157024748e+00
5.953243883001520409e+00
5.958477181142395551e+00
5.963631873447114096e+00
5.968707703291566524e+00
5.973704442269494486e+00
5.978621342959812957e+00
5.983458155436639281e+00
5.988214656833837246e+00
5.992890119106767166e+00
5.997484299258012186e+00
6.001996980148212479e+00
6.006427453765730284e+00
6.010775484266698498e+00
6.015040860423119362e+00
6.019222894903758281e+00
6.023321359237823636e+00
6.027336048291366488e+00
6.031266296050717735e+00
6.035111881632068354e+00
6.038872606176109770e+00
6.042547825612628820e+00
6.046137326852878857e+00
6.049640917490673786e+00
6.053057976012730990e+00
6.056388297327618631e+00
6.059631695658379336e+00
6.062787572648770329e+00
6.065855731401177842e+00
6.068835992941412627e+00
6.071727782656254568e+00
6.074530912032664709e+00
6.077245209070071041e+00
6.079870123469589771e+00
6.082405475287854024e+00
6.084851099665907093e+00
6.087206471175328204e+00
6.089471418622082410e+00
6.091645784453760371e+00
6.093729068653142456e+00
6.095721108949637035e+00
6.097621755259143406e+00
6.099430533500657781e+00
6.101147290495489095e+00
6.102771883786314966e+00
6.104303865737102264e+00
6.105743092423765894e+00
6.107089429170629025e+00
6.108342455278449101e+00
6.109502036234346178e+00
6.110568045295199369e+00
6.111540089172514456e+00
6.112418042914611327e+00
6.113201787857481584e+00
6.113890958578036106e+00
6.114485439828748703e+00
6.114985121166270687e+00
6.115389665466686608e+00
6.115698967321901769e+00
6.115912924645101612e+00
6.116031229022521387e+00
6.116053785012539379e+00
6.115980499014241012e+00
6.115811091710182446e+00
6.115545477743418168e+00
6.115183572121040356e+00
6.114725124981301718e+00
6.114170061160787206e+00
6.113518304388585456e+00
6.112769634589356293e+00
6.111923986892386473e+00
6.110981293853858354e+00
6.109941365485411779e+00
6.108804147298148024e+00
6.107569580771012419e+00
6.106237506271825488e+00
6.104807879772503831e+00
6.103280651760472075e+00
6.101655693196942565e+00
6.099932970583428649e+00
6.098112443491413792e+00
6.096194013680492851e+00
6.094177658240536033e+00
6.092063345892314352e+00
6.089851009366963552e+00
6.087540636391442384e+00
6.085132204891009700e+00
6.082625678710235739e+00
6.080021056252205902e+00
6.077318324691969309e+00
6.074517479099188932e+00
6.071618528582646057e+00
6.068621469603023399e+00
6.065526328537665712e+00
6.062333125221293528e+00
6.059041865427141182e+00
6.055652606894882162e+00
6.052165380196356637e+00
6.048580200435773158e+00
6.044897156743085809e+00
6.041116290429379809e+00
6.037237625940360175e+00
6.033261283798307062e+00
6.029187316046876077e+00
6.025015756476181927e+00
6.020746756977807479e+00
6.016380380312416953e+00
6.011916669610229746e+00
6.007355808084444249e+00
6.002697869188278190e+00
5.997942905380752698e+00
5.993091131124457682e+00
5.988142630531767985e+00
5.983097465372281043e+00
5.977955881261141080e+00
5.972717972927454433e+00
5.967383811426182127e+00
5.961953673403258769e+00
5.956427664152980306e+00
5.950805863983341659e+00
5.945088580423874447e+00
5.939275929273278187e+00
5.933368000052998248e+00
5.927365131002878762e+00
5.921267448355977514e+00
5.915075050800012946e+00
5.908788307085174552e+00
5.902407353799507206e+00
5.895932298741922040e+00
5.889363540945717013e+00
5.882701227265194177e+00
5.875945474547182634e+00
5.869096711853014625e+00
5.862155096205196259e+00
5.855120753426697355e+00
5.847994142323589273e+00
5.840775429979227162e+00
5.833464751112189539e+00
5.826062593961526481e+00
5.818569135554828797e+00
5.810984519416817484e+00
5.803309262879168706e+00
5.795543552787974839e+00
5.787687541375540867e+00
5.779741774697306766e+00
5.771706449283112939e+00
5.763581725965124747e+00
5.755368179125480488e+00
5.747066014834092407e+00
5.738675402406131276e+00
5.730196944125524716e+00
5.721630855449848063e+00
5.712977314051367550e+00
5.704236949663624934e+00
5.695409986970879856e+00
5.686496611867668527e+00
5.677497481058445317e+00
5.668412828284719929e+00
5.659242847519827535e+00
5.649988221934695964e+00
5.640649194150440415e+00
5.631225966067308519e+00
5.621719246793467128e+00
5.612129287643945474e+00
5.602456298286038638e+00
5.592701013212036720e+00
5.582863692237435949e+00
5.572944552629009785e+00
5.562944353687309551e+00
5.552863363527289486e+00
5.542701806840434564e+00
5.532460467138014870e+00
5.522139620626121292e+00
5.511739499239422635e+00
5.501260910081810174e+00
5.490704137235204563e+00
5.480069419689585608e+00
5.469357587504005913e+00
5.458568932414148200e+00
5.447703700271628868e+00
5.436762743434937484e+00
5.425746361065019840e+00
5.414654805676114790e+00
5.403488951253257788e+00
5.392249104148099548e+00
5.380935523333562287e+00
5.369549103732318862e+00
5.358090158646318990e+00
5.346558953298846006e+00
5.334956402846245282e+00
5.323282827294950614e+00
5.311538497906194145e+00
5.299724349352035624e+00
5.287840708092432784e+00
5.275887851210497637e+00
5.263866732162936657e+00
5.251777683607437019e+00
5.239620988229629184e+00
5.227397617527532958e+00
5.215107910096295818e+00
5.202752154001640150e+00
5.190331338028097541e+00
5.177845806443790444e+00
5.165295852469379057e+00
5.152682481410299609e+00
5.140006042939359254e+00
5.127266835204381756e+00
5.114465879255988945e+00
5.101603529899787937e+00
5.088680089980614163e+00
5.075696595509096909e+00
5.062653406148446500e+00
5.049550829208125258e+00
5.036389914864632722e+00
5.023171027360677776e+00
5.009894478235789705e+00
4.996561331029860220e+00
4.983171954284326688e+00
4.969726663532171074e+00
4.956226534866455147e+00
4.942671940844191703e+00
4.929063200753257767e+00
4.915401402422480359e+00
4.901686922139242064e+00
4.887920082705895730e+00
4.874101982863079385e+00
4.860233002341616704e+00
4.846313467216096349e+00
4.832344486309193776e+00
4.818326442506769780e+00
4.804259664911791461e+00
4.790145271594020926e+00
4.775983648304831242e+00
4.761775126930165136e+00
4.747520833947561414e+00
4.733221157683574098e+00
4.718876432560327849e+00
4.704487792620293263e+00
4.690055628474344651e+00
4.675580276832791427e+00
4.661062878457505221e+00
4.646503825952623679e+00
4.631903458067653467e+00
4.617262921436539713e+00
4.602582610365753446e+00
4.587862865394169098e+00
4.573104838179674836e+00
4.558308924440516385e+00
4.543475466254601969e+00
4.528605619455702502e+00
4.513699780884016022e+00
4.498758293905810390e+00
4.483782317683775887e+00
4.468772249891221016e+00
4.453728434932110680e+00
4.438652034453108186e+00
4.423543446673094515e+00
4.408403016783286610e+00
4.393231908072420033e+00
4.378030519018984101e+00
4.362799195351574788e+00
4.347539101163053310e+00
4.332250634907424569e+00
4.316934142601608571e+00
4.301590788309632707e+00
4.286220970179060785e+00
4.270825034267240916e+00
4.255404143782296700e+00
4.239958696285824225e+00
4.224489037629159505e+00
4.208996329344313558e+00
4.193480968130095299e+00
4.177943299387137266e+00
4.162384482158943300e+00
4.146804912007676869e+00
4.131204933640683308e+00
4.115585702809277713e+00
4.099947613668358137e+00
4.084291009991793509e+00
4.068617043444661796e+00
4.052926106507498183e+00
4.037218541783244241e+00
4.021495496067167608e+00
4.005757359902157866e+00
3.990004474485768782e+00
3.974237980971317086e+00
3.958458267704787925e+00
3.942665674247222807e+00
3.926861335350074977e+00
3.911045636907466871e+00
3.895218916616443483e+00
3.879382302079723122e+00
3.863536176489167584e+00
3.847680875454257077e+00
3.831817518695932012e+00
3.815946486458197118e+00
3.800068112043598401e+00
3.784183506572817546e+00
3.768293047101485271e+00
3.752397064410253780e+00
3.736496660316397822e+00
3.720592208451889871e+00
3.704684036865267149e+00
3.688773237383155656e+00
3.672860179984139162e+00
3.656945189779296168e+00
3.641029347933990579e+00
3.625113020549346476e+00
3.609196529598832637e+00
3.593280944933028298e+00
3.577366628557530959e+00
3.561453899113262711e+00
3.545543814500262680e+00
3.529636732416597145e+00
3.513732967981228139e+00
3.497833566526020288e+00
3.481938881235838945e+00
3.466049223523839373e+00
3.450165625554682425e+00
3.434288435800851413e+00
3.418417961791550663e+00
3.402555221944195463e+00
3.386700559826293588e+00
3.370854278910769608e+00
3.355017383307010714e+00
3.339190211491777749e+00
3.323373062715196724e+00
3.307566926237422322e+00
3.291772135265575105e+00
3.275988984666346138e+00
3.260218448329267549e+00
3.244460854019893148e+00
3.228716492066761479e+00
3.212986320487336567e+00
3.197270661440780870e+00
3.181569800568650574e+00
3.165884679535023505e+00
3.150215614735012881e+00
3.134562886980214902e+00
3.118927421120259780e+00
3.103309527635751408e+00
3.087709482371221004e+00
3.072128192921123713e+00
3.056565963708364198e+00
3.041023065479100396e+00
3.025500388152348119e+00
3.009998229957368210e+00
2.994516856416496342e+00
2.979057139373522123e+00
2.963619370735458336e+00
2.948203810681131021e+00
2.932811312599941989e+00
2.917442161955347668e+00
2.902096613468790220e+00
2.886775501716817072e+00
2.871479105605371007e+00
2.856207674290400789e+00
2.840962023197977526e+00
2.825742424569867683e+00
2.810549121894290181e+00
2.795382911130136705e+00
2.780244057755659970e+00
2.765132799495000793e+00
2.750049912544236363e+00
2.734995655526095693e+00
2.719970260310232479e+00
2.704974483055498258e+00
2.690008575444387429e+00
2.675072763407703391e+00
2.660167782814003790e+00
2.645293878328138781e+00
2.630451269863820940e+00
2.615640672767750363e+00
2.600862324616996180e+00
2.586116439236176845e+00
2.571403711240140222e+00
2.556724371055341560e+00
2.542078626351599979e+00
2.527467150823653252e+00
2.512890167691696597e+00
2.498347878411510070e+00
2.483840935591183019e+00
2.469369555196258226e+00
2.454933932415704678e+00
2.440534698626201315e+00
2.426172062497410575e+00
2.411846212905318865e+00
2.397557759872131822e+00
2.383306904737550802e+00
2.369093830024995739e+00
2.354919124300809852e+00
2.340782981547701258e+00
2.326685577903605751e+00
2.312627480399039204e+00
2.298608875639740479e+00
2.284629933351856046e+00
2.270691198971389380e+00
2.256792851714056969e+00
2.242935054874510836e+00
2.229118332256545099e+00
2.215342855679650391e+00
2.201608781993817043e+00
2.187916613353582562e+00
2.174266514182779719e+00
2.160658634880006534e+00
2.147093455953781316e+00
2.133571134439486539e+00
2.120091814283942000e+00
2.106655954372733230e+00
2.093263704366559619e+00
2.079915201766235011e+00
2.066610883876924376e+00
2.053350893004826094e+00
2.040135360216561278e+00
2.026964701298328730e+00
2.013839051228269117e+00
2.000758534656505550e+00
1.987723545930159874e+00
1.974734212731908523e+00
1.961790653318769673e+00
1.948893240696603968e+00
1.936042095291244047e+00
1.923237328995468287e+00
1.910479293589166794e+00
1.897768102285765091e+00
1.885103860648030372e+00
1.872486899362081125e+00
1.859917324479088085e+00
1.847395235271166003e+00
1.834920941479307066e+00
1.822494542048120003e+00
1.810116130003393664e+00
1.797785994305585611e+00
1.785504226853809717e+00
1.773270914476658744e+00
1.761086325534092945e+00
1.748950544946014540e+00
1.736863653397590523e+00
1.724825898843280747e+00
1.712837359295118267e+00
1.700898109353059295e+00
1.689008376775563036e+00
1.677168232743007970e+00
1.665377745832676615e+00
1.653637123830522304e+00
1.641946431166167786e+00
1.630305730460918090e+00
1.618715209765220431e+00
1.607174926843394802e+00
1.595684938431443989e+00
1.584245413094325317e+00
1.572856402020836875e+00
1.561517956136215801e+00
1.550230224782450206e+00
1.538993252666763789e+00
1.527807084981835928e+00
1.516671852121209030e+00
1.505587592408456521e+00
1.494554345385440186e+00
1.483572222783242411e+00
1.472641256643498542e+00
1.461761480942362468e+00
1.450932989045381705e+00
1.440155806817558393e+00
1.429429962757661210e+00
1.418755532173026745e+00
1.408132534860734530e+00
1.397560993933531170e+00
1.387040966957718169e+00
1.376572467774391795e+00
1.366155514204508981e+00
1.355790146399843410e+00
1.345476372360442374e+00
1.335214204712452890e+00
1.325003666528373536e+00
1.314844760084990849e+00
1.304737492913170094e+00
1.294681871349624869e+00
1.284677892068309069e+00
1.274725557606739557e+00
1.264824857917039358e+00
1.254975784193200328e+00
1.245178334083592908e+00
1.235432481514109559e+00
1.225738212323927989e+00
1.216095519378575629e+00
1.206504360942728171e+00
1.196964717627994501e+00
1.187476577625315111e+00
1.178039883909327790e+00
1.168654611993210635e+00
1.159320745503408912e+00
1.150038212501341306e+00
1.140806983532637764e+00
1.131627037771022470e+00
1.122498288746674344e+00
1.113420702170111465e+00
1.104394252875667837e+00
1.095418840248939985e+00
1.086494425299158184e+00
1.077620978636017801e+00
1.068798385891375657e+00
1.060026603508225973e+00
1.051305597987662210e+00
1.042635241602362317e+00
1.034015486365184477e+00
1.025446294785820500e+00
1.016927526175559482e+00
1.008459128254120873e+00
1.000041059658014708e+00
9.916731671376890489e-01
9.833553942574546625e-01
9.750876958997426458e-01
9.668699066569881317e-01
9.587019660763993478e-01
9.505838254061794723e-01
9.425153074853773738e-01
9.344963479828241049e-01
9.265268946329526800e-01
9.186067589273753109e-01
9.107358727955453537e-01
9.029141805790348307e-01
8.951414828288276615e-01
8.874177078741113389e-01
8.797427967848235886e-01
8.721165395785138719e-01
8.645388611231842324e-01
8.570096993385306616e-01
8.495288341157816170e-01
8.420961870006767880e-01
8.347116928840686567e-01
8.273751219374617660e-01
8.200863925229300300e-01
8.128454366237652939e-01
8.056520150973769390e-01
7.985060432603278135e-01
7.914074503093543322e-01
7.843559881920181276e-01
7.773515693169432694e-01
7.703941202149073852e-01
7.634833843260802055e-01
7.566192712880139837e-01
7.498017050855811938e-01
7.430304210518402508e-01
7.363053261893032220e-01
7.296263420563260382e-01
7.229931962765944187e-01
7.164057933526636335e-01
7.098640525349724228e-01
7.033676941326901799e-01
6.969166202824309542e-01
6.905107480444295787e-01
6.841497908049797294e-01
6.778336484676037443e-01
6.715622360190472984e-01
6.653352603108649843e-01
6.591526191450618466e-01
6.530142255505239079e-01
6.469197802284162302e-01
6.408691790094331875e-01
6.348623330790642560e-01
6.288989373683924189e-01
6.229788858655445072e-01
6.171020880258387686e-01
6.112682333862995421e-01
6.054772142196941376e-01
5.997289383630843851e-01
5.940230903309630106e-01
5.883595608063233451e-01
5.827382561185234788e-01
5.771588561263533146e-01
5.716212500469309843e-01
5.661253428110452068e-01
5.606708099837324211e-01
5.552575394383796326e-01
5.498854348148799476e-01
5.445541677414155179e-01
5.392636248679829603e-01
5.340137086497444008e-01
5.288040871297327028e-01
5.236346458530293235e-01
5.185052861946902736e-01
5.134156729589709478e-01
5.083656907026083971e-01
5.033552398236056380e-01
4.983839822283448462e-01
4.934518015998563545e-01
4.885585974605295978e-01
4.837040291542198389e-01
4.788879796029095193e-01
4.741103475531835976e-01
4.693707901160514839e-01
4.646691895631102631e-01
4.600054439632907943e-01
4.553792085186934568e-01
4.507903649591801787e-01
4.462388107724964414e-01
4.417241995699642820e-01
4.372464126463304623e-01
4.328053470029224470e-01
4.284006549725631330e-01
4.240322175194676801e-01
4.196999312516020986e-01
4.154034475296777273e-01
4.111426470899322005e-01
4.069174262382957430e-01
4.027274356638608777e-01
3.985725559754122460e-01
3.944526832664407845e-01
3.903674678490159367e-01
3.863167903029785522e-01
3.823005465972417194e-01
3.783183869555791223e-01
3.743701920254011717e-01
3.704558577371704353e-01
3.665750345092644302e-01
3.627276031511998400e-01
3.589134596393963039e-01
3.551322548639587739e-01
3.513838698891060819e-01
3.476682008199036278e-01
3.439848992896104574e-01
3.403338467078266816e-01
3.367149393892586162e-01
3.331278299761207817e-01
3.295724003122005308e-01
3.260485470011534326e-01
3.225559239544230627e-01
3.190944135369486734e-01
3.156639127189799221e-01
3.122640769360240931e-01
3.088947891593393225e-01
3.055559468017616243e-01
3.022472070723580262e-01
2.989684536321126074e-01
2.957195844108057581e-01
2.925002586353206424e-01
2.893103607380537179e-01
2.861497892384684549e-01
2.830182056203813246e-01
2.799154951676105507e-01
2.768415570604378373e-01
2.737960552737059294e-01
2.707788760210277368e-01
2.677899192130528405e-01
2.648288515448532499e-01
2.618955602366200286e-01
2.589899459973666329e-01
2.561116784668682200e-01
2.532606459471470894e-01
2.504367500120685541e-01
2.476396634660715523e-01
2.448692757668069486e-01
2.421254894180399908e-01
2.394079806046190140e-01
2.367166400122538150e-01
2.340513711383305495e-01
2.314118537600262648e-01
2.287979798623101246e-01
2.262096539987315247e-01
2.236465597474203149e-01
2.211085904627431431e-01
2.185956518159939688e-01
2.161074313922665968e-01
2.136438239846280840e-01
2.112047364430190699e-01
2.087898605637628913e-01
2.063990926473826260e-01
2.040323407830462454e-01
2.016893011818889914e-01
1.993698717204570314e-01
1.970739617878393135e-01
1.948012722141354847e-01
1.925517025207281463e-01
1.903251634579373464e-01
1.881213606809857553e-01
1.859401954256512390e-01
1.837815798659712396e-01
1.816452246920261249e-01
1.795310329248595849e-01
1.774389182264781428e-01
1.753685965367747235e-01
1.733199727348486430e-01
1.712929620372752593e-01
1.692872858555768412e-01
1.673028510022426529e-01
1.653395743178997235e-01
1.633971829159066858e-01
1.614755856206484264e-01
1.595747009695979990e-01
1.576942620178835852e-01
1.558341796840519711e-01
1.539943742788039971e-01
1.521745850497580321e-01
1.503747250962039483e-01
1.485947165821123461e-01
1.468343052098813606e-01
1.450934063509686789e-01
1.433719441061657163e-01
1.416696709071040561e-01
1.399865044942524006e-01
1.383223709919121636e-01
1.366770298482492263e-01
1.350504012757613725e-01
1.334424135115674370e-01
1.318528333217995618e-01
1.302815835013514112e-01
1.287285944915686764e-01
1.271936406948247222e-01
1.256766476080928563e-01
1.241775479701958812e-01
1.226961241602387703e-01
1.212323045095377444e-01
1.197860241498802797e-01
1.183570738094767566e-01
1.169453848040481886e-01
1.155508947576723983e-01
1.141734031679290523e-01
1.128128445107218769e-01
1.114691590091029111e-01
1.101421554227787203e-01
1.088317716007102254e-01
1.075379504852376072e-01
1.062605106988203651e-01
1.049993937288485751e-01
1.037545453808100399e-01
1.025257948960236337e-01
1.013130877376928890e-01
1.001163727561856231e-01
9.893549078298324861e-02
9.777039168929642365e-02
9.662102760912298638e-02
9.548725221938718366e-02
9.436902035009980816e-02
9.326628773825461349e-02
9.217892251573561735e-02
9.110688516111166424e-02
9.005013544075661513e-02
8.900855796299340927e-02
8.798211969339569949e-02
8.697078498674781777e-02
8.597445738413857230e-02
8.499311131382090989e-02
8.402671642932507678e-02
8.307519805178267824e-02
8.213853913837045051e-02
8.121671550525587369e-02
8.030967733949175014e-02
7.941741718520657634e-02
7.853991801151373464e-02
7.767715788576474989e-02
7.682913981978302387e-02
7.599585497956695690e-02
7.517731173633161734e-02
7.437352401753956344e-02
7.358449214693478513e-02
7.281025586023720519e-02
7.205083966465750112e-02
7.130625370123970519e-02
7.057656772272651036e-02
6.986181525493009858e-02
6.916201630226333219e-02
6.847726558463480828e-02
6.780760235630557686e-02
6.715305551085684610e-02
6.651373453330486352e-02
6.588967888124645789e-02
6.528092386123397761e-02
6.468757695207501268e-02
6.410966964588570016e-02
6.354723917697692459e-02
6.300036659495554525e-02
6.246906444287938370e-02
6.195336494513552922e-02
6.145329031663127745e-02
6.096882059245978952e-02
6.049997335189646192e-02
6.004667250935367268e-02
5.960885028581226069e-02
5.918649741821077614e-02
5.877939566666196686e-02
5.838741392740207092e-02
5.801050206259530245e-02
5.764825616001212349e-02
5.730046831425284620e-02
5.696703311488903604e-02
5.664732437807090681e-02
5.634104866263895534e-02
5.604803259776636876e-02
5.576740570292793020e-02
5.549878799023608839e-02
5.524192917023252464e-02
5.499571539931694814e-02
5.475969074231849115e-02
5.453352412367446639e-02
5.431589419537174307e-02
5.410629810911826015e-02
5.390432710032852515e-02
5.370854335337080926e-02
5.351845541328973527e-02
5.333358640840899639e-02
5.315255256630841557e-02
5.297498127914704313e-02
5.280029703506402411e-02
5.262743404022237476e-02
5.245639923869093585e-02
5.228615383590885096e-02
5.211684772297956597e-02
5.195000745680630055e-02
5.178397141809667342e-02
5.162605011952250272e-02
5.148234323948622931e-02
5.135763083323895833e-02
5.127572785504982966e-02
5.124198011292794425e-02
5.127771701779156727e-02
5.138233122798704228e-02
5.152947622382451215e-02
5.171978667879121444e-02
5.184269436599251574e-02
5.184420959018690850e-02
5.166432588614337101e-02
5.118586740326160761e-02
5.040912739584812313e-02
4.929895046534080866e-02
4.789653144106604393e-02
4.624196852473283492e-02
4.435751197916774219e-02
4.232131678325491003e-02
4.015065514435572219e-02
3.784875575310108625e-02
3.548281014574238695e-02
3.310449570894272164e-02
3.068186269983666156e-02
2.835702189184455269e-02
2.633060804409297420e-02
2.419479401107189551e-02
2.223507609291585849e-02
2.213032190271223276e-02
2.015291649471421045e-02
1.635734909937508127e-02
3.311000309092763244e-02
