6.981503540782743524e-05
-9.117822912681710192e-05
1.167071887503683819e-05
4.533334552339194945e-05
-3.357257784360148954e-05
3.493787046937398794e-06
2.398579583372003178e-05
-6.762034296704403307e-06
5.265667092320955919e-06
1.432583783663354141e-05
4.412648448782913710e-06
8.304360336231983442e-06
1.164996110794205046e-05
8.697742188484215600e-06
9.835131844873958400e-06
1.115867039568283377e-05
1.108485081765443221e-05
1.241341817797710565e-05
1.410202782210385318e-05
1.536314615679848150e-05
1.687286471922392616e-05
1.830006006885018382e-05
1.973832341425950802e-05
2.156013032969436358e-05
2.386794052195371138e-05
2.691644679247061302e-05
3.071168402816016832e-05
3.530002645736499638e-05
4.076386686607949084e-05
4.709828045231236965e-05
5.428136179548695211e-05
6.257838654117325189e-05
7.210605588977692766e-05
8.253387550023398675e-05
9.379436435620496003e-05
1.063385797698566731e-04
1.189276806417013612e-04
1.316448564021434982e-04
1.462568060808192439e-04
1.614258604959473717e-04
1.808966386079373075e-04
2.080430236971096095e-04
2.444122303041707032e-04
2.978104936358012583e-04
3.697738000993655029e-04
4.636503301276850299e-04
5.814349706024121668e-04
7.203258093479315144e-04
8.796292446411191476e-04
1.052827066593433345e-03
1.238173920515705942e-03
1.432094180689706328e-03
1.632020349592524502e-03
1.840282678813562811e-03
2.054695098161793843e-03
2.279413492206062465e-03
2.518267298331672115e-03
2.771553148962123837e-03
3.053654834921132929e-03
3.371187219066304475e-03
3.740472119174290556e-03
4.188345644330053290e-03
4.707195420255435442e-03
5.323507721859595428e-03
6.008414007740599944e-03
6.719865415589423331e-03
7.436151189375816463e-03
8.048415981376082565e-03
8.539843715021812678e-03
8.849284030295770029e-03
8.959171872036689535e-03
8.930366034437553849e-03
8.759166230692175953e-03
8.576899643263866460e-03
8.434272938815915235e-03
8.383082762032903826e-03
8.507396616452210861e-03
8.785175433497856637e-03
9.246941706299449323e-03
9.854138758027848957e-03
1.056835324280414566e-02
1.137775156299379413e-02
1.222263051479742686e-02
1.309959583825250767e-02
1.399060968220818511e-02
1.490583507158095566e-02
1.586792469060968602e-02
1.689430723399865455e-02
1.801856094727257926e-02
1.922580900851963634e-02
2.052733271185911909e-02
2.186057211114241297e-02
2.318249027605379445e-02
2.446127235998868388e-02
2.562516942450921917e-02
2.668146804536556879e-02
2.760527639214798226e-02
2.843571994597611854e-02
2.921477634247676702e-02
2.995279615158021394e-02
3.071463348106971691e-02
3.151101984778416354e-02
3.235141174789210594e-02
3.321947453210355450e-02
3.409242406270509423e-02
3.494476247063663804e-02
3.572674392044624531e-02
3.643929724441486578e-02
3.705878480047847950e-02
3.761659743971765973e-02
3.814696816758238879e-02
3.868494863428182523e-02
3.933332703693983440e-02
4.009908204170558460e-02
4.106000125887997176e-02
4.222824872520294232e-02
4.353630595394233221e-02
4.499478744069881908e-02
4.642425463995112495e-02
4.775257184962439228e-02
4.888304282634749892e-02
4.968121052951538635e-02
5.019515960357992523e-02
5.037302049445957497e-02
5.035551085859723414e-02
5.024476211094467543e-02
5.011641033660721445e-02
5.015088831770539435e-02
5.034123626101369431e-02
5.076015372012948612e-02
5.135720712162875068e-02
5.204823502068520874e-02
5.279450302594448918e-02
5.345768124616925160e-02
5.403472935688159035e-02
5.445472233677486895e-02
5.474241537128896745e-02
5.497483356007620836e-02
5.514548812505267600e-02
5.537325317402921193e-02
5.569262880769012408e-02
5.613132285071131128e-02
5.674849852350568463e-02
5.753634449559364566e-02
5.852585128195739866e-02
5.969249913015239883e-02
6.101434735927901976e-02
6.248148655542123953e-02
6.403481050701985422e-02
6.569557244854488942e-02
6.741430978178221400e-02
6.926017485672857077e-02
7.132891522675850748e-02
7.361187868520967237e-02
7.622804214429100556e-02
7.921304131876118204e-02
8.256131559633969608e-02
8.631504534618157642e-02
9.049999177413320384e-02
9.511775952254497568e-02
1.004194093801335924e-01
1.065406289352443386e-01
1.135792928887903869e-01
1.216471661854580805e-01
1.307116612413364021e-01
1.406354618351714214e-01
1.508372153927950710e-01
1.613768395878866502e-01
1.716464658727861747e-01
1.814362815389073680e-01
1.917163335840570693e-01
2.016398447347426959e-01
2.122429903638810567e-01
2.255100656885949961e-01
2.403911107867377772e-01
2.595981597856542589e-01
2.863091692236519603e-01
3.194069816557837393e-01
3.638782751633511947e-01
4.247085348474022304e-01
5.005499189463400445e-01
6.003663883947794044e-01
7.331804902180109051e-01
8.981764070355374718e-01
1.114992740430514662e+00
1.399410601251749098e+00
1.753772310712968574e+00
2.212464926624297945e+00
2.796567237027114405e+00
3.512840749464468004e+00
4.407171151099860573e+00
5.502951778397530802e+00
6.810467917951764427e+00
8.380556511548325815e+00
1.023637665345289527e+01
1.238806480714625025e+01
1.488171624356170675e+01
1.773785249792752694e+01
2.096230006338275942e+01
2.458870907245756499e+01
2.863176101850304178e+01
3.308876308729495719e+01
3.796273618565813734e+01
4.325498301939254731e+01
4.893799325445592530e+01
5.495377334546154913e+01
6.129522454113287466e+01
6.789243218514501166e+01
7.465027560870007051e+01
8.158665237390987102e+01
8.861116756782047332e+01
9.570041034761442234e+01
1.029230890333566322e+02
1.102431084626556981e+02
1.178158832961539133e+02
1.257228522266657365e+02
1.340558962695477305e+02
1.430769605458782223e+02
1.527710722258637759e+02
1.633187027732605259e+02
1.748137110834345549e+02
1.870862614095368883e+02
2.002686698158094032e+02
2.141398252383206398e+02
2.284742371747626066e+02
2.432846241422693083e+02
2.582441840878635730e+02
2.732228550568419791e+02
2.882210444509528884e+02
3.031321265646794814e+02
3.179054360693930903e+02
3.326482506512617761e+02
3.473290438640296429e+02
3.617908662038944954e+02
3.761107791312046515e+02
3.899777711162006995e+02
4.031637186247785962e+02
4.156040608357085944e+02
4.268084335560781710e+02
4.366445286774012402e+02
4.449122336065229320e+02
4.511236036554524276e+02
4.552874093839918146e+02
4.570546034108187996e+02
4.562261508846579545e+02
4.530584380031420437e+02
4.473345424926855571e+02
4.394828368262596996e+02
4.298784431093956755e+02
4.185666564694909653e+02
4.060619028456198407e+02
3.925618556423568748e+02
3.780780397840256342e+02
3.628680949453264475e+02
3.470875250754086210e+02
3.307234518859238506e+02
3.141891648953089771e+02
2.976839581276393005e+02
2.813900097738318209e+02
2.657984134916610515e+02
2.509100406683079143e+02
2.369326207660116950e+02
2.238564286754188686e+02
2.114795679464494071e+02
1.997835797133968754e+02
1.885604959860254439e+02
1.777770135648758867e+02
1.674400237052562659e+02
1.575808463646916664e+02
1.482213304905481834e+02
1.393758953591051579e+02
1.310554022815070709e+02
1.232385862938189689e+02
1.159651718806792786e+02
1.092385593715186047e+02
1.030102354093264125e+02
9.732131157147223632e+01
9.204554309369905241e+01
8.711214260696307576e+01
8.250103027914131815e+01
7.813120742308832689e+01
7.400308320515124194e+01
7.010515113761910300e+01
6.638927102644059630e+01
6.282846260715732711e+01
5.936733004555424031e+01
5.597493769823943666e+01
5.268168470906794454e+01
4.951592035650856616e+01
4.652172948649485562e+01
4.369426918764515477e+01
4.102668251943831734e+01
3.847402051121689226e+01
3.603329988905506553e+01
3.371645238874332762e+01
3.154096571223132628e+01
2.950185378556644267e+01
2.759918202226290518e+01
2.582763568257006526e+01
2.418327980240715291e+01
2.266818574374729778e+01
2.127575152561294303e+01
1.999786314356689232e+01
1.882966568229948123e+01
1.775198286876559450e+01
1.676397206837421905e+01
1.584588143823419593e+01
1.498424334519069667e+01
1.418921389668120447e+01
1.344885321754746066e+01
1.276377664194888517e+01
1.213797481300360737e+01
1.157844869913636821e+01
1.107935341454470723e+01
1.063156989461874424e+01
1.023713231421574932e+01
9.892595460370962712e+00
9.591802922214165861e+00
9.335075339579240961e+00
9.122275196623789384e+00
8.949441389368631761e+00
8.814631694663942696e+00
8.712918965729805620e+00
8.641619782842495212e+00
8.592267956749379820e+00
8.556023758237900623e+00
8.534713306184629644e+00
8.507429279747109163e+00
8.457897713505722948e+00
8.398997632119289847e+00
8.341008308299267426e+00
8.320122918345690621e+00
8.338424731915953458e+00
8.424353805135618600e+00
8.554197981867046607e+00
8.694969134419180179e+00
8.829827339483822257e+00
8.925541338049445272e+00
8.983847308635381168e+00
9.015874992432985735e+00
9.061918033507705417e+00
9.117817961061300380e+00
9.164616850649613511e+00
9.152661751178166938e+00
9.087023018050293999e+00
8.940205382705155301e+00
8.736524629809290232e+00
8.510342228571570189e+00
8.285918789082913349e+00
8.124580582737987555e+00
8.029272022958453547e+00
8.008139131390482390e+00
8.018063992251567740e+00
8.041019940436308744e+00
8.068537209403416455e+00
8.082675784345832781e+00
8.073437465203824104e+00
8.049029356992695838e+00
8.030533501310573641e+00
8.016388459637957098e+00
8.015003062518552213e+00
8.016419187075788599e+00
8.017630903460377212e+00
8.011077029432055241e+00
8.001216145967305238e+00
7.996805486600991664e+00
7.995921988834826521e+00
7.996233781509155314e+00
7.996767414635233884e+00
7.987348738928166547e+00
7.953115427218782507e+00
7.896726565284352795e+00
7.817902041456449957e+00
7.734579168353771017e+00
7.653388259677375238e+00
7.579616253684701377e+00
7.514760142175518354e+00
7.456994533218125554e+00
7.409747242011060386e+00
7.371265765777092582e+00
7.337589511956877253e+00
7.311657502686011334e+00
7.297008841388378464e+00
7.290475703054357659e+00
7.289886938319366294e+00
7.292272865155840833e+00
7.298124180335072708e+00
7.304948745615006622e+00
7.309850616643699617e+00
7.314428619241255092e+00
7.319307004346011780e+00
7.323060051235178669e+00
7.325113009833768452e+00
7.326301666345162111e+00
7.325643693666074263e+00
7.322640009455128052e+00
7.317397050640927603e+00
7.312276736227340201e+00
7.307547969899523821e+00
7.303554148742559704e+00
7.301402682603597150e+00
7.299377447286591547e+00
7.296760535715054452e+00
7.288456341992460175e+00
7.273001717387711729e+00
7.248436095934866152e+00
7.212286298111163951e+00
7.167927225746054454e+00
7.115631048792022462e+00
7.062197244610487701e+00
7.011498237928567967e+00
6.965769786514969475e+00
6.929392157231258231e+00
6.900711988435980437e+00
6.878957321904727529e+00
6.858997023952359662e+00
6.838281530374370476e+00
6.813910465405172090e+00
6.782305505425483716e+00
6.744634463615443387e+00
6.701070432465830784e+00
6.654172084731468040e+00
6.604601114827957531e+00
6.554521928268176367e+00
6.504494711110171856e+00
6.452654730503773806e+00
6.399286240318623697e+00
6.342686744347975747e+00
6.282326225297834021e+00
6.217628899689036537e+00
6.150694330330847670e+00
6.082863605897184556e+00
6.013944383885303502e+00
5.946492947718024169e+00
5.881351586791456754e+00
5.817345453085107643e+00
5.752056022059361062e+00
5.686275639688237682e+00
5.619197270187505033e+00
5.548458422430873505e+00
5.474802728803960683e+00
5.400384761780241405e+00
5.328886968424531467e+00
5.258448731247176156e+00
5.192688563730722073e+00
5.136636290885350675e+00
5.086000159938392606e+00
5.043041850995373387e+00
5.006232071065275235e+00
4.972687800676822256e+00
4.942189416797183377e+00
4.906617175233763284e+00
4.866607547928563982e+00
4.818298578271421384e+00
4.753690916664639055e+00
4.675890406717477354e+00
4.578389642156629691e+00
4.459392865887545021e+00
4.322769490203209664e+00
4.164226481519913925e+00
3.988733516542823043e+00
3.799601690734851100e+00
3.597894623666427094e+00
3.392117023432756451e+00
3.184281036585831171e+00
2.979215796842213049e+00
2.785493841930867465e+00
2.603183209776254614e+00
2.437443231977669544e+00
2.292648431280819743e+00
2.166350083401916482e+00
2.061036907519745665e+00
1.973848394909294868e+00
1.901121481103302147e+00
1.841769070651507079e+00
1.788723842475959058e+00
1.739892215024364974e+00
1.692836439003060356e+00
1.642494310256716439e+00
1.589249212749378914e+00
1.531988353753868770e+00
1.470149891555478483e+00
1.405100224852277258e+00
1.337323991259034450e+00
1.268881229416441103e+00
1.200712865621845316e+00
1.133732769346597058e+00
1.069963776194567062e+00
1.009512862779614162e+00
9.527702962331067171e-01
9.001576093243058851e-01
8.511787761383358131e-01
8.052465183321212416e-01
7.613854238876811564e-01
7.193835701625571621e-01
6.781779519140219703e-01
6.374935677494483199e-01
5.981123335119634676e-01
5.599693042140971855e-01
5.250596763954654689e-01
4.943993403454559066e-01
4.695434686715372341e-01
4.527362887076573639e-01
4.436207284325977551e-01
4.434859838101665175e-01
4.508164711058440521e-01
4.637847871813638445e-01
4.811508098160410807e-01
4.978702797218685361e-01
5.126497172201444075e-01
5.229602537460106282e-01
5.258152021083434269e-01
5.217492036252345811e-01
5.101884734583111980e-01
4.930067673165297037e-01
4.713061167757922054e-01
4.465652857379971974e-01
4.219005172498849210e-01
3.975812980947251440e-01
3.747055745235929325e-01
3.544277021144992545e-01
3.365957904689422797e-01
3.211528520997840030e-01
3.078900948135760429e-01
2.969073067629500184e-01
2.877847198652966898e-01
2.799908642468523223e-01
2.736789154985857508e-01
2.683936132362799154e-01
2.633640144315452791e-01
2.585492361373138981e-01
2.533443319835721463e-01
2.472259494674494684e-01
2.402556999638860991e-01
2.323015198158451255e-01
2.240139217904191515e-01
2.155237334600980936e-01
2.077788494678300957e-01
2.016238267465993161e-01
1.965830173941677528e-01
1.934110220509882294e-01
1.914834829587472032e-01
1.901922187672217268e-01
1.890399074487265352e-01
1.873140463962478242e-01
1.854116176394779714e-01
1.826902731185282569e-01
1.798503323272071242e-01
1.777072773988254140e-01
1.763843851812784969e-01
1.769137997979953469e-01
1.794307786468566646e-01
1.846182813583779614e-01
1.925610432121881155e-01
2.025611987116060220e-01
2.150178497701084046e-01
2.284053702488594295e-01
2.417783387237336656e-01
2.544577015149813715e-01
2.645280465019418936e-01
2.719333934057726054e-01
2.758412565541566441e-01
2.762274336385971418e-01
2.738558958231975260e-01
2.689111543551779282e-01
2.624816657900579386e-01
2.548056788977003939e-01
2.462072241963250974e-01
2.368519087784403121e-01
2.264588815259191978e-01
2.147575774295062134e-01
2.019571248438385702e-01
1.882528041347305836e-01
1.738621893891380277e-01
1.601844940484324631e-01
1.475216714938582252e-01
1.368573426147453032e-01
1.289968802562221073e-01
1.235534257446169737e-01
1.208969853379859155e-01
1.199051231268886686e-01
1.200483613262021548e-01
1.205150803794586140e-01
1.199331891558462759e-01
1.185323761529469833e-01
1.155139149340515536e-01
1.111483594235775779e-01
1.060799768519451874e-01
1.004447251248709455e-01
9.512956681937451142e-02
9.020838683360787869e-02
8.597268692754961306e-02
8.221683955977741876e-02
7.857003051062215471e-02
7.485441157553014702e-02
7.052026504378475225e-02
6.549656360222091966e-02
5.967684279079440296e-02
5.322663645017208789e-02
4.634299298842737419e-02
3.920338104978789845e-02
3.227815080910859113e-02
2.570006773914068968e-02
1.965974893217809980e-02
1.445353122761499493e-02
1.006781350206261035e-02
6.610387421255426062e-03
4.042916705532646759e-03
2.221941061192424672e-03
1.128059856342999816e-03
4.740547048580209203e-04
1.447863534014061945e-04
5.376786814538280700e-05
1.221687168347211389e-05
1.778259909397977465e-05
2.814235323312475629e-05
2.042768519079261611e-05
1.589417767638265065e-05
7.547560888150530414e-06
6.047311071704154932e-07
-1.334052783834877808e-06
-1.351801396005722452e-06
-1.142750762407561123e-06
-8.041020891222026226e-08
4.644503794254365963e-07
4.471565742065275453e-07
5.295071860797337435e-07
4.475523387797424445e-07
3.470325371333102235e-07
3.294254259597795242e-07
2.835457633942316368e-07
2.114253020522187467e-07
1.572673300969667244e-07
9.512773837131094036e-08
4.581952258592855866e-08
1.813962811968280689e-08
5.189201071097717724e-09
1.993895018241512923e-09
5.032213765621868654e-09
9.991342048976176000e-09
1.264870649971346006e-08
1.389445936665475908e-08
1.278667971462311171e-08
1.047830376508001175e-08
7.995723227083925181e-09
5.626401870430619252e-09
4.067533912567977827e-09
3.079809118810242701e-09
2.560015200891696705e-09
2.183517662396046354e-09
1.895144915667443152e-09
1.628398161649635495e-09
1.340833879276297539e-09
1.073158351613664079e-09
8.369841164720981472e-10
6.539773661852345269e-10
5.104788679598168295e-10
3.974238581978911227e-10
3.002064440632955814e-10
2.213602238326974207e-10
1.606289529267480921e-10
1.146872298037392091e-10
8.071119076917078549e-11
5.712850998616807976e-11
4.024498605664869913e-11
2.906823395525813460e-11
2.178139726466298653e-11
1.628268224684177265e-11
1.265515875932516576e-11
1.001779589056627375e-11
7.966445420703793567e-12
6.602201316933426994e-12
5.463051773226124552e-12
4.455932557261219452e-12
3.718474224992546512e-12
3.075018575495853118e-12
2.513316407685108061e-12
2.082905481396591181e-12
1.710143588094039143e-12
1.385844539788595168e-12
1.132455493197928862e-12
9.195144932907384145e-13
7.367429552124063683e-13
5.924593938383663914e-13
4.742104569704843269e-13
3.745498112882699639e-13
2.957272292987764668e-13
2.325317645287039493e-13
1.801642134889617166e-13
1.390461879564256237e-13
1.070828372815011361e-13
8.122169974531117335e-14
6.117719547466353054e-14
4.609631343709303019e-14
3.421355824720315525e-14
2.520702654302250748e-14
1.868370054684539273e-14
1.364978921278204324e-14
9.907349776051013970e-15
7.263650618711403100e-15
5.246983794754299827e-15
3.768785152116962214e-15
2.738351247018299628e-15
1.957365446540500321e-15
1.392234635703909557e-15
1.003902495865096963e-15
7.119182421024783570e-16
5.026347953885202764e-16
3.590289186074209209e-16
2.515695520109110166e-16
1.767227351470955066e-16
1.253752953052029007e-16
8.651530851566092308e-17
6.226329976569493497e-17
4.240289090251971923e-17
2.525095050670814285e-17
2.407134059152497825e-17
1.454375314618360578e-17
-6.552670550074409237e-18
1.719246791707149829e-17
