9.209527435426027900e-07
1.473395223475725130e-06
2.871297364784194652e-06
5.223348825953712521e-06
7.479932612260983857e-06
9.777001058157994487e-06
1.177903375938622539e-05
1.321196642200352731e-05
1.439943438849054088e-05
1.532935659223324854e-05
1.624529594699284505e-05
1.721007556326367729e-05
1.832762756381208671e-05
1.964285117072897446e-05
2.104964443022818606e-05
2.248658057925216589e-05
2.368131290194106108e-05
2.463367381105499966e-05
2.522261460814859179e-05
2.569787094932517047e-05
2.632900161865113072e-05
2.731964708275696585e-05
2.930684419979643317e-05
3.232314775679436420e-05
3.674939633181391519e-05
4.247664513421071263e-05
4.902731763955581537e-05
5.629081683577653357e-05
6.288075689525557215e-05
6.859020883942651132e-05
7.262730231918363810e-05
7.478949916042504852e-05
7.628878306088436297e-05
7.708933428536728408e-05
8.026173556875219872e-05
8.724065675861085879e-05
9.945911999304474064e-05
1.194436431384468647e-04
1.464913483255902450e-04
1.812297946352508929e-04
2.208830824502319235e-04
2.639579256374538865e-04
3.080014766343484932e-04
3.496800755056661721e-04
3.914968356664117410e-04
4.309794708660471163e-04
4.768476473543835012e-04
5.368838656117483387e-04
6.175391518645755593e-04
7.451653195119735179e-04
9.247066599108104239e-04
1.172761865683304150e-03
1.501411213500221864e-03
1.898590005522867450e-03
2.368365361432122392e-03
2.876932084737477899e-03
3.407761906739961797e-03
3.943022080246311352e-03
4.448349829191798437e-03
4.926425614036244495e-03
5.360273506627779259e-03
5.741409969709344342e-03
6.075371433955627926e-03
6.351628662989432239e-03
6.565947271469894236e-03
6.723396746824325011e-03
6.822866174448358016e-03
6.893451267656371118e-03
6.954326969829786181e-03
7.026455294430287470e-03
7.160054377422296439e-03
7.360976440974204178e-03
7.648207162898255397e-03
8.017838761943897954e-03
8.452062894309353772e-03
8.940150511118055005e-03
9.442688373013796363e-03
9.957961837389102053e-03
1.047065824798027421e-02
1.098051700858587720e-02
1.150537493264536942e-02
1.204237864035373647e-02
1.260610456907344627e-02
1.320694459672981831e-02
1.383746109961741209e-02
1.451820679838684673e-02
1.526766151265580677e-02
1.610776934929477808e-02
1.711868505310064001e-02
1.829628993380009658e-02
1.970495724754148595e-02
2.136597061550551610e-02
2.318677569231286650e-02
2.518795192126864133e-02
2.721540922609104809e-02
2.916947610643152999e-02
3.099532102798563393e-02
3.254538217831449282e-02
3.384119164710990696e-02
3.482631569817728340e-02
3.552536092207890517e-02
3.604136297607148098e-02
3.636031154448269437e-02
3.659074136524013282e-02
3.680770622094699240e-02
3.702287788150270681e-02
3.729822067428096438e-02
3.764585774093613668e-02
3.806830202609419456e-02
3.855733648720273410e-02
3.910158372859094678e-02
3.969772956941371861e-02
4.035537576362931839e-02
4.107327841989859979e-02
4.187361444507026187e-02
4.278367265485658738e-02
4.376932792735151873e-02
4.484701182678413334e-02
4.596057151432731552e-02
4.704565659487435630e-02
4.808645091417988043e-02
4.900729674000802588e-02
4.979037911958817536e-02
5.043069013626467340e-02
5.094427130671053822e-02
5.135524761872008875e-02
5.167515180398707386e-02
5.193054991257065739e-02
5.213241427098744274e-02
5.226568111544976220e-02
5.232880401737202702e-02
5.235390247859107032e-02
5.234107462201198491e-02
5.237178244407494909e-02
5.249585289401390020e-02
5.275918762941539386e-02
5.323364616696340396e-02
5.390620336547665564e-02
5.478644468911750276e-02
5.583482140081250100e-02
5.703148341656034265e-02
5.835471970942949366e-02
5.978983071255607878e-02
6.135661672529255095e-02
6.306123059057242020e-02
6.489774958799685023e-02
6.684535035710105488e-02
6.888206685358209957e-02
7.089653058339513703e-02
7.285827034371951394e-02
7.468703143032304204e-02
7.632888401690564317e-02
7.786249637634971854e-02
7.926280576537891864e-02
8.077445133174254721e-02
8.256070356183507764e-02
8.477752250984026128e-02
8.780094437470825630e-02
9.165068520631564075e-02
9.647392997798230618e-02
1.023081272684204651e-01
1.090724585494253912e-01
1.167699084741571774e-01
1.254490420688355590e-01
1.352081204509018864e-01
1.461475233295898846e-01
1.584592482421610105e-01
1.721715303667897545e-01
1.872762042808817362e-01
2.034714192363824559e-01
2.209162270069013057e-01
2.391062065944819237e-01
2.577917966207336486e-01
2.782040342534777833e-01
2.994882150388426534e-01
3.241389935925663712e-01
3.556120849020503738e-01
3.942310127855098156e-01
4.487265979528577975e-01
5.250371586837762061e-01
6.265788073352221987e-01
7.691436461259089086e-01
9.605911974693402966e-01
1.208161137102097937e+00
1.536087630696871820e+00
1.955222767496782810e+00
2.478168807227655090e+00
3.141217381313894830e+00
3.958555142429455831e+00
4.949315482686970746e+00
6.158203134429160563e+00
7.600396440928918196e+00
9.299155751617924182e+00
1.129923174059549495e+01
1.361507747232595555e+01
1.626884737827289129e+01
1.929329967105397614e+01
2.269858628715740068e+01
2.649591946147729971e+01
3.069083173306205836e+01
3.528817532264856283e+01
4.027782034903015784e+01
4.562257232244464689e+01
5.132148393989376700e+01
5.732629825927182310e+01
6.355012720243518487e+01
6.999852544788096509e+01
7.658298720029102924e+01
8.324226499786840350e+01
9.002206806851033605e+01
9.685524591388320914e+01
1.038298390430567366e+02
1.110219270641040339e+02
1.184658455948621594e+02
1.263739507953535934e+02
1.347749643423822192e+02
1.437900935412561694e+02
1.535477113949311558e+02
1.639758009129611480e+02
1.751683086144289803e+02
1.870259029292542436e+02
1.994198779660541447e+02
2.123452618560848180e+02
2.256035421358932638e+02
2.391041413042508168e+02
2.528224760890467735e+02
2.667017962037060101e+02
2.806983942488901107e+02
2.948770334397415240e+02
3.092499756325270255e+02
3.237009414285550974e+02
3.382920009433128712e+02
3.527647822329726637e+02
3.669097019357903378e+02
3.806413867783060709e+02
3.934961188222476380e+02
4.053326446778388004e+02
4.159722146520012416e+02
4.250166569435376118e+02
4.324306672851027429e+02
4.379803286528926947e+02
4.414322516984675531e+02
4.428843217964013093e+02
4.421386497580569426e+02
4.392525152526478109e+02
4.344290293143716895e+02
4.275767091470161176e+02
4.189900714248694271e+02
4.088841588545921581e+02
3.973388699100339636e+02
3.848769322889590399e+02
3.716691372151609016e+02
3.579937206878170741e+02
3.442618512733635612e+02
3.304715065595641477e+02
3.167920063475837082e+02
3.032335243050881104e+02
2.897550504365594293e+02
2.763272146248592094e+02
2.629021738616739299e+02
2.495548421608847036e+02
2.362745334801880119e+02
2.232355717966843542e+02
2.105464762470302276e+02
1.983159001302247191e+02
1.867754279183640165e+02
1.759146400906847703e+02
1.658536476131620532e+02
1.566030664458450872e+02
1.480399004032379082e+02
1.401815236338105422e+02
1.328596311302894719e+02
1.259660267776332461e+02
1.194243367198421168e+02
1.130757139037739734e+02
1.069259671024670411e+02
1.009613394793259999e+02
9.521691779975594727e+01
8.972047390289584712e+01
8.447631984145716899e+01
7.941143926368901873e+01
7.451395563257484866e+01
6.974222966135553747e+01
6.509884605958036730e+01
6.063999042332221734e+01
5.635428448242132760e+01
5.233931288889566957e+01
4.862682594884035581e+01
4.524925804142068131e+01
4.220061525476632625e+01
3.941772171622285015e+01
3.688098550975148271e+01
3.452133233887850849e+01
3.233183502477192661e+01
3.030583188592784438e+01
2.843048968403989818e+01
2.670533464409280455e+01
2.512055143141991209e+01
2.365922950428604210e+01
2.232079919246190869e+01
2.109403053358810354e+01
1.996332995184848258e+01
1.892234433253492298e+01
1.795428060680597682e+01
1.704479092999420331e+01
1.619294779627333014e+01
1.539744505007373476e+01
1.466774888000228394e+01
1.399857161416631612e+01
1.339264617745072705e+01
1.285418957785407734e+01
1.237954578876350809e+01
1.197065679680104466e+01
1.161430737341543029e+01
1.130272600657820981e+01
1.103824591045362702e+01
1.080404919857368462e+01
1.059119132204697600e+01
1.039578048002668531e+01
1.020607512770784808e+01
1.002309828252596979e+01
9.845883392130739153e+00
9.680338202262154468e+00
9.530753747316444091e+00
9.404431708314982430e+00
9.296816644449775069e+00
9.200098879544663433e+00
9.109620392333537708e+00
9.014311808251834535e+00
8.914085815855562700e+00
8.801768524341639477e+00
8.687708015862645183e+00
8.575188619062378947e+00
8.459606667975718253e+00
8.355078807237974914e+00
8.267833662219716828e+00
8.195445513570254192e+00
8.139423620658817526e+00
8.104554442585811813e+00
8.086515271515622771e+00
8.073814307463260675e+00
8.064910728395137340e+00
8.059052482300065989e+00
8.049983817160391908e+00
8.035162253454990022e+00
8.016157571230840162e+00
7.988858853953881400e+00
7.952758646930873532e+00
7.912630691093284874e+00
7.870109201800436161e+00
7.823796338346668655e+00
7.780095591277515155e+00
7.743699612060336079e+00
7.710570177670510894e+00
7.682956710557913738e+00
7.663995893051272823e+00
7.652067160874106655e+00
7.644864659461842571e+00
7.638098415343502978e+00
7.633693908863228295e+00
7.625259087464527852e+00
7.613861473699152782e+00
7.605893418895562696e+00
7.605716527199610333e+00
7.615782692014755106e+00
7.631281972743155784e+00
7.656989672556373527e+00
7.689458039067349482e+00
7.722708906104709392e+00
7.742583608957150254e+00
7.748987607814023626e+00
7.755216553341548469e+00
7.764640989574453478e+00
7.772198723911245111e+00
7.772157873909815606e+00
7.767699977686180368e+00
7.762472054172000924e+00
7.749629947606856639e+00
7.729625254928745193e+00
7.721344620313495000e+00
7.733171308652477371e+00
7.770120827329116686e+00
7.803389809807509181e+00
7.824110199076510952e+00
7.818671220635067698e+00
7.793114937036897061e+00
7.753836844910320103e+00
7.725173823583529220e+00
7.743794080225480769e+00
7.810797912135508447e+00
7.927193947111818240e+00
8.038707328857460865e+00
8.132626330236918832e+00
8.165033765316760395e+00
8.121403315957413938e+00
8.012619265007383973e+00
7.848152024981178698e+00
7.685109813555849989e+00
7.535425115592481404e+00
7.426645756662703768e+00
7.355795081186513151e+00
7.316290595448523781e+00
7.310234161871249192e+00
7.318263247060759369e+00
7.325243008380375009e+00
7.318765682873451084e+00
7.303259021869405565e+00
7.287387137356881261e+00
7.263559616541003017e+00
7.222969945299623440e+00
7.175510076162055384e+00
7.130473360140851646e+00
7.091482961025394438e+00
7.048290041588852972e+00
7.004141072345003494e+00
6.968027045773770745e+00
6.938085162600310163e+00
6.909479918291478562e+00
6.878690509086895055e+00
6.848872269387054068e+00
6.817888712195042444e+00
6.780808441744118120e+00
6.736929243097947939e+00
6.686581097335942303e+00
6.628415011747481600e+00
6.563202140573288546e+00
6.492628624673958626e+00
6.420890369940191356e+00
6.349954290231266896e+00
6.281697945650360992e+00
6.219389506233448550e+00
6.161698296484432014e+00
6.108345831510210822e+00
6.055380679673667110e+00
6.000076172062203561e+00
5.940237859729875503e+00
5.872026545468280290e+00
5.796517163654474558e+00
5.712877738587157417e+00
5.624090408055136159e+00
5.533237033249085890e+00
5.441954741189923617e+00
5.356028605884929128e+00
5.276095501985038183e+00
5.204872348883886168e+00
5.145026673212832691e+00
5.093965697571282369e+00
5.053799126620250881e+00
5.020453868448804258e+00
4.989403916638885939e+00
4.959231919301374525e+00
4.920276853600785927e+00
4.870229276637055627e+00
4.804118519387594155e+00
4.716067510339694735e+00
4.609615595810844901e+00
4.481322282008655122e+00
4.334371145341880727e+00
4.174127845441170770e+00
4.001078936968822219e+00
3.822245578188113502e+00
3.639572837560650864e+00
3.455372182405781256e+00
3.274160352569733590e+00
3.095072962587074983e+00
2.918440491406643300e+00
2.742945847423373440e+00
2.568510020923489456e+00
2.392995954663184932e+00
2.216477818093256058e+00
2.041644610289344630e+00
1.870691237177237953e+00
1.713498567432272912e+00
1.571317048443499731e+00
1.451615762490934047e+00
1.360804011105502420e+00
1.293917631800981072e+00
1.253810966609856914e+00
1.230979455526345800e+00
1.219538993857393283e+00
1.215228349161267651e+00
1.206198309448044848e+00
1.192394435674846598e+00
1.169599133607382546e+00
1.135945112830112569e+00
1.094540116912490868e+00
1.043622862455297673e+00
9.857327656138751282e-01
9.230220566871262244e-01
8.544663866570080257e-01
7.827837155957922954e-01
7.095543285059692229e-01
6.354325536219260773e-01
5.651848480250903917e-01
4.997792392630918124e-01
4.423493715912718005e-01
3.972185649090896331e-01
3.632404805252335556e-01
3.434777714075610278e-01
3.371223229734379156e-01
3.414024447123812922e-01
3.565168877570852324e-01
3.773321809492151679e-01
4.017505888262548619e-01
4.274938218020269409e-01
4.497916076792219386e-01
4.685404237636927038e-01
4.813200979107585820e-01
4.865443364617513811e-01
4.856008768696033484e-01
4.774122030273529327e-01
4.634884731738075914e-01
4.454375054558483704e-01
4.235261860828787861e-01
4.005156739686607792e-01
3.771327441667377545e-01
3.542403732234737923e-01
3.338661446535198807e-01
3.157945963754792973e-01
3.012775500529961126e-01
2.915085626263037022e-01
2.858698388973627269e-01
2.858590599202940896e-01
2.909965310858756427e-01
3.001614811033677110e-01
3.131495974503710755e-01
3.260363195683593229e-01
3.379139443983454338e-01
3.459859150501569114e-01
3.465117795726702643e-01
3.405180733430945850e-01
3.258354307089736390e-01
3.043898595823947839e-01
2.783730213491747429e-01
2.488846929366556049e-01
2.208203763648323159e-01
1.947694464895143029e-01
1.730398373515165122e-01
1.569801473119210589e-01
1.452856650533257965e-01
1.385581546755144389e-01
1.347974219741868984e-01
1.330174315380798500e-01
1.325266214172838020e-01
1.324834160525891480e-01
1.331148767284334455e-01
1.342859586957521889e-01
1.368372308178411323e-01
1.409888546849570601e-01
1.472893891297420710e-01
1.559288631958747617e-01
1.663957544644342479e-01
1.791375579897689085e-01
1.933679974977889071e-01
2.083185806347543911e-01
2.236873942400910975e-01
2.379921368150405281e-01
2.508702916302189001e-01
2.611643493398278504e-01
2.679374551447190611e-01
2.719146862859351255e-01
2.728218528496328399e-01
2.720675029385517529e-01
2.706144359167820257e-01
2.695786009625186774e-01
2.705674772685217055e-01
2.732024455754314407e-01
2.780180764570620577e-01
2.841442661951661397e-01
2.904525854817124331e-01
2.960877269900374364e-01
2.985544673502841251e-01
2.976576577334743012e-01
2.920164809560407693e-01
2.808486014790472773e-01
2.655143658185051270e-01
2.457550768267223462e-01
2.238081557568027680e-01
2.009569677555364253e-01
1.779409550122722783e-01
1.563007003860291955e-01
1.358709456097868806e-01
1.168771814970191864e-01
9.925116505020636914e-02
8.261678301105733480e-02
6.728019922737316083e-02
5.371809133183443746e-02
4.173863040185576967e-02
3.197760179690529309e-02
2.451971939759743993e-02
1.887943781482784647e-02
1.515205851802891614e-02
1.261071403951472686e-02
1.097234954565944227e-02
9.987454067109496555e-03
9.201490892628871529e-03
8.656975667744008437e-03
8.188933304473870398e-03
7.712563903201121070e-03
7.305906931808547888e-03
6.896000163810492301e-03
6.482240347411872931e-03
6.107533457359772509e-03
5.737670324155845665e-03
5.372192479060517410e-03
5.032129887391133434e-03
4.699031975826785910e-03
4.366709860492261515e-03
4.044751286971485713e-03
3.724145849860324795e-03
3.404040347901743976e-03
3.090528196993614501e-03
2.781044528571823340e-03
2.477341705605508575e-03
2.186640982441686275e-03
1.904079206483399534e-03
1.629932361209876198e-03
1.373981207282531231e-03
1.128349027519854296e-03
9.002495918557022444e-04
6.963986255602832437e-04
5.155480614026743992e-04
3.671273944630759427e-04
2.472390987338562236e-04
1.591356040658432989e-04
9.921758629641691518e-05
5.845282995068735375e-05
3.659655809166446189e-05
2.379360221251137868e-05
1.628543648454313760e-05
1.254376157309837051e-05
9.016546871413874136e-06
6.066730560726002715e-06
3.638036474433375625e-06
1.818483566611618067e-06
6.263572315713727640e-07
7.816844942140547206e-08
-8.300540696103111288e-08
-2.728079102506653465e-08
8.235847259127635851e-08
1.031088410350107364e-07
1.073415210957764824e-07
7.540162621297682179e-08
3.901285820663863839e-08
1.550786107001376579e-08
4.963875934666734941e-09
4.307619480675646314e-09
7.987943894062317679e-09
9.347412138787097731e-09
7.033998883466815983e-09
5.265361915608023714e-09
3.623206515048657067e-09
2.530703843398182552e-09
2.027620852498107718e-09
1.711616526492953119e-09
1.446489098136362657e-09
1.298958613990231223e-09
1.062435148011378614e-09
7.952930391293460296e-10
6.382615248268878446e-10
5.400013202032550098e-10
4.629605113294686884e-10
4.035209384602618832e-10
3.361878502662324139e-10
2.739745778687876785e-10
2.283117865644216970e-10
1.905809573568084730e-10
1.580259883313019977e-10
1.318874688762564451e-10
1.092794639727536113e-10
9.027464587800229373e-11
7.483628074591582511e-11
6.208559676502920133e-11
5.165565961247825321e-11
4.328845705357340028e-11
3.648980468343212341e-11
3.078135080526912148e-11
2.601990565517404690e-11
2.202422486890107014e-11
1.862619563498267881e-11
1.575395387750690913e-11
1.330159258809071111e-11
1.116550236296743276e-11
9.330767191701969900e-12
7.754451670090658123e-12
6.392439787233681822e-12
5.235459103992130625e-12
4.258314762887461597e-12
3.427304652875828710e-12
2.736239590528224844e-12
2.169096446083561613e-12
1.699388401679358576e-12
1.321183726767655041e-12
1.021952947984818784e-12
7.805747853226115366e-13
5.929350977652403032e-13
4.492025700983946320e-13
3.355157079059442111e-13
2.499136438544039112e-13
1.858487045115893144e-13
1.358991161037801568e-13
9.936929210378816839e-14
7.252391768140731971e-14
5.187791918005355542e-14
3.725830301660104117e-14
2.674046342374379505e-14
1.874025187510248292e-14
1.323557191713872209e-14
9.293746512068328446e-15
6.337499643015786250e-15
4.418145185565739778e-15
3.045160062400186172e-15
2.017909228043903647e-15
1.447550887423235809e-15
9.155806411424451882e-16
5.171878388503401719e-16
5.347776334929244468e-16
2.215027903585653261e-16
-8.122161765831385345e-17
3.182299912052278519e-16
