3.218181457156863307e-05
1.277989823779542205e-05
1.588907706510583949e-05
1.715836115899550918e-05
1.664404112729673345e-05
1.809063848585951801e-05
1.971231028307068094e-05
2.126175020411899931e-05
2.318567303228137100e-05
2.528605627734556121e-05
2.751699836460818715e-05
2.993257778010611524e-05
3.250570412782734171e-05
3.522010403931724609e-05
3.808203545116148233e-05
4.108568602154521175e-05
4.422299202371061862e-05
4.749461210595840450e-05
5.089769212728165252e-05
5.442994954281846161e-05
5.809318775746358292e-05
6.188609950309570103e-05
6.581288250708906622e-05
6.987663204113274862e-05
7.407797391855478711e-05
7.842581483316229702e-05
8.292317302415369877e-05
8.757228059706871376e-05
9.238180760330186910e-05
9.735212997325511217e-05
1.024857331564899238e-04
1.077830149577750169e-04
1.132387660444201470e-04
1.188530105480131282e-04
1.246092238251676548e-04
1.304955269582794243e-04
1.365060962511937799e-04
1.426055286474490797e-04
1.487790431875710118e-04
1.550141477487134952e-04
1.612689736275371829e-04
1.675340451953319593e-04
1.737951101502786539e-04
1.800268192490697748e-04
1.862316309280161305e-04
1.924020335019167546e-04
1.985458687805516809e-04
2.046765439246812457e-04
2.107985549966077227e-04
2.169495248618315405e-04
2.231460756565561011e-04
2.294023881811836727e-04
2.357661094602058925e-04
2.422492044969001715e-04
2.488681215979022827e-04
2.556604302502176710e-04
2.626306917882244947e-04
2.697910843175330641e-04
2.771608256023897127e-04
2.847393505181171347e-04
2.925325167943502850e-04
3.005450045244001584e-04
3.087750193697553222e-04
3.172239014906564790e-04
3.258905412428118116e-04
3.347746033922582268e-04
3.438759156680510905e-04
3.531947310693656691e-04
3.627329883369098673e-04
3.724912065799310806e-04
3.824742873900813483e-04
3.926861058896607558e-04
4.031287680413566353e-04
4.138121373328548878e-04
4.247413932526809799e-04
4.359202272129750655e-04
4.473624874718955626e-04
4.590741644256273184e-04
4.710601873525342362e-04
4.833372511532281219e-04
4.959118728553891251e-04
5.087898560114189174e-04
5.219898700617634597e-04
5.355188204307581796e-04
5.493831164375455539e-04
5.636028415337645094e-04
5.781852362831538987e-04
5.931371469155010149e-04
6.084797597012521963e-04
6.242206511387304825e-04
6.403670134556481387e-04
6.569410130589703250e-04
6.739506019159811250e-04
6.914032855672003599e-04
7.093222299883002917e-04
7.277158274077871226e-04
7.465919066212024910e-04
7.659747527301688811e-04
7.858732732402071283e-04
8.062956584496686540e-04
8.272674908892067988e-04
8.487982644640735793e-04
8.708965839127532369e-04
8.935895294216910289e-04
9.168872386171697704e-04
9.407987869030649125e-04
9.653529480662125005e-04
9.905605431690096916e-04
1.016431170496612203e-03
1.042995477576058464e-03
1.070264993467710249e-03
1.098249885511740249e-03
1.126982843040785949e-03
1.156476120008217805e-03
1.186740496221198177e-03
1.217810875023414780e-03
1.249700254950905512e-03
1.282420076524120418e-03
1.316007657022384529e-03
1.350476773132681984e-03
1.385839589332173811e-03
1.422136089240521933e-03
1.459380884651292030e-03
1.497586952847007429e-03
1.536797268606625343e-03
1.577027365374437896e-03
1.618291156618661833e-03
1.660635015760311174e-03
1.704075515830681545e-03
1.748627669805376955e-03
1.794341737400104381e-03
1.841235477593550739e-03
1.889325206695850615e-03
1.938665622384405304e-03
1.989275836977694167e-03
2.041173709489079325e-03
2.094418962737455963e-03
2.149032240014117894e-03
2.205033207499370023e-03
2.262487198429804364e-03
2.321416562358919172e-03
2.381843047062887683e-03
2.443838138465288974e-03
2.507426052982187747e-03
2.572630886084405731e-03
2.639530737353219456e-03
2.708151826104260307e-03
2.778520833937611276e-03
2.850722825323545595e-03
2.924786128696458404e-03
3.000740204727701376e-03
3.078677312363701027e-03
3.158627966669484265e-03
3.240624541208259306e-03
3.324766607326626756e-03
3.411086924028375322e-03
3.499620845556779703e-03
3.590475296852624603e-03
3.683685333911085324e-03
3.779289295215333428e-03
3.877401483655981088e-03
3.978059323329994658e-03
4.081304087964614767e-03
4.187257547248394822e-03
4.295959609006103595e-03
4.407454402257811148e-03
4.521871412516458716e-03
4.639253218873653009e-03
4.759646725093714427e-03
4.883189641562850174e-03
5.009927502570840803e-03
5.139909942206990177e-03
5.273283756456866034e-03
5.410097832660002576e-03
5.550404566605950628e-03
5.694361122654822277e-03
5.842020259921275327e-03
5.993437281534543838e-03
6.148781462029663525e-03
6.308110065680873520e-03
6.471481595775378966e-03
6.639079632143082658e-03
6.810966671882477501e-03
6.987204881778798747e-03
7.167994742266525603e-03
7.353404771686750108e-03
7.543501444875363310e-03
7.738505038908210544e-03
7.938490899058557940e-03
8.143530630396801986e-03
8.353867365112342333e-03
8.569584050124650840e-03
8.790758402897301538e-03
9.017659468058136438e-03
9.250378491534172812e-03
9.489000415689825482e-03
9.733823083009088273e-03
9.984946621083229737e-03
1.024246440220409962e-02
1.050670562249333279e-02
1.077777973732233809e-02
1.105578980524159725e-02
1.134109847653549420e-02
1.163382484216768376e-02
1.193408291494867275e-02
1.224227036558420655e-02
1.255851610996983232e-02
1.288294636083265471e-02
1.321599481583365411e-02
1.355780032591627667e-02
1.390850250073828558e-02
1.426857153743296171e-02
1.463815630567765445e-02
1.501741094131667231e-02
1.540684214466353508e-02
1.580660891895003042e-02
1.621688097246462915e-02
1.663820112951467853e-02
1.707073872500858638e-02
1.751467998608028515e-02
1.797060318367156573e-02
1.843868830295894087e-02
1.891913891158486863e-02
1.941256781519159688e-02
1.991916610333747950e-02
2.043915534263100742e-02
2.097318175619903788e-02
2.152144811724948648e-02
2.208419443160161352e-02
2.266209900882480699e-02
2.325537697508937851e-02
2.386428692675763089e-02
2.448953767437294163e-02
2.513135740007450478e-02
2.579002307146611994e-02
2.646627209864625338e-02
2.716034638293707282e-02
2.787254058755406216e-02
2.860361843246855482e-02
2.935383607349737953e-02
3.012350465465038138e-02
3.091341144837711843e-02
3.172382717002528857e-02
3.255507761428447222e-02
3.340797029173996763e-02
3.428279043641909579e-02
3.517987597916872461e-02
3.610005069978817344e-02
3.704361384402655305e-02
3.801091221765771910e-02
3.900278116715472088e-02
4.001953287787319430e-02
4.106151897474061285e-02
4.212958095351185261e-02
4.322404227432274232e-02
4.434525452470999829e-02
4.549405948186868720e-02
4.667078973975460898e-02
4.787579128259259603e-02
4.910990056128097109e-02
5.037345702279572707e-02
5.166679504456569288e-02
5.299074174604359588e-02
5.434564160244301223e-02
5.573181148220587855e-02
5.715006879688263458e-02
5.860076249177249147e-02
6.008418697486774679e-02
6.160115569315760542e-02
6.315202363105014427e-02
6.473705983582174472e-02
6.635708804355611168e-02
6.801247361203043018e-02
6.970346052377622559e-02
7.143090702795922009e-02
7.319519608091433482e-02
7.499655094384415077e-02
7.683589832433788958e-02
7.871364836868509351e-02
8.063001220617978249e-02
8.258602650951048230e-02
8.458213960951695143e-02
8.661856271665209495e-02
8.869648839145548302e-02
9.081641482661280407e-02
9.297856797838634224e-02
9.518434479038219431e-02
9.743430624739703172e-02
9.972870930876494289e-02
1.020692089872493186e-01
1.044564460953296692e-01
1.068907272343121440e-01
1.093740340251150994e-01
1.119071135951374557e-01
1.144903469300786875e-01
1.171261421261465679e-01
1.198153950445998289e-01
1.225585988931699871e-01
1.253587374641996488e-01
1.282169179463649722e-01
1.311338053560173744e-01
1.341131661569444355e-01
1.371563986690216563e-01
1.402644272430131622e-01
1.434420493038936484e-01
1.466910361505144589e-01
1.500126844793707170e-01
1.534130570851024722e-01
1.568943523358116432e-01
1.604583603324502006e-01
1.641125312216835941e-01
1.678594752633282006e-01
1.717015693003230981e-01
1.756475312189105520e-01
1.797002554646771333e-01
1.838627202445164699e-01
1.881444240728078476e-01
1.925482764489787890e-01
1.970777383199106281e-01
2.017421622867477948e-01
2.065440658725997969e-01
2.114871021799340223e-01
2.165791472310985011e-01
2.218218306438526077e-01
2.272185342969981203e-01
2.327740995191644180e-01
2.384887781616198688e-01
2.443650981970890423e-01
2.504033918595147679e-01
2.566021735400768611e-01
2.629625248481172739e-01
2.694792640210434964e-01
2.761490586878319609e-01
2.829710884638063639e-01
2.899344766100696025e-01
2.970342607244650934e-01
3.042675447251722565e-01
3.116185993994608494e-01
3.190813718456986803e-01
3.266510937020664640e-01
3.343089967806336937e-01
3.420487049523577294e-01
3.498641617444607221e-01
3.577360127164458947e-01
3.656583843121569699e-01
3.736247918165609416e-01
3.816178422975893270e-01
3.896328523803310184e-01
3.976638497393468197e-01
4.056974401843995159e-01
4.137305173704124428e-01
4.217584113484256769e-01
4.297727755652260839e-01
4.377720929105081704e-01
4.457534395468935595e-01
4.537133863158160363e-01
4.616516833188166191e-01
4.695671560047590121e-01
4.774601453529643824e-01
4.853311520072424723e-01
4.931803532826808945e-01
5.010101526825539997e-01
5.088212772148975604e-01
5.166146180125853471e-01
5.243929595829769363e-01
5.321568899387747464e-01
5.399073574442091461e-01
5.476463798137402028e-01
5.553742871939573167e-01
5.630916145070641310e-01
5.707992568608358797e-01
5.784973988400806677e-01
5.861859935780263653e-01
5.938651922517653725e-01
6.015352766291516273e-01
6.091957468733995018e-01
6.168468089302228119e-01
6.244890782814976893e-01
6.321219164353463205e-01
6.397463824711554503e-01
6.473635414337778338e-01
6.549729524773638678e-01
6.625769726262914494e-01
6.701770606236108208e-01
6.777731852662921552e-01
6.853689275175925966e-01
6.929659333979186764e-01
7.005645938061947353e-01
7.081691683928065251e-01
7.157812038939507238e-01
7.234013400233698654e-01
7.310336924747299348e-01
7.386794224758134186e-01
7.463391412250105494e-01
7.540159484518474953e-01
7.617103901301794933e-01
7.694227710844923074e-01
7.771544188442804924e-01
7.849051087275432659e-01
7.926746384081319041e-01
8.004619867599372940e-01
8.082660665563176083e-01
8.160860682704788038e-01
8.239182161749002420e-01
8.317605161923237178e-01
8.396115236431427320e-01
8.474644559053680082e-01
8.553164163377212637e-01
8.631653157516693264e-01
8.710013004382468615e-01
8.788206496557519065e-01
8.866205989236842777e-01
8.943884490834675960e-01
9.021198473529197237e-01
9.098113061844240734e-01
9.174479281332384994e-01
9.250250638781429835e-01
9.325384959450445654e-01
9.399722857824608369e-01
9.473219620917506800e-01
9.545827040756083015e-01
9.617391696067317808e-01
9.687876259660654910e-01
9.757229943519761806e-01
9.825324569104788575e-01
9.892135670908416278e-01
9.957615795766279199e-01
1.002168080955088802e+00
1.008432321497185313e+00
1.014550658355128032e+00
1.020520499165561867e+00
1.026342949751756217e+00
1.032016245729342474e+00
1.037544186801618418e+00
1.042929572558380924e+00
1.048173066330807091e+00
1.053284358774715601e+00
1.058267467263309003e+00
1.063125585635562587e+00
1.067872742302989897e+00
1.072513471352775971e+00
1.077053038782008532e+00
1.081507495128028351e+00
1.085881117679032171e+00
1.090180282097599651e+00
1.094420477948744752e+00
1.098605052725593945e+00
1.102740260812348660e+00
1.106838741230360856e+00
1.110902479350396543e+00
1.114936456598523806e+00
1.118948923814980789e+00
1.122940377390174937e+00
1.126913791254866792e+00
1.130872464134391908e+00
1.134815557389613705e+00
1.138743918245473496e+00
1.142656242783465448e+00
1.146550698179512606e+00
1.150426478193624646e+00
1.154278656930380675e+00
1.158104816474715415e+00
1.161903325318505376e+00
1.165666878602573453e+00
1.169392854727032249e+00
1.173079624155628942e+00
1.176718699394273093e+00
1.180307564017794464e+00
1.183845089898249769e+00
1.187322599393378253e+00
1.190737921799503329e+00
1.194090440214676585e+00
1.197372073008433402e+00
1.200581193311877737e+00
1.203717284022661316e+00
1.206773516902948318e+00
1.209748977273083614e+00
1.212642678867120516e+00
1.215449631208902703e+00
1.218169749105122657e+00
1.220801189129317121e+00
1.223341276276159073e+00
1.225790772462226563e+00
1.228147029550136216e+00
1.230409942124995437e+00
1.232580992696341360e+00
1.234657282591906213e+00
1.236641181843464610e+00
1.238534620564862188e+00
1.240335336715755021e+00
1.242047698404113776e+00
1.243673723830432953e+00
1.245212676907599070e+00
1.246670173241912982e+00
1.248047982056160743e+00
1.249347425949518309e+00
1.250574571533284107e+00
1.251730739991522956e+00
1.252819243090261159e+00
1.253846000720941545e+00
1.254811896768484036e+00
1.255721523165507447e+00
1.256580400961073263e+00
1.257389191048904564e+00
1.258152613457199864e+00
1.258875867023863560e+00
1.259559717819620284e+00
1.260207800332095784e+00
1.260825231420507730e+00
1.261413176263638247e+00
1.261973353828100164e+00
1.262510972669506737e+00
1.263027703896556053e+00
1.263523235272917100e+00
1.264002789716320185e+00
1.264468378345297683e+00
1.264918303778359343e+00
1.265357427649280941e+00
1.265787700810375283e+00
1.266207167172469283e+00
1.266619771658174853e+00
1.267026924759010909e+00
1.267427552665295831e+00
1.267824173664594545e+00
1.268217282113962119e+00
1.268607439038366369e+00
1.268995481754381816e+00
1.269380830586440245e+00
1.269765853988514603e+00
1.270149801874645989e+00
1.270531107258690229e+00
1.270913503940662936e+00
1.271295064469361469e+00
1.271673581900035099e+00
1.272053108377142028e+00
1.272431183823369727e+00
1.272805616184472743e+00
1.273179247322103524e+00
1.273549876351647514e+00
1.273916252734895949e+00
1.274278468131821995e+00
1.274635373520055737e+00
1.274987555287160124e+00
1.275331656503554179e+00
1.275668102967397299e+00
1.275999623085220858e+00
1.276320319995194241e+00
1.276632132436222866e+00
1.276939187338399284e+00
1.277235503668796346e+00
1.277523769887199068e+00
1.277807835475256892e+00
1.278084457415112452e+00
1.278355889077067431e+00
1.278623904862220106e+00
1.278889520767916954e+00
1.279153533875783788e+00
1.279414759003519642e+00
1.279677741612910813e+00
1.279941483559137394e+00
1.280202377579956030e+00
1.280466057610847086e+00
1.280730172404048073e+00
1.280990246898309426e+00
1.281250473554341518e+00
1.281508028030320157e+00
1.281759167822179579e+00
1.282005436444609625e+00
1.282244378513811789e+00
1.282473886988268807e+00
1.282693128481700695e+00
1.282900525282397730e+00
1.283095789707761725e+00
1.283276587978477545e+00
1.283442322325462071e+00
1.283594351215003426e+00
1.283729441708781227e+00
1.283847448176701045e+00
1.283951236959601117e+00
1.284037104531139617e+00
1.284104591063172096e+00
1.284157745910591730e+00
1.284192717807848938e+00
1.284208685929860261e+00
1.284209954878352322e+00
1.284193460226916050e+00
1.284158450562868259e+00
1.284107820163583824e+00
1.284040709386305990e+00
1.283956889772696952e+00
1.283856162540796264e+00
1.283740723928038951e+00
1.283610996574515051e+00
1.283463149682362747e+00
1.283301883457992121e+00
1.283127990052082223e+00
1.282935254087156141e+00
1.282728956523476960e+00
1.282509757100698033e+00
1.282271707456573484e+00
1.282018340096928277e+00
1.281749786113556944e+00
1.281463114048337681e+00
1.281158666830245263e+00
1.280836014194515426e+00
1.280496606451206221e+00
1.280137823277901488e+00
1.279759050137691867e+00
1.279365355585240005e+00
1.278952834825620721e+00
1.278521295345564912e+00
1.278076984816075345e+00
1.277616833626769921e+00
1.277141608521067173e+00
1.276655956785762713e+00
1.276159082747533757e+00
1.275652924306426739e+00
1.275138789263081662e+00
1.274618342467298104e+00
1.274094481274999691e+00
1.273565135513098356e+00
1.273033549993420221e+00
1.272503026779322033e+00
1.271969500042113399e+00
1.271436496700170560e+00
1.270907027049654303e+00
1.270376967797294032e+00
1.269849048715183448e+00
1.269325387105612490e+00
1.268803414749478220e+00
1.268284519769381502e+00
1.267769617586380626e+00
1.267258465611645457e+00
1.266751094139857647e+00
1.266247297762198798e+00
1.265748993977998227e+00
1.265255207290883366e+00
1.264765039718791728e+00
1.264281663562160762e+00
1.263803642825692020e+00
1.263329979173163586e+00
1.262863811739908693e+00
1.262403821396944403e+00
1.261949404499246308e+00
1.261502440031808669e+00
1.261062169224922203e+00
1.260628552469770458e+00
1.260201482105774540e+00
1.259780920081563726e+00
1.259367143241684195e+00
1.258958111641831801e+00
1.258554322177069862e+00
1.258155799471593506e+00
1.257759380241078695e+00
1.257365644131282156e+00
1.256973741955413226e+00
1.256580604616578389e+00
1.256186388085248629e+00
1.255789067766943434e+00
1.255386793211816121e+00
1.254979002943845012e+00
1.254562866896354434e+00
1.254138370340298181e+00
1.253704362653680349e+00
1.253258387102946125e+00
1.252802213627686179e+00
1.252334694628599587e+00
1.251855458269920174e+00
1.251367441420336846e+00
1.250870361600174618e+00
1.250367437884473576e+00
1.249861847845022744e+00
1.249354902958071722e+00
1.248853765009711569e+00
1.248360914365156837e+00
1.247879396105909366e+00
1.247418872195750206e+00
1.246980439703448296e+00
1.246568165182114107e+00
1.246191143445842364e+00
1.245848843723958987e+00
1.245544923359526157e+00
1.245284306338042768e+00
1.245065101549134079e+00
1.244888944607891235e+00
1.244754004837732131e+00
1.244657716857329843e+00
1.244598605353671061e+00
1.244567746948152864e+00
1.244562754773419488e+00
1.244578989334228281e+00
1.244602573137687740e+00
1.244631998315353760e+00
1.244660492576092459e+00
1.244672957249960632e+00
1.244669071397032534e+00
1.244641614452334011e+00
1.244578086727086141e+00
1.244479222812543195e+00
1.244339020216505665e+00
1.244150128834092150e+00
1.243913922982804898e+00
1.243626696703507895e+00
1.243286926083553956e+00
1.242896178353380732e+00
1.242453309966726760e+00
1.241961704150287504e+00
1.241422848989118588e+00
1.240837768071662017e+00
1.240213072895015367e+00
1.239550134175705365e+00
1.238851456326683254e+00
1.238125313294790031e+00
1.237373064565285397e+00
1.236598081346812483e+00
1.235809347117256207e+00
1.235008302774558198e+00
1.234198835564009888e+00
1.233390300567916986e+00
1.232584175864744003e+00
1.231784755848373436e+00
1.231001696400902068e+00
1.230236308069569517e+00
1.229493263437328787e+00
1.228782296287302733e+00
1.228104260837515449e+00
1.227464077215899563e+00
1.226870935711100730e+00
1.226324984993175882e+00
1.225831061117560461e+00
1.225396822048690160e+00
1.225021603149977878e+00
1.224709648791832084e+00
1.224465987543363665e+00
1.224289207857980788e+00
1.224182405133913631e+00
1.224147115372322903e+00
1.224181379397164759e+00
1.224286700119243454e+00
1.224460762615570575e+00
1.224701311115554248e+00
1.225008056886803587e+00
1.225375086705367655e+00
1.225800078798473081e+00
1.226281050285700891e+00
1.226809285173493747e+00
1.227382575414519561e+00
1.227997604356553252e+00
1.228644000329391472e+00
1.229319807099959361e+00
1.230020900957353058e+00
1.230736504931776887e+00
1.231465027918038135e+00
1.232202108623885017e+00
1.232937663576782361e+00
1.233670545151430931e+00
1.234396647161606575e+00
1.235107301921349654e+00
1.235801805609794579e+00
1.236476628290033242e+00
1.237124716226283949e+00
1.237745690942882115e+00
1.238336694543467731e+00
1.238891961759173377e+00
1.239411219655961682e+00
1.239892157828330177e+00
1.240329664292126655e+00
1.240723359197226872e+00
1.241071213736355316e+00
1.241368247079513321e+00
1.241613939493723784e+00
1.241806285223291395e+00
1.241940527565800645e+00
1.242016298113354900e+00
1.242031540760524244e+00
1.241982769992863611e+00
1.241870390767380705e+00
1.241692539722131672e+00
1.241448925983002161e+00
1.241141487878304916e+00
1.240769117509842090e+00
1.240336911079803484e+00
1.239848886301367026e+00
1.239305406281732802e+00
1.238718420083053884e+00
1.238093988383664579e+00
1.237434512497643579e+00
1.236758537509614175e+00
1.236073347694927271e+00
1.235383480028416470e+00
1.234711581774903921e+00
1.234064659184999746e+00
1.233448819904818361e+00
1.232886392672700726e+00
1.232382330024856865e+00
1.231943131929143620e+00
1.231585606066696981e+00
1.231311180355472379e+00
1.231125261938195381e+00
1.231034766073180409e+00
1.231036954617039880e+00
1.231134814449829085e+00
1.231323303778630640e+00
1.231595963953312056e+00
1.231952637620758573e+00
1.232377323344534314e+00
1.232861259253158259e+00
1.233401273330681613e+00
1.233974195799571349e+00
1.234570909215111367e+00
1.235186165642002676e+00
1.235795027395416801e+00
1.236389906515551029e+00
1.236964909969897386e+00
1.237498702600880573e+00
1.237986526954966138e+00
1.238423307500929438e+00
1.238795169411597064e+00
1.239100629776879403e+00
1.239336499315481399e+00
1.239497884352877444e+00
1.239586202865108566e+00
1.239600585266896537e+00
1.239544337995630796e+00
1.239420877489623596e+00
1.239231457036984674e+00
1.238985247416585223e+00
1.238686622949662475e+00
1.238338342871555975e+00
1.237952616751868851e+00
1.237533928449205511e+00
1.237085805603726163e+00
1.236621114981135472e+00
1.236143955857800902e+00
1.235658022377951859e+00
1.235175388978577038e+00
1.234699605078483309e+00
1.234234186813600420e+00
1.233789867856460942e+00
1.233369661101034964e+00
1.232976787541644415e+00
1.232620598702777182e+00
1.232303590309098862e+00
1.232028669382833286e+00
1.231803791636590484e+00
1.231630856355643511e+00
1.231512395856928510e+00
1.231454675960558243e+00
1.231458824852095901e+00
1.231526823666798443e+00
1.231662662399920283e+00
1.231866519710167251e+00
1.232139558604320895e+00
1.232482862483435859e+00
1.232895598732517195e+00
1.233377858606620636e+00
1.233927493003976306e+00
1.234542796848907553e+00
1.235222675141672166e+00
1.235961995029659866e+00
1.236758525232743766e+00
1.237610095757950113e+00
1.238509479787539336e+00
1.239454401780518245e+00
1.240441963695666727e+00
1.241464216986411406e+00
1.242519340096293501e+00
1.243604221256149556e+00
1.244711731377349695e+00
1.245840895068017540e+00
1.246988950613292513e+00
1.248150944882277402e+00
1.249326947459149073e+00
1.250515033603653459e+00
1.251713310746334962e+00
1.252922866035788507e+00
1.254142922657036419e+00
1.255374905057957013e+00
1.256620685650864599e+00
1.257880718463426861e+00
1.259159364219588406e+00
1.260458905643859095e+00
1.261780881175852853e+00
1.263131689048681894e+00
1.264513589593790899e+00
1.265928872518761628e+00
1.267384766982856847e+00
1.268883109828987665e+00
1.270426497096293739e+00
1.272021730495148661e+00
1.273669931008135858e+00
1.275373537127444834e+00
1.277137864367444253e+00
1.278963184203978587e+00
1.280851388014342840e+00
1.282805639983466639e+00
1.284825399100936627e+00
1.286911767779973736e+00
1.289065578275137680e+00
1.291285655680000977e+00
1.293572254121144294e+00
1.295924143233033732e+00
1.298339772733561492e+00
1.300818657923379362e+00
1.303358079297458172e+00
1.305956374945793197e+00
1.308612542451730754e+00
1.311323046000464565e+00
1.314086317708553109e+00
1.316901090447644807e+00
1.319763592972344579e+00
1.322672466895667531e+00
1.325626392092992933e+00
1.328621737178123263e+00
1.331657384496676366e+00
1.334732090103396551e+00
1.337842524838843028e+00
1.340987793841645903e+00
1.344166777137378199e+00
1.347376478433474745e+00
1.350616202713670333e+00
1.353884955428281245e+00
1.357180088585487887e+00
1.360501110997953456e+00
1.363847155231159958e+00
1.367216012045406437e+00
1.370607431762606909e+00
1.374020709383870775e+00
1.377454262600052326e+00
1.380908136558454791e+00
1.384381862550276621e+00
1.387874721860982818e+00
1.391387092285743643e+00
1.394918830393762299e+00
1.398470274563770488e+00
1.402042129527641068e+00
1.405634643215176061e+00
1.409249272597626002e+00
1.412886987668754868e+00
1.416548437190370491e+00
1.420236078308717564e+00
1.423951035665125042e+00
1.427694297099928455e+00
1.431469029858355668e+00
1.435276375200619237e+00
1.439117536042340717e+00
1.442995982469356342e+00
1.446912733146214824e+00
1.450869046352418978e+00
1.454868245658885284e+00
1.458911108363277975e+00
1.462998784874268710e+00
1.467134029799385564e+00
1.471317292861687553e+00
1.475549476219192746e+00
1.479832416747342227e+00
1.484166185968629259e+00
1.488551334644441893e+00
1.492988529600854042e+00
1.497477446949886160e+00
1.502018222897180344e+00
1.506610205780085865e+00
1.511252689558341800e+00
1.515945368778092162e+00
1.520686231877952599e+00
1.525474233048567330e+00
1.530308629402803655e+00
1.535186120237453267e+00
1.540105391244920741e+00
1.545065295792704019e+00
1.550061432494597158e+00
1.555092317020789539e+00
1.560156463164859453e+00
1.565248673334696639e+00
1.570367412929498441e+00
1.575510951827184813e+00
1.580673699130644927e+00
1.585854199502909623e+00
1.591050603186421775e+00
1.596257389277590200e+00
1.601473305021969828e+00
1.606696524584750208e+00
1.611922065026784034e+00
1.617148975938381028e+00
1.622375602424855678e+00
1.627597908512885994e+00
1.632815307803217486e+00
1.638026447262908691e+00
1.643228530100316886e+00
1.648421349402594771e+00
1.653603950004226775e+00
1.658774910937120817e+00
1.663934374364899549e+00
1.669081830605638972e+00
1.674217204356606592e+00
1.679340918976960362e+00
1.684452904601722700e+00
1.689554252484108288e+00
1.694645576058008807e+00
1.699727190937156740e+00
1.704801068286262433e+00
1.709867913811330409e+00
1.714928338216765047e+00
1.719984852924827834e+00
1.725038166694007558e+00
1.730089076233589651e+00
1.735140296014362482e+00
1.740192468377878887e+00
1.745246466339205993e+00
1.750304918384829600e+00
1.755368356368666838e+00
1.760437634514683047e+00
1.765515083678643293e+00
1.770601106737863972e+00
1.775696468596339450e+00
1.780803078866319389e+00
1.785921214469504248e+00
1.791051508933789727e+00
1.796195409350695771e+00
1.801353084710013652e+00
1.806525022052380969e+00
1.811712229978296618e+00
1.816914795484394274e+00
1.822133065596207357e+00
1.827367677402097490e+00
1.832618663547475046e+00
1.837886251869718990e+00
1.843170795587682598e+00
1.848472297848038126e+00
1.853790895184281418e+00
1.859126746835791932e+00
1.864479845971753535e+00
1.869850266678256157e+00
1.875238053672517502e+00
1.880643203514823947e+00
1.886065753445134163e+00
1.891505695907606865e+00
1.896963038486901842e+00
1.902437801631923220e+00
1.907929968702156920e+00
1.913439561324025151e+00
1.918966597000696828e+00
1.924511075692189488e+00
1.930073032832850366e+00
1.935652491088226901e+00
1.941249478632405490e+00
1.946864042518405613e+00
1.952496214049905587e+00
1.958146051217053207e+00
1.963813609605797872e+00
1.969498929327630599e+00
1.975202093633090072e+00
1.980923163427157130e+00
1.986662185763630184e+00
1.992419261641115602e+00
1.998194454436764689e+00
2.003987815311800702e+00
2.009799454938041574e+00
2.015629436957038667e+00
2.021477813640172982e+00
2.027344698308094273e+00
2.033230153403607243e+00
2.039134229702081136e+00
2.045057038142750194e+00
2.050998639239852039e+00
2.056959080391202566e+00
2.062938467528848907e+00
2.068936859153048591e+00
2.074954298282124299e+00
2.080990885625856102e+00
2.087046678092127738e+00
2.093121714213863616e+00
2.099216091387565264e+00
2.105329865694424374e+00
2.111463071884511766e+00
2.117615807589703358e+00
2.123788129004152037e+00
2.129980068444734087e+00
2.136191728367272002e+00
2.142423166030926307e+00
2.148674413108178971e+00
2.154945581865570503e+00
2.161236731451702919e+00
2.167547894893277149e+00
2.173879199033672993e+00
2.180230705499426325e+00
2.186602450652363139e+00
2.192994579917277420e+00
2.199407157680811853e+00
2.205840225398103538e+00
2.212293949897582213e+00
2.218768398271623976e+00
2.225263618438277913e+00
2.231779799995505353e+00
2.238317012358376434e+00
2.244875310773550847e+00
2.251454907400701533e+00
2.258055873305923722e+00
2.264678271366888929e+00
2.271322334555390565e+00
2.277988134691721900e+00
2.284675742019315337e+00
2.291385407190098977e+00
2.298117201733089310e+00
2.304871202468698144e+00
2.311647673468662845e+00
2.318446684855884232e+00
2.325268318796981148e+00
2.332112847705372083e+00
2.338980339186510715e+00
2.345870879185952163e+00
2.352784742891609326e+00
2.359721994343416895e+00
2.366682721477630036e+00
2.373667196514028355e+00
2.380675478985387450e+00
2.387707656922330113e+00
2.394763993932718105e+00
2.401844544233049827e+00
2.408949394044626491e+00
2.416078793039811323e+00
2.423232789453589664e+00
2.430411465869744436e+00
2.437615053187528691e+00
2.444843593139939930e+00
2.452097162983693845e+00
2.459375970609665618e+00
2.466680050868409690e+00
2.474009474183847423e+00
2.481364421884166394e+00
2.488744921691352641e+00
2.496151035905671112e+00
2.503582916473488851e+00
2.511040583873012988e+00
2.518524091226453709e+00
2.526033559055631539e+00
2.533569000610733202e+00
2.541130459034506739e+00
2.548718022192310695e+00
2.556331696256024966e+00
2.563971513854379936e+00
2.571637529803204369e+00
2.579329743482913884e+00
2.587048176752373418e+00
2.594792851839333725e+00
2.602563761756857108e+00
2.610360917624654942e+00
2.618184310392048353e+00
2.626033927259322276e+00
2.633909768925075223e+00
2.641811797178321708e+00
2.649739994075256178e+00
2.657694350488259527e+00
2.665674801890367540e+00
2.673681325949098575e+00
2.681713904557376349e+00
2.689772450313356433e+00
2.697856937300384228e+00
2.705967339489134815e+00
2.714103550466320680e+00
2.722265541539441447e+00
2.730453279967329561e+00
2.738666644401116290e+00
2.746905604136015810e+00
2.755170121012600948e+00
2.763460062805358053e+00
2.771775397469242730e+00
2.780116082726145521e+00
2.788481979287375623e+00
2.796873054308641304e+00
2.805289262621379454e+00
2.813730461235754987e+00
2.822196616890477738e+00
2.830687682613694189e+00
2.839203514461420941e+00
2.847744078965894321e+00
2.856309328242872869e+00
2.864899119419926254e+00
2.873513418864501734e+00
2.882152178439340684e+00
2.890815257606844213e+00
2.899502622460235823e+00
2.908214225024501776e+00
2.916949927621594885e+00
2.925709695839723068e+00
2.934493482047061619e+00
2.943301151292543327e+00
2.952132668344559452e+00
2.960987985890612961e+00
2.969866971041129400e+00
2.978769587386120410e+00
2.987695787747559617e+00
2.996645440248761005e+00
3.005618506937183909e+00
3.014614940475087490e+00
3.023634608723053674e+00
3.032677471848181039e+00
3.041743482002070564e+00
3.050832505424900365e+00
3.059944500114891053e+00
3.069079417352477801e+00
3.078237120437735896e+00
3.087417564973348405e+00
3.096620701035513790e+00
3.105846387789016116e+00
3.115094578278627679e+00
3.124365221094640432e+00
3.133658170246018670e+00
3.142973376115286488e+00
3.152310785586942998e+00
3.161670246684346264e+00
3.171051707069139969e+00
3.180455111759972642e+00
3.189880302144018298e+00
3.199327223133732634e+00
3.208795817770242920e+00
3.218285920303262326e+00
3.227797472882271368e+00
3.237330416490763696e+00
3.246884577850117637e+00
3.256459896334270354e+00
3.266056310801858320e+00
3.275673640126969932e+00
3.285311820886995804e+00
3.294970789744970485e+00
3.304650357448787101e+00
3.314350457745100176e+00
3.324071025015088221e+00
3.333811861620553874e+00
3.343572898429691964e+00
3.353354067434118235e+00
3.363155162359066086e+00
3.372976111136167798e+00
3.382816843238488413e+00
3.392677143513494809e+00
3.402556936893068151e+00
3.412456150186562898e+00
3.422374559137252081e+00
3.432312085614711350e+00
3.442268653611481266e+00
3.452244029561296390e+00
3.462238132214078945e+00
3.472250882593491905e+00
3.482282037642123740e+00
3.492331512940319183e+00
3.502399226399421917e+00
3.512484925308329675e+00
3.522588522034716618e+00
3.532709931247002277e+00
3.542848890423480501e+00
3.553005308679370255e+00
3.563179097322319411e+00
3.573369983846921727e+00
3.583577874073634817e+00
3.593802675839736782e+00
3.604044106439185047e+00
3.614302068345917718e+00
3.624576465817240578e+00
3.634867005656403194e+00
3.645173586922835884e+00
3.655496110173819257e+00
3.665834271332940375e+00
3.676187965955584946e+00
3.686557090758037614e+00
3.696941330279092330e+00
3.707340576456640502e+00
3.717754721995402800e+00
3.728183439424011425e+00
3.738626616926413959e+00
3.749084142991099267e+00
3.759555677402573348e+00
3.770041104436244073e+00
3.780540308126310034e+00
3.791052934698986743e+00
3.801578864356556675e+00
3.812117976414372666e+00
3.822669902689449728e+00
3.833234519147213248e+00
3.843811700105741469e+00
3.854401062140116796e+00
3.865002476828164557e+00
3.875615813215862460e+00
3.886240671882758235e+00
3.896876919893308422e+00
3.907524420770517093e+00
3.918182758484463957e+00
3.928851795495875709e+00
3.939531389598772027e+00
3.950221107733032699e+00
3.960920807708066871e+00
3.971630341446934498e+00
3.982349258672048808e+00
3.993077412540298798e+00
4.003814649040767115e+00
4.014560500747093030e+00
4.025314816208140023e+00
4.036077435503757194e+00
4.046847874385645305e+00
4.057625976879756458e+00
4.068411577270944157e+00
4.079204175055050285e+00
4.090003609852382205e+00
4.100809710350609372e+00
4.111621960557314104e+00
4.122440195825357812e+00
4.133264239513761318e+00
4.144093561058120656e+00
4.154927991690489542e+00
4.165767349762028893e+00
4.176611091138654253e+00
4.187459043074285070e+00
4.198311019263067045e+00
4.209166463023317206e+00
4.220025197758525692e+00
4.230887032862987063e+00
4.241751400085540524e+00
4.252618119083399151e+00
4.263486995291666304e+00
4.274357449768007022e+00
4.285229298498610895e+00
4.296102343263505041e+00
4.306975995164054716e+00
4.317850066559800304e+00
4.328724355827811898e+00
4.339598264675638362e+00
4.350471601851119807e+00
4.361344162518429712e+00
4.372215339368094256e+00
4.383084937525979718e+00
4.393952749067215002e+00
4.404818157857753214e+00
4.415680965372390077e+00
4.426540960656113910e+00
4.437397518772464799e+00
4.448250437504680299e+00
4.459099502867593934e+00
4.469944080997658276e+00
4.480783965942555014e+00
4.491618940637341240e+00
4.502448362049582542e+00
4.513272020451039701e+00
4.524089695609281314e+00
4.534900734996362814e+00
4.545704925077497016e+00
4.556502042339153569e+00
4.567291424378704612e+00
4.578072853838443201e+00
4.588846103796089260e+00
4.599610501572613863e+00
4.610365825988272270e+00
4.621111846580874705e+00
4.631847879997628148e+00
4.642573701256309526e+00
4.653289076229109256e+00
4.663993310519685132e+00
4.674686175381950193e+00
4.685367432909428587e+00
4.696036377340065293e+00
4.706692776221337304e+00
4.717336387773326756e+00
4.727966494611608006e+00
4.738582860652759798e+00
4.749185240171572175e+00
4.759772903986427828e+00
4.770345612476248220e+00
4.780903115925554836e+00
4.791444673278183686e+00
4.801970041486206320e+00
4.812478966829560001e+00
4.822970696412825831e+00
4.833444983889894964e+00
4.843901571556294527e+00
4.854339694839604036e+00
4.864759104242599719e+00
4.875159538135107162e+00
4.885540220569376757e+00
4.895900899063219569e+00
4.906241308161816583e+00
4.916560660992459475e+00
4.926858702273549717e+00
4.937135162872355210e+00
4.947389245594575158e+00
4.957620692563913245e+00
4.967829231164250459e+00
4.978014054633736585e+00
4.988174902723945259e+00
4.998311499578067085e+00
5.008423029761123857e+00
5.018509230890517259e+00
5.028569824157604451e+00
5.038603986470007179e+00
5.048611453560654105e+00
5.058591943999172891e+00
5.068544628145242648e+00
5.078469240103864912e+00
5.088365496186594505e+00
5.098232561373072791e+00
5.108070168398112010e+00
5.117878031701905250e+00
5.127655312069515858e+00
5.137401741118538645e+00
5.147117031814755883e+00
5.156800341908108543e+00
5.166451402141150062e+00
5.176069924398479571e+00
5.185655064485069410e+00
5.195206552494805230e+00
5.204724099606114152e+00
5.214206860660844711e+00
5.223654565310852149e+00
5.233066924371683193e+00
5.242443092564003315e+00
5.251782799282408654e+00
5.261085755279731657e+00
5.270351115836262146e+00
5.279578610252085191e+00
5.288767949466097740e+00
5.297918289829140370e+00
5.307029360689455189e+00
5.316100873365022572e+00
5.325131985623063891e+00
5.334122426986362520e+00
5.343071909289371035e+00
5.351979591914428624e+00
5.360845204674369313e+00
5.369668460006479904e+00
5.378448518989721983e+00
5.387185111838173945e+00
5.395877951635990932e+00
5.404526201162402010e+00
5.413129591146497610e+00
5.421687835333287353e+00
5.430200098173377121e+00
5.438666111034198281e+00
5.447085588319975358e+00
5.455457696139187185e+00
5.463782166636394599e+00
5.472058714873632823e+00
5.480286508665177081e+00
5.488465281091824188e+00
5.496594747887730392e+00
5.504674078723261310e+00
5.512703007797749244e+00
5.520681251561740055e+00
5.528607981826559659e+00
5.536482934116730981e+00
5.544305825685001743e+00
5.552075830924576572e+00
5.559792686915162818e+00
5.567456111847254085e+00
5.575065283302174102e+00
5.582619940165350236e+00
5.590119801754606321e+00
5.597564049607576031e+00
5.604952424682180911e+00
5.612284647667313386e+00
5.619559904972086350e+00
5.626777939904473946e+00
5.633938474818481978e+00
5.641040702031797416e+00
5.648084367484751844e+00
5.655069195533491744e+00
5.661994385530733531e+00
5.668859686330076642e+00
5.675664824659738095e+00
5.682409008086007240e+00
5.689091988649578546e+00
5.695713495841730811e+00
5.702272746634122313e+00
5.708769496516471698e+00
5.715203478142452553e+00
5.721573919056885948e+00
5.727880578444868753e+00
5.734123192517727396e+00
5.740301000504047124e+00
5.746413765512895289e+00
5.752461227693061119e+00
5.758442638983592765e+00
5.764357766627519197e+00
5.770206355066061832e+00
5.775987669872590935e+00
5.781701482616115051e+00
5.787347542353419527e+00
5.792925129102854065e+00
5.798434018935325618e+00
5.803873965810235624e+00
5.809244264886554987e+00
5.814544696899698550e+00
5.819775020961183820e+00
5.824934547957366426e+00
5.830023063440802567e+00
5.835040331888340148e+00
5.839985680404166324e+00
5.844858899504277616e+00
5.849659759211316867e+00
5.854387603258818018e+00
5.859042227269871006e+00
5.863623406965682960e+00
5.868130503062275238e+00
5.872563316433871528e+00
5.876921628631815331e+00
5.881204817670595553e+00
5.885412689822628884e+00
5.889545032586512185e+00
5.893601241574646821e+00
5.897581128609323819e+00
5.901484487245853394e+00
5.905310730995391388e+00
5.909059677387364040e+00
5.912731126141568261e+00
5.916324508984708075e+00
5.919839649316055663e+00
5.923276353131004868e+00
5.926634070714662528e+00
5.929912631503532872e+00
5.933111847886599399e+00
5.936231189081934367e+00
5.939270490733801644e+00
5.942229571751920680e+00
5.945107920694688630e+00
5.947905379585957775e+00
5.950621773993145958e+00
5.953256612252521229e+00
5.955809742938491524e+00
5.958280998422388564e+00
5.960669907280461643e+00
5.962976324805563166e+00
5.965200090326844951e+00
5.967340753139487752e+00
5.969398175417640395e+00
5.971372203607500317e+00
5.973262408210261221e+00
5.975068658437450608e+00
5.976790808014224687e+00
5.978428449134198353e+00
5.979981458194310484e+00
5.981449696360471080e+00
5.982832777996395457e+00
5.984130586823590114e+00
5.985342991607763174e+00
5.986469629345070764e+00
5.987510391211440464e+00
5.988465153726559187e+00
5.989333576960852668e+00
5.990115559665337486e+00
5.990810986261230653e+00
5.991419540311443193e+00
5.991941128253753135e+00
5.992375642550882731e+00
5.992722790651067832e+00
5.992982486782227447e+00
5.993154631580249969e+00
5.993238956746089308e+00
5.993235384393361009e+00
5.993143823454572860e+00
5.992964030225780725e+00
5.992695934794860513e+00
5.992339454506211638e+00
5.991894370569624151e+00
5.991360621129238950e+00
5.990738132048902820e+00
5.990026709748058842e+00
5.989226300502948241e+00
5.988336838797085449e+00
5.987358156533471920e+00
5.986290208190346185e+00
5.985132936963965200e+00
5.983886200492801954e+00
5.982549961521002047e+00
5.981124172043557508e+00
5.979608715663566443e+00
5.978003563448761604e+00
5.976308676271546716e+00
5.974523963904394996e+00
5.972649405789753452e+00
5.970684971748219105e+00
5.968630597899806212e+00
5.966486272105691491e+00
5.964251973196867063e+00
5.961927663789745147e+00
5.959513340200754961e+00
5.957008990323829245e+00
5.954414603388751281e+00
5.951730184195642259e+00
5.948955729743423682e+00
5.946091255957841604e+00
5.943136776142790012e+00
5.940092296432730734e+00
5.936957859496047263e+00
5.933733487151777730e+00
5.930419194688345108e+00
5.927015051526757894e+00
5.923521088003954382e+00
5.919937328568085633e+00
5.916263869366846784e+00
5.912500749249172571e+00
5.908648001816191986e+00
5.904705749882261046e+00
5.900674040794136488e+00
5.896552917287099405e+00
5.892342528751362885e+00
5.888042931009551673e+00
5.883654175901011030e+00
5.879176439274772292e+00
5.874609785400072504e+00
5.869954275180487180e+00
5.865210110785771924e+00
5.860377364895931862e+00
5.855456107430778268e+00
5.850446566727492304e+00
5.845348823835013974e+00
5.840162957635173235e+00
5.834889222469802128e+00
5.829527707709520001e+00
5.824078501139687170e+00
5.818541882939745058e+00
5.812917950749696416e+00
5.807206801197634327e+00
5.801408740133346953e+00
5.795523873409254456e+00
5.789552306434582185e+00
5.783494370564667086e+00
5.777350179802723140e+00
5.771119848277905362e+00
5.764803732689557592e+00
5.758401955125305172e+00
5.751914638373976096e+00
5.745342164319431788e+00
5.738684663062231017e+00
5.731942265991496477e+00
5.725115380014965893e+00
5.718204143169032250e+00
5.711208695383866107e+00
5.704129468424206983e+00
5.696966608178924751e+00
5.689720263058736016e+00
5.682390889505672504e+00
5.674978641170832283e+00
5.667483674881677480e+00
5.659906471557440533e+00
5.652247192513622842e+00
5.644506002924932098e+00
5.636683407959448111e+00
5.628779576490988923e+00
5.620794681963786843e+00
5.612729253530321039e+00
5.604583467508132522e+00
5.596357505522219888e+00
5.588051920402421935e+00
5.579666895786528080e+00
5.571202621378220421e+00
5.562659673329844345e+00
5.554038242467149722e+00
5.545338526455111605e+00
5.536561124362894049e+00
5.527706234063463064e+00
5.518774061048989488e+00
5.509765226848359454e+00
5.500679936232998557e+00
5.491518402370978436e+00
5.482281268744299219e+00
5.472968746866929024e+00
5.463581057414532260e+00
5.454118865270562111e+00
5.444582388529268790e+00
5.434971855189808743e+00
5.425287950946874993e+00
5.415530900307497397e+00
5.405700938396209132e+00
5.395798771098532676e+00
5.385824629162482502e+00
5.375778754628456113e+00
5.365661872931429599e+00
5.355474220885331427e+00
5.345216047228429801e+00
5.334888096292623061e+00
5.324490610780087785e+00
5.314023845903778742e+00
5.303488564238029390e+00
5.292885014193740467e+00
5.282213457233261522e+00
5.271474673525289312e+00
5.260668917008310075e+00
5.249796455169636999e+00
5.238858085137268361e+00
5.227854066194651317e+00
5.216784671632978210e+00
5.205650714921980615e+00
5.194452460505859293e+00
5.183190187263691406e+00
5.171864724409142688e+00
5.160476341361029284e+00
5.149025322376501457e+00
5.137512511834969153e+00
5.125938183941290305e+00
5.114302628127363803e+00
5.102606703377420949e+00
5.090850688490800025e+00
5.079034877876818399e+00
5.067160144576662084e+00
5.055226771789009810e+00
5.043235058708207319e+00
5.031185891891872153e+00
5.019079558738931190e+00
5.006916363039503715e+00
4.994697204328180540e+00
4.982422374000559095e+00
4.970092180254575887e+00
4.957707535056562698e+00
4.945268733590665988e+00
4.932776088273747916e+00
4.920230522946588358e+00
4.907632336369179171e+00
4.894981844985407449e+00
4.882279983935556622e+00
4.869527055338545907e+00
4.856723379468421697e+00
4.843869902168104424e+00
4.830966928694670592e+00
4.818014782948985442e+00
4.805014420855012069e+00
4.791966150583969686e+00
4.778870299452690595e+00
4.765727832818506648e+00
4.752539061540388410e+00
4.739304316132042949e+00
4.726024570710844586e+00
4.712700138595429245e+00
4.699331353269075251e+00
4.685919196911810580e+00
4.672463985073050274e+00
4.658966053970469368e+00
4.645426393128164300e+00
4.631845320097380814e+00
4.618223173587896468e+00
4.604560949731780539e+00
4.590858967853750805e+00
4.577117568907396183e+00
4.563337754883264985e+00
4.549519846652413158e+00
4.535664187159110128e+00
4.521771783493963248e+00
4.507842957848743559e+00
4.493878054901906616e+00
4.479878086080980815e+00
4.465843374674686395e+00
4.451774266837078109e+00
4.437671777568856335e+00
4.423536231033846633e+00
4.409367974602391271e+00
4.395168026087521440e+00
4.380936710308354520e+00
4.366674375592588753e+00
4.352382041810883173e+00
4.338060034219727079e+00
4.323708701846729063e+00
4.309329065874195841e+00
4.294921451779950772e+00
4.280486209036395984e+00
4.266024359402478261e+00
4.251536228363081982e+00
4.237022165583430144e+00
4.222483192676831365e+00
4.207919634922686392e+00
4.193331841930851844e+00
4.178720834461015166e+00
4.164086937376211495e+00
4.149430499987107446e+00
4.134752541507272561e+00
4.120053386174253873e+00
4.105333382760537830e+00
4.090593548257572820e+00
4.075834206070108046e+00
4.061055704198779814e+00
4.046259056754124117e+00
4.031444586102755245e+00
4.016612639245436434e+00
4.001764226770746724e+00
3.986899669803948942e+00
3.972019314123855338e+00
3.957124166173928259e+00
3.942214545637197531e+00
3.927290796854593591e+00
3.912353921518989974e+00
3.897404237672834615e+00
3.882442088009437686e+00
3.867468468882724775e+00
3.852483696498901988e+00
3.837488111700054549e+00
3.822482704928895192e+00
3.807467790362611293e+00
3.792443706794346170e+00
3.777411438198004401e+00
3.762371296531982434e+00
3.747323618348309626e+00
3.732269380607385667e+00
3.717208892862227554e+00
3.702142489236535550e+00
3.687071139143503373e+00
3.671995149547410353e+00
3.656914851960807678e+00
3.641831207724870456e+00
3.626744521035245139e+00
3.611655120614130965e+00
3.596563959212890627e+00
3.581471338082160116e+00
3.566377582977594329e+00
3.551283637548273919e+00
3.536189799927183852e+00
3.521096392729601288e+00
3.506004349993968816e+00
3.490913966566973059e+00
3.475825561751491488e+00
3.460740059470549301e+00
3.445657751120078327e+00
3.430578952520081604e+00
3.415504576977014040e+00
3.400434912276120158e+00
3.385370270585486008e+00
3.370311554098268214e+00
3.355259046833958703e+00
3.340213057141234287e+00
3.325174475609200986e+00
3.310143582341689594e+00
3.295120681702446763e+00
3.280106652193769623e+00
3.265101769859434011e+00
3.250106334915282336e+00
3.235121213304578358e+00
3.220146676872416958e+00
3.205183021527092890e+00
3.190231100193822389e+00
3.175291180386450307e+00
3.160363553550256555e+00
3.145449059149317161e+00
3.130547960239848049e+00
3.115660543653742121e+00
3.100787634969245143e+00
3.085929492664854390e+00
3.071086398814629081e+00
3.056259164706760512e+00
3.041448044128195249e+00
3.026653314257418348e+00
3.011875771710229799e+00
2.997115665474435087e+00
2.982373267702408182e+00
2.967649359977961865e+00
2.952944186388194225e+00
2.938258013936439372e+00
2.923591608837768252e+00
2.908945210182833474e+00
2.894319079710699238e+00
2.879713967953254183e+00
2.865130108914581086e+00
2.850567758961837228e+00
2.836027652650557229e+00
2.821510018813494280e+00
2.807015108345547905e+00
2.792543639552605317e+00
2.778095836016430287e+00
2.763671943066204673e+00
2.749272662503118525e+00
2.734898212583287247e+00
2.720548832983010090e+00
2.706225208760523415e+00
2.691927552776373300e+00
2.677656098972697851e+00
2.663411515441865607e+00
2.649194009583770715e+00
2.635003809530390928e+00
2.620841566199835437e+00
2.606707481470964094e+00
2.592601777594625734e+00
2.578525088120260822e+00
2.564477609350160225e+00
2.550459557587839488e+00
2.536471548833747480e+00
2.522513773762997236e+00
2.508586442670337924e+00
2.494690153841523372e+00
2.480825092278986510e+00
2.466991462212150488e+00
2.453189844062023894e+00
2.439420417118061124e+00
2.425683379493047909e+00
2.411979293610058139e+00
2.398308333010665816e+00
2.384670689645322028e+00
2.371066907824249892e+00
2.357497155311744752e+00
2.343961617856311186e+00
2.330460821560015550e+00
2.316994928386003849e+00
2.303564117847829884e+00
2.290168897764726985e+00
2.276809424280409555e+00
2.263485870647445886e+00
2.250198726348895395e+00
2.236948141696273762e+00
2.223734283662409883e+00
2.210557623362338742e+00
2.197418305268013849e+00
2.184316490061180005e+00
2.171252630478095025e+00
2.158226865149046603e+00
2.145239348460677320e+00
2.132290514779883406e+00
2.119380496898234156e+00
2.106509442910360352e+00
2.093677768841904818e+00
2.080885601653541972e+00
2.068133083157611463e+00
2.055420611083536020e+00
2.042748306573559436e+00
2.030116305173528257e+00
2.017524986376546092e+00
2.004974465523370331e+00
1.992464871914511271e+00
1.979996566879486330e+00
1.967569659978789298e+00
1.955184274293442437e+00
1.942840753072944793e+00
1.930539200122951549e+00
1.918279732334796428e+00
1.906062674970753656e+00
1.893888126111159087e+00
1.881756196490794508e+00
1.869667193485497814e+00
1.857621209483865110e+00
1.845618349100121236e+00
1.833658901931709329e+00
1.821742954713129192e+00
1.809870605976553692e+00
1.798042127656178657e+00
1.786257600874096463e+00
1.774517118121316850e+00
1.762820933791348965e+00
1.751169123439676012e+00
1.739561773559415103e+00
1.727999121134172755e+00
1.716481236202694882e+00
1.705008199306107697e+00
1.693580230158186595e+00
1.682197393334931457e+00
1.670859763474281001e+00
1.659567543170902937e+00
1.648320791596052937e+00
1.637119577536663373e+00
1.625964086630941496e+00
1.614854372707394292e+00
1.603790498757897254e+00
1.592772633640035629e+00
1.581800825905385954e+00
1.570875132810958918e+00
1.559995706623693357e+00
1.549162590687710006e+00
1.538375836589945367e+00
1.527635580211417876e+00
1.516941859761729461e+00
1.506294721227386502e+00
1.495694284323147771e+00
1.485140582200257464e+00
1.474633655319418812e+00
1.464173607463475690e+00
1.453760466804432161e+00
1.443394268356787080e+00
1.433075100219793896e+00
1.422802985668056186e+00
1.412577954354261367e+00
1.402400078955316376e+00
1.392269377932726648e+00
1.382185875666267272e+00
1.372149629683297789e+00
1.362160653718778702e+00
1.352218966972554837e+00
1.342324612105252335e+00
1.332477598213908099e+00
1.322677939415007442e+00
1.312925663793663267e+00
1.303220775899506245e+00
1.293563284865305585e+00
1.283953204498701428e+00
1.274390534894223936e+00
1.264875280303102700e+00
1.255407440558919729e+00
1.245987011395129906e+00
1.236613992285606534e+00
1.227288369397447898e+00
1.218010134198695082e+00
1.208779281491644264e+00
1.199595784087642114e+00
1.190459629286604093e+00
1.181370807326229455e+00
1.172329277975326933e+00
1.163335024464560830e+00
1.154388032574961365e+00
1.145488249348043164e+00
1.136635654045692556e+00
1.127830228100922261e+00
1.119071906145086892e+00
1.110360663573307205e+00
1.101696477579884759e+00
1.093079270705031858e+00
1.084509014580636643e+00
1.075985682272202482e+00
1.067509184549886081e+00
1.059079489387328765e+00
1.050696565831784612e+00
1.042360313206760702e+00
1.034070695934005801e+00
1.025827679153773930e+00
1.017631151068932871e+00
1.009481072656955414e+00
1.001377405263127018e+00
9.933200262985361073e-01
9.853088934051469350e-01
9.773439642461615451e-01
9.694251057728068277e-01
9.615522724013115807e-01
9.537254182266057256e-01
9.459444000751336956e-01
9.382091692480173384e-01
9.305196763866945275e-01
9.228757685310911008e-01
9.152773939785495694e-01
9.077245000327769375e-01
9.002169242885417200e-01
8.927546121512862642e-01
8.853375077037227703e-01
8.779654394397359285e-01
8.706383499851616525e-01
8.633561803193797735e-01
8.561187501823450674e-01
8.489259995328612973e-01
8.417778663654899018e-01
8.346741620155914143e-01
8.276148238876720464e-01
8.205997871107769681e-01
8.136288549670375181e-01
8.067019624194751160e-01
7.998190418515894740e-01
7.929798888453444272e-01
7.861844360350701555e-01
7.794326131792677081e-01
7.727242085141239336e-01
7.660591524579959399e-01
7.594373722653955383e-01
7.528586491821003257e-01
7.463229115230795019e-01
7.398300841602245548e-01
7.333799417049032821e-01
7.269724104811096099e-01
7.206074130997350835e-01
7.142847178940314734e-01
7.080042493092378875e-01
7.017659278170014225e-01
6.955695158287354962e-01
6.894149360229210322e-01
6.833021068537600273e-01
6.772307851667815903e-01
6.712008919854660638e-01
6.652123438683130718e-01
6.592648924503113905e-01
6.533584572114621292e-01
6.474929529361395097e-01
6.416681264032849663e-01
6.358838956606874815e-01
6.301401738399324826e-01
6.244367032173240295e-01
6.187734005194672759e-01
6.131501773461681681e-01
6.075667718232579118e-01
6.020230994669527602e-01
5.965190704658959175e-01
5.910544191462593355e-01
5.856290599244539097e-01
5.802429016981370813e-01
5.748956753432484801e-01
5.695872942867968858e-01
5.643176662551699918e-01
5.590865190221716574e-01
5.538937651356703462e-01
5.487393112700454934e-01
5.436228824438794627e-01
5.385443904360772693e-01
5.335037409878539139e-01
5.285006567085469564e-01
5.235350487182529600e-01
5.186068219435246984e-01
5.137156969298333209e-01
5.088615842486789997e-01
5.040443881302210105e-01
4.992638274012666244e-01
4.945198121950822867e-01
4.898122461636054692e-01
4.851408467605033970e-01
4.805055237914244715e-01
4.759061804483253333e-01
4.713425331581305167e-01
4.668144915098483838e-01
4.623219583539617816e-01
4.578646494384953081e-01
4.534424742472864533e-01
4.490553354083222093e-01
4.447029483406057526e-01
4.403852225349031424e-01
4.361020605163588026e-01
4.318531777274561279e-01
4.276384837787607363e-01
4.234578812131221670e-01
4.193110858521805207e-01
4.151980075401041081e-01
4.111185489590873932e-01
4.070724266693101501e-01
4.030595508634369217e-01
3.990798244859425914e-01
3.951329651991073444e-01
3.912188836602591979e-01
3.873374832005567203e-01
3.834884829525730399e-01
3.796717941559130671e-01
3.758873206544583456e-01
3.721347834243065589e-01
3.684140944065869561e-01
3.647251580857247544e-01
3.610676976599972998e-01
3.574416258931154555e-01
3.538468480397933269e-01
3.502830899049222957e-01
3.467502651978331962e-01
3.432482800753192120e-01
3.397768633394308568e-01
3.363359297702934181e-01
3.329253865607268437e-01
3.295449659068900305e-01
3.261945837871310094e-01
3.228741485664984312e-01
3.195833962388529570e-01
3.163222441105186800e-01
3.130906018573022531e-01
3.098882096811417242e-01
3.067149863484240346e-01
3.035708429866140201e-01
3.004555244228755417e-01
2.973689510180028694e-01
2.943110354943788143e-01
2.912815277280883519e-01
2.882803498107545659e-01
2.853074162052133267e-01
2.823624822661950917e-01
2.794454719543340016e-01
2.765563016205489499e-01
2.736947325330582048e-01
2.708606906609853371e-01
2.680540943927446906e-01
2.652747113485986463e-01
2.625224696462917784e-01
2.597972898624542615e-01
2.570989464096619104e-01
2.544273696942161433e-01
2.517824826323094567e-01
2.491640668681028570e-01
2.465720552351068628e-01
2.440063731401299341e-01
2.414668098936471052e-01
2.389533008923856172e-01
2.364657741833238458e-01
2.340040271689346196e-01
2.315679979408457045e-01
2.291576173327219135e-01
2.267726912500808989e-01
2.244131606047773675e-01
2.220789591587158940e-01
2.197699017100849528e-01
2.174859321075291729e-01
2.152269871754120267e-01
2.129928909648069191e-01
2.107835903661829102e-01
2.085990253904037306e-01
2.064390296632148403e-01
2.043035532074429506e-01
2.021925393310265162e-01
2.001058315083021899e-01
1.980433829677104296e-01
1.960051404077572113e-01
1.939909573690304923e-01
1.920007903397414895e-01
1.900345894818871451e-01
1.880922185591689944e-01
1.861736373552893842e-01
1.842787995455648364e-01
1.824075792173542043e-01
1.805599394727544771e-01
1.787358375272690980e-01
1.769351578581147832e-01
1.751578669104580099e-01
1.734039254495126914e-01
1.716732284269112674e-01
1.699657456867286198e-01
1.682814415517687179e-01
1.666202216535302705e-01
1.649820593742449826e-01
1.633669226331055657e-01
1.617747282459520430e-01
1.602054534410077558e-01
1.586590698624230911e-01
1.571355065992129096e-01
1.556347453313766394e-01
1.541567617434400905e-01
1.527014992973750318e-01
1.512689452123872347e-01
1.498590798644521549e-01
1.484718647955890480e-01
1.471072945760677209e-01
1.457653554731025980e-01
1.444460331975918888e-01
1.431493325012214990e-01
1.418752475748865649e-01
1.406237976857795668e-01
1.393950019302982457e-01
1.381888656352661948e-01
1.370054552554515193e-01
1.358448099950049504e-01
1.347069510842864304e-01
1.335920107781883581e-01
1.325000558497904934e-01
1.314311300798775006e-01
1.303854552417620383e-01
1.293631345809225508e-01
1.283642430803088319e-01
1.273891197633994221e-01
1.264379138342872355e-01
1.255107418310597578e-01
1.246080886818024952e-01
1.237301578713518729e-01
1.228771185046209496e-01
1.220496250581031839e-01
1.212479395721810099e-01
1.204722932755160208e-01
1.197235193700297712e-01
1.190019345391705730e-01
1.183078368215924187e-01
1.176422196222133981e-01
1.170054368501109027e-01
1.163978484524211682e-01
1.158205451090910665e-01
1.152738808258032543e-01
1.147582571619667619e-01
1.142747354167054225e-01
1.138236063359024941e-01
1.134052706498613200e-01
1.130205499287089688e-01
1.126695766205352417e-01
1.123526783567889015e-01
1.120701276936260649e-01
1.118217706511236004e-01
1.116077521197216676e-01
1.114273881842949149e-01
1.112800837062868781e-01
1.111656507282993006e-01
1.110819713429359451e-01
1.110278420105983294e-01
1.110025544974494460e-01
1.110020534599042152e-01
1.110243669451865256e-01
1.110680233277232948e-01
1.111265389951185956e-01
1.111971071730272764e-01
1.112769879496368075e-01
1.113570859931568013e-01
1.114344203507871695e-01
1.115040765001448220e-01
1.115584096133866998e-01
1.115979285078240735e-01
1.116201927062475119e-01
1.116352306341218958e-01
1.116487427810338023e-01
1.116787717196582735e-01
1.117352594075509686e-01
1.117974190019108138e-01
1.118798002670313707e-01
1.118629034498459657e-01
1.116662690950594033e-01
1.112097420821626104e-01
1.102644774602372507e-01
1.087924943857309507e-01
1.066939345705720243e-01
1.039601261701421642e-01
1.006587195802854939e-01
9.681835630379204138e-02
9.260448449684875738e-02
8.805889847838900553e-02
8.322993795992215948e-02
7.820968351802604079e-02
7.304424988311779277e-02
6.768200081625433406e-02
6.227216943059405568e-02
5.714599656367419511e-02
5.167437096513258915e-02
4.632634433750262848e-02
4.410040194428568872e-02
3.863929262806443943e-02
3.089646015509010454e-02
5.925199702562863185e-02
