8.858997301951532740e-06
-2.652082713479727972e-06
3.204785176498867906e-06
6.422457824863696018e-06
2.494239874703245497e-06
4.391243826907299276e-06
6.630773366662898417e-06
7.218922430335657007e-06
9.617551725441952299e-06
1.179294045417959109e-05
1.283791216549292354e-05
1.414579358410818958e-05
1.566557784853650357e-05
1.739818301914845613e-05
1.932673329108283106e-05
2.123120603558239453e-05
2.275122590678010858e-05
2.412232107380558418e-05
2.526024628635023666e-05
2.696171872262469746e-05
2.969435571119512568e-05
3.392088814046593641e-05
4.047858351999773015e-05
4.883235749961513259e-05
5.917495813394596868e-05
7.022593296918926283e-05
8.093449054204929021e-05
9.068006104516765180e-05
9.811802708772016720e-05
1.037936837542714373e-04
1.075485784186429599e-04
1.109953076467147748e-04
1.152501498683457162e-04
1.211032389853596551e-04
1.305910704041793097e-04
1.435317628616551309e-04
1.607666018472501360e-04
1.831699821461192418e-04
2.106484593593712805e-04
2.441853627855870607e-04
2.855297699441946874e-04
3.356569294081090536e-04
3.959583857549066072e-04
4.693471116862722140e-04
5.572552696891641113e-04
6.608814525843586521e-04
7.829553505989527568e-04
9.249893562579200590e-04
1.087903979266313962e-03
1.274881430650645847e-03
1.486898045723072416e-03
1.725736123831628395e-03
1.993022342379147278e-03
2.285378001670182891e-03
2.602894170359677448e-03
2.935622738517693325e-03
3.275800479864394901e-03
3.616312430243434628e-03
3.940683511720123253e-03
4.249614283821629042e-03
4.532624539170312418e-03
4.789223744392463906e-03
5.032296225448510026e-03
5.258195446324627660e-03
5.485983295746979689e-03
5.726735993167226570e-03
5.990885206827972764e-03
6.301652483757642052e-03
6.654321182188122595e-03
7.064952098955818577e-03
7.530737378566575678e-03
8.031328871066393399e-03
8.567940540433510027e-03
9.119112939708327176e-03
9.680170740127537476e-03
1.025013765746314760e-02
1.083907038730463381e-02
1.146229722495977800e-02
1.212844055352076122e-02
1.284438019900258250e-02
1.360883475493347532e-02
1.441132551952368189e-02
1.521654687329652977e-02
1.601934052959498589e-02
1.679429596456473786e-02
1.752803075426413032e-02
1.823387068539878211e-02
1.890673068111338798e-02
1.957967273024007956e-02
2.025932191695077253e-02
2.096050383096000058e-02
2.170383749527891523e-02
2.247707010448177223e-02
2.329045991486486042e-02
2.413664632448739300e-02
2.501223459531056251e-02
2.592376299284485444e-02
2.688023674303324784e-02
2.788900700485824266e-02
2.895907983957284396e-02
3.009693173709379263e-02
3.129149063604055869e-02
3.254041853817200153e-02
3.381385672783701613e-02
3.509173810687308409e-02
3.635866132130353284e-02
3.756348425087408655e-02
3.869710457001827864e-02
3.973195453905970648e-02
4.063443793920722830e-02
4.142504227544911016e-02
4.208921255134167455e-02
4.267241445348269463e-02
4.321116080848953073e-02
4.373191317768235914e-02
4.429794170846643175e-02
4.489638886348346070e-02
4.554091908842102659e-02
4.619430527179246848e-02
4.682336320497004767e-02
4.740638375829155787e-02
4.792672885218416529e-02
4.841484236174081746e-02
4.889226996463760105e-02
4.943550047796003294e-02
5.005430743785790199e-02
5.078233460146305139e-02
5.159418321705998983e-02
5.243655417213024389e-02
5.327985588664695821e-02
5.402038228010743598e-02
5.464915733883687898e-02
5.512551916111965711e-02
5.545747000555131812e-02
5.569215658182263828e-02
5.585071681635608853e-02
5.602779508752909338e-02
5.624005939356815226e-02
5.652448832963426900e-02
5.688957559738733183e-02
5.731966771229583119e-02
5.779147170554824881e-02
5.828156069383988447e-02
5.883421674385249517e-02
5.942894102322900801e-02
6.020810936219029436e-02
6.125886029992678311e-02
6.266904351073467050e-02
6.464067924609291638e-02
6.715411156636889867e-02
7.032537037206365582e-02
7.403474922527186752e-02
7.811461148944694177e-02
8.248293328157067783e-02
8.674421119849995421e-02
9.085190309777545214e-02
9.458946047950694824e-02
9.793535354751962962e-02
1.011468013785697950e-01
1.042313448336614212e-01
1.077830772816964072e-01
1.119937096712962793e-01
1.171016424646153520e-01
1.232502831771835200e-01
1.301259548111212694e-01
1.376502914833458713e-01
1.450667849864092640e-01
1.523641290661129910e-01
1.591640486328093629e-01
1.658597121281560893e-01
1.735556756329699468e-01
1.824179495691343467e-01
1.943941950613947700e-01
2.103910327481426645e-01
2.310357965439377159e-01
2.575064969612314569e-01
2.897650437407814361e-01
3.276950079005664374e-01
3.705437836787046635e-01
4.190810058298009566e-01
4.716893673287120836e-01
5.291980539254934612e-01
5.967646029282547282e-01
6.731705124541748075e-01
7.699506363442268908e-01
8.989875914487011066e-01
1.063247252169574608e+00
1.288921902248251428e+00
1.592361356039533993e+00
1.981674771253873368e+00
2.494491734836022268e+00
3.151562203186974997e+00
3.968319585982894804e+00
5.002831571250916376e+00
6.283065627727121516e+00
7.836552780987120492e+00
9.742561390629026263e+00
1.203120487630133084e+01
1.474130015923708292e+01
1.796245634546615122e+01
2.172253680904231032e+01
2.607180297258862822e+01
3.110330423302920622e+01
3.683171393537453042e+01
4.331294275879331934e+01
5.060798330548070822e+01
5.870041599704384083e+01
6.762939888199026939e+01
7.737191267406463169e+01
8.787818497715279875e+01
9.914129613565130228e+01
1.110505870959368764e+02
1.235469690028577361e+02
1.365811647795064516e+02
1.500285620399860704e+02
1.638386293266356972e+02
1.779641361931476240e+02
1.923075806553937355e+02
2.068046454168704429e+02
2.214245491493296356e+02
2.360331792945494271e+02
2.505425296345075310e+02
2.648916796752487812e+02
2.788555653876719589e+02
2.923682684969039087e+02
3.052964837691267803e+02
3.174138119448259658e+02
3.287383109848835261e+02
3.391177854443760111e+02
3.485033253718906394e+02
3.569879606596953181e+02
3.645189599559291764e+02
3.712775751280666441e+02
3.773495172207883570e+02
3.828393237945736587e+02
3.879492502608334803e+02
3.926347542648657623e+02
3.970131888242761420e+02
4.009683646525016343e+02
4.043226315071528347e+02
4.070203578150351973e+02
4.086853964999283448e+02
4.092235029259941825e+02
4.084561893807917272e+02
4.061240446479200159e+02
4.023455414789524980e+02
3.969647793003041443e+02
3.900994706522332649e+02
3.820205194447887038e+02
3.727435664519576335e+02
3.626944960455416549e+02
3.520470325027597482e+02
3.409649736947570204e+02
3.297024578311054483e+02
3.181876250443646654e+02
3.065455806509408490e+02
2.947571129936283114e+02
2.827255894685616227e+02
2.705014256443341765e+02
2.580862815532599939e+02
2.454960930674495785e+02
2.327802967503845650e+02
2.200810993587160738e+02
2.074680746174731212e+02
1.950417334860567280e+02
1.830392662141719882e+02
1.714948790710210744e+02
1.605047918426752460e+02
1.501987812069934591e+02
1.405374878147202082e+02
1.315551002909642762e+02
1.232153189384329863e+02
1.154602366665460522e+02
1.082941090491852236e+02
1.016344169356250831e+02
9.543679150882212525e+01
8.970038735802008034e+01
8.435989387083701274e+01
7.939405830867328007e+01
7.477919842295177943e+01
7.045603166073856016e+01
6.641886595135632376e+01
6.262513447701329028e+01
5.903470757772959843e+01
5.565698126608632634e+01
5.246885552435615097e+01
4.948157067822217670e+01
4.670757285004894044e+01
4.414035619703111024e+01
4.175559924972617409e+01
3.954715759743342574e+01
3.750171054020646721e+01
3.559381369750325774e+01
3.382426623566819757e+01
3.216816966335484551e+01
3.060425664044010929e+01
2.913625662489926427e+01
2.777182762455025866e+01
2.651857178277376548e+01
2.536568272118342904e+01
2.428983975270275053e+01
2.326357491043440362e+01
2.229159067773655423e+01
2.137013159195514689e+01
2.047691828651180757e+01
1.960821219157359607e+01
1.875973827829669816e+01
1.795582410378741045e+01
1.720865614034674351e+01
1.650927676483374640e+01
1.583889636305037563e+01
1.519863727253561869e+01
1.459909469233462254e+01
1.404342916699799382e+01
1.352253252380837445e+01
1.303046935860783684e+01
1.257656399424422311e+01
1.216441276205919131e+01
1.178782569478151920e+01
1.143871157096931590e+01
1.111538912613668906e+01
1.081328875731047923e+01
1.053473952867656926e+01
1.028274960902633772e+01
1.005144228828500808e+01
9.841881340024931646e+00
9.657486265554430460e+00
9.497444133680277289e+00
9.349488494770488600e+00
9.209285729196546200e+00
9.075088452553639939e+00
8.939951058750333246e+00
8.805138332605576323e+00
8.671885801059440624e+00
8.548205480434360126e+00
8.438582457118913638e+00
8.349389587900811094e+00
8.282661127195865447e+00
8.231959867169573286e+00
8.197661699152146042e+00
8.173258141667645305e+00
8.154905445330795644e+00
8.140672134050811692e+00
8.127971422360376508e+00
8.116491123634636651e+00
8.102590613422444576e+00
8.089669241526099341e+00
8.082906724411719424e+00
8.090595831136978333e+00
8.119848474895338342e+00
8.159367776742625367e+00
8.203283141982131710e+00
8.215871849742866218e+00
8.190615252825169890e+00
8.115943318691291708e+00
8.008469599484037360e+00
7.893033479652586060e+00
7.784971071782831764e+00
7.708884809253143011e+00
7.655159380354709775e+00
7.621505331754434565e+00
7.594561249523199997e+00
7.571605217243585706e+00
7.547723778827159613e+00
7.525398548899052464e+00
7.510301976728690931e+00
7.505320053692835280e+00
7.509015804406343086e+00
7.517251112646900602e+00
7.535809455354336883e+00
7.555348304274127180e+00
7.568302580007183700e+00
7.570232876918889353e+00
7.566519544671567843e+00
7.564453583533963688e+00
7.560454044977366728e+00
7.562576006673956464e+00
7.574475975180168241e+00
7.596905315867384267e+00
7.616130431301304959e+00
7.626294871340896009e+00
7.627538388695953131e+00
7.619565040424622460e+00
7.604106605084935744e+00
7.581857853393580093e+00
7.560293955691139267e+00
7.540663720385167856e+00
7.519147258633211983e+00
7.497218151154060983e+00
7.478424204399781949e+00
7.465580326569662084e+00
7.468117317307117808e+00
7.487115620260323290e+00
7.533294594993662940e+00
7.603630665451842852e+00
7.686400748613198886e+00
7.777896740669014264e+00
7.851295381494094450e+00
7.899768367750707121e+00
7.907412913115925868e+00
7.866247587883031578e+00
7.788377895543123763e+00
7.671458950556775847e+00
7.538767114941248515e+00
7.401323291362298384e+00
7.270804481281460063e+00
7.163915089450859419e+00
7.076293332260590319e+00
7.014692030493510089e+00
6.974326121292976133e+00
6.947586514280526870e+00
6.932188751662974546e+00
6.920229319445023286e+00
6.910497218164072031e+00
6.901277707573662212e+00
6.891048121300651808e+00
6.879722232332348142e+00
6.866990605612010690e+00
6.850434818537899595e+00
6.829392193290916957e+00
6.802920804409684941e+00
6.772479151233329553e+00
6.740736980455996452e+00
6.708653536103198256e+00
6.676007749734647945e+00
6.643636118689045134e+00
6.607883898749794760e+00
6.563206361538296285e+00
6.510485747044882920e+00
6.447660227841886638e+00
6.383645416402061734e+00
6.321592588176248029e+00
6.268998191409001386e+00
6.229607592889938594e+00
6.198208484990597178e+00
6.171435752010058451e+00
6.133033784539782651e+00
6.079725076462719535e+00
6.003716987274912320e+00
5.908761628971567426e+00
5.801617227558367951e+00
5.689139312546800831e+00
5.582839456787855426e+00
5.482465665514126840e+00
5.392140764957353838e+00
5.306039077109892865e+00
5.220666100209937710e+00
5.131907409548659871e+00
5.035475600791846418e+00
4.932877209117733308e+00
4.821342502706190025e+00
4.702792757065334506e+00
4.579202941301192986e+00
4.450200008041126587e+00
4.317654808893776064e+00
4.182261099312655439e+00
4.045345906750777765e+00
3.909774673885909824e+00
3.775355393739529664e+00
3.645384429540534654e+00
3.521620321270756637e+00
3.401538907537608125e+00
3.287133328894880080e+00
3.174906512792151858e+00
3.061510427989931227e+00
2.945329547364756717e+00
2.822439434372338685e+00
2.693173934509598855e+00
2.555962215035203933e+00
2.413091201908016625e+00
2.267818904248430467e+00
2.121546062125674315e+00
1.979086350038703479e+00
1.841710324962255285e+00
1.711319759554859710e+00
1.589280521471172714e+00
1.474872725766514181e+00
1.368298620917826947e+00
1.269115947161719493e+00
1.177881108369174923e+00
1.093935179292112592e+00
1.017846795221762912e+00
9.510079426744922904e-01
8.926044184018168126e-01
8.429816205191625889e-01
8.020930069269249785e-01
7.692283500764877102e-01
7.432691291765274322e-01
7.225889728465429984e-01
7.072230271427119019e-01
6.953514870640576939e-01
6.853269541872148984e-01
6.780386364124354470e-01
6.724648446781457123e-01
6.682190304943285142e-01
6.660878728095668277e-01
6.650649917844095871e-01
6.652698420030620508e-01
6.652550039374723889e-01
6.618930321536261596e-01
6.553983438685623275e-01
6.421470082835826210e-01
6.207295946156227151e-01
5.929195872387272859e-01
5.575052757570914119e-01
5.193761210614169510e-01
4.804655013791189755e-01
4.441015352470326083e-01
4.153577892445500797e-01
3.929206278174752209e-01
3.799524133220593680e-01
3.741578422357886846e-01
3.724450576410462399e-01
3.739930112364706627e-01
3.736325968864600555e-01
3.709913390916297349e-01
3.638249007859669093e-01
3.519999738014114032e-01
3.377700582202432522e-01
3.207991831794996807e-01
3.044518015800299904e-01
2.898501130455333752e-01
2.780899143800072970e-01
2.706869136380624652e-01
2.666927360532097002e-01
2.671527478292416435e-01
2.710674190481557333e-01
2.771739023931494295e-01
2.855532333978041404e-01
2.939959219186040196e-01
3.020056254096796788e-01
3.082011978062299540e-01
3.106837330808692177e-01
3.100531214327872376e-01
3.047840848555044557e-01
2.951718692127983656e-01
2.824387285129724146e-01
2.664284457233186409e-01
2.491325423928989757e-01
2.313228345968487976e-01
2.138780696459892383e-01
1.985595904698499448e-01
1.852998044592621962e-01
1.751544436133107008e-01
1.684243542723341536e-01
1.643425436154952179e-01
1.632541828266781125e-01
1.641214235155643852e-01
1.662374411446502775e-01
1.694237702583057115e-01
1.737086852359132072e-01
1.791024478329864833e-01
1.863805922927504743e-01
1.962314268360254854e-01
2.082542675424143563e-01
2.227374233928506309e-01
2.372373845311903928e-01
2.509825411561507624e-01
2.618076641616904898e-01
2.673616649991897853e-01
2.686678838261917224e-01
2.644562536523377694e-01
2.576037135462765915e-01
2.496299034165736230e-01
2.423743578837624091e-01
2.385473546515606280e-01
2.372310333555083528e-01
2.396599756847042906e-01
2.435497661121918955e-01
2.473965002204426833e-01
2.500826544445786115e-01
2.492418999268381230e-01
2.453686714290552462e-01
2.373657822961170727e-01
2.256892119885933468e-01
2.114450702439686081e-01
1.944288238196902607e-01
1.757271628744839498e-01
1.557899110293912426e-01
1.349532776224200148e-01
1.146106732188279381e-01
9.497601092517415911e-02
7.700263264619831849e-02
6.195734486935233765e-02
4.954184995167370403e-02
4.053373445008356252e-02
3.457978831642431056e-02
3.092262508011435485e-02
2.955388260327536376e-02
2.933541248689722561e-02
2.989122118989542831e-02
3.089172895548209299e-02
3.175272873162354043e-02
3.257710613673437533e-02
3.305285501406218102e-02
3.303241297715984320e-02
3.272277568595009095e-02
3.183638022510723586e-02
3.038742724033278997e-02
2.856341246546993673e-02
2.621116561983450818e-02
2.353289100565880351e-02
2.065334721168495674e-02
1.764486489421279725e-02
1.477068942887577695e-02
1.202484850410955042e-02
9.583913965751825192e-03
7.548133386141659719e-03
5.814708165277415047e-03
4.476191578653390853e-03
3.457759674460313473e-03
2.677780799551162088e-03
2.119497202275307749e-03
1.687201785975826025e-03
1.369543686751270410e-03
1.124137460378101406e-03
9.081770704329311097e-04
7.411426981341392300e-04
5.989648454451262406e-04
4.697467690822762151e-04
3.677353629039539057e-04
2.835762886681763412e-04
2.118963179873347520e-04
1.573547847843642146e-04
1.159681084151672364e-04
8.340199281305912338e-05
6.003618917297293307e-05
4.397905087320652656e-05
3.198001147518977162e-05
2.354564664016275074e-05
1.777610285276005507e-05
1.300215601095203124e-05
9.268102339539791601e-06
6.316984619873940686e-06
3.895905292339501365e-06
2.154764079064758984e-06
1.058114439278541119e-06
4.022926178896926514e-07
1.126397825084410936e-07
7.586625087445674352e-08
6.263432985405492240e-08
8.404315272976743199e-08
8.755124890989033640e-08
5.999263569663508678e-08
4.047125211997289944e-08
2.278374227330284464e-08
1.031034865921433920e-08
7.749137397881962248e-09
8.506763810134825799e-09
6.769812700908328939e-09
6.250271509859326431e-09
5.010537255515808139e-09
3.193366012970836867e-09
2.481040617937314938e-09
2.149754289185418411e-09
1.669855644929513457e-09
1.513147914654942857e-09
1.344660012606047647e-09
1.044039319322017660e-09
8.739575420627447921e-10
7.368543410857781502e-10
5.856842597683869897e-10
4.939878012376707379e-10
4.163326029026932986e-10
3.280949150925477344e-10
2.639815253041624512e-10
2.111797787938838811e-10
1.631064801625649818e-10
1.295058592109893929e-10
1.040422352983668656e-10
8.105110658169455082e-11
6.453535341575595900e-11
5.191978872398074558e-11
4.096071977303772023e-11
3.304041577432455035e-11
2.686887938969173919e-11
2.138332260443836369e-11
1.718962207332894007e-11
1.375162720071933860e-11
1.073000340604769362e-11
8.356376048865844225e-12
6.440667868849774260e-12
4.836583454038773912e-12
3.605800789898625760e-12
2.672148713830592861e-12
1.930028347993740333e-12
1.389673169433800573e-12
1.005862118367625592e-12
7.104417668291889364e-13
5.071119169420486865e-13
3.674939404887007744e-13
2.601263298520109717e-13
1.893452511895460836e-13
1.403556460092244305e-13
1.019790453699163535e-13
7.716037381978059101e-14
5.915814572896494019e-14
4.454134461076457154e-14
3.485682085819098783e-14
2.736606621313064269e-14
2.111639159905815892e-14
1.676775479276994572e-14
1.327131760394191201e-14
1.032414929524262883e-14
8.172454436378408700e-15
6.425590549463420216e-15
4.964860600740873579e-15
3.869736114927250019e-15
2.995744676042814152e-15
2.278653832332909557e-15
1.737374564678567022e-15
1.317056151215258615e-15
9.776507833561165015e-16
7.225241002118239498e-16
5.249646563645753457e-16
3.560942042911111176e-16
2.245574209669693934e-16
1.313447904341092497e-16
5.469331099292245478e-17
6.011977485704582444e-19
