8.394007368031103789e-05
1.575486762045249134e-05
2.934167692621169148e-05
3.208612832266757989e-05
2.944360398900720444e-05
3.091709009923325908e-05
3.309856554547830769e-05
3.497787850450664269e-05
3.739925532850259558e-05
4.002501620639128114e-05
4.281012348239509739e-05
4.583790232710742326e-05
4.907355396247925738e-05
5.251039148656173216e-05
5.616079115198848999e-05
6.002276413217846705e-05
6.410219611954825830e-05
6.840330320813969617e-05
7.292875876043651074e-05
7.768637841890969377e-05
8.267754351553868199e-05
8.790519379194889791e-05
9.337241009247526386e-05
9.907691757492074645e-05
1.050194237272329803e-04
1.111939624403828468e-04
1.175943544018519265e-04
1.242176568857224727e-04
1.310479260986703468e-04
1.380755546999289833e-04
1.452941378470303348e-04
1.526789988717389341e-04
1.602176613369043893e-04
1.679013637432587162e-04
1.756973391332380344e-04
1.835905761893666681e-04
1.915704330770890936e-04
1.995961966738374989e-04
2.076521496399395556e-04
2.157255710555835971e-04
2.237730310610778909e-04
2.317833253581600642e-04
2.397432170784805962e-04
2.476211361496210976e-04
2.554171247731161260e-04
2.631223999617665252e-04
2.707349406733721093e-04
2.782688465012915068e-04
2.857255468465385575e-04
2.931395707559170160e-04
3.005345584672972884e-04
3.079237403843658352e-04
3.153671267277482408e-04
3.228887738150589752e-04
3.305091996953367535e-04
3.382918194008008501e-04
3.462536079383430926e-04
3.544148865316474619e-04
3.628238319552394738e-04
3.714884294488060568e-04
3.804232505283690596e-04
3.896551517218875310e-04
3.991860113744080847e-04
4.090234795552395979e-04
4.191783264645373465e-04
4.296505978036257827e-04
4.404432379481580825e-04
4.515603599392327091e-04
4.630031301735425980e-04
4.747729054105330471e-04
4.868745918807349492e-04
4.993114370267143004e-04
5.120854156882467508e-04
5.252055684812772943e-04
5.386769023038525967e-04
5.525028630072761730e-04
5.666968267231069613e-04
5.812648870651841758e-04
5.962118994164962785e-04
6.115544741580211619e-04
6.272992951227641164e-04
6.434522441776107261e-04
6.600320504641176518e-04
6.770457760288746581e-04
6.944999907107633243e-04
7.124148877985362650e-04
7.307978901315573738e-04
7.496560736776606724e-04
7.690108775156163619e-04
7.888701510578461371e-04
8.092414258098817523e-04
8.301474261533297932e-04
8.515965094636842756e-04
8.735966841786853071e-04
8.961721047500049867e-04
9.193317073623425394e-04
9.430840250187859375e-04
9.674548071616965008e-04
9.924536248446475060e-04
1.018089585279078257e-03
1.044390184370649682e-03
1.071365672895731444e-03
1.099025774867696701e-03
1.127399864935411554e-03
1.156498912480509499e-03
1.186333292825070317e-03
1.216934378989863608e-03
1.248313896879829328e-03
1.280482902112038820e-03
1.313474883953300336e-03
1.347302366103727937e-03
1.381977111884660769e-03
1.417534854399899596e-03
1.453988963246719826e-03
1.491351939510712201e-03
1.529661907620927718e-03
1.568933140578351914e-03
1.609178913888655678e-03
1.650439918684096750e-03
1.692731399974549628e-03
1.736067454307162194e-03
1.780491548261812400e-03
1.826019979449032202e-03
1.872667724704104404e-03
1.920481271123264605e-03
1.969478061662427101e-03
2.019674027214523986e-03
2.071118957370536411e-03
2.123831544846040750e-03
2.177828763999269373e-03
2.233164024217214761e-03
2.289857382987816117e-03
2.347926963502857539e-03
2.407430144041427557e-03
2.468388470886594219e-03
2.530821336922176295e-03
2.594790465023413904e-03
2.660319021293171618e-03
2.727427803418215353e-03
2.796183274702027013e-03
2.866610356802247808e-03
2.938731399633924893e-03
3.012618015585223977e-03
3.088297019915423307e-03
3.165792471989682753e-03
3.245181547204606040e-03
3.326493092482180145e-03
3.409753040734858371e-03
3.495044542391329001e-03
3.582398612138125438e-03
3.671843224307797752e-03
3.763467908375824154e-03
3.857305979503279376e-03
3.953387622071572252e-03
4.051809136190969926e-03
4.152606266111305393e-03
4.255811572977716457e-03
4.361528504500384977e-03
4.469795358696660413e-03
4.580647236212094346e-03
4.694195095089329604e-03
4.810479908944511988e-03
4.929539475438803053e-03
5.051492614567871728e-03
5.176383096523278632e-03
5.304251568001787376e-03
5.435225057197064918e-03
5.569350253776972348e-03
5.706670800755552636e-03
5.847322283353130305e-03
5.991354438891440502e-03
6.138814050988165329e-03
6.289845622822247406e-03
6.444502076451029925e-03
6.602833479959878925e-03
6.764993637703332376e-03
6.931038806001008599e-03
7.101022483983480266e-03
7.275108192461538642e-03
7.453355687047244667e-03
7.635822050544686934e-03
7.822680975804382000e-03
8.013995900454198504e-03
8.209827652762215211e-03
8.410360599122460382e-03
8.615662060583499648e-03
8.825796784266527056e-03
9.040960359640692889e-03
9.261224210821974653e-03
9.486657190117512781e-03
9.717466705680632977e-03
9.953728520639146607e-03
1.019551579169460098e-02
1.044304838128651096e-02
1.069640664045893620e-02
1.095566824074752088e-02
1.122106616474902174e-02
1.149268560887745962e-02
1.177060897800123740e-02
1.205508305876894053e-02
1.234619815401515573e-02
1.264404162409940580e-02
1.294887474860260783e-02
1.326079319665634214e-02
1.357988950487074714e-02
1.390644012805638229e-02
1.424054635662629596e-02
1.458230611790607180e-02
1.493201171018687136e-02
1.528977029354738199e-02
1.565568539049503466e-02
1.603006579644305346e-02
1.641302478417347790e-02
1.680467166449127470e-02
1.720533237796674150e-02
1.761512655284077147e-02
1.803416947215898472e-02
1.846280488486479188e-02
1.890115902663590600e-02
1.934935333430475371e-02
1.980775007759241410e-02
2.027648237506520651e-02
2.075567800867693727e-02
2.124571857810002296e-02
2.174674440260328245e-02
2.225888982840486252e-02
2.278255675127542623e-02
2.331789307430583505e-02
2.386503997871900276e-02
2.442442084996766793e-02
2.499619164931391260e-02
2.558050074426578002e-02
2.617779450792311405e-02
2.678823755261958151e-02
2.741198589689118961e-02
2.804951078207454027e-02
2.870098620963373870e-02
2.936657646249288267e-02
3.004677998632066319e-02
3.074178107807588878e-02
3.145175308205910153e-02
3.217722449892556486e-02
3.291839101195722511e-02
3.367543603911078709e-02
3.444892153569671656e-02
3.523905585134642221e-02
3.604603372921930809e-02
3.687045452441235771e-02
3.771254071025924304e-02
3.857249985644577855e-02
3.945097315151362138e-02
4.034819879355550781e-02
4.126439891981497493e-02
4.220026134949577540e-02
4.315604169140408591e-02
4.413197859296254938e-02
4.512881146333831001e-02
4.614681500956634846e-02
4.718624646179475635e-02
4.824790166755844184e-02
4.933207602023675226e-02
5.043904742982065897e-02
5.156967259955182875e-02
5.272426899238899511e-02
5.390313718918007119e-02
5.510719840951975451e-02
5.633679326897344380e-02
5.759224676516456337e-02
5.887454724936019151e-02
6.018405919295229806e-02
6.152113338320414765e-02
6.288682662999917072e-02
6.428152750165704032e-02
6.570561346497551247e-02
6.716020955969438655e-02
6.864572809055390079e-02
7.016257349313147207e-02
7.171193678249283832e-02
7.329425275412991547e-02
7.490995230065038146e-02
7.656028719653994175e-02
7.824571208369374142e-02
7.996668259750695784e-02
8.172450146552510952e-02
8.351963837480667896e-02
8.535257006844144956e-02
8.722463354126025470e-02
8.913630571525400781e-02
9.108807783285832738e-02
9.308129521966189424e-02
9.511643066146867331e-02
9.719397913975158509e-02
9.931525799164353518e-02
1.014807213154095972e-01
1.036908521474816380e-01
1.059468952213701853e-01
1.082492702440704946e-01
1.105984281784900131e-01
1.129954956198810229e-01
1.154408451653531759e-01
1.179348738001746028e-01
1.204785572684506506e-01
1.230722173301047467e-01
1.257161787542562248e-01
1.284112653622929978e-01
1.311577598805914735e-01
1.339559081419659792e-01
1.368064318096805787e-01
1.397096064865195608e-01
1.426656123397050113e-01
1.456751809849450852e-01
1.487386323692687362e-01
1.518561200846582915e-01
1.550285544172563257e-01
1.582563623319626633e-01
1.615397349131063864e-01
1.648799561160156635e-01
1.682776169848378967e-01
1.717330243513642829e-01
1.752480017669746648e-01
1.788233332131711206e-01
1.824595124114278821e-01
1.861589691404622882e-01
1.899226590022884131e-01
1.937512985839834612e-01
1.976478271934678510e-01
2.016132880106079328e-01
2.056485948185409196e-01
2.097569057594486919e-01
2.139392099174552142e-01
2.181965170887360250e-01
2.225317458543760452e-01
2.269456584119987630e-01
2.314391924406933032e-01
2.360144923913083392e-01
2.406719337443645745e-01
2.454121817593694910e-01
2.502361369255354240e-01
2.551436906249485159e-01
2.601350582532392930e-01
2.652096411016728328e-01
2.703668489530383634e-01
2.756063520527524124e-01
2.809261163298009678e-01
2.863251811905345723e-01
2.918027004214208686e-01
2.973555983876254305e-01
3.029827361259013196e-01
3.086829085474026013e-01
3.144526196195827072e-01
3.202907654617152544e-01
3.261960284766200480e-01
3.321651473597770354e-01
3.381972165243939954e-01
3.442910648165752874e-01
3.504441335611936936e-01
3.566557709802557485e-01
3.629251366475784724e-01
3.692504887421432236e-01
3.756313574518113096e-01
3.820672770550139208e-01
3.885570404527316501e-01
3.951001887003411928e-01
4.016965175081477768e-01
4.083447814367662243e-01
4.150443287143059656e-01
4.217949869127385898e-01
4.285948268629909408e-01
4.354428471555670810e-01
4.423386460806917886e-01
4.492791414472495082e-01
4.562629327088500997e-01
4.632891919672241787e-01
4.703535707291131018e-01
4.774543442378243463e-01
4.845901948812799120e-01
4.917557906986977367e-01
4.989492500383700957e-01
5.061688514448244858e-01
5.134088458154107970e-01
5.206673883214086862e-01
5.279425481695489974e-01
5.352287948274585538e-01
5.425244697777509284e-01
5.498276588072242843e-01
5.571335319173361667e-01
5.644406769766966425e-01
5.717473744347597586e-01
5.790496833519839237e-01
5.863464063678160976e-01
5.936361001544527838e-01
6.009156037708104359e-01
6.081838494172511211e-01
6.154396532488175531e-01
6.226803494173666076e-01
6.299049187000759220e-01
6.371123608626280133e-01
6.443002272802625940e-01
6.514675193260065500e-01
6.586133418231280290e-01
6.657353475302084655e-01
6.728325996591381086e-01
6.799042717053244145e-01
6.869482184922891532e-01
6.939636517129992299e-01
7.009498324186690388e-01
7.079050650693031743e-01
7.148287899652556732e-01
7.217204086449403588e-01
7.285789115890586309e-01
7.354039871916128179e-01
7.421952237083858650e-01
7.489523546354713845e-01
7.556752465690282916e-01
7.623636771579739291e-01
7.690179064024075251e-01
7.756378323051630330e-01
7.822233673620400118e-01
7.887748376675460804e-01
7.952919984683068932e-01
8.017747998510822427e-01
8.082230734943726125e-01
8.146362945477227946e-01
8.210143422073938879e-01
8.273560871382897863e-01
8.336606734959439713e-01
8.399278188186946048e-01
8.461552189810305213e-01
8.523417370802692794e-01
8.584868679650053958e-01
8.645872330232525771e-01
8.706415425322443502e-01
8.766490336234724623e-01
8.826056212032459269e-01
8.885100260772982317e-01
8.943612151158902845e-01
9.001549185025191635e-01
9.058900245405175911e-01
9.115652539138777710e-01
9.171767042415095439e-01
9.227235561758199145e-01
9.282043779107497228e-01
9.336161224058318053e-01
9.389583445070136536e-01
9.442296518735667776e-01
9.494282122067300156e-01
9.545539872324947384e-01
9.596059021176245318e-01
9.645835179050452624e-01
9.694871787864305368e-01
9.743164160639938842e-01
9.790721356357683369e-01
9.837549782495641493e-01
9.883652584059953172e-01
9.929049352890628732e-01
9.973748108219250286e-01
1.001775937471937050e+00
1.006110844957361694e+00
1.010380346375827187e+00
1.014585935818038909e+00
1.018730170306069605e+00
1.022813756106748961e+00
1.026838171929169485e+00
1.030805564927023799e+00
1.034716481981904801e+00
1.038571950843651726e+00
1.042373498942589682e+00
1.046121525912306005e+00
1.049816382478544030e+00
1.053459004147621503e+00
1.057049685972865527e+00
1.060588181334671365e+00
1.064074999412705891e+00
1.067510361164887067e+00
1.070893759415970203e+00
1.074225442008644782e+00
1.077505554272107924e+00
1.080733752342048826e+00
1.083910102888048677e+00
1.087034659079422427e+00
1.090107546231614100e+00
1.093128662118164618e+00
1.096097975478610431e+00
1.099016129313496348e+00
1.101882884741217206e+00
1.104698187321022429e+00
1.107462977925068204e+00
1.110177011859582175e+00
1.112840319864719207e+00
1.115453767458169931e+00
1.118017334876066471e+00
1.120531250733391992e+00
1.122995959568542590e+00
1.125411912375303247e+00
1.127779597219641827e+00
1.130098882943542771e+00
1.132370832390747095e+00
1.134596166486952162e+00
1.136774291089266198e+00
1.138906833986604417e+00
1.140994634507040972e+00
1.143036978043246110e+00
1.145035822143584348e+00
1.146991958116199362e+00
1.148904991423748800e+00
1.150776868096726746e+00
1.152608167798609085e+00
1.154399180901983568e+00
1.156151520422866286e+00
1.157865448280219534e+00
1.159542073414709051e+00
1.161182491671120198e+00
1.162786641036188895e+00
1.164356264042428757e+00
1.165891959520544585e+00
1.167393457706080939e+00
1.168862646482335732e+00
1.170299846767996588e+00
1.171704810783516182e+00
1.173078917367120777e+00
1.174422549126892923e+00
1.175735766343229072e+00
1.177018866332492530e+00
1.178272620682326410e+00
1.179497626582749925e+00
1.180692901255587790e+00
1.181859772361918193e+00
1.182999402710945835e+00
1.184109908051092619e+00
1.185193074292213877e+00
1.186250359244019004e+00
1.187279895075237901e+00
1.188283562535119353e+00
1.189262579414952947e+00
1.190216200205187702e+00
1.191145904164389924e+00
1.192052081394943119e+00
1.192935840087536947e+00
1.193797857946237828e+00
1.194637381880149229e+00
1.195457233580407896e+00
1.196257205358484788e+00
1.197035627332781349e+00
1.197795911587097750e+00
1.198537280745579858e+00
1.199257941701167729e+00
1.199960226157900323e+00
1.200643378336924805e+00
1.201306536545438508e+00
1.201949573102935043e+00
1.202572333709033714e+00
1.203175666347917838e+00
1.203756721953326725e+00
1.204316215464220852e+00
1.204856703811669538e+00
1.205373796419495269e+00
1.205868890620434231e+00
1.206345307781762743e+00
1.206799291650111128e+00
1.207232384283780657e+00
1.207647121049330252e+00
1.208042477920839186e+00
1.208419546829554658e+00
1.208778663576509205e+00
1.209122392487052666e+00
1.209451035869877344e+00
1.209762247661280155e+00
1.210061212408473308e+00
1.210347510632278967e+00
1.210616961006368397e+00
1.210874983743017497e+00
1.211120828998871746e+00
1.211350364798206902e+00
1.211566697887201061e+00
1.211769215163157831e+00
1.211955832995259774e+00
1.212126004155183345e+00
1.212279491672012322e+00
1.212417344892688709e+00
1.212535856452173766e+00
1.212635036669150068e+00
1.212718700486930867e+00
1.212781977980786463e+00
1.212825185934600425e+00
1.212852939780806771e+00
1.212861610705026516e+00
1.212851753532100840e+00
1.212826489758604742e+00
1.212784923067363740e+00
1.212727753867244962e+00
1.212655241266582307e+00
1.212569228855892023e+00
1.212470412113597185e+00
1.212356355969611554e+00
1.212230365790593956e+00
1.212092924289752238e+00
1.211940394014090927e+00
1.211775766564297863e+00
1.211599126901410806e+00
1.211407578022715148e+00
1.211202441951741982e+00
1.210983358538957777e+00
1.210749542295690873e+00
1.210500292237009834e+00
1.210234960428110407e+00
1.209955038758920187e+00
1.209658468393749242e+00
1.209344631254753333e+00
1.209016298110239251e+00
1.208671261583915024e+00
1.208309261641908217e+00
1.207932812164044689e+00
1.207540646224675829e+00
1.207133024086090023e+00
1.206710965175635808e+00
1.206274605362645413e+00
1.205824622869720697e+00
1.205360200199995235e+00
1.204882585117415639e+00
1.204392550469824297e+00
1.203888071656163739e+00
1.203370722851710761e+00
1.202840995155494808e+00
1.202296830075255896e+00
1.201739308683852370e+00
1.201168411489443200e+00
1.200583101220335402e+00
1.199983518686523087e+00
1.199369173417561107e+00
1.198740458559685473e+00
1.198096660093486587e+00
1.197437098514374076e+00
1.196763225222406080e+00
1.196073961798848284e+00
1.195368806624106162e+00
1.194649399437990311e+00
1.193914884906057905e+00
1.193165191395267666e+00
1.192401287063729276e+00
1.191622916966691204e+00
1.190830444773262720e+00
1.190023758491967065e+00
1.189203217381306743e+00
1.188369384019144270e+00
1.187521261006991846e+00
1.186659525310280072e+00
1.185784592977533913e+00
1.184895196641203574e+00
1.183991923948009450e+00
1.183074770518507846e+00
1.182142855417725569e+00
1.181196380377846245e+00
1.180234845696928270e+00
1.179258104070817659e+00
1.178265910868477429e+00
1.177257406093142666e+00
1.176233076709821690e+00
1.175192390290764388e+00
1.174134372848427033e+00
1.173059719298456871e+00
1.171967862619150980e+00
1.170857929911379935e+00
1.169730344793482812e+00
1.168584707151963498e+00
1.167420323039847885e+00
1.166237069237446855e+00
1.165034773523884626e+00
1.163812842536010139e+00
1.162570640643368014e+00
1.161308145056709762e+00
1.160024698070254656e+00
1.158719427160672888e+00
1.157392311772186710e+00
1.156042499165010229e+00
1.154669228663488978e+00
1.153272358150519095e+00
1.151850860127360932e+00
1.150404350850907198e+00
1.148932534924688609e+00
1.147434440284184065e+00
1.145910167089265075e+00
1.144359348182348635e+00
1.142781471203449195e+00
1.141177080625376261e+00
1.139545903487091172e+00
1.137888330917481428e+00
1.136205221149897637e+00
1.134496580094673357e+00
1.132763994753041237e+00
1.131008471566801177e+00
1.129230420053806583e+00
1.127432599835328508e+00
1.125616003735206094e+00
1.123781448949251915e+00
1.121932480158752243e+00
1.120069945391425792e+00
1.118194938470167932e+00
1.116311147816313465e+00
1.114419199507580283e+00
1.112520241088890804e+00
1.110617443659990711e+00
1.108711205123318555e+00
1.106802497508884153e+00
1.104893547178972257e+00
1.102984588177103875e+00
1.101076271272986240e+00
1.099169839175587526e+00
1.097265473713450623e+00
1.095363495005204912e+00
1.093464500858309263e+00
1.091568741793127906e+00
1.089676327981744519e+00
1.087787769346281186e+00
1.085903479567814411e+00
1.084023552226284659e+00
1.082148961677383392e+00
1.080280333943398396e+00
1.078417934522932331e+00
1.076563564632025516e+00
1.074718067292190105e+00
1.072882001444356748e+00
1.071058085702155216e+00
1.069247352214244495e+00
1.067450682553426677e+00
1.065671558554437848e+00
1.063911152908258773e+00
1.062170618348651674e+00
1.060453895798751267e+00
1.058762234842878014e+00
1.057096960273405939e+00
1.055462123676903508e+00
1.053858974346531197e+00
1.052288897176590021e+00
1.050755737089683173e+00
1.049260656055603036e+00
1.047804997633212221e+00
1.046392146700747539e+00
1.045023091154695161e+00
1.043699051408445655e+00
1.042422764517483502e+00
1.041194972953495945e+00
1.040016711403858762e+00
1.038889937188359980e+00
1.037815105293688589e+00
1.036793018209264394e+00
1.035824770872359357e+00
1.034910524095991713e+00
1.034050816263372807e+00
1.033245846910725740e+00
1.032495507088209363e+00
1.031800054283063206e+00
1.031158812682717585e+00
1.030571447597740553e+00
1.030037934902358510e+00
1.029556798246802130e+00
1.029127529031244492e+00
1.028749836773757087e+00
1.028421573282759072e+00
1.028142110176081481e+00
1.027910920958524654e+00
1.027725368139749795e+00
1.027584763385386735e+00
1.027488389602875474e+00
1.027433360831089937e+00
1.027419003710107193e+00
1.027444473390184632e+00
1.027506942214534869e+00
1.027605849920459891e+00
1.027740308523578117e+00
1.027907923187228789e+00
1.028108366224321335e+00
1.028340816250561618e+00
1.028603733698137512e+00
1.028897146073108892e+00
1.029220430415010767e+00
1.029573314955857466e+00
1.029956272554697128e+00
1.030369017284114230e+00
1.030812844647769344e+00
1.031288684349838336e+00
1.031796701782267789e+00
1.032339810798959201e+00
1.032919289069271773e+00
1.033535799101587438e+00
1.034193548369694460e+00
1.034893916751777665e+00
1.035637995969861169e+00
1.036430528686389962e+00
1.037272641950409247e+00
1.038165649269408464e+00
1.039113708665152958e+00
1.040117308151402797e+00
1.041177651437382723e+00
1.042297058506352236e+00
1.043475074574471417e+00
1.044712405506683650e+00
1.046008490176792094e+00
1.047361821994981623e+00
1.048772273777143438e+00
1.050235923417407902e+00
1.051750362914949610e+00
1.053314465920436094e+00
1.054921255221944909e+00
1.056567813605264972e+00
1.058252094725211201e+00
1.059965141466967964e+00
1.061704058409050688e+00
1.063466202296268870e+00
1.065242206088066190e+00
1.067029711742570441e+00
1.068825959777207180e+00
1.070622795070587108e+00
1.072418749797676263e+00
1.074211444901462142e+00
1.075995163181165948e+00
1.077769432188352416e+00
1.079532623385058843e+00
1.081281998561427038e+00
1.083017942875051931e+00
1.084739732107828480e+00
1.086447422730681067e+00
1.088141959474002940e+00
1.089823451313922442e+00
1.091494030273893800e+00
1.093154861114112419e+00
1.094806654613803998e+00
1.096452680387473455e+00
1.098094047367820236e+00
1.099731778293375761e+00
1.101369429335373296e+00
1.103007898273719034e+00
1.104648266118920974e+00
1.106293803524967645e+00
1.107945162664514704e+00
1.109603320665119686e+00
1.111271012277071035e+00
1.112948690097167903e+00
1.114637163992149071e+00
1.116338627802065053e+00
1.118053407039649061e+00
1.119782151013596572e+00
1.121526623795070288e+00
1.123287079292136559e+00
1.125064040867622017e+00
1.126858953005498210e+00
1.128672016042946202e+00
1.130503654800300239e+00
1.132355037124851416e+00
1.134226292633938815e+00
1.136117750676081783e+00
1.138030268930130262e+00
1.139963870284969039e+00
1.141918768461980926e+00
1.143895431523009654e+00
1.145893740473374889e+00
1.147913762577750463e+00
1.149955495808226091e+00
1.152018660085666335e+00
1.154103150075792339e+00
1.156208450153376033e+00
1.158334122885886108e+00
1.160479880495762339e+00
1.162644707254226972e+00
1.164828034281634395e+00
1.167029402750925593e+00
1.169247368260438735e+00
1.171481272631303971e+00
1.173730517180331612e+00
1.175993345122210210e+00
1.178269059283512998e+00
1.180556966413374820e+00
1.182855138560661823e+00
1.185162890209115583e+00
1.187479485491083508e+00
1.189802970963536488e+00
1.192132717681039900e+00
1.194467998676155718e+00
1.196806968283579797e+00
1.199149089497846710e+00
1.201493689827319633e+00
1.203839140919031436e+00
1.206185021929910173e+00
1.208530751044796681e+00
1.210874997418281085e+00
1.213217469616622912e+00
1.215557701896877951e+00
1.217894711019782195e+00
1.220228338597483697e+00
1.222558249726803492e+00
1.224883831462318717e+00
1.227205054459052702e+00
1.229521720040014365e+00
1.231833585437093426e+00
1.234140740779336554e+00
1.236443121396183509e+00
1.238740836951000457e+00
1.241034083731608506e+00
1.243322923095127264e+00
1.245607786510245507e+00
1.247888960744002240e+00
1.250166621051670424e+00
1.252441480982315669e+00
1.254713900667487669e+00
1.256984154206008730e+00
1.259253191121636029e+00
1.261521426948633229e+00
1.263789217503460183e+00
1.266057697701726825e+00
1.268327320094159161e+00
1.270598503619595254e+00
1.272872515043651953e+00
1.275149825551214589e+00
1.277430897654708408e+00
1.279717075030067708e+00
1.282008829664177840e+00
1.284306647717616601e+00
1.286611895324840660e+00
1.288925028682209595e+00
1.291246538015953016e+00
1.293577760224134954e+00
1.295919121135172380e+00
1.298271096660144730e+00
1.300634948015362058e+00
1.303011058848174253e+00
1.305399874494418855e+00
1.307802541701257981e+00
1.310219393481558026e+00
1.312650831312175859e+00
1.315097858312322954e+00
1.317560752103643429e+00
1.320039860659495412e+00
1.322536025175478525e+00
1.325049466843768675e+00
1.327580474499058250e+00
1.330129720306304719e+00
1.332697371415225041e+00
1.335283655924572876e+00
1.337889080446583501e+00
1.340513763342702447e+00
1.343157874111161831e+00
1.345821766461018143e+00
1.348505517347257987e+00
1.351209242952978284e+00
1.353933163900035375e+00
1.356677324421986297e+00
1.359441795049060930e+00
1.362226687965065963e+00
1.365032023852720933e+00
1.367857836763779922e+00
1.370704157525936218e+00
1.373570992190783713e+00
1.376458348154664835e+00
1.379366202158837318e+00
1.382294553688613981e+00
1.385243393170464854e+00
1.388212668791600324e+00
1.391202380237234637e+00
1.394212509856336046e+00
1.397242999574216604e+00
1.400293854467334898e+00
1.403365056411638001e+00
1.406456559086579183e+00
1.409568376459696237e+00
1.412700495927017741e+00
1.415852896091846391e+00
1.419025601645216517e+00
1.422218609727439187e+00
1.425431932048523587e+00
1.428665604327817862e+00
1.431919635897065168e+00
1.435194074998991320e+00
1.438488967385523898e+00
1.441804335367502299e+00
1.445140262916178253e+00
1.448496803804907529e+00
1.451873992667090940e+00
1.455271944910361048e+00
1.458690719617619314e+00
1.462130361927496125e+00
1.465591011778845321e+00
1.469072730469591415e+00
1.472575570987360472e+00
1.476099689212061028e+00
1.479645145478124979e+00
1.483211997459584319e+00
1.486800407610924468e+00
1.490410432301323196e+00
1.494042130540714330e+00
1.497695662043361686e+00
1.501371076597628251e+00
1.505068431294749765e+00
1.508787874545342689e+00
1.512529447477806821e+00
1.516293202339853652e+00
1.520079268965740527e+00
1.523887678369624687e+00
1.527718475534895815e+00
1.531571766100583432e+00
1.535447570166475595e+00
1.539345923645504044e+00
1.543266904203151713e+00
1.547210520855562210e+00
1.551176799302254716e+00
1.555165787320838655e+00
1.559177483239507112e+00
1.563211902057000335e+00
1.567269061496969762e+00
1.571348950063622185e+00
1.575451572168881098e+00
1.579576916841147982e+00
1.583724963977678257e+00
1.587895708029831487e+00
1.592089111917958100e+00
1.596305148380846584e+00
1.600543802936574389e+00
1.604805015879230190e+00
1.609088754351355677e+00
1.613394996245052004e+00
1.617723663265125511e+00
1.622074718528479176e+00
1.626448133768798820e+00
1.630843816375914246e+00
1.635261726932883519e+00
1.639701832533292380e+00
1.644164030487566208e+00
1.648648280192132498e+00
1.653154545576838608e+00
1.657682717848276033e+00
1.662232756375485065e+00
1.666804623286821885e+00
1.671398207240180511e+00
1.676013468526236894e+00
1.680650368669929229e+00
1.685308796815144339e+00
1.689988714909292922e+00
1.694690084878980985e+00
1.699412798823593640e+00
1.704156820879629608e+00
1.708922114177534368e+00
1.713708575678290380e+00
1.718516172058973668e+00
1.723344868258756435e+00
1.728194567480497490e+00
1.733065239141047487e+00
1.737956850412962551e+00
1.742869311657686771e+00
1.747802595110231394e+00
1.752756670445530851e+00
1.757731455713027025e+00
1.762726925954717805e+00
1.767743053489634342e+00
1.772779764278379799e+00
1.777837036097987822e+00
1.782914843955040629e+00
1.788013121716868215e+00
1.793131849787416909e+00
1.798271005833445457e+00
1.803430531467863362e+00
1.808610409596951074e+00
1.813810620473558233e+00
1.819031113198336991e+00
1.824271873053448401e+00
1.829532882776970348e+00
1.834814098650431546e+00
1.840115508213214568e+00
1.845437096576463709e+00
1.850778826881856354e+00
1.856140688820556051e+00
1.861522669764389404e+00
1.866924739404224987e+00
1.872346889492683575e+00
1.877789109556825764e+00
1.883251375549120477e+00
1.888733681207708015e+00
1.894236018120161846e+00
1.899758368241770912e+00
1.905300727232104085e+00
1.910863088656376219e+00
1.916445440241960396e+00
1.922047779514022947e+00
1.927670101943531167e+00
1.933312400822159161e+00
1.938974675489132160e+00
1.944656923258014869e+00
1.950359142792275291e+00
1.956081335194089554e+00
1.961823499562163065e+00
1.967585639745768722e+00
1.973367758555948370e+00
1.979169856821492601e+00
1.984991943389284197e+00
1.990834022719584873e+00
1.996696097315330043e+00
2.002578180823028742e+00
2.008480279285083103e+00
2.014402396818980812e+00
2.020344551657070831e+00
2.026306751348441182e+00
2.032289001559648423e+00
2.038291324875320942e+00
2.044313730267153240e+00
2.050356224877943223e+00
2.056418835389278499e+00
2.062501572103141445e+00
2.068604443557652939e+00
2.074727480254155765e+00
2.080870693725143106e+00
2.087034093814999824e+00
2.093217714547068287e+00
2.099421568578160979e+00
2.105645666962185469e+00
2.111890046928553755e+00
2.118154722146869506e+00
2.124439704776999172e+00
2.130745034923227088e+00
2.137070727152102112e+00
2.143416794620114807e+00
2.149783279962954818e+00
2.156170198524865800e+00
2.162577564344924319e+00
2.169005422237288094e+00
2.175453788201913596e+00
2.181922677042749115e+00
2.188412135392379554e+00
2.194922179782286875e+00
2.201452825660744406e+00
2.208004121113467111e+00
2.214576083077463231e+00
2.221168727522642605e+00
2.227782103618682452e+00
2.234416228580585084e+00
2.241071118775579407e+00
2.247746824085286921e+00
2.254443361873914142e+00
2.261160748780458363e+00
2.267899035024395271e+00
2.274658237989368725e+00
2.281438374459672680e+00
2.288239494617211101e+00
2.295061615734611760e+00
2.301904754614393589e+00
2.308768961024859401e+00
2.315654251996863255e+00
2.322560644223778059e+00
2.329488186684525619e+00
2.336436896037531685e+00
2.343406788739730295e+00
2.350397912606094319e+00
2.357410283792509276e+00
2.364443918392662436e+00
2.371498862685269327e+00
2.378575132194614028e+00
2.385672742525192014e+00
2.392791738050596084e+00
2.399932133535887857e+00
2.407093943971790662e+00
2.414277211462388717e+00
2.421481949887842600e+00
2.428708173502240886e+00
2.435955921781338240e+00
2.443225207597022219e+00
2.450516044345973921e+00
2.457828468523267862e+00
2.465162491871780492e+00
2.472518126812417005e+00
2.479895406514409650e+00
2.487294341473842874e+00
2.494714943020031939e+00
2.502157240658994919e+00
2.509621243525375522e+00
2.517106961743778459e+00
2.524614420827802963e+00
2.532143628439286420e+00
2.539694593387741950e+00
2.547267336873487942e+00
2.554861864977608032e+00
2.562478185086775717e+00
2.570116313775689942e+00
2.577776255440092701e+00
2.585458015938683740e+00
2.593161606916674966e+00
2.600887030983278780e+00
2.608634292366568186e+00
2.616403397486881222e+00
2.624194347069049194e+00
2.632007143610243460e+00
2.639841788019065216e+00
2.647698279041344360e+00
2.655576617345454249e+00
2.663476798050005367e+00
2.671398817830402894e+00
2.679342675430693266e+00
2.687308359910090871e+00
2.695295865785306777e+00
2.703305189783025586e+00
2.711336314642907031e+00
2.719389232637805076e+00
2.727463938386737841e+00
2.735560408059412918e+00
2.743678631602810558e+00
2.751818601441041068e+00
2.759980286933820803e+00
2.768163675623498410e+00
2.776368757655422570e+00
2.784595495350413064e+00
2.792843873770705088e+00
2.801113880702928771e+00
2.809405471211825045e+00
2.817718627807476395e+00
2.826053335842113601e+00
2.834409542919508862e+00
2.842787228929070764e+00
2.851186376717623983e+00
2.859606926235659596e+00
2.868048854686981119e+00
2.876512142346875578e+00
2.884996721332866887e+00
2.893502566101762596e+00
2.902029654296192973e+00
2.910577910033230964e+00
2.919147304964740286e+00
2.927737814044499842e+00
2.936349353233024928e+00
2.944981891322573819e+00
2.953635400526427812e+00
2.962309788502702990e+00
2.971005021132327784e+00
2.979721067840541249e+00
2.988457827845900638e+00
2.997215264068918916e+00
3.005993343102642879e+00
3.014791955595923056e+00
3.023611061461992211e+00
3.032450624420158558e+00
3.041310526424679583e+00
3.050190724336497183e+00
3.059091178961422575e+00
3.068011763437858530e+00
3.076952431530933563e+00
3.085913141094260848e+00
3.094893756331383639e+00
3.103894227869387734e+00
3.112914510571336280e+00
3.121954459588311082e+00
3.131014022368245886e+00
3.140093150745248973e+00
3.149191690701319768e+00
3.158309586465273711e+00
3.167446786803574721e+00
3.176603128413663324e+00
3.185778552266543162e+00
3.194973004022116925e+00
3.204186310979598939e+00
3.213418410814979698e+00
3.222669246042730418e+00
3.231938634453053627e+00
3.241226510391508331e+00
3.250532813188787618e+00
3.259857351019498584e+00
3.269200054865445182e+00
3.278560860836284174e+00
3.287939567390050666e+00
3.297336102113838763e+00
3.306750397860758195e+00
3.316182243278170461e+00
3.325631562530073637e+00
3.335098285179859179e+00
3.344582189977973741e+00
3.354083197639635916e+00
3.363601234408134744e+00
3.373136069059305076e+00
3.382687618836556442e+00
3.392255806635828819e+00
3.401840391189335122e+00
3.411441286248218407e+00
3.421058411337060345e+00
3.430691515083926557e+00
3.440340507729587660e+00
3.450005305406449452e+00
3.459685646585771490e+00
3.469381437981958971e+00
3.479092592317377441e+00
3.488818837860856004e+00
3.498560077786263545e+00
3.508316221390707756e+00
3.518086986701014496e+00
3.527872273337934406e+00
3.537671987160309950e+00
3.547485835918504193e+00
3.557313715668980247e+00
3.567155528821112309e+00
3.577010972818678525e+00
3.586879940143909096e+00
3.596762329747018594e+00
3.606657828738761395e+00
3.616566326018430200e+00
3.626487717068612948e+00
3.636421678644011113e+00
3.646368096053540508e+00
3.656326861304739051e+00
3.666297640776606581e+00
3.676280316181637087e+00
3.686274776045902701e+00
3.696280676356668682e+00
3.706297895225462380e+00
3.716326317691601933e+00
3.726365589338559658e+00
3.736415584674111390e+00
3.746476185246747637e+00
3.756547026228679531e+00
3.766627978523031661e+00
3.776718920184860995e+00
3.786819475972801996e+00
3.796929513186561689e+00
3.807048906386777176e+00
3.817177269922021221e+00
3.827314467492072936e+00
3.837460370164068824e+00
3.847614581886379614e+00
3.857776962764744244e+00
3.867947380375827304e+00
3.878125428284521004e+00
3.888310963010905841e+00
3.898503848646488468e+00
3.908703668396654063e+00
3.918910275206814120e+00
3.929123529691052497e+00
3.939343004726799435e+00
3.949568549698426967e+00
3.959800021752874599e+00
3.970036983478995918e+00
3.980279280716456203e+00
3.990526767157939414e+00
4.000778995151125450e+00
4.011035807010050469e+00
4.021297052988737519e+00
4.031562275249260807e+00
4.041831312601873449e+00
4.052104011880285128e+00
4.062379905124823942e+00
4.072658827666688630e+00
4.082940622940371078e+00
4.093224812936811396e+00
4.103511229535712346e+00
4.113799712796324393e+00
4.124089774741095837e+00
4.134381243828799235e+00
4.144673956770247081e+00
4.154967415709089451e+00
4.165261445716704536e+00
4.175555880185235935e+00
4.185850211478080674e+00
4.196144261315889246e+00
4.206437859804867507e+00
4.216730489635795998e+00
4.227021969218407449e+00
4.237312125408722707e+00
4.247600431341827409e+00
4.257886702159546566e+00
4.268170761506621780e+00
4.278452073088724994e+00
4.288730448826131969e+00
4.299005709194326563e+00
4.309277308605495627e+00
4.319545055808110767e+00
4.329808768153621479e+00
4.340067890906463610e+00
4.350322229696445220e+00
4.360571598799547921e+00
4.370815434488110718e+00
4.381053539329974988e+00
4.391285724577524974e+00
4.401511417676829296e+00
4.411730418194011349e+00
4.421942534413124015e+00
4.432147185130140166e+00
4.442344166973286157e+00
4.452533285317067602e+00
4.462713950493930604e+00
4.472885956261776208e+00
4.483049105147809854e+00
4.493202799218166454e+00
4.503346829431681186e+00
4.513480995534079554e+00
4.523604691533135380e+00
4.533717705663645070e+00
4.543819834959280435e+00
4.553910465588256073e+00
4.563989383140108380e+00
4.574056382009543675e+00
4.584110840754942018e+00
4.594152542403165285e+00
4.604181278786702691e+00
4.614196421094811207e+00
4.624197749878068642e+00
4.634185054487197419e+00
4.644157698994034966e+00
4.654115461563073985e+00
4.664058129147396592e+00
4.673985058964166051e+00
4.683896026885729924e+00
4.693790817555421491e+00
4.703668781609361638e+00
4.713529692725533238e+00
4.723373333329017321e+00
4.733199047759467426e+00
4.743006607601988556e+00
4.752795793158608895e+00
4.762565942767873040e+00
4.772316826027172887e+00
4.782048221214328265e+00
4.791759460972785156e+00
4.801450313021067728e+00
4.811120553715212189e+00
4.820769510320100260e+00
4.830396948787861966e+00
4.840002643658692705e+00
4.849585917145843084e+00
4.859146533551029101e+00
4.868684265708098202e+00
4.878198431115751355e+00
4.887688792544811811e+00
4.897155121235656772e+00
4.906596730319599864e+00
4.916013381159496376e+00
4.925404843518525588e+00
4.934770426517590458e+00
4.944109890237893268e+00
4.953423003085010379e+00
4.962709070536074130e+00
4.971967851520223469e+00
4.981199113208304219e+00
4.990402157809790573e+00
4.999576743234587006e+00
5.008722635544857305e+00
5.017839134067808793e+00
5.026925995830089811e+00
5.035982985914389864e+00
5.045009401160094775e+00
5.054004997849642855e+00
5.062969540218511533e+00
5.071902323021574510e+00
5.080803101939058486e+00
5.089671640494532134e+00
5.098507231770239123e+00
5.107309630989099070e+00
5.116078601100944034e+00
5.124813433935641704e+00
5.133513884406435857e+00
5.142179715030460230e+00
5.150810216813455078e+00
5.159405144509283225e+00
5.167964260346137984e+00
5.176486854941535931e+00
5.184972683042787800e+00
5.193421506735488080e+00
5.201832616692132483e+00
5.210205767808671062e+00
5.218540722176895130e+00
5.226836770974355950e+00
5.235093669403014793e+00
5.243311179711994008e+00
5.251488594040328195e+00
5.259625668055446290e+00
5.267722164317039990e+00
5.275777376387948969e+00
5.283791060562386122e+00
5.291762979865814565e+00
5.299692429752528078e+00
5.307579167306546886e+00
5.315422956176069746e+00
5.323223094179309278e+00
5.330979339354594337e+00
5.338691456131421376e+00
5.346358745168554805e+00
5.353980965624555388e+00
5.361557882870095604e+00
5.369088800884878943e+00
5.376573480114697823e+00
5.384011687032530524e+00
5.391402729422527962e+00
5.398746369185722926e+00
5.406042374059492950e+00
5.413290056118632343e+00
5.420489178888236559e+00
5.427639511533056016e+00
5.434740370906856022e+00
5.441791522328277786e+00
5.448792736553101257e+00
5.455743335704170249e+00
5.462643087063606906e+00
5.469491763142486640e+00
5.476288691824113819e+00
5.483033642524403284e+00
5.489726389674413731e+00
5.496366267410235373e+00
5.502953047452053603e+00
5.509486506315968590e+00
5.515965984883673734e+00
5.522391257350172111e+00
5.528762102481880270e+00
5.535077868399074674e+00
5.541338331942005091e+00
5.547543274292785043e+00
5.553692051302999033e+00
5.559784442628319390e+00
5.565820232031931880e+00
5.571798783588771897e+00
5.577719879939643022e+00
5.583583307594079059e+00
5.589388439341253623e+00
5.595135060976236474e+00
5.600822961919853071e+00
5.606451524164768330e+00
5.612020536828640438e+00
5.617529792408139322e+00
5.622978682586471599e+00
5.628366999971208706e+00
5.633694540298740172e+00
5.638960705427098041e+00
5.644165291619962055e+00
5.649308098016443402e+00
5.654388537130306425e+00
5.659406409046130904e+00
5.664361516467668167e+00
5.669253283041325808e+00
5.674081512835758900e+00
5.678846012279976208e+00
5.683546216625284586e+00
5.688181934085771552e+00
5.692752974974768954e+00
5.697258786615404524e+00
5.701699181526586280e+00
5.706073974063223808e+00
5.710382624081252523e+00
5.714624948561552564e+00
5.718800766055827545e+00
5.722909549407268592e+00
5.726951120213460200e+00
5.730925301375909164e+00
5.734831579172317895e+00
5.738669779969144180e+00
5.742439731168204275e+00
5.746140932921297129e+00
5.749773216513141882e+00
5.753336413993737075e+00
5.756830039820332701e+00
5.760253930342361883e+00
5.763607922403044093e+00
5.766891545187757373e+00
5.770104640253966188e+00
5.773247049380207052e+00
5.776318316893458871e+00
5.779318289699318711e+00
5.782246814650588540e+00
5.785103451619757919e+00
5.787888052997247179e+00
5.790600470845810754e+00
5.793240280977376422e+00
5.795807341400333712e+00
5.798301509519696140e+00
5.800722377470379776e+00
5.803069809008188251e+00
5.805343667009235098e+00
5.807543560304210928e+00
5.809669358521962756e+00
5.811720930134921304e+00
5.813697901031226856e+00
5.815600146834431605e+00
5.817427541734797813e+00
5.819179729028099324e+00
5.820856590450162571e+00
5.822458006026773880e+00
5.823983636799663799e+00
5.825433370730298321e+00
5.826807093793704873e+00
5.828104485103726695e+00
5.829325438956441729e+00
5.830469847385818305e+00
5.831537407891365099e+00
5.832528021208297275e+00
5.833441585535028118e+00
5.834277817057373028e+00
5.835036623049592919e+00
5.835717907975763730e+00
5.836321406995356398e+00
5.836847034016851232e+00
5.837294699866814263e+00
5.837664158952072135e+00
5.837955331905683387e+00
5.838168136008949460e+00
5.838302345175804930e+00
5.838357886849255607e+00
5.838334684852945600e+00
5.838232532853335321e+00
5.838051365183686947e+00
5.837791112292820550e+00
5.837451587830472910e+00
5.837032733095306014e+00
5.836534485239240233e+00
5.835956678111069884e+00
5.835299260044735981e+00
5.834562174968158210e+00
5.833745277129708029e+00
5.832848521963096111e+00
5.831871860240014804e+00
5.830815166793375859e+00
5.829678404215702159e+00
5.828461530184998018e+00
5.827164440287854852e+00
5.825787104329091193e+00
5.824329486950272639e+00
5.822791504644682981e+00
5.821173134477374056e+00
5.819474348105245554e+00
5.817695083065062001e+00
5.815835323724304118e+00
5.813895048801526855e+00
5.811874216997245490e+00
5.809772820017893302e+00
5.807590843684407922e+00
5.805328267964692479e+00
5.802985091934830031e+00
5.800561308553276341e+00
5.798056919142188015e+00
5.795471930172179320e+00
5.792806341768707235e+00
5.790060176678106352e+00
5.787233448784596668e+00
5.784326165404414688e+00
5.781338370761027967e+00
5.778270086165417929e+00
5.775121326142688361e+00
5.771892156429349718e+00
5.768582605770441241e+00
5.765192695912236154e+00
5.761722514123147398e+00
5.758172096583643373e+00
5.754541472267763247e+00
5.750830749977549949e+00
5.747039973324376660e+00
5.743169178510892259e+00
5.739218495857410396e+00
5.735187976395766718e+00
5.731077663552319734e+00
5.726887709133208659e+00
5.722618171574381130e+00
5.718269101515296882e+00
5.713840672198369219e+00
5.709332949441456861e+00
5.704745991080758749e+00
5.700079991728434159e+00
5.695335024556126946e+00
5.690511154574732444e+00
5.685608597682626275e+00
5.680627434371284146e+00
5.675567736798562635e+00
5.670429742048590960e+00
5.665213537892942242e+00
5.659919203602974846e+00
5.654546997331354241e+00
5.649097014084140334e+00
5.643569340207142737e+00
5.637964254787543261e+00
5.632281860014578534e+00
5.626522249263839370e+00
5.620685722406367546e+00
5.614772388757580224e+00
5.608782348672542106e+00
5.602715922639049495e+00
5.596573227036003573e+00
5.590354369142121804e+00
5.584059689878469790e+00
5.577689312619149575e+00
5.571243351505233754e+00
5.564722167691363630e+00
5.558125891473051361e+00
5.551454643786933651e+00
5.544708805805586671e+00
5.537888514666639672e+00
5.530993898030156508e+00
5.524025356855159608e+00
5.516983035036776783e+00
5.509867066881032116e+00
5.502677872886366117e+00
5.495415603615440681e+00
5.488080399937552478e+00
5.480672701628233945e+00
5.473192665822526060e+00
5.465640439865130595e+00
5.458016482531289348e+00
5.450320957428149704e+00
5.442554018282939943e+00
5.434716142578423614e+00
5.426807500288625796e+00
5.418828251425384046e+00
5.410778891872410234e+00
5.402659597860417051e+00
5.394470535583113957e+00
5.386212219004409718e+00
5.377884830496750368e+00
5.369488542328227254e+00
5.361023886208362121e+00
5.352491050531739347e+00
5.343890213528688093e+00
5.335221924306273955e+00
5.326486377157094054e+00
5.317683756157010500e+00
5.308814627449507384e+00
5.299879191096594333e+00
5.290877636898603242e+00
5.281810547661518029e+00
5.272678129083927523e+00
5.263480576565235047e+00
5.254218489187661767e+00
5.244892078149376857e+00
5.235501544319325795e+00
5.226047502657711341e+00
5.216530169721269594e+00
5.206949751714938124e+00
5.197306879067085106e+00
5.187601773548132122e+00
5.177834646561540133e+00
5.168006143582892342e+00
5.158116491447695573e+00
5.148165906616731569e+00
5.138155049181076350e+00
5.128084150889167248e+00
5.117953433114288408e+00
5.107763570121016450e+00
5.097514798415153869e+00
5.087207344134186293e+00
5.076841895264361249e+00
5.066418692910005461e+00
5.055937967821219736e+00
5.045400421244692346e+00
5.034806298721350437e+00
5.024155835459152009e+00
5.013449745495079490e+00
5.002688278641816311e+00
4.991871674407383885e+00
4.981000659140515374e+00
4.970075486757990824e+00
4.959096400907319513e+00
4.948064139762418101e+00
4.936978961173971392e+00
4.925841112765660945e+00
4.914651344042590075e+00
4.903409916616704223e+00
4.892117081922056521e+00
4.880773600293951908e+00
4.869379736930698144e+00
4.857935746908562002e+00
4.846442400885604407e+00
4.834899967469531212e+00
4.823308705208476432e+00
4.811669394569847213e+00
4.799982307391856828e+00
4.788247705522176823e+00
4.776466378718695616e+00
4.764638601869530810e+00
4.752764639947702818e+00
4.740845291477770118e+00
4.728880834215615003e+00
4.716871536083751870e+00
4.704818203845177571e+00
4.692721117940039655e+00
4.680580549062981710e+00
4.668397311683313511e+00
4.656171688740730730e+00
4.643903953523370376e+00
4.631594927671308426e+00
4.619244896438092773e+00
4.606854135525533245e+00
4.594423473206091124e+00
4.581953196860641064e+00
4.569443584423869886e+00
4.556895470259902048e+00
4.544309143689742037e+00
4.531684884699398452e+00
4.519023533202085829e+00
4.506325380271312575e+00
4.493590707762196601e+00
4.480820360593196661e+00
4.468014631402367876e+00
4.455173803731329762e+00
4.442298726959113431e+00
4.429389695100302227e+00
4.416446993200093374e+00
4.403471474553187548e+00
4.390463434362716910e+00
4.377423158994452557e+00
4.364351505114112406e+00
4.351248768925652044e+00
4.338115237932487211e+00
4.324951771627447705e+00
4.311758667027996594e+00
4.298536212592537709e+00
4.285285270098367683e+00
4.272006137189780617e+00
4.258699103097860927e+00
4.245365031343546924e+00
4.232004220011989837e+00
4.218616958925335503e+00
4.205204112809534323e+00
4.191765980005611958e+00
4.178302850745843955e+00
4.164815590425382297e+00
4.151304497457222631e+00
4.137769862303783519e+00
4.124212550496840990e+00
4.110632860338729877e+00
4.097031082343103314e+00
4.083408081649509747e+00
4.069764156268436572e+00
4.056099596587107392e+00
4.042415266828196962e+00
4.028711464530728925e+00
4.014988479779248998e+00
4.001247175359563535e+00
3.987487848161382686e+00
3.973710787791882026e+00
3.959916855085109599e+00
3.946106346105528129e+00
3.932279549809943209e+00
3.918437324571339087e+00
3.904579965455019508e+00
3.890707760596310294e+00
3.876821565403813619e+00
3.862921673771958719e+00
3.849008372845492243e+00
3.835082514571715340e+00
3.821144391504843529e+00
3.807194289632075179e+00
3.793233056949346871e+00
3.779260984503778786e+00
3.765278356960353179e+00
3.751286017880803403e+00
3.737284256640913238e+00
3.723273356421210156e+00
3.709254155874011527e+00
3.695226942542257031e+00
3.681191997962340423e+00
3.667150155409974577e+00
3.653101700436636179e+00
3.639046912777585963e+00
3.624986619873117988e+00
3.610921105127631758e+00
3.596850646321080092e+00
3.582776064608249822e+00
3.568697641093974138e+00
3.554615651451651814e+00
3.540530910109568996e+00
3.526443695723739058e+00
3.512354281712803061e+00
3.498263475346976126e+00
3.484171552687555629e+00
3.470078784753373835e+00
3.455985971234723397e+00
3.441893385455747190e+00
3.427801295893701639e+00
3.413710494247168992e+00
3.399621250964231844e+00
3.385533831842175712e+00
3.371449020186397139e+00
3.357367083433695942e+00
3.343288284566459989e+00
3.329213398106033228e+00
3.315142688346462307e+00
3.301076415323844326e+00
3.287015344395536776e+00
3.272959736585148605e+00
3.258909848854791402e+00
3.244866437028958828e+00
3.230829758737120638e+00
3.216800067743401659e+00
3.202778109981979426e+00
3.188764139568410982e+00
3.174758406948695821e+00
3.160761647820784948e+00
3.146774112670656098e+00
3.132796048509897791e+00
3.118828180466162170e+00
3.104870755284288020e+00
3.090924016429135168e+00
3.076988678135960331e+00
3.063064983301105659e+00
3.049153171734420908e+00
3.035253946468817521e+00
3.021367546449040820e+00
3.007494207725734281e+00
2.993634621831866571e+00
2.979789023661763903e+00
2.965957645406806176e+00
2.952141166814894913e+00
2.938339818635486989e+00
2.924553829104817648e+00
2.910783865913229018e+00
2.897030155575221144e+00
2.883292922280270343e+00
2.869572821401364049e+00
2.855870075132421970e+00
2.842184903528787387e+00
2.828517949399171005e+00
2.814869430535724693e+00
2.801239562776615788e+00
2.787628976132288994e+00
2.774037883916404823e+00
2.760466497671268282e+00
2.746915434388059296e+00
2.733384902829765206e+00
2.719875110168502363e+00
2.706386660168261127e+00
2.692919756973685352e+00
2.679474603316759573e+00
2.666051789539498618e+00
2.652651515105074242e+00
2.639273978239812912e+00
2.625919755682110779e+00
2.612589042155088581e+00
2.599282031318301822e+00
2.585999286138081832e+00
2.572740996543462000e+00
2.559507351570542433e+00
2.546298900258345821e+00
2.533115827692311139e+00
2.519958318232859984e+00
2.506826906849611181e+00
2.493721773739498548e+00
2.480643098539422997e+00
2.467591402020727021e+00
2.454566859451414729e+00
2.441569645701493041e+00
2.428600267228266940e+00
2.415658894334941742e+00
2.402745697085647336e+00
2.389861167521020402e+00
2.377005470948085453e+00
2.364178772590528776e+00
2.351381549982731745e+00
2.338613963408645358e+00
2.325876173221332888e+00
2.313168642372338102e+00
2.300491526100093775e+00
2.287844979861230588e+00
2.275229451960787852e+00
2.262645092573674521e+00
2.250092052238615192e+00
2.237570764563317827e+00
2.225081374645565990e+00
2.212624028089010153e+00
2.200199143765951160e+00
2.187806861687799032e+00
2.175447322510261738e+00
2.163120930344785808e+00
2.150827820111493871e+00
2.138568127509515637e+00
2.126342241876553185e+00
2.114150293040793382e+00
2.101992411740369437e+00
2.089868972538749148e+00
2.077780100175779854e+00
2.065725920428363782e+00
2.053706793097507255e+00
2.041722837842530058e+00
2.029774175482970566e+00
2.017861151081326021e+00
2.005983879228312006e+00
1.994142475794072666e+00
1.982337271138535639e+00
1.970568374799851918e+00
1.958835897710761165e+00
1.947140155576430276e+00
1.935481252902507165e+00
1.923859295700315108e+00
1.912274585079758893e+00
1.900727220538044770e+00
1.889217303184989483e+00
1.877745119606289537e+00
1.866310764318686255e+00
1.854914333554284589e+00
1.843556099457004160e+00
1.832236151594980988e+00
1.820954581350215262e+00
1.809711646518502803e+00
1.798507431755031805e+00
1.787342023623087028e+00
1.776215665675030975e+00
1.765128437692518260e+00
1.754080421455213923e+00
1.743071846387612256e+00
1.732102787440937819e+00
1.721173321649989596e+00
1.710283664437646900e+00
1.699433885971452396e+00
1.688624058583673593e+00
1.677854383832368290e+00
1.667124927151707015e+00
1.656435756217295996e+00
1.645787058869516706e+00
1.635178895862974935e+00
1.624611330265983922e+00
1.614084536358552535e+00
1.603598570273000457e+00
1.593153490523114835e+00
1.582749457995857201e+00
1.572386524261920160e+00
1.562064743336692763e+00
1.551784262891251709e+00
1.541545129998652897e+00
1.531347394235329062e+00
1.521191190243297742e+00
1.511076560665248314e+00
1.501003550701342837e+00
1.490972282160881290e+00
1.480982793326676372e+00
1.471035125088500761e+00
1.461129386628625459e+00
1.451265611943651779e+00
1.441443837681987139e+00
1.431664160613770553e+00
1.421926610526172086e+00
1.412231219898349543e+00
1.402578073312273022e+00
1.392967196425536569e+00
1.383398617623205595e+00
1.373872409531975869e+00
1.364388593762751789e+00
1.354947194684664957e+00
1.345548273210837031e+00
1.336191846991360954e+00
1.326877936460553409e+00
1.317606591068361199e+00
1.308377824592898309e+00
1.299191653617702391e+00
1.290048116388543331e+00
1.280947222903315863e+00
1.271888985981709297e+00
1.262873432932823503e+00
1.253900570068994025e+00
1.244970406535843344e+00
1.236082958981760127e+00
1.227238230131058039e+00
1.218436225547915974e+00
1.209676951504346620e+00
1.200960407237058769e+00
1.192286594824220503e+00
1.183655510454162618e+00
1.175067149979253323e+00
1.166521512089892854e+00
1.158018583191758211e+00
1.149558355859002345e+00
1.141140825495296829e+00
1.132765969033023623e+00
1.124433775877108355e+00
1.116144238248334197e+00
1.107897323923498822e+00
1.099693019250172155e+00
1.091531313372882339e+00
1.083412165238957003e+00
1.075335558253367907e+00
1.067301478593851938e+00
1.059309876712825282e+00
1.051360733190348062e+00
1.043454031349663191e+00
1.035589713491377628e+00
1.027767757491276024e+00
1.019988143933273195e+00
1.012250807317900181e+00
1.004555722940305040e+00
9.969028687631359409e-01
9.892921718473414172e-01
9.817236050341070497e-01
9.741971437858175653e-01
9.667127080932232941e-01
9.592702684733143137e-01
9.518697980122005076e-01
9.445112100088607354e-01
9.371944727889974791e-01
9.299195571894710577e-01
9.226863702051167904e-01
9.154948781064606855e-01
9.083450496112314143e-01
9.012367858071161919e-01
8.941700510488307385e-01
8.871448120682429161e-01
8.801609644524114318e-01
8.732184707829376835e-01
8.663172959422912323e-01
8.594573304331346586e-01
8.526385352100027681e-01
8.458608734457037093e-01
8.391242309845713399e-01
8.324285673035450861e-01
8.257738440088168153e-01
8.191599427224395269e-01
8.125868215966761676e-01
8.060544408175055464e-01
7.995626782308221658e-01
7.931114908206109426e-01
7.867008375024363565e-01
7.803305928022887805e-01
7.740007126957570982e-01
7.677111549812071223e-01
7.614617913311243491e-01
7.552525768760641744e-01
7.490834684538163479e-01
7.429543353598719868e-01
7.368651320465469112e-01
7.308158145510916803e-01
7.248062502784908823e-01
7.188363931729958578e-01
7.129061986347217106e-01
7.070155326744230750e-01
7.011643489017628239e-01
6.953526022464205925e-01
6.895801578307273472e-01
6.838469691064060774e-01
6.781529907026130344e-01
6.724980873682366855e-01
6.668822125767479569e-01
6.613053208297775543e-01
6.557672770265101647e-01
6.502680348447230640e-01
6.448075488344644501e-01
6.393856845772237785e-01
6.340023961403383757e-01
6.286576383009923052e-01
6.233512778627465778e-01
6.180832694702592667e-01
6.128535683091618225e-01
6.076620429520955824e-01
6.025086488111389693e-01
5.973933416640921923e-01
5.923159924064679283e-01
5.872765574100619057e-01
5.822749932308106668e-01
5.773111736473293121e-01
5.723850561855543528e-01
5.674965983676446557e-01
5.626456774218629997e-01
5.578322522248719828e-01
5.530562814551899242e-01
5.483176463637909892e-01
5.436163073769847420e-01
5.389522245218921759e-01
5.343252836524348126e-01
5.297354469462097759e-01
5.251826759734881112e-01
5.206668617798329013e-01
5.161879684991258488e-01
5.117459594420497027e-01
5.073407314450358863e-01
5.029722508075878951e-01
4.986404827814472362e-01
4.943453306067522313e-01
4.900867629636793676e-01
4.858647472500758902e-01
4.816791937405180413e-01
4.775300737184784428e-01
4.734173569387735703e-01
4.693409613647356315e-01
4.653008611157395946e-01
4.612970285221386635e-01
4.573293899212455549e-01
4.533979225139377900e-01
4.495026014348293408e-01
4.456433621204365370e-01
4.418201851154232584e-01
4.380330486005852286e-01
4.342818978879017799e-01
4.305667171491622813e-01
4.268874878701700015e-01
4.232441660787010229e-01
4.196367398831558071e-01
4.160651943544566023e-01
4.125294971556645596e-01
4.090296406732054635e-01
4.055656138695877266e-01
4.021373970588850155e-01
3.987449872853372490e-01
3.953883777416126732e-01
3.920675625237631245e-01
3.887825437590934907e-01
3.855333192474865722e-01
3.823198981340301117e-01
3.791422881075108275e-01
3.760004919975335480e-01
3.728945354240727483e-01
3.698244321773358489e-01
3.667901905921622796e-01
3.637918543728002607e-01
3.608294440215198962e-01
3.579029739150696998e-01
3.550125076622817066e-01
3.521580731691913435e-01
3.493396914612188486e-01
3.465574481142772445e-01
3.438113792231430321e-01
3.411015131488159824e-01
3.384279597763447112e-01
3.357907642827000494e-01
3.331899631433828390e-01
3.306256932213441080e-01
3.280980097976554100e-01
3.256069583480844520e-01
3.231527057715518625e-01
3.207353186310040738e-01
3.183548524146714298e-01
3.160115075911718585e-01
3.137053633775921391e-01
3.114364864403048050e-01
3.092051149488369566e-01
3.070113423961399746e-01
3.048552479843238405e-01
3.027371124853866502e-01
3.006570456170741812e-01
2.986151407220619114e-01
2.966117270896905800e-01
2.946469330462451741e-01
2.927208680064455892e-01
2.908339170382694405e-01
2.889862300385730998e-01
2.871779348638899831e-01
2.854094814073086517e-01
2.836810448581556510e-01
2.819927744728209507e-01
2.803451963494518195e-01
2.787385156688075849e-01
2.771729068202836710e-01
2.756489864716111238e-01
2.741669957240042144e-01
2.727271388181486400e-01
2.713301411063598345e-01
2.699762870843221418e-01
2.686658167656525986e-01
2.673995870356526972e-01
2.661779352617585914e-01
2.650011446150081773e-01
2.638702325416559247e-01
2.627856014679253449e-01
2.617475870380358005e-01
2.607574045573067267e-01
2.598155372497915616e-01
2.589223854734496455e-01
2.580794099216646154e-01
2.572871939867414359e-01
2.565462195594994665e-01
2.558582489337473675e-01
2.552239856751152836e-01
2.546440159981059326e-01
2.541204566587794700e-01
2.536541425529949545e-01
2.532457912988265170e-01
2.528978934229910158e-01
2.526113992751574111e-01
2.523871807816795432e-01
2.522280387089326781e-01
2.521349705840108535e-01
2.521090036823104841e-01
2.521530380281702954e-01
2.522679693268011225e-01
2.524549094397337545e-01
2.527163932078747011e-01
2.530529946240332451e-01
2.534654957359840921e-01
2.539552649890586822e-01
2.545227470485154075e-01
2.551665758039538545e-01
2.558879624053976287e-01
2.566909631758129695e-01
2.575697949763300354e-01
2.585441345941931202e-01
2.596352803904897755e-01
2.608523488283521208e-01
2.622822207819415219e-01
2.639594160411851687e-01
2.659634098582115413e-01
2.683542885695681668e-01
2.710565559966644500e-01
2.741300374757506542e-01
2.771570999416452241e-01
2.798388897752214777e-01
2.819194888819692157e-01
2.825509108085235144e-01
2.815429256262928503e-01
2.785268993598783438e-01
2.733208153883883718e-01
2.661098643931253949e-01
2.569456617324124559e-01
2.463284552963226071e-01
2.343953593461518270e-01
2.213115766809080620e-01
2.073163311138398468e-01
1.924924484107121969e-01
1.767655757439678677e-01
1.605864810817913546e-01
1.445602111625267638e-01
1.281662369795398548e-01
1.133362744831006297e-01
1.035956972913616297e-01
9.012291251145897186e-02
7.842408617145790739e-02
1.527090131666401507e-01
