4.428152502340495811e-05
-3.596719086408394693e-05
9.360069092137359600e-06
2.845773579215809331e-05
-5.610677161975554074e-06
8.373890978390978210e-06
1.804205505665357998e-05
7.069622807700440637e-06
1.166702246066568913e-05
1.607682354376238336e-05
1.390391655196188425e-05
1.621274171909859553e-05
1.871724832008740032e-05
1.984947592026967768e-05
2.280125921399320360e-05
2.679613539194985103e-05
3.181112750021375347e-05
3.839621341731566288e-05
4.689374837467252805e-05
5.700954048048516493e-05
6.769247655812056345e-05
7.851119359161162119e-05
8.672861175946845497e-05
9.191190137722895495e-05
9.291685536747796811e-05
8.962796808230888391e-05
8.409652501643047947e-05
7.614672045120682970e-05
6.846467871198955114e-05
6.268504314599313986e-05
5.915558209453962137e-05
6.077027741665682166e-05
6.829267886225416054e-05
8.320085574104530205e-05
1.093176970774440500e-04
1.463136231764894087e-04
1.967711924866919133e-04
2.614030772955392768e-04
3.377076651402121927e-04
4.263043132702304112e-04
5.226721032091374841e-04
6.253958519269167595e-04
7.323051815747086543e-04
8.401949146774745488e-04
9.520043732268471072e-04
1.065802489382930689e-03
1.187681243478888420e-03
1.324092684646470180e-03
1.478789596673576534e-03
1.665653699077853343e-03
1.885949116768274132e-03
2.146296032836554016e-03
2.442271951234674995e-03
2.762567894906435475e-03
3.101065555846575870e-03
3.429905689252922985e-03
3.744399371319488429e-03
4.030219216539779846e-03
4.284476415432700129e-03
4.522860917632117936e-03
4.746572759259176481e-03
4.987420694893937752e-03
5.254621956843955749e-03
5.562170293553597190e-03
5.922925986297612050e-03
6.322889350153238809e-03
6.765859295418675569e-03
7.225455402156730211e-03
7.688607892979405778e-03
8.143529316297795292e-03
8.571842458918999680e-03
8.987195733037698156e-03
9.384154599661322788e-03
9.803670408290297844e-03
1.027531324227711103e-02
1.082608275221077880e-02
1.152695025366417929e-02
1.237657959225339603e-02
1.341274738921780472e-02
1.462161331743526416e-02
1.594961608714169990e-02
1.738209312799144507e-02
1.879440084279400403e-02
2.014743509514504635e-02
2.137935292941402221e-02
2.241145188941807628e-02
2.327632528987147800e-02
2.393878469183084376e-02
2.445246395230731007e-02
2.486888540340914319e-02
2.520344629732065508e-02
2.554795722467461186e-02
2.591399082827875247e-02
2.634182178698755983e-02
2.687157910782725367e-02
2.747809212501127474e-02
2.818741608148039521e-02
2.896001122633295663e-02
2.977024251481104680e-02
3.059837490766527043e-02
3.139681024458119279e-02
3.218885837860073484e-02
3.295554139056527249e-02
3.374375825636000137e-02
3.458810162831511131e-02
3.551427708697890012e-02
3.656801540630641445e-02
3.771485818973340648e-02
3.897429282022265434e-02
4.028454576967409329e-02
4.158849549280652785e-02
4.286850916933122174e-02
4.404113985230412309e-02
4.509755893617254513e-02
4.600273924286860106e-02
4.673109010616343512e-02
4.731874935799251086e-02
4.774055836840651601e-02
4.804360651329216830e-02
4.827857843713179858e-02
4.845923790296133987e-02
4.866542184884135175e-02
4.890659827746504651e-02
4.921447896005744921e-02
4.960615247553432083e-02
5.004294833161680028e-02
5.052835788063564371e-02
5.100897247120461664e-02
5.147056154684961221e-02
5.189491472142868794e-02
5.229742152781393510e-02
5.273861870141180463e-02
5.324138958704865976e-02
5.392950376802902596e-02
5.483582500417730904e-02
5.600658752540448732e-02
5.743459300930021244e-02
5.903770511378869656e-02
6.081012499060817200e-02
6.267604178863285525e-02
6.461843025030947207e-02
6.665202149881878368e-02
6.888816057933165593e-02
7.138408583990085710e-02
7.417494402291015254e-02
7.722790731131000397e-02
8.047532516204140840e-02
8.386688630278492373e-02
8.716094632034195044e-02
9.030567870356863425e-02
9.323154717539411385e-02
9.591347651218411208e-02
9.846552572006687931e-02
1.008136722798421009e-01
1.030936724914185837e-01
1.055338906239158131e-01
1.081238988120046124e-01
1.113553941736902114e-01
1.154826034379829308e-01
1.207825859947032482e-01
1.276863075684279425e-01
1.359764576929643476e-01
1.456233423316977971e-01
1.558473635930698875e-01
1.664909826099456591e-01
1.771330903677541813e-01
1.883892097634373153e-01
2.013900167129996921e-01
2.166957459795143259e-01
2.368866061286283575e-01
2.628530778714354699e-01
2.949160506232206269e-01
3.333694463022860988e-01
3.793464644805952801e-01
4.319297978891686873e-01
4.949471770366999368e-01
5.737746476018193986e-01
6.700586399296337703e-01
7.979058118598700844e-01
9.654928778996647587e-01
1.177915881888248473e+00
1.454174750810374173e+00
1.803803089778908131e+00
2.234219595688353710e+00
2.773130684870954266e+00
3.435593861640945601e+00
4.235264691768812817e+00
5.216245115826430911e+00
6.397687788445825419e+00
7.800759053725356829e+00
9.479921527974529027e+00
1.145506783614297142e+01
1.375409576446374338e+01
1.643520691072005491e+01
1.951671130846098023e+01
2.302992301636849604e+01
2.702301646567622129e+01
3.150713678649734462e+01
3.650732648917021095e+01
4.205034696777320136e+01
4.814006240297728567e+01
5.479205876888136117e+01
6.200867972465704980e+01
6.978344544027231677e+01
7.811707357096364035e+01
8.696764517498104397e+01
9.631596694210197995e+01
1.061323641585679951e+02
1.163196825279258633e+02
1.268571751685678919e+02
1.376756094664554837e+02
1.486577080280958683e+02
1.598019318324698190e+02
1.710244435809866275e+02
1.822748944660445432e+02
1.935826188273080390e+02
2.049117448016727110e+02
2.163263367952779674e+02
2.278453378726217124e+02
2.395085928220559310e+02
2.513801134385095963e+02
2.633959893899714757e+02
2.756004663235829071e+02
2.878589107611824147e+02
3.000185896453994587e+02
3.120118634824834771e+02
3.234886821850557794e+02
3.343202396005026458e+02
3.443273518829344084e+02
3.532330516133128526e+02
3.610498238187390143e+02
3.676631278055754706e+02
3.731531097856931751e+02
3.776092515120751614e+02
3.811183599668021884e+02
3.839318061814174712e+02
3.860179330752443434e+02
3.875109744951232074e+02
3.883813022924103393e+02
3.884766975704134779e+02
3.877742789554622505e+02
3.860518827307453193e+02
3.832663441935305286e+02
3.793653068152157175e+02
3.744295135680029034e+02
3.685689612285586918e+02
3.619179672407813655e+02
3.547883291802349959e+02
3.472175851947775413e+02
3.393671402917578916e+02
3.312498458147859992e+02
3.228007378812707202e+02
3.139848984831536427e+02
3.046397763235835328e+02
2.948330830776030211e+02
2.844800604842318990e+02
2.736339738195217137e+02
2.624678457408473946e+02
2.509463156894814801e+02
2.392198694781946244e+02
2.274257523904485367e+02
2.155567883395156912e+02
2.037981261212913751e+02
1.922507245906324727e+02
1.809692685208131309e+02
1.701393167541984610e+02
1.597889360453563370e+02
1.499863783694864026e+02
1.407857724625288824e+02
1.321423404823758858e+02
1.240786433969844751e+02
1.165759833881858327e+02
1.095874762463374594e+02
1.031290115731559496e+02
9.715991334571261007e+01
9.163593956314853983e+01
8.656954502349032055e+01
8.190606500469617401e+01
7.759930760356162693e+01
7.364525441578398102e+01
6.996851538104426993e+01
6.652074431231004326e+01
6.326182116358229024e+01
6.010495349840663692e+01
5.704246985045518414e+01
5.404252444989347026e+01
5.106660056639920953e+01
4.813151238111100838e+01
4.521259227309159456e+01
4.231049366720927907e+01
3.945108631570713698e+01
3.662036179606641184e+01
3.386300393244267326e+01
3.121230415690896010e+01
2.868276468606113383e+01
2.632917365653428021e+01
2.415262557969900570e+01
2.216890745645460470e+01
2.037853003945665264e+01
1.875471011800560106e+01
1.729855717786865910e+01
1.600154260481201973e+01
1.485778776258222678e+01
1.388225244083627530e+01
1.307115355781552246e+01
1.239842724389827033e+01
1.186078867932796044e+01
1.139990452717361258e+01
1.099253617487758383e+01
1.061651508284105994e+01
1.024841627675333555e+01
9.905911622638774006e+00
9.589229213253275930e+00
9.319271426854696116e+00
9.098194157814015526e+00
8.927767124624885753e+00
8.798203644863679784e+00
8.698465369721416707e+00
8.618554226739648882e+00
8.550360571835405210e+00
8.499014181686295188e+00
8.462903069412412549e+00
8.442689176666592132e+00
8.436141656477404993e+00
8.441440809726401540e+00
8.448457956605947672e+00
8.454652850342005976e+00
8.460506425968718602e+00
8.467022566338512135e+00
8.474670316069266462e+00
8.486480969229569737e+00
8.503233674782242346e+00
8.520735109161035936e+00
8.536376799520525083e+00
8.547937917466002844e+00
8.556127169598651605e+00
8.554954367928310432e+00
8.546029054926391311e+00
8.535426902405601979e+00
8.520251114226102374e+00
8.501968701771552617e+00
8.484120040519920636e+00
8.469146405031834135e+00
8.454603593013624518e+00
8.438083005214233268e+00
8.424872219639903292e+00
8.414065728336225902e+00
8.401133150034153729e+00
8.390716060067331838e+00
8.385563080685555448e+00
8.382474683921568470e+00
8.381067078860430897e+00
8.381279852374440509e+00
8.383384095206663389e+00
8.381084029318019546e+00
8.370530798545312123e+00
8.356063788046826701e+00
8.332132434567242285e+00
8.300738028787945311e+00
8.267099808928394467e+00
8.232669028580277271e+00
8.204098106553024294e+00
8.181577226084121079e+00
8.169122222968404401e+00
8.166481790826454201e+00
8.169879975322567489e+00
8.181116104221109353e+00
8.196664777546828873e+00
8.213830164425495184e+00
8.233235890099418697e+00
8.252040415264058737e+00
8.268831724614019052e+00
8.282959055993774911e+00
8.291538000316913681e+00
8.294708447732068279e+00
8.290260101681203864e+00
8.277570117451823251e+00
8.258037513273432495e+00
8.230580605228833946e+00
8.198590030734719036e+00
8.163385374598913558e+00
8.126398375223509163e+00
8.091871533961919383e+00
8.060719663000728730e+00
8.035143514019930322e+00
8.014042117226823692e+00
7.995980374657932543e+00
7.980955321267566127e+00
7.965877363159735047e+00
7.949120889651538846e+00
7.928014772930835896e+00
7.902563806797946455e+00
7.874684873296018850e+00
7.843165903566140962e+00
7.808225326612934225e+00
7.771265005674270476e+00
7.733850880032850483e+00
7.695413228726127208e+00
7.654603690532450599e+00
7.612148834808237119e+00
7.569684001010906549e+00
7.527121130430118434e+00
7.483829891247683719e+00
7.441820235024183994e+00
7.402175464537755545e+00
7.365209393084017897e+00
7.330986627256195654e+00
7.299620696278783072e+00
7.271901909284999910e+00
7.246831851235209676e+00
7.223298968067065395e+00
7.200300309690704559e+00
7.175105157718342674e+00
7.146941761646478319e+00
7.114063840089872137e+00
7.074711018605095880e+00
7.030063462180435430e+00
6.980461403332767212e+00
6.928639458811325369e+00
6.875627962057673237e+00
6.823129748979805065e+00
6.774140422690194008e+00
6.727374040600410332e+00
6.683380691331637813e+00
6.641243553425589141e+00
6.599338739664506903e+00
6.557464340385787516e+00
6.513076979472107730e+00
6.465532950693010150e+00
6.414351526394674430e+00
6.357262880019995066e+00
6.294652979482811439e+00
6.225586516695083894e+00
6.150681327118015851e+00
6.071606502818252871e+00
5.988576110863639279e+00
5.904529521511299173e+00
5.819942001647675056e+00
5.735648243926104506e+00
5.652134890117745947e+00
5.568570073931934594e+00
5.485000824734691527e+00
5.400851087774007020e+00
5.316027626872625866e+00
5.231094022260045051e+00
5.146674733661522616e+00
5.062033126557051510e+00
4.978287613324772209e+00
4.892569767014002480e+00
4.802175870063558172e+00
4.705268532858314146e+00
4.594956360192095524e+00
4.470841348704920115e+00
4.328982593229106612e+00
4.169554893975457865e+00
3.997599324427172363e+00
3.812905803650732395e+00
3.625110449486594444e+00
3.438726820354793379e+00
3.257097087797650392e+00
3.086578008657314243e+00
2.926230804514278194e+00
2.778177434080400854e+00
2.640390452815661426e+00
2.509818450121417577e+00
2.386385375281440790e+00
2.266481329929478594e+00
2.148921259623108870e+00
2.033301112899917218e+00
1.919326004988258561e+00
1.807768462984913782e+00
1.698937513669792176e+00
1.594703075301411532e+00
1.495973154474954603e+00
1.403390579934016946e+00
1.317932410208824345e+00
1.239396285134052533e+00
1.167939000160670870e+00
1.102613374779445321e+00
1.042643822507077767e+00
9.874848128243355339e-01
9.357445418937174741e-01
8.873048429297694106e-01
8.414598858330354370e-01
7.980638085761883049e-01
7.577279582959529636e-01
7.202792841764583676e-01
6.865870628350007054e-01
6.568831304230129398e-01
6.314565031883868640e-01
6.105060282445954334e-01
5.933670126359794628e-01
5.801717567029712752e-01
5.698514404401415767e-01
5.615324925048221782e-01
5.549891708306388116e-01
5.486626963132007484e-01
5.420780779399799743e-01
5.346966044295528020e-01
5.253451321097630800e-01
5.141488462390263470e-01
5.005243104059181602e-01
4.846615502135074860e-01
4.672844792392161217e-01
4.484244621603716840e-01
4.296132681512596641e-01
4.114859588930510070e-01
3.946812171110417045e-01
3.802662585824160835e-01
3.680948999500264773e-01
3.585087496950042918e-01
3.509792149176939602e-01
3.449442625777279225e-01
3.400859616940556385e-01
3.354243262888688126e-01
3.307249524342807390e-01
3.256720538527295705e-01
3.201104454138887223e-01
3.141409751812224704e-01
3.078408031459931582e-01
3.013874436408354729e-01
2.948255098648316364e-01
2.882008761168748934e-01
2.814404727799124095e-01
2.746198259336228298e-01
2.677086345730446681e-01
2.610564755151460470e-01
2.549119956698518430e-01
2.495487718330914040e-01
2.455671481483514829e-01
2.430066512283486080e-01
2.420443532528399333e-01
2.424326780812229298e-01
2.439793297434648400e-01
2.463974322734282518e-01
2.492001305418155566e-01
2.524171296778103257e-01
2.558962028032646940e-01
2.598085463605266932e-01
2.641930093536527524e-01
2.691858454636148479e-01
2.745570721914610268e-01
2.799274639366115536e-01
2.849666719605634668e-01
2.883670668838841933e-01
2.897627738374201622e-01
2.883155880215690359e-01
2.835163920069200816e-01
2.757510110839220818e-01
2.650547162076959951e-01
2.531915563954861836e-01
2.408587571488124135e-01
2.292552838489145539e-01
2.200772161442480501e-01
2.132735056592320044e-01
2.095870317157443041e-01
2.088351575074756383e-01
2.104915560002508235e-01
2.145319492025787589e-01
2.198131757477792547e-01
2.257644963251424219e-01
2.317912885393421385e-01
2.359571834937170542e-01
2.378656752263412499e-01
2.363136539683779735e-01
2.303466014956564722e-01
2.205240773580894320e-01
2.065407001480282501e-01
1.900282941863147002e-01
1.718793265866993547e-01
1.530023371020822198e-01
1.352436156246922261e-01
1.187802239922810393e-01
1.043817272244604161e-01
9.243232841486510865e-02
8.268738553676975578e-02
7.524068114732303247e-02
6.952119881264454127e-02
6.529890547986878790e-02
6.218140141687395622e-02
5.948929928531507261e-02
5.718227834361064299e-02
5.490054556241732303e-02
5.258898942546458288e-02
5.033656492267313959e-02
4.820513290698818371e-02
4.653733383746230107e-02
4.526777068270792376e-02
4.466968164568462657e-02
4.464627545699370592e-02
4.489386836894313643e-02
4.539308721423946508e-02
4.556159435104430860e-02
4.523042577414269211e-02
4.414941412218472555e-02
4.220372277373043990e-02
3.961280061062318752e-02
3.642637630119517633e-02
3.309234630098367019e-02
2.979830161096257146e-02
2.672572226396892694e-02
2.396174054092441510e-02
2.146204496244293394e-02
1.912379859667844365e-02
1.676061246855999054e-02
1.441201513981287506e-02
1.196018196997714056e-02
9.545659339692334766e-03
7.266947710649635656e-03
5.210489556464904977e-03
3.549148326569778397e-03
2.232294507416715968e-03
1.326100814385121384e-03
7.357449088786572125e-04
3.685921619461141226e-04
1.961330339135424936e-04
9.806925959794130052e-05
5.409110998596845392e-05
3.722908659565028630e-05
2.173749528877238615e-05
1.486668492812851085e-05
8.921993614852657460e-06
3.821919692950457849e-06
2.408830381901098329e-06
1.536660380249899177e-06
5.976367824061740265e-07
6.692608012272729085e-07
5.174070423177222064e-07
2.101828988633389112e-07
2.456096718854415087e-07
1.974851529031727756e-07
1.074732665076013658e-07
1.448912647751416363e-07
1.439057350658186785e-07
1.112460068482590383e-07
1.152835603534511727e-07
1.017772012886998510e-07
8.031504742542659905e-08
7.261112313849373525e-08
6.012044092326070423e-08
4.601541336667303361e-08
3.793101302543467042e-08
2.984116906777804775e-08
2.237329749279077199e-08
1.770341087008355406e-08
1.345020945499490806e-08
9.713793570299313026e-09
7.384458106249866278e-09
5.538866741009589527e-09
3.995578491627372456e-09
3.081661251527542310e-09
2.409490090739530391e-09
1.815222134041050304e-09
1.442159392363650695e-09
1.135917318974108060e-09
8.555801662266757275e-10
6.727596363644001840e-10
5.278818065757387599e-10
3.975920314410698245e-10
3.097328368251379758e-10
2.415153848380190901e-10
1.817084215916876671e-10
1.400637185745281622e-10
1.090977255205407029e-10
8.436990780465899812e-11
6.839675364850123540e-11
5.764797278237802411e-11
4.860884478471117494e-11
4.224023799570313540e-11
3.672675290704817502e-11
3.114861702618713596e-11
2.618131592325221243e-11
2.144794538670219023e-11
1.720761323906323592e-11
1.362705831270008737e-11
1.073205165959393785e-11
8.448188379876002765e-12
6.692253552164645546e-12
5.399823517681309830e-12
4.372529165225203953e-12
3.574948960131977832e-12
2.936132184865202336e-12
2.384882529549987815e-12
1.926653836709766521e-12
1.538487857296815256e-12
1.209063373934304836e-12
9.399318754170956119e-13
7.265318340895386618e-13
5.557005227647767818e-13
4.238937107148442703e-13
3.245165358708976568e-13
2.452404160976020605e-13
1.849787333371356795e-13
1.392090145246716484e-13
1.028943044517738993e-13
7.602920910008465354e-14
5.654571010433436976e-14
4.184500824678697017e-14
3.168537212712349166e-14
2.482535066164746112e-14
1.975690512857920421e-14
1.643857862092194887e-14
1.421838620525758299e-14
1.253675767851081307e-14
1.146271027411238278e-14
1.075931454832333143e-14
1.022000595217144863e-14
9.882595132218441917e-15
9.563060912872305927e-15
9.085600704719035978e-15
8.539714279975676358e-15
7.666463697166605355e-15
6.593009049028990710e-15
5.557339550776571810e-15
4.206105319201504027e-15
2.978690275663106065e-15
2.371866574893419615e-15
1.305423871768677340e-15
3.414419211211252550e-16
9.331301169786866128e-16
