1.076749451466476319e-04
2.833217078310046655e-05
3.452131417096320826e-05
3.893568225389101563e-05
3.445944777730048487e-05
3.738533567791858933e-05
4.007202774734759708e-05
4.213073322429440907e-05
4.516452088079696026e-05
4.845856258881691829e-05
5.193991852318731125e-05
5.577743588179536377e-05
5.990280621505264768e-05
6.431712489669278831e-05
6.904087649108770635e-05
7.407204933932542274e-05
7.941732599396492467e-05
8.507652414592816771e-05
9.105277836672928747e-05
9.733895364986278184e-05
1.039256691341276150e-04
1.108114033238915441e-04
1.179671446277648193e-04
1.253768703131174589e-04
1.330312400939685584e-04
1.408829593454767539e-04
1.489146775663714088e-04
1.571104021446332862e-04
1.654187605679537446e-04
1.738272669392175711e-04
1.823182788942278871e-04
1.908537831000555829e-04
1.994301264406439587e-04
2.080340685941348556e-04
2.166525607391801714e-04
2.252907265324314992e-04
2.339436171339793829e-04
2.426240627577277119e-04
2.513425301387018653e-04
2.601026859138009747e-04
2.689348017332760378e-04
2.778498161430928751e-04
2.868574501478931443e-04
2.959919852791162756e-04
3.052601925611794190e-04
3.146736926582507574e-04
3.242567943349392761e-04
3.340091858817693612e-04
3.439397994114895617e-04
3.540534220097373290e-04
3.643431895080698180e-04
3.748119878863414287e-04
3.854453489004340365e-04
3.962345063403859891e-04
4.071762370089634323e-04
4.182485886022294271e-04
4.294475836340145539e-04
4.407677655425409294e-04
4.521972300444666512e-04
4.637414304140624003e-04
4.753983650999833721e-04
4.871790183943137064e-04
4.990979399500220003e-04
5.111604668027594023e-04
5.234012635079145432e-04
5.358392529036091643e-04
5.484869374536792928e-04
5.613924075305059451e-04
5.745731657667481904e-04
5.880453187863002393e-04
6.018565559245903302e-04
6.160193464996506800e-04
6.305490597021697454e-04
6.454832857553640052e-04
6.608291402244734561e-04
6.765985098544854970e-04
6.928165238479047942e-04
7.094869110247679434e-04
7.266177009357461169e-04
7.442249477766952693e-04
7.623114908713160337e-04
7.808827983351740052e-04
7.999513053696073392e-04
8.195207421225316272e-04
8.395957747268290765e-04
8.601897470905231534e-04
8.813080110466050632e-04
9.029557781748744636e-04
9.251497226925222556e-04
9.478967917902125437e-04
9.712034013552084183e-04
9.950901558124648338e-04
1.019565264591214661e-03
1.044636466240390959e-03
1.070327922196714649e-03
1.096648780454816422e-03
1.123607960090474995e-03
1.151232568239360377e-03
1.179532498554458197e-03
1.208517666028894244e-03
1.238217655985829465e-03
1.268643038819033996e-03
1.299804600392114170e-03
1.331734169230118850e-03
1.364442996788524766e-03
1.397942690087272373e-03
1.432267263999719526e-03
1.467428683938467931e-03
1.503439381674317879e-03
1.540335597357345111e-03
1.578130047663606206e-03
1.616836019539508217e-03
1.656492054034830073e-03
1.697111652942854577e-03
1.738708997894148657e-03
1.781325014566606220e-03
1.824974020538921299e-03
1.869671132439854272e-03
1.915459744472530063e-03
1.962355020229452490e-03
2.010373050172111885e-03
2.059559783080925927e-03
2.109931261169126042e-03
2.161504586568970768e-03
2.214328356313051329e-03
2.268419528609487163e-03
2.323796255563038114e-03
2.380509890030091998e-03
2.438578350445851431e-03
2.498020879405504248e-03
2.558891713356109630e-03
2.621209783982524077e-03
2.684995468974770826e-03
2.750306042430239548e-03
2.817161512869826353e-03
2.885583443710382830e-03
2.955632332724153922e-03
3.027329340940574428e-03
3.100697276111221475e-03
3.175800082609635602e-03
3.252660162893685186e-03
3.331301637494313034e-03
3.411792161096502754e-03
3.494155480470989474e-03
3.578417108883196699e-03
3.664648718397641673e-03
3.752875517179566234e-03
3.843124504100121300e-03
3.935471720153935898e-03
4.029943965930245751e-03
4.126569832780454909e-03
4.225430126313952858e-03
4.326553383828100723e-03
4.429969910783914180e-03
4.535765715484388512e-03
4.643971228401043948e-03
4.754618605915068505e-03
4.867799536523734205e-03
4.983546511144790712e-03
5.101893689201085665e-03
5.222938952298690311e-03
5.346717028273641203e-03
5.473264246887824674e-03
5.602685226329316877e-03
5.735017115241446833e-03
5.870298595816843268e-03
6.008641591287464633e-03
6.150085860468942206e-03
6.294672634228708034e-03
6.442521728044783846e-03
6.593675703622725419e-03
6.748178549939191050e-03
6.906158573650369309e-03
7.067661333048597637e-03
7.232733796447439988e-03
7.401513364370859195e-03
7.574048783650164617e-03
7.750390232958002945e-03
7.930684803917764300e-03
8.114984618923038254e-03
8.303343305018673001e-03
8.495918225954262118e-03
8.692765058051679650e-03
8.893941117916796812e-03
9.099614593780632962e-03
9.309844881316415091e-03
9.524693226063628629e-03
9.744339150280749082e-03
9.968845916738652488e-03
1.019827893123499002e-02
1.043282950142114009e-02
1.067256488233325230e-02
1.091755485593851049e-02
1.116800289283207022e-02
1.142398033832982447e-02
1.168556154290914528e-02
1.195296242957528433e-02
1.222625850126969095e-02
1.250552883743617262e-02
1.279100200430509891e-02
1.308275769763112689e-02
1.338087984688933474e-02
1.368560974986389282e-02
1.399703129984667532e-02
1.431523335260946606e-02
1.464046992979897710e-02
1.497282910264572699e-02
1.531240468294703568e-02
1.565946333309560859e-02
1.601409727015544113e-02
1.637640524881773044e-02
1.674666645204866619e-02
1.712497721663002598e-02
1.751144119498585991e-02
1.790634999245421799e-02
1.830980407114101219e-02
1.872191192349821967e-02
1.914297758211469178e-02
1.957310570457692842e-02
2.001240958222323327e-02
2.046120588526568682e-02
2.091960364032222422e-02
2.138772095187777347e-02
2.186588766365466993e-02
2.235421749089298513e-02
2.285283346839259155e-02
2.336207960524054605e-02
2.388207481391535145e-02
2.441294733327313213e-02
2.495505691552834041e-02
2.550852840667711466e-02
2.607349573565295384e-02
2.665033667630398173e-02
2.723918300064491829e-02
2.784017507800760904e-02
2.845371176525501519e-02
2.907993302124076140e-02
2.971898671151472493e-02
3.037129665028303130e-02
3.103701250157404543e-02
3.171629101077603347e-02
3.240958559549704521e-02
3.311705736138374767e-02
3.383887364019860094e-02
3.457552274158667144e-02
3.532717909532923778e-02
3.609402260942216195e-02
3.687658218846863456e-02
3.767504750897503890e-02
3.848961324848302473e-02
3.932085469359813262e-02
4.016897859254795616e-02
4.103419666668275262e-02
4.191713603223729684e-02
4.281802207387849779e-02
4.373708574892008066e-02
4.467501061629874926e-02
4.563204182523821623e-02
4.660843148290869098e-02
4.760492283868033442e-02
4.862178132379203072e-02
4.965928161502364963e-02
5.071822801743528647e-02
5.179890599888935937e-02
5.290161351493052888e-02
5.402721496549248853e-02
5.517601473822150715e-02
5.634833387294585494e-02
5.754509327300195293e-02
5.876661421411701752e-02
6.001323957968821704e-02
6.128594045278155239e-02
6.258505209097943445e-02
6.391093686946708319e-02
6.526460715042523009e-02
6.664640852902571633e-02
6.805671944641125681e-02
6.949658251231377593e-02
7.096634951289372550e-02
7.246641061109673765e-02
7.399782624329212521e-02
7.556095006391690128e-02
7.715617897533010028e-02
7.878457843613655143e-02
8.044649986505054973e-02
8.214234167889046534e-02
8.387316236923388069e-02
8.563930766182879795e-02
8.744117250651463336e-02
8.927979853286571732e-02
9.115552337597236654e-02
9.306873431514971207e-02
9.502044952499914821e-02
9.701099754795412811e-02
9.904075509081004813e-02
1.011107145270925822e-01
1.032211958849960087e-01
1.053725641347005720e-01
1.075657882001248150e-01
1.098011817005622864e-01
1.120790986966170716e-01
1.144004914044183113e-01
1.167656702855423001e-01
1.191749812648613127e-01
1.216293696573915173e-01
1.241291463907567699e-01
1.266746535117013184e-01
1.292668397973946726e-01
1.319060194846976286e-01
1.345925355104555521e-01
1.373273474384257009e-01
1.401107735032218193e-01
1.429431613358895792e-01
1.458254814499793106e-01
1.487580533764824298e-01
1.517412305054748334e-01
1.547759838122314269e-01
1.578626274761175952e-01
1.610015173606879346e-01
1.641936025481356420e-01
1.674391819528375513e-01
1.707386055251028101e-01
1.740927688771751747e-01
1.775019446632897235e-01
1.809664642571890136e-01
1.844871360634320057e-01
1.880641976731150800e-01
1.916979476680905903e-01
1.953890812623737261e-01
1.991377974210671586e-01
2.029443502461455717e-01
2.068093120958781617e-01
2.107328457963886514e-01
2.147151555646555632e-01
2.187566987575519928e-01
2.228576072868738989e-01
2.270180372887266873e-01
2.312383451620815544e-01
2.355186319767665903e-01
2.398590106403837574e-01
2.442597324777980583e-01
2.487208523337842703e-01
2.532424381466643060e-01
2.578245839430914343e-01
2.624672597752962244e-01
2.671704680261112186e-01
2.719340248905419699e-01
2.767577550232419026e-01
2.816415471780929214e-01
2.865847586412095804e-01
2.915870005001781062e-01
2.966479748329998167e-01
3.017663856532788458e-01
3.069415815404298864e-01
3.121729984785933665e-01
3.174585609565126476e-01
3.227973560478175075e-01
3.281885006374330449e-01
3.336291702595841624e-01
3.391182619748565608e-01
3.446545832468692061e-01
3.502348020439673970e-01
3.558577637233324986e-01
3.615220614854419701e-01
3.672242875450551503e-01
3.729634064962323303e-01
3.787379711452074083e-01
3.845450103337469394e-01
3.903837539459620865e-01
3.962529244080435498e-01
4.021504056051436460e-01
4.080757534481793680e-01
4.140280374785112461e-01
4.200061439907786798e-01
4.260098931632065877e-01
4.320387763151191662e-01
4.380924552927116800e-01
4.441708362835785073e-01
4.502737621364791276e-01
4.564010960830671704e-01
4.625525879253478689e-01
4.687282246883104908e-01
4.749273132050689239e-01
4.811492223692876435e-01
4.873937989466136655e-01
4.936591018510324003e-01
4.999439938500941927e-01
5.062479128175034759e-01
5.125672915959557097e-01
5.189005109194595455e-01
5.252464395387400620e-01
5.315999728514746447e-01
5.379591828503869078e-01
5.443223766386231510e-01
5.506834703768772599e-01
5.570404996777552631e-01
5.633913910655645729e-01
5.697299579965732219e-01
5.760544882467855121e-01
5.823628334993248279e-01
5.886496416347494209e-01
5.949136686816438591e-01
6.011530335439226880e-01
6.073639322403180385e-01
6.135456661433413839e-01
6.196968977868205775e-01
6.258156397275160820e-01
6.319016535940576995e-01
6.379542700595175475e-01
6.439730544911257404e-01
6.499580109497767877e-01
6.559090673367923285e-01
6.618266308217521932e-01
6.677106729223499793e-01
6.735614698153487012e-01
6.793793526122512416e-01
6.851640268768889319e-01
6.909157699295382926e-01
6.966340349661618303e-01
7.023181570165406562e-01
7.079680905259365664e-01
7.135820169066811047e-01
7.191589664868409670e-01
7.246983907436791439e-01
7.301973614370343979e-01
7.356548177649151476e-01
7.410697433908607357e-01
7.464387596841381978e-01
7.517609968146587995e-01
7.570352091329044519e-01
7.622584792311061230e-01
7.674303755227027679e-01
7.725497709132259638e-01
7.776150422219955116e-01
7.826263232811960791e-01
7.875829264618396941e-01
7.924849932122585150e-01
7.973331945363771878e-01
8.021274583216491116e-01
8.068696659877998556e-01
8.115608641031818449e-01
8.162015786167454712e-01
8.207949619336739611e-01
8.253422036310427146e-01
8.298442515041756229e-01
8.343048041234845114e-01
8.387249640125401529e-01
8.431058554479133882e-01
8.474509791349474908e-01
8.517611812883038036e-01
8.560375404896051199e-01
8.602827933679826344e-01
8.644974509322181921e-01
8.686823986540720410e-01
8.728393255426974973e-01
8.769684187003536913e-01
8.810702983438304381e-01
8.851456086307898374e-01
8.891942909029556530e-01
8.932166763314338676e-01
8.972125793121938919e-01
9.011818033693960173e-01
9.051243955546827147e-01
9.090396553392531276e-01
9.129273466656906422e-01
9.167872704057625777e-01
9.206185152402773797e-01
9.244208648628116087e-01
9.281939591299231962e-01
9.319368940485762698e-01
9.356494857278723210e-01
9.393313394098333768e-01
9.429816680446757582e-01
9.466003028296258170e-01
9.501869402130075359e-01
9.537409379995346326e-01
9.572621261426735861e-01
9.607503591121262509e-01
9.642051372424486066e-01
9.676262987456256681e-01
9.710138326170443257e-01
9.743673905661074386e-01
9.776868544974076647e-01
9.809722617343764606e-01
9.842234412426238421e-01
9.874403532787782156e-01
9.906230080087613521e-01
9.937714256530663093e-01
9.968856447972086476e-01
9.999656472252329564e-01
1.003011610813278276e+00
1.006023606050822528e+00
1.009001657306282107e+00
1.011946012035486619e+00
1.014856706134946274e+00
1.017733877003081044e+00
1.020577735682430154e+00
1.023388246540489099e+00
1.026165645713786434e+00
1.028910042043302386e+00
1.031621354779562738e+00
1.034299803759497483e+00
1.036945404993823594e+00
1.039558106577950225e+00
1.042137978023865763e+00
1.044685007241999308e+00
1.047199231004338982e+00
1.049680537337412511e+00
1.052128943218939128e+00
1.054544558698535139e+00
1.056927216515222812e+00
1.059276957113962414e+00
1.061593869126300049e+00
1.063877934422699845e+00
1.066129151075419834e+00
1.068347482196293496e+00
1.070533173226963841e+00
1.072686118173876713e+00
1.074806138018193247e+00
1.076893644092544067e+00
1.078948443564972104e+00
1.080970328193969543e+00
1.082959607587712147e+00
1.084916115675730541e+00
1.086839794786929714e+00
1.088730613013303428e+00
1.090588576036878310e+00
1.092413889646359770e+00
1.094206174144493504e+00
1.095965680570902823e+00
1.097692821331327950e+00
1.099387135530604409e+00
1.101049063143706208e+00
1.102679016233459208e+00
1.104276815009350710e+00
1.105842938303279066e+00
1.107377581480331497e+00
1.108881040294067422e+00
1.110353694254618162e+00
1.111795453763879449e+00
1.113206976503828161e+00
1.114588508038743653e+00
1.115939801962703593e+00
1.117261549448186342e+00
1.118553938688479965e+00
1.119816792009314055e+00
1.121050529491098180e+00
1.122255395709479853e+00
1.123431445481059443e+00
1.124578725793949463e+00
1.125697602369187367e+00
1.126788380666468248e+00
1.127850823045250417e+00
1.128885405161327515e+00
1.129892602949277736e+00
1.130872033584715330e+00
1.131824236659894067e+00
1.132749779964598469e+00
1.133648239490123943e+00
1.134520191717051540e+00
1.135366242603069287e+00
1.136186054561917569e+00
1.136980239511940605e+00
1.137749329359293737e+00
1.138493315608343659e+00
1.139212827804238826e+00
1.139908087740230558e+00
1.140579695703333840e+00
1.141228231138917915e+00
1.141853356263148767e+00
1.142456315139336764e+00
1.143037547512068430e+00
1.143596164437941320e+00
1.144133618143495124e+00
1.144650175209185994e+00
1.145144833060477207e+00
1.145618496593615587e+00
1.146071303653567464e+00
1.146502838136642000e+00
1.146912887529015102e+00
1.147301523261735845e+00
1.147669424846168740e+00
1.148015356749306548e+00
1.148339496089330725e+00
1.148643387610283728e+00
1.148925553997714788e+00
1.149186361981208160e+00
1.149427368421409801e+00
1.149647764265223193e+00
1.149848061442976910e+00
1.150028959276202523e+00
1.150190746972991951e+00
1.150333950806098349e+00
1.150458112251043108e+00
1.150564344580215392e+00
1.150653047225978609e+00
1.150723024386310689e+00
1.150775505911995289e+00
1.150810686551663409e+00
1.150827426558951982e+00
1.150826435448032203e+00
1.150807717778190131e+00
1.150770818470022938e+00
1.150715711871595381e+00
1.150642295773425250e+00
1.150550933242940221e+00
1.150441077617037733e+00
1.150312622747715841e+00
1.150166431624412899e+00
1.150001838132237442e+00
1.149818812645053034e+00
1.149618234383605886e+00
1.149399648277048547e+00
1.149163140313153475e+00
1.148909237512982573e+00
1.148637834722186390e+00
1.148349128826415599e+00
1.148043166763552003e+00
1.147720156689207016e+00
1.147380362687192568e+00
1.147023444026564976e+00
1.146649781188844974e+00
1.146259636574824325e+00
1.145852508823510751e+00
1.145428775075465699e+00
1.144988630613408498e+00
1.144531675017802064e+00
1.144058134851840380e+00
1.143568112625288569e+00
1.143061503375023102e+00
1.142538321535144785e+00
1.141998612195377127e+00
1.141442612848784011e+00
1.140870175614286275e+00
1.140281371386692166e+00
1.139676665536121680e+00
1.139055875952036612e+00
1.138419188416384786e+00
1.137767094102920984e+00
1.137099505031498481e+00
1.136416774511330496e+00
1.135719249608616810e+00
1.135006996292932113e+00
1.134280536134014250e+00
1.133540018195385191e+00
1.132785640374748493e+00
1.132018055926375499e+00
1.131237276255899760e+00
1.130443566882567419e+00
1.129637664670726238e+00
1.128819551717153091e+00
1.127989504474334659e+00
1.127148301137056219e+00
1.126295982315658639e+00
1.125432808830695519e+00
1.124559568421809930e+00
1.123676399075762111e+00
1.122783542000646007e+00
1.121881773465191356e+00
1.120971325792876838e+00
1.120052423982907275e+00
1.119125823991793833e+00
1.118191822198031815e+00
1.117250632609549710e+00
1.116302992492211432e+00
1.115349212228369469e+00
1.114389503530541559e+00
1.113424585673337575e+00
1.112454720110626516e+00
1.111480126184782868e+00
1.110501486207718935e+00
1.109518952283648385e+00
1.108532753453607578e+00
1.107543482431903925e+00
1.106551143637439116e+00
1.105555962008636595e+00
1.104558356699805177e+00
1.103558179209861878e+00
1.102555621664115248e+00
1.101550833585426270e+00
1.100543537337239863e+00
1.099533857595747177e+00
1.098521591297911160e+00
1.097506370043086488e+00
1.096488220049221640e+00
1.095466533979669199e+00
1.094440889959970908e+00
1.093411192872819848e+00
1.092376416731357214e+00
1.091336112030752314e+00
1.090290047733982304e+00
1.089236802336254195e+00
1.088175911984837319e+00
1.087107003997709986e+00
1.086028328032177859e+00
1.084939417401369122e+00
1.083839765939193622e+00
1.082727422686926788e+00
1.081601948170410443e+00
1.080462734593208740e+00
1.079307841910797761e+00
1.078136924413700237e+00
1.076949338575641901e+00
1.075743454092408458e+00
1.074519120914477988e+00
1.073275762784322795e+00
1.072012409466186478e+00
1.070729215223861219e+00
1.069425798957235552e+00
1.068102172518852866e+00
1.066758864341960100e+00
1.065395811683191418e+00
1.064014202026736244e+00
1.062614931164387544e+00
1.061198334563272727e+00
1.059766763220219898e+00
1.058321388638105542e+00
1.056862949998700785e+00
1.055394729037774093e+00
1.053918022515579755e+00
1.052433897144734454e+00
1.050946170399722934e+00
1.049456101026181587e+00
1.047964946740081560e+00
1.046476611427538339e+00
1.044992183915363970e+00
1.043512956600316288e+00
1.042042528469944385e+00
1.040581744066064740e+00
1.039131796065335900e+00
1.037695720802663368e+00
1.036274105153561775e+00
1.034867956498082497e+00
1.033479644657949503e+00
1.032109532013523845e+00
1.030758409719974233e+00
1.029428003955418003e+00
1.028118509230750766e+00
1.026830512926974137e+00
1.025565195717671685e+00
1.024322641862041472e+00
1.023103271652901158e+00
1.021907842029384783e+00
1.020736370731122777e+00
1.019589153470798593e+00
1.018466632730527621e+00
1.017368785622183580e+00
1.016295818926512107e+00
1.015247942816740467e+00
1.014225108128951947e+00
1.013227456270461291e+00
1.012255026327595342e+00
1.011307758065830731e+00
1.010385741201771603e+00
1.009488905726068975e+00
1.008617208366392015e+00
1.007770699309637363e+00
1.006949288070371207e+00
1.006152993458374834e+00
1.005381847534297046e+00
1.004635866644384423e+00
1.003915184819754502e+00
1.003219852958379787e+00
1.002550140014732749e+00
1.001906333767019319e+00
1.001288550771139318e+00
1.000697419178031344e+00
1.000133376539235730e+00
9.995966414781886078e-01
9.990881944504202972e-01
9.986085589180424549e-01
9.981580544169458280e-01
9.977378466484635444e-01
9.973484297812421628e-01
9.969901683325126385e-01
9.966641108370075663e-01
9.963705939418883162e-01
9.961099256365990584e-01
9.958827060580274226e-01
9.956890267082001422e-01
9.955290308097736185e-01
9.954026567765992262e-01
9.953097452396545419e-01
9.952502118598860470e-01
9.952233476824466907e-01
9.952288227527238407e-01
9.952663445039920953e-01
9.953348040961186305e-01
9.954338289657896910e-01
9.955630173083732659e-01
9.957212299954877333e-01
9.959081663932495276e-01
9.961234503779116123e-01
9.963662325298444644e-01
9.966363347970729203e-01
9.969335151852960486e-01
9.972573443649993541e-01
9.976077408744824515e-01
9.979846318363320146e-01
9.983879141807592283e-01
9.988175298114825296e-01
9.992735297607681089e-01
9.997559022765302172e-01
1.000264544305180303e+00
1.000799540114113872e+00
1.001360741328885196e+00
1.001947981105165697e+00
1.002561295366495964e+00
1.003200308566324805e+00
1.003864834726620137e+00
1.004554833118964430e+00
1.005269795962714818e+00
1.006009605484164737e+00
1.006774181727242423e+00
1.007563116133662673e+00
1.008376447521120545e+00
1.009214138220393187e+00
1.010076135670217701e+00
1.010962684261884181e+00
1.011873873169981009e+00
1.012810173051079454e+00
1.013772021938303958e+00
1.014759684388300220e+00
1.015774163282947118e+00
1.016816021034600448e+00
1.017885689581820019e+00
1.018984552811687871e+00
1.020113194084851349e+00
1.021272151454089228e+00
1.022462932056771745e+00
1.023686033430648346e+00
1.024942006663531968e+00
1.026232197467089380e+00
1.027556934118958099e+00
1.028916684196233167e+00
1.030312394147764765e+00
1.031744178115179267e+00
1.033212344453566356e+00
1.034717295913073043e+00
1.036258928403293256e+00
1.037837349864883851e+00
1.039452381097637046e+00
1.041103728522408511e+00
1.042791294827825066e+00
1.044514371442737399e+00
1.046272523677586053e+00
1.048065473261261760e+00
1.049892094197893977e+00
1.051751865026912203e+00
1.053644368215840954e+00
1.055568196715855001e+00
1.057522791838696685e+00
1.059507644010310612e+00
1.061521196944636758e+00
1.063562893196412729e+00
1.065632174781538710e+00
1.067727445200742586e+00
1.069848173817211201e+00
1.071993789160532229e+00
1.074162733760413380e+00
1.076354517967599067e+00
1.078568581689880235e+00
1.080803457766271736e+00
1.083058703658680733e+00
1.085333786779467902e+00
1.087627360457789516e+00
1.089939030999242275e+00
1.092268303314918754e+00
1.094613968473153287e+00
1.096975681872722097e+00
1.099352992441606114e+00
1.101744839958017641e+00
1.104150929265627745e+00
1.106570858227240439e+00
1.109003723640998418e+00
1.111449280448519206e+00
1.113907179505153611e+00
1.116376680611999239e+00
1.118857588896920108e+00
1.121349611074163866e+00
1.123852171400202771e+00
1.126365123327117468e+00
1.128888230062875753e+00
1.131421073852480141e+00
1.133963551364125744e+00
1.136515479470628476e+00
1.139076580997029797e+00
1.141646786799243696e+00
1.144225960233591355e+00
1.146813935078804247e+00
1.149410663721011083e+00
1.152016044355214319e+00
1.154629981243554093e+00
1.157252433357406352e+00
1.159883318527563878e+00
1.162522564428888794e+00
1.165170121583351426e+00
1.167825910601178352e+00
1.170489835472418916e+00
1.173161825763207267e+00
1.175841788973130075e+00
1.178529565977326721e+00
1.181225057864508932e+00
1.183928146932288428e+00
1.186638586370124981e+00
1.189356247958637036e+00
1.192080982932025801e+00
1.194812452113957812e+00
1.197550504343982469e+00
1.200294961610732125e+00
1.203045409175055758e+00
1.205801685619119379e+00
1.208563593252631740e+00
1.211330677655825472e+00
1.214102784013417535e+00
1.216879710857053265e+00
1.219661012980274295e+00
1.222446560227883783e+00
1.225236166919646097e+00
1.228029450403218314e+00
1.230826321235370502e+00
1.233626629350838444e+00
1.236430103105636169e+00
1.239236705043715192e+00
1.242046337348829299e+00
1.244858874728670628e+00
1.247674336417674334e+00
1.250492687479290543e+00
1.253313965674504704e+00
1.256138244547994498e+00
1.258965555037403705e+00
1.261796094118126765e+00
1.264629980967904244e+00
1.267467307562865741e+00
1.270308407562900532e+00
1.273153432629961612e+00
1.276002524300510643e+00
1.278856116625811890e+00
1.281714378544501765e+00
1.284577485263768137e+00
1.287445927940140900e+00
1.290319878002264220e+00
1.293199526781103836e+00
1.296085379402106774e+00
1.298977597495427849e+00
1.301876372020708716e+00
1.304782185244288906e+00
1.307695180561383230e+00
1.310615535293685907e+00
1.313543682535067036e+00
1.316479743363933474e+00
1.319423872756554150e+00
1.322376440655339325e+00
1.325337545806435369e+00
1.328307317077168204e+00
1.331286059147531953e+00
1.334273851605242145e+00
1.337270797926991550e+00
1.340277145051877339e+00
1.343292958579515917e+00
1.346318320727973195e+00
1.349353434589978917e+00
1.352398357709300392e+00
1.355453157223019511e+00
1.358518009136746585e+00
1.361592968575313201e+00
1.364678094445746837e+00
1.367773552177479202e+00
1.370879399071645244e+00
1.373995692182060635e+00
1.377122600324432566e+00
1.380260186138109191e+00
1.383408509937539721e+00
1.386567754018926513e+00
1.389737988020361081e+00
1.392919278973694608e+00
1.396111828493620699e+00
1.399315713552613305e+00
1.402531009658110284e+00
1.405757939672721113e+00
1.408996587236447162e+00
1.412247036611715911e+00
1.415509530747830480e+00
1.418784158656913652e+00
1.422071012528627776e+00
1.425370352168926935e+00
1.428682270389170172e+00
1.432006865791937811e+00
1.435344410746807853e+00
1.438695000294356374e+00
1.442058737638765464e+00
1.445435903196859329e+00
1.448826592859242757e+00
1.452230912631395476e+00
1.455649146833791319e+00
1.459081391114088300e+00
1.462527752694098071e+00
1.465988516364778560e+00
1.469463776740870253e+00
1.472953640992765934e+00
1.476458391767693890e+00
1.479978122120679807e+00
1.483512938235950651e+00
1.487063118756595026e+00
1.490628754841462067e+00
1.494209951041292284e+00
1.497806980714320169e+00
1.501419932892935405e+00
1.505048910053973232e+00
1.508694179348640141e+00
1.512355827480568626e+00
1.516033954527651995e+00
1.519728820653458712e+00
1.523440509998016390e+00
1.527169119946860221e+00
1.530914902860821769e+00
1.534677940012166397e+00
1.538458325768901291e+00
1.542256303725386246e+00
1.546071951901101693e+00
1.549905361252892133e+00
1.553756765451029587e+00
1.557626238807353181e+00
1.561513868396289473e+00
1.565419876631577223e+00
1.569344333621199183e+00
1.573287322023438017e+00
1.577249051558676340e+00
1.581229587632852818e+00
1.585229007925299527e+00
1.589247508026175426e+00
1.593285148182739919e+00
1.597342000547639751e+00
1.601418245263142026e+00
1.605513937044173778e+00
1.609629142031413274e+00
1.613764023837136463e+00
1.617918631387659900e+00
1.622093024432758712e+00
1.626287349306990260e+00
1.630501649033144096e+00
1.634735976732678564e+00
1.638990461120013009e+00
1.643265139352727999e+00
1.647560057851103821e+00
1.651875327809660510e+00
1.656210980711986247e+00
1.660567056378199569e+00
1.664943649028480577e+00
1.669340784805016353e+00
1.673758497198551964e+00
1.678196864416235279e+00
1.682655907712322430e+00
1.687135654672622387e+00
1.691636168812053365e+00
1.696157467044306921e+00
1.700699571602780180e+00
1.705262532914630036e+00
1.709846364163654542e+00
1.714451082879464794e+00
1.719076728202100446e+00
1.723723310227895267e+00
1.728390842492145696e+00
1.733079354753155554e+00
1.737788854663858018e+00
1.742519352499973140e+00
1.747270870559682221e+00
1.752043414671321075e+00
1.756836992577662349e+00
1.761651620974565624e+00
1.766487304436914707e+00
1.771344048863849663e+00
1.776221867075189254e+00
1.781120762898706467e+00
1.786040741018118716e+00
1.790981811918997080e+00
1.795943979111817912e+00
1.800927246614239641e+00
1.805931623897490290e+00
1.810957114501505982e+00
1.816003722236879669e+00
1.821071456636267349e+00
1.826160321530913677e+00
1.831270320887221414e+00
1.836401465122545318e+00
1.841553758538473362e+00
1.846727205523383875e+00
1.851921817953658511e+00
1.857137600702687408e+00
1.862374558753961296e+00
1.867632705781519853e+00
1.872912047262043300e+00
1.878212588861204457e+00
1.883534346174399410e+00
1.888877325252234174e+00
1.894241532453031285e+00
1.899626985228280107e+00
1.905033690122456491e+00
1.910461654131385023e+00
1.915910896337889247e+00
1.921381423660114329e+00
1.926873243622524656e+00
1.932386376586359589e+00
1.937920829693675628e+00
1.943476610847195252e+00
1.949053741237427140e+00
1.954652228061335206e+00
1.960272079420109614e+00
1.965913316819672962e+00
1.971575947333434442e+00
1.977259979063516582e+00
1.982965433283006229e+00
1.988692316762968426e+00
1.994440637402085770e+00
2.000210415686467957e+00
2.006001657913930813e+00
2.011814371578607208e+00
2.017648575845608860e+00
2.023504276383757627e+00
2.029381480093750856e+00
2.035280204328906439e+00
2.041200453994601371e+00
2.047142235229247209e+00
2.053105563146419676e+00
2.059090441779801939e+00
2.065096876363106571e+00
2.071124879420894960e+00
2.077174454036608164e+00
2.083245604428275666e+00
2.089338340272345551e+00
2.095452663655270609e+00
2.101588577703202620e+00
2.107746089082555674e+00
2.113925198868399580e+00
2.120125909055335267e+00
2.126348223237250590e+00
2.132592141494868088e+00
2.138857664688073701e+00
2.145144793372699699e+00
2.151453526681148531e+00
2.157783864370268478e+00
2.164135804082245595e+00
2.170509344072367952e+00
2.176904483057710227e+00
2.183321215969848517e+00
2.189759540278399808e+00
2.196219453750754003e+00
2.202700948874632747e+00
2.209204022439727133e+00
2.215728671374685543e+00
2.222274886036040176e+00
2.228842662646990824e+00
2.235431997422374639e+00
2.242042878926211902e+00
2.248675302929493025e+00
2.255329265064649480e+00
2.262004752447106526e+00
2.268701760503904818e+00
2.275420284415253125e+00
2.282160310176416740e+00
2.288921832966316128e+00
2.295704847634419732e+00
2.302509339349245732e+00
2.309335303119340210e+00
2.316182733569269292e+00
2.323051615281877424e+00
2.329941943150345640e+00
2.336853711658566812e+00
2.343786904978130803e+00
2.350741517915766909e+00
2.357717544872548032e+00
2.364714969705947301e+00
2.371733787137068727e+00
2.378773991512333374e+00
2.385835566388386564e+00
2.392918506372905707e+00
2.400022805754360444e+00
2.407148447715703909e+00
2.414295426695589164e+00
2.421463736889527318e+00
2.428653360949556195e+00
2.435864293063967789e+00
2.443096527269889240e+00
2.450350045452376779e+00
2.457624841445456898e+00
2.464920909034546082e+00
2.472238229031567425e+00
2.479576794793715511e+00
2.486936599737145315e+00
2.494317623235618786e+00
2.501719858032739996e+00
2.509143297038073150e+00
2.516587917776250016e+00
2.524053712231063340e+00
2.531540672653290969e+00
2.539048774275440401e+00
2.546578008170446328e+00
2.554128365768439490e+00
2.561699819548749257e+00
2.569292359522051594e+00
2.576905976131355303e+00
2.584540638637226717e+00
2.592196335840259547e+00
2.599873057030079426e+00
2.607570767790672317e+00
2.615289455571725430e+00
2.623029108347700866e+00
2.630789687586784442e+00
2.638571179256579136e+00
2.646373569862765951e+00
2.654196816345987475e+00
2.662040903072214970e+00
2.669905814935804589e+00
2.677791503972411835e+00
2.685697952839710467e+00
2.693625144691390361e+00
2.701573026319692428e+00
2.709541578580738630e+00
2.717530782772777709e+00
2.725540580147825409e+00
2.733570949680519835e+00
2.741621870714061604e+00
2.749693278705665378e+00
2.757785150681265396e+00
2.765897463944485768e+00
2.774030147944214431e+00
2.782183177702123533e+00
2.790356528412039072e+00
2.798550123339393902e+00
2.806763935456263237e+00
2.814997937789515792e+00
2.823252047280385479e+00
2.831526234814609300e+00
2.839820471206332630e+00
2.848134666961271932e+00
2.856468790848893491e+00
2.864822811434245775e+00
2.873196632700043995e+00
2.881590221274509478e+00
2.890003543444453538e+00
2.898436496599998247e+00
2.906889045206312527e+00
2.915361153247845838e+00
2.923852711464412391e+00
2.932363682137821836e+00
2.940894026928874805e+00
2.949443629875544204e+00
2.958012451055911374e+00
2.966600449786700011e+00
2.975207503353402227e+00
2.983833569608686620e+00
2.992478605503844147e+00
3.001142481517570459e+00
3.009825153253036678e+00
3.018526575272403534e+00
3.027246611185809400e+00
3.035985214319642633e+00
3.044742336819766582e+00
3.053517835355664900e+00
3.062311660945905345e+00
3.071123763288710062e+00
3.079953992028424903e+00
3.088802295840713530e+00
3.097668621940200762e+00
3.106552812848095702e+00
3.115454814857959942e+00
3.124374572660099769e+00
3.133311921540736122e+00
3.142266805368026272e+00
3.151239166262723046e+00
3.160228832150541844e+00
3.169235744427193691e+00
3.178259842594380657e+00
3.187300947079041435e+00
3.196358996754014026e+00
3.205433928448738090e+00
3.214525554941628727e+00
3.223633812529385967e+00
3.232758635312812157e+00
3.241899828262301497e+00
3.251057325042941759e+00
3.260231056968038388e+00
3.269420821032728686e+00
3.278626548213532388e+00
3.287848166975635422e+00
3.297085466166231882e+00
3.306338374015657777e+00
3.315606816079347485e+00
3.324890572880981665e+00
3.334189569847321621e+00
3.343503729562228077e+00
3.352832824050136384e+00
3.362176775878052748e+00
3.371535504597078958e+00
3.380908773559520242e+00
3.390296502418573166e+00
3.399698607632986924e+00
3.409114843715893794e+00
3.418545127355830715e+00
3.427989371862038670e+00
3.437447322750454060e+00
3.446918893698175612e+00
3.456403994811283464e+00
3.465902362462470965e+00
3.475413907275639147e+00
3.484938536104419171e+00
3.494475976047047627e+00
3.504026134638232204e+00
3.513588915435159166e+00
3.523164036147716782e+00
3.532751401191817298e+00
3.542350910790234675e+00
3.551962273170010231e+00
3.561585389605421259e+00
3.571220156953569091e+00
3.580866273884949269e+00
3.590523638516396332e+00
3.600192144315178311e+00
3.609871480343197714e+00
3.619561541550988082e+00
3.629262217999165596e+00
3.638973189110757289e+00
3.648694346667823663e+00
3.658425577314874833e+00
3.668166550826885697e+00
3.677917155821580852e+00
3.687677275524951170e+00
3.697446570074674366e+00
3.707224924933919308e+00
3.717012219914357374e+00
3.726808105545222904e+00
3.736612464149791091e+00
3.746425172135614989e+00
3.756245870468185810e+00
3.766074438349630071e+00
3.775910748798741778e+00
3.785754433275319020e+00
3.795605367882319836e+00
3.805463422269431017e+00
3.815328218459514975e+00
3.825199629480679153e+00
3.835077521636630404e+00
3.844961507590044736e+00
3.854851457320182195e+00
3.864747233810377214e+00
3.874648440445533026e+00
3.884554944182974534e+00
3.894466604713077373e+00
3.904383016228772707e+00
3.914304042692851038e+00
3.924229540531166460e+00
3.934159094832210712e+00
3.944092566591708593e+00
3.954029808999934392e+00
3.963970398128901618e+00
3.973914192034569748e+00
3.983861040700809486e+00
3.993810511270647012e+00
4.003762458887480058e+00
4.013716730357845819e+00
4.023672883982632342e+00
4.033630772019798805e+00
4.043590238127571013e+00
4.053550831851048919e+00
4.063512402590082395e+00
4.073474790883640395e+00
4.083437537607507828e+00
4.093400489331315839e+00
4.103363483504147702e+00
4.113326052420070766e+00
4.123288039847344599e+00
4.133249280175232521e+00
4.143209297206078112e+00
4.153167931937079338e+00
4.163125015728913247e+00
4.173080063985971755e+00
4.183032914966727134e+00
4.192983397036143423e+00
4.202931017299866845e+00
4.212875611312409063e+00
4.222817004478117475e+00
4.232754695710045034e+00
4.242688517896488598e+00
4.252618293518971804e+00
4.262543513412592411e+00
4.272464007840530265e+00
4.282379596402500432e+00
4.292289761980117468e+00
4.302194332256278564e+00
4.312093123993546051e+00
4.321985612255507370e+00
4.331871622193634863e+00
4.341750967781965898e+00
4.351623116413524173e+00
4.361487890761314823e+00
4.371345102063847854e+00
4.381194210203605444e+00
4.391035035432413913e+00
4.400867386310646445e+00
4.410690715383369209e+00
4.420504840542757385e+00
4.430309567733060838e+00
4.440104342348171862e+00
4.449888979986400095e+00
4.459663284042427733e+00
4.469426692958314185e+00
4.479179020108341902e+00
4.488920066408734755e+00
4.498649263561751432e+00
4.508366422791413086e+00
4.518071342610942231e+00
4.527763448207052122e+00
4.537442548730957093e+00
4.547108440372499949e+00
4.556760542038662543e+00
4.566398660888725480e+00
4.576022590872736551e+00
4.585631744864525849e+00
4.595225928115494796e+00
4.604804932423143704e+00
4.614368164884724344e+00
4.623915428930708948e+00
4.633446514296719165e+00
4.642960822569104806e+00
4.652458155447075860e+00
4.661938300698111881e+00
4.671400654671723274e+00
4.680845017427903265e+00
4.690271174862674641e+00
4.699678518370276059e+00
4.709066846465835177e+00
4.718435943273166622e+00
4.727785195519774497e+00
4.737114400272311343e+00
4.746423339984075618e+00
4.755711397010697006e+00
4.764978367068706255e+00
4.774224031044833616e+00
4.783447767223591107e+00
4.792649370071574211e+00
4.801828619015034327e+00
4.810984888573655915e+00
4.820117972066100265e+00
4.829227647566233905e+00
4.838313286140558667e+00
4.847374680063565755e+00
4.856411606166833650e+00
4.865423432380530322e+00
4.874409950040516470e+00
4.883370934848114686e+00
4.892305751919272971e+00
4.901214191758531236e+00
4.910096029050978750e+00
4.918950626425734995e+00
4.927777773665169114e+00
4.936577244554172239e+00
4.945348399567870423e+00
4.954091027877485232e+00
4.962804902485831171e+00
4.971489382052479478e+00
4.980144255250482210e+00
4.988769294420796641e+00
4.997363856751730005e+00
5.005927730533110243e+00
5.014460687566477226e+00
5.022962083919154885e+00
5.031431707614752113e+00
5.039869330040043671e+00
5.048274306497853026e+00
5.056646424864629452e+00
5.064985456239331718e+00
5.073290755523047757e+00
5.081562110566182788e+00
5.089799292309138856e+00
5.098001655620366002e+00
5.106168988447392643e+00
5.114301061703612206e+00
5.122397230600188145e+00
5.130457283306973260e+00
5.138480990844126239e+00
5.146467709147018788e+00
5.154417226734937074e+00
5.162329314870776287e+00
5.170203330601441216e+00
5.178039062924644220e+00
5.185836283483985731e+00
5.193594350830825768e+00
5.201313054571932604e+00
5.208992166871505347e+00
5.216631048183336894e+00
5.224229488855491432e+00
5.231787261714366366e+00
5.239303729518749897e+00
5.246778683491626794e+00
5.254211897264695175e+00
5.261602736308367945e+00
5.268950992855326199e+00
5.276256441487038984e+00
5.283518450795575028e+00
5.290736814159147094e+00
5.297911307254531188e+00
5.305041302208359788e+00
5.312126593680999598e+00
5.319166958591011074e+00
5.326161773014754353e+00
5.333110833032028708e+00
5.340013916950353767e+00
5.346870405212725608e+00
5.353680095456095245e+00
5.360442767524705943e+00
5.367157806646322804e+00
5.373825012153081282e+00
5.380444165574087556e+00
5.387014657340857049e+00
5.393536288618872909e+00
5.400008842770536610e+00
5.406431715850526842e+00
5.412804710995829716e+00
5.419127613550817735e+00
5.425399825612831961e+00
5.431621152428410149e+00
5.437791381472653285e+00
5.443909921304881827e+00
5.449976579419007372e+00
5.455991145569668355e+00
5.461953035197024242e+00
5.467862058179840723e+00
5.473718006701049354e+00
5.479520303499779033e+00
5.485268760976652835e+00
5.490963173891583615e+00
5.496602972699716538e+00
5.502187972460031773e+00
5.507717970657831863e+00
5.513192405880012359e+00
5.518611095979674808e+00
5.523973841315631184e+00
5.529280089020478961e+00
5.534529659876461949e+00
5.539722357263491936e+00
5.544857637271669581e+00
5.549935323746461258e+00
5.554955223235821471e+00
5.559916801196512104e+00
5.564819884670249017e+00
5.569664283519100145e+00
5.574449472972527353e+00
5.579175283400320318e+00
5.583841528123650200e+00
5.588447692547018342e+00
5.592993610498804280e+00
5.597479098902964800e+00
5.601903653737185351e+00
5.606267112417448573e+00
5.610569295612658713e+00
5.614809710267082643e+00
5.618988197511723293e+00
5.623104581900810750e+00
5.627158381733385006e+00
5.631149441981073700e+00
5.635077591221943294e+00
5.638942359492232548e+00
5.642743595727928607e+00
5.646481132667290126e+00
5.650154512460044742e+00
5.653763588128303930e+00
5.657308196704552650e+00
5.660787892821793399e+00
5.664202533707842768e+00
5.667551960821112012e+00
5.670835741640778416e+00
5.674053737717696499e+00
5.677205795065329852e+00
5.680291494364815286e+00
5.683310701605002180e+00
5.686263267480973660e+00
5.689148786224120791e+00
5.691967128373778273e+00
5.694718149430511467e+00
5.697401457516587442e+00
5.700016927831719649e+00
5.702564420803066803e+00
5.705043558776424995e+00
5.707454221719043375e+00
5.709796275102994478e+00
5.712069355821996375e+00
5.714273348715185996e+00
5.716408124414950720e+00
5.718473334678776610e+00
5.720468869319103256e+00
5.722394604241045180e+00
5.724250206372872185e+00
5.726035570598647872e+00
5.727750578205518472e+00
5.729394911590386386e+00
5.730968470804044479e+00
5.732471142621807125e+00
5.733902625197462299e+00
5.735262823840357349e+00
5.736551630916750355e+00
5.737768760615680641e+00
5.738914123593391814e+00
5.739987617906428419e+00
5.740988974047134263e+00
5.741918108103441831e+00
5.742774923917902896e+00
5.743559168543523441e+00
5.744270763581092787e+00
5.744909618751101732e+00
5.745475497913591134e+00
5.745968328259517754e+00
5.746388025475426709e+00
5.746734370463296493e+00
5.747007296077768501e+00
5.747206724055474503e+00
5.747332452563551186e+00
5.747384420189828980e+00
5.747362554800921508e+00
5.747266672040321822e+00
5.747096716294509910e+00
5.746852621635704317e+00
5.746534221382600727e+00
5.746141465781693825e+00
5.745674295182052305e+00
5.745132560763849483e+00
5.744516218690738363e+00
5.743825215655410155e+00
5.743059420872960175e+00
5.742218796477126297e+00
5.741303295566378750e+00
5.740312805551170072e+00
5.739247294583893044e+00
5.738106722226348211e+00
5.736890994231507612e+00
5.735600084814636013e+00
5.734233960053643386e+00
5.732792544177798710e+00
5.731275817505014913e+00
5.729683752677325437e+00
5.728016292520447195e+00
5.726273423490237491e+00
5.724455124836019593e+00
5.722561358086358574e+00
5.720592115865854588e+00
5.718547384069341710e+00
5.716427143020819557e+00
5.714231391539791538e+00
5.711960122199933210e+00
5.709613334199207912e+00
5.707191032573637024e+00
5.704693216604052708e+00
5.702119904426825592e+00
5.699471107311466334e+00
5.696746831269255296e+00
5.693947113425257278e+00
5.691071971294782372e+00
5.688121417637781896e+00
5.685095508604110393e+00
5.681994267962449108e+00
5.678817715234643515e+00
5.675565925617084950e+00
5.672238929134757690e+00
5.668836752079500663e+00
5.665359488701720458e+00
5.661807175280913818e+00
5.658179844881931153e+00
5.654477610802358889e+00
5.650700515569671900e+00
5.646848599019691939e+00
5.642921993475984443e+00
5.638920747702793612e+00
5.634844908299768029e+00
5.630694626580969420e+00
5.626469957531456068e+00
5.622170954502492712e+00
5.617797787748819438e+00
5.613350518455692217e+00
5.608829206708663584e+00
5.604234041639128527e+00
5.599565090607169004e+00
5.594822420410287656e+00
5.590006238978209474e+00
5.585116619815874373e+00
5.580153636405264628e+00
5.575117515381978528e+00
5.570008336361145673e+00
5.564826179476774826e+00
5.559571289963728624e+00
5.554243753508046666e+00
5.548843656858255535e+00
5.543371263727828513e+00
5.537826665829847173e+00
5.532209956484848590e+00
5.526521417750302589e+00
5.520761147317894135e+00
5.514929245032697658e+00
5.509026011147708068e+00
5.503051549280264965e+00
5.497005965747550960e+00
5.490889578835850493e+00
5.484702498030761042e+00
5.478444836064245038e+00
5.472116929080045544e+00
5.465718892370197146e+00
5.459250845019251841e+00
5.452713140839144046e+00
5.446105900862138860e+00
5.439429250458403864e+00
5.432683560905501530e+00
5.425868958905430084e+00
5.418985576042278041e+00
5.412033800843567555e+00
5.405013765606291543e+00
5.397925608052072555e+00
5.390769733729848134e+00
5.383546280452716104e+00
5.376255391998854272e+00
5.368897490697377428e+00
5.361472719794505792e+00
5.353981229039473710e+00
5.346423457287888148e+00
5.338799553132099085e+00
5.331109672202464012e+00
5.323354269615193424e+00
5.315533499217825586e+00
5.307647522427583198e+00
5.299696810343430542e+00
5.291681521973318425e+00
5.283601824422800242e+00
5.275458204484047897e+00
5.267250826226919536e+00
5.258979862342593847e+00
5.250645815015510642e+00
5.242248853275241594e+00
5.233789155291854733e+00
5.225267238329966979e+00
5.216683276273125891e+00
5.208037452659571187e+00
5.199330299511222719e+00
5.190561995456398847e+00
5.181732729286943950e+00
5.172843047448667519e+00
5.163893133202129171e+00
5.154883180474462812e+00
5.145813749791801506e+00
5.136685028931153418e+00
5.127497216833003968e+00
5.118250887750378730e+00
5.108946233857840191e+00
5.099583458983791395e+00
5.090163150745214082e+00
5.080685505592339446e+00
5.071150732112631232e+00
5.061559430914997826e+00
5.051911802600527857e+00
5.042208060383670976e+00
5.032448817484438841e+00
5.022634278527231544e+00
5.012764661218264806e+00
5.002840590999451997e+00
4.992862276388327025e+00
4.982829939444642697e+00
4.972744217435018932e+00
4.962605322637427818e+00
4.952413481324090760e+00
4.942169342181519376e+00
4.931873121113068414e+00
4.921525048459631790e+00
4.911125783915563758e+00
4.900675546872320432e+00
4.890174571593088437e+00
4.879623528361241469e+00
4.869022639916900985e+00
4.858372144296733808e+00
4.847672721947900776e+00
4.836924598817791576e+00
4.826128016565453649e+00
4.815283665370595934e+00
4.804391774244652247e+00
4.793452588315778584e+00
4.782466807059445379e+00
4.771434662406144334e+00
4.760356402797940589e+00
4.749232736564017010e+00
4.738063898407465224e+00
4.726850139927118555e+00
4.715592177859149636e+00
4.704290249531295487e+00
4.692944609540350420e+00
4.681555982578411879e+00
4.670124608448602999e+00
4.658650744585325576e+00
4.647135123181600491e+00
4.635577986365534642e+00
4.623979594247379588e+00
4.612340686062588624e+00
4.600661506112824206e+00
4.588942317021185602e+00
4.577183864603967756e+00
4.565386395184116708e+00
4.553550173733451167e+00
4.541675952184888843e+00
4.529763978729629770e+00
4.517814520523132593e+00
4.505828335148524211e+00
4.493805672511604676e+00
4.481746801785623902e+00
4.469652485735668535e+00
4.457522975828063672e+00
4.445358543087338354e+00
4.433159954990932405e+00
4.420927464411319008e+00
4.408661344057277276e+00
4.396362365648090353e+00
4.384030783307793833e+00
4.371666871262093856e+00
4.359271405001060806e+00
4.346844639745699901e+00
4.334386851071116098e+00
4.321898817767059420e+00
4.309380795997019398e+00
4.296833062517926294e+00
4.284256398948485867e+00
4.271651062240406027e+00
4.259017330165030479e+00
4.246355986700005580e+00
4.233667289431468639e+00
4.220951516977970108e+00
4.208209455207376770e+00
4.195441362186903334e+00
4.182647517215587918e+00
4.169828707584369631e+00
4.156985191688926662e+00
4.144117249342587073e+00
4.131225668794322736e+00
4.118310708616401250e+00
4.105372648971012950e+00
4.092412278602543196e+00
4.079429856108962582e+00
4.066425661836723826e+00
4.053400484565908179e+00
4.040354582770349978e+00
4.027288236817224032e+00
4.014202235065829960e+00
4.001096835717238953e+00
3.987972318996919174e+00
3.974829472390637886e+00
3.961668553679393856e+00
3.948489842785830373e+00
3.935294125873459503e+00
3.922081660157365146e+00
3.908852725097669900e+00
3.895608105091385553e+00
3.882348056643360135e+00
3.869072858593126885e+00
3.855783293131709311e+00
3.842479615911152280e+00
3.829162104993969695e+00
3.815831539930940153e+00
3.802488175380507318e+00
3.789132288473609389e+00
3.775764655692027905e+00
3.762385530561734637e+00
3.748995189129491035e+00
3.735594404385206957e+00
3.722183428585573939e+00
3.708762536542632660e+00
3.695332497337788791e+00
3.681893561823752048e+00
3.668446003429532976e+00
3.654990586917916673e+00
3.641527561605200081e+00
3.628057199391367060e+00
3.614580260317358462e+00
3.601096992032955413e+00
3.587607664765558813e+00
3.574113033438200304e+00
3.560613343906526840e+00
3.547108864584318955e+00
3.533600344888146338e+00
3.520088028754410292e+00
3.506572182644935864e+00
3.493053550089026071e+00
3.479532372981374522e+00
3.466008915696260573e+00
3.452483915502980949e+00
3.438957612134810660e+00
3.425430267745748214e+00
3.411902612980679095e+00
3.398374885294556780e+00
3.384847344491322740e+00
3.371320714235666482e+00
3.357795229590205377e+00
3.344271147882122097e+00
3.330749185448974803e+00
3.317229574850005136e+00
3.303712570812094018e+00
3.290198882007814518e+00
3.276688738385093558e+00
3.263182391950167460e+00
3.249680543382141185e+00
3.236183419912793457e+00
3.222691270710715816e+00
3.209204788142619780e+00
3.195724196622521163e+00
3.182249742367751377e+00
3.168782109123488677e+00
3.155321518387637969e+00
3.141868213316151515e+00
3.128422868733517159e+00
3.114985703126517791e+00
3.101556956483149552e+00
3.088137294418231260e+00
3.074726932315820616e+00
3.061326106893000443e+00
3.047935474276320722e+00
3.034555246658950711e+00
3.021185657387785550e+00
3.007827352833046586e+00
2.994480541912352578e+00
2.981145454506910486e+00
2.967822726973232239e+00
2.954512564872302960e+00
2.941215194527917465e+00
2.927931242036368786e+00
2.914660909524535715e+00
2.901404419670932100e+00
2.888162388076128462e+00
2.874935013359048330e+00
2.861722514468990841e+00
2.848525496286411052e+00
2.835344153852134230e+00
2.822178702306255449e+00
2.809029735595987010e+00
2.795897445117632163e+00
2.782782042126085376e+00
2.769684109433567354e+00
2.756603834729184133e+00
2.743541425310695558e+00
2.730497452665021640e+00
2.717472100715200067e+00
2.704465572733990797e+00
2.691478428704284998e+00
2.678510848728001381e+00
2.665563031989130582e+00
2.652635526799460575e+00
2.639728509388567179e+00
2.626842174792072715e+00
2.613977059495295574e+00
2.601133335808124780e+00
2.588311194562360473e+00
2.575511160273304068e+00
2.562733401287671686e+00
2.549978104182205829e+00
2.537245781370470521e+00
2.524536597196453513e+00
2.511850733934797297e+00
2.499188691777525229e+00
2.486550631030247871e+00
2.473936729622699726e+00
2.461347475417506647e+00
2.448783024650175388e+00
2.436243550866995289e+00
2.423729529505311397e+00
2.411241112702741329e+00
2.398778469587830031e+00
2.386342063088799037e+00
2.373932041221517686e+00
2.361548568666792303e+00
2.349192095771887256e+00
2.336862766411039516e+00
2.324560740791573821e+00
2.312286456620040287e+00
2.300040053613098490e+00
2.287821687483158506e+00
2.275631783248366791e+00
2.263470476455810232e+00
2.251337918305839736e+00
2.239234521092584362e+00
2.227160416185542058e+00
2.215115750260148619e+00
2.203100922862983868e+00
2.191116061181884955e+00
2.179161307358827848e+00
2.167237048181406056e+00
2.155343406655674698e+00
2.143480520385910193e+00
2.131648763401350344e+00
2.119848254530122933e+00
2.108079126838857675e+00
2.096341741611158493e+00
2.084636213505036917e+00
2.072962671053817818e+00
2.061321462820296713e+00
2.049712699304102603e+00
2.038136504513933023e+00
2.026593214328649584e+00
2.015082935105230177e+00
2.003605786340688422e+00
1.992162091278925962e+00
1.980751952153936513e+00
1.969375483968305085e+00
1.958032997392042063e+00
1.946724590559774759e+00
1.935450374001218776e+00
1.924210645885636728e+00
1.913005500275890114e+00
1.901835043254671787e+00
1.890699560575757276e+00
1.879599142261785261e+00
1.868533889978600593e+00
1.857504077161853617e+00
1.846509789829483994e+00
1.835551125264965222e+00
1.824628344695331306e+00
1.813741530173327954e+00
1.802890774638835403e+00
1.792076327231963306e+00
1.781298266083736204e+00
1.770556679833579672e+00
1.759851805668536828e+00
1.749183717845414376e+00
1.738552500750630614e+00
1.727958379764285013e+00
1.717401425320471242e+00
1.706881717604412207e+00
1.696399470347674798e+00
1.685954750217181664e+00
1.675547633253139379e+00
1.665178321709350096e+00
1.654846878545151334e+00
1.644553375716318877e+00
1.634298004182059172e+00
1.624080823257810335e+00
1.613901900879901374e+00
1.603761416908618065e+00
1.593659427083284674e+00
1.583595995390216116e+00
1.573571290799039346e+00
1.563585365544875261e+00
1.553638279737935557e+00
1.543730191678120311e+00
1.533861150172445731e+00
1.524031211533430907e+00
1.514240523624964752e+00
1.504489131906254329e+00
1.494777088975093982e+00
1.485104532505972186e+00
1.475471504694829461e+00
1.465878054512282924e+00
1.456324309703054043e+00
1.446810309288654617e+00
1.437336098704698140e+00
1.427901796038928417e+00
1.418507437231587121e+00
1.409153064280148415e+00
1.399838785901446059e+00
1.390564635052004894e+00
1.381330650392745385e+00
1.372136931569095886e+00
1.362983508655845943e+00
1.353870417083724353e+00
1.344797747739859828e+00
1.335765527923755025e+00
1.326773789947158555e+00
1.317822616265737823e+00
1.308912031514711138e+00
1.300042065002933844e+00
1.291212791095372125e+00
1.282424231878541487e+00
1.273676413779450511e+00
1.264969403427203209e+00
1.256303220479844551e+00
1.247677888608591079e+00
1.239093467075786048e+00
1.230549973235939953e+00
1.222047428135609515e+00
1.213585884053916875e+00
1.205165356171549851e+00
1.196785863046672560e+00
1.188447450373371517e+00
1.180150131293056015e+00
1.171893922016976841e+00
1.163678862067218711e+00
1.155504962685369064e+00
1.147372237882529289e+00
1.139280721436893629e+00
1.131230422834684779e+00
1.123221354038974384e+00
1.115253543527537028e+00
1.107326999180766602e+00
1.099441731071284956e+00
1.091597762835562646e+00
1.083795100902906094e+00
1.076033753618633959e+00
1.068313740253033162e+00
1.060635065944416366e+00
1.052997737479618223e+00
1.045401770254330565e+00
1.037847168281466503e+00
1.030333936964046737e+00
1.022862088331745856e+00
1.015431625443406594e+00
1.008042552498926714e+00
1.000694878688235923e+00
9.933886062934208505e-01
9.861237384982232124e-01
9.789002821976403590e-01
9.717182390806661241e-01
9.645776115084032654e-01
9.574784046453848063e-01
9.504206197779337950e-01
9.434042586449854495e-01
9.364293252660910172e-01
9.294958207226454716e-01
9.226037463393047533e-01
9.157531055988906710e-01
9.089438995836047752e-01
9.021761294197476744e-01
8.954497986865966874e-01
8.887649086817469568e-01
8.821214605578536760e-01
8.755194586514862820e-01
8.689589047001180511e-01
8.624398001172033368e-01
8.559621506884168562e-01
8.495259588267799478e-01
8.431312264518947552e-01
8.367779615254028469e-01
8.304661673842773650e-01
8.241958467119577803e-01
8.179670104128454744e-01
8.117796630108760070e-01
8.056338082250632526e-01
7.995294607151565147e-01
7.934666264718236439e-01
7.874453105375313067e-01
7.814655321925699782e-01
7.755272991934218929e-01
7.696306182124336148e-01
7.637755140761401940e-01
7.579619966280956023e-01
7.521900744983138765e-01
7.464597790547027323e-01
7.407711225745051697e-01
7.351241159977496276e-01
7.295187983081055094e-01
7.239551845919139916e-01
7.184332884796594820e-01
7.129531577349578209e-01
7.075148106610237297e-01
7.021182639911466294e-01
6.967635755337039383e-01
6.914507672524506932e-01
6.861798594316872446e-01
6.809509213005532358e-01
6.757639789661040730e-01
6.706190567516107093e-01
6.655162368035542064e-01
6.604555498966920846e-01
6.554370249245035085e-01
6.504607585750680210e-01
6.455267868582832413e-01
6.406351438151141053e-01
6.357859424304534990e-01
6.309792245594846305e-01
6.262150300154273319e-01
6.214934899637866161e-01
6.168146527550909530e-01
6.121785646465692787e-01
6.075853769864308918e-01
6.030351453044910937e-01
5.985279230174315179e-01
5.940638837558661622e-01
5.896430909365146800e-01
5.852656058876727352e-01
5.809316266858572941e-01
5.766412253507521291e-01
5.723944718994715686e-01
5.681915910321657659e-01
5.640326640749014908e-01
5.599177705185000020e-01
5.558471638110952240e-01
5.518209352484512165e-01
5.478391745637219978e-01
5.439021659369537298e-01
5.400100112228723992e-01
5.361628111181930834e-01
5.323608822720710121e-01
5.286043375736609873e-01
5.248932893186538662e-01
5.212280879928739008e-01
5.176088578377809890e-01
5.140357232527307252e-01
5.105090694249522221e-01
5.070290320640480353e-01
5.035957479976164164e-01
5.002096373442105337e-01
4.968708471557825024e-01
4.935795267826026955e-01
4.903361307572089434e-01
4.871408170799954029e-01
4.839937474437802645e-01
4.808954094647518995e-01
4.778459714281729220e-01
4.748456068852491274e-01
4.718948344117355753e-01
4.689938316839845633e-01
4.661427833220024852e-01
4.633422360993668665e-01
4.605923760614023532e-01
4.578933978464410082e-01
4.552458733878987918e-01
4.526499961417652096e-01
4.501059695676013495e-01
4.476143880998059710e-01
4.451754520280377103e-01
4.427893725054025675e-01
4.404567652472703432e-01
4.381778376650786178e-01
4.359528079084516450e-01
4.337823147817097547e-01
4.316665746599110953e-01
4.296058129856325514e-01
4.276006987143283755e-01
4.256514614872040636e-01
4.237583361543406646e-01
4.219220370111089191e-01
4.201428147999097251e-01
4.184209188229787713e-01
4.167571353204750362e-01
4.151517485733186574e-01
4.136050316089923684e-01
4.121178837414714580e-01
4.106906406343469040e-01
4.093236136613393472e-01
4.080178729588245790e-01
4.067738292421562707e-01
4.055918524598747243e-01
4.044732589059122918e-01
4.034185645392766584e-01
4.024282225854007855e-01
4.015038911456058623e-01
4.006462314438867245e-01
3.998558079835266565e-01
3.991347495594148587e-01
3.984839219107038644e-01
3.979040373722602109e-01
3.973978908620603434e-01
3.969666450657627910e-01
3.966112296448593422e-01
3.963354081050756150e-01
3.961407610596336393e-01
3.960285874844862719e-01
3.960039827008283719e-01
3.960690076526174885e-01
3.962255973671007792e-01
3.964802487339147419e-01
3.968352529868108269e-01
3.972934329928640707e-01
3.978615730054055888e-01
3.985412372095296085e-01
3.993358607596491083e-01
4.002490303483616785e-01
4.012797727494351041e-01
4.024303421538828474e-01
4.036952782833011510e-01
4.050695389131000468e-01
4.065498765553339222e-01
4.081185125738870378e-01
4.097691546270090801e-01
4.114881763621658362e-01
4.132607872418305184e-01
4.150924021983128931e-01
4.169689981530750877e-01
4.189277066402961602e-01
4.209943712988707953e-01
4.232043003996157626e-01
4.256391114218963101e-01
4.282722758806889463e-01
4.312049247725981416e-01
4.342288009410135707e-01
4.370815295150776159e-01
4.396977960146589148e-01
4.411053385395289350e-01
4.408578585047460696e-01
4.384658807771605882e-01
4.327842477796301490e-01
4.237234744674632236e-01
4.108100089253118870e-01
3.941468124018121522e-01
3.741718704037493293e-01
3.509799516205810987e-01
3.257684868132354472e-01
2.990149406257029407e-01
2.710258123146735421e-01
2.431440213588547394e-01
2.161643495109127899e-01
1.897660684569623113e-01
1.668981353161146375e-01
1.502209893486424752e-01
1.310129771370790730e-01
1.138691144895541268e-01
2.119044788420495207e-01
