1.520641055166613685e-19
2.050197960471360339e-19
2.832177895343811545e-19
3.732825187461978981e-19
4.839484739412425339e-19
6.233519743271267026e-19
7.925168973059408937e-19
1.003331260070198537e-18
1.262766940205470500e-18
1.574305843611361702e-18
1.958400133149180490e-18
2.426005337642016869e-18
2.983125999318119842e-18
3.663311449741718104e-18
4.484264067717611165e-18
5.455894430570227793e-18
6.632285591089274046e-18
8.041666651672680325e-18
9.700092336005356075e-18
1.169338821435832876e-17
1.406590501994299598e-17
1.684323228008266973e-17
2.015957263585879965e-17
2.408361680460609911e-17
2.865553657987634021e-17
3.408224964458707520e-17
4.046869746286588426e-17
4.787703983491309162e-17
5.662203237569059591e-17
6.686189703750996322e-17
7.869149646082762966e-17
9.258343224521309188e-17
1.087732320612112703e-16
1.274037525958895182e-16
1.491757035529879544e-16
1.744353683586729027e-16
2.033951271778060349e-16
2.370812319203121446e-16
2.759966908784465159e-16
3.204533193615234992e-16
3.719362875773360902e-16
4.311676936760936770e-16
4.985998028312230637e-16
5.763569580300905837e-16
6.654638850366182928e-16
7.665688123207446387e-16
8.826758010434866123e-16
1.015222702433620771e-15
1.165127887291218148e-15
1.336592145500526229e-15
1.531610804519988696e-15
1.751470248745436434e-15
2.001980647971660058e-15
2.285881079092618052e-15
2.604953463638794894e-15
2.967147991309588060e-15
3.376184970141613805e-15
3.834505979923732924e-15
4.352875464700075745e-15
4.936294159791732468e-15
5.588071976734723809e-15
6.322634293312510529e-15
7.146634874718929490e-15
8.064514147563029405e-15
9.095409535556446015e-15
1.024808665587769951e-14
1.152844206669522703e-14
1.296161572666926533e-14
1.455904399914067023e-14
1.632847945270261451e-14
1.830263213816903587e-14
2.049628295039849120e-14
2.291952627643431576e-14
2.561452716200740787e-14
2.860021546910464283e-14
3.188961159206522447e-14
3.553658067841241700e-14
3.956515341307098716e-14
4.399197200125341996e-14
4.888525274057855692e-14
5.427524443052766862e-14
6.018303261462354255e-14
6.669429113444910597e-14
7.384678937611311465e-14
8.166701870321914982e-14
9.026172683185452214e-14
9.967771370367021249e-14
1.099479967616357839e-13
1.212045862176164803e-13
1.335050562809470030e-13
1.468902477167654105e-13
1.615222683672297693e-13
1.774714764603120632e-13
1.947880331400487262e-13
2.136697180249913408e-13
2.342019908046543896e-13
2.564460582326151367e-13
2.806418057262022017e-13
3.068924758794981534e-13
3.352723112954759561e-13
3.660707627025325377e-13
3.994119808333516843e-13
4.353855494015036073e-13
4.743392075216144185e-13
5.164217017078501916e-13
5.617406481061535884e-13
6.107124201613010003e-13
6.635147952752242230e-13
7.202766051954105504e-13
7.814953955498877795e-13
8.473834595050884370e-13
9.180946848237018178e-13
9.942234614343189002e-13
1.076023647040998224e-12
1.163678954173881018e-12
1.257901043825278604e-12
1.358994853221168554e-12
1.467180079859851754e-12
1.583313703197813162e-12
1.707765339378149363e-12
1.840799039518622246e-12
1.983457932969145390e-12
2.136196937008478188e-12
2.299336506537297010e-12
2.474168930071673278e-12
2.661267433483866231e-12
2.861027295697807819e-12
3.075092292706474789e-12
3.304209132335020460e-12
3.548877637169457304e-12
3.811265934670531227e-12
4.092389314358252058e-12
4.392902189322975251e-12
4.715796983860579826e-12
5.062524620517322432e-12
5.433980929302163906e-12
5.834511305875156817e-12
6.266298554193588851e-12
6.730633286083755162e-12
7.234152339320016627e-12
7.780297171219738418e-12
8.371026416153760239e-12
9.016935927477794703e-12
9.723660581987374487e-12
1.049431477959030903e-11
1.134640716230283364e-11
1.228941621571121428e-11
1.332848041059766110e-11
1.449322237856789622e-11
1.579985637333650265e-11
1.725708193932833383e-11
1.891572404189363284e-11
2.080375828939752852e-11
2.293614516672749494e-11
2.540065225583759221e-11
2.824566714508037311e-11
3.149711152357935622e-11
3.530669499683472608e-11
3.975795904099430677e-11
4.489588972493252611e-11
5.098198337603091257e-11
5.815979739324708039e-11
6.650720852300373698e-11
7.647253119123972694e-11
8.830082264274854992e-11
1.021261911628526489e-10
1.187118209704636623e-10
1.384727389918331930e-10
1.616382595033146974e-10
1.894969917189995213e-10
2.227457039156525301e-10
2.617732766494280506e-10
3.087361578357036066e-10
3.647932944668190067e-10
4.305982260755260246e-10
5.097259115420403712e-10
6.040855083256067199e-10
7.147648818158772822e-10
8.476331929626728281e-10
1.005804414995889431e-09
1.191071541130891284e-09
1.412974784309775523e-09
1.676542302211348452e-09
1.984699484174078008e-09
2.352797842604064943e-09
2.788873969659156724e-09
3.297652011140380290e-09
3.903583651826293406e-09
4.619382437949050689e-09
5.452598443203909204e-09
6.441779256581981009e-09
7.606830031122599703e-09
8.959691597617626982e-09
1.056050780330129570e-08
1.244012096534336382e-08
1.461721850459549913e-08
1.718466948621607756e-08
2.018976659294527684e-08
2.366144842128434638e-08
2.774162753698126978e-08
3.250206551760184906e-08
3.798710325603546571e-08
4.441133942595563599e-08
5.188252683097043306e-08
6.046788854079042179e-08
7.048855226997371895e-08
8.210461846542734324e-08
9.541692156256755093e-08
1.109009746075302586e-07
1.287921597061700451e-07
1.492401234463109784e-07
1.729416062800604735e-07
2.002390298049405415e-07
2.313521211858025879e-07
2.672910491904682226e-07
3.085486987369640154e-07
3.554442616356852668e-07
4.094269154220712370e-07
4.711986270159947149e-07
5.412181326664145253e-07
6.215424807511593414e-07
7.131608290750926515e-07
8.167254214092374515e-07
9.351252994835112120e-07
1.069739530372891575e-06
1.221485568558994131e-06
1.394378012378406686e-06
1.590319126717150578e-06
1.810585583095611365e-06
2.060696932036802216e-06
2.343249247053873721e-06
2.659999994305634184e-06
3.018457338911626432e-06
3.422126490020730686e-06
3.873400775482196376e-06
4.382384957759461731e-06
4.953761193836419680e-06
5.590753670648317089e-06
6.306816984464667983e-06
7.108138325302117780e-06
7.999014412419280635e-06
8.997168938408750779e-06
1.011068991946696248e-05
1.134524168499299815e-05
1.272392169331712921e-05
1.425718903368530215e-05
1.595243041545674372e-05
1.783942383998967881e-05
1.993154982958755277e-05
2.223833726656676207e-05
2.479776622522290156e-05
2.762677296413937344e-05
3.073751714176213936e-05
3.417792401168511342e-05
3.796920446156202221e-05
4.212670793897708299e-05
4.671026805470913787e-05
5.174616948041378195e-05
5.725357962418101089e-05
6.330641075552097968e-05
6.993689008306289395e-05
7.716869559777266377e-05
8.509216857620814590e-05
9.374640031892306398e-05
1.031603278857515579e-04
1.134432100482353744e-04
1.246419557969899634e-04
1.367915530003509814e-04
1.500227499892766911e-04
1.643912373747301477e-04
1.799388723451615039e-04
1.968204854571264050e-04
2.151015022436986287e-04
2.348314745377494970e-04
2.561918611678351359e-04
2.792587440534204405e-04
3.040901790302678485e-04
3.308966835752213411e-04
3.597658614758647198e-04
3.907650414738505617e-04
4.241360447966888527e-04
4.599787783228414997e-04
4.983705477444755772e-04
5.395864706078466310e-04
5.837394246701730531e-04
6.309173099570156108e-04
6.814302225701293321e-04
7.354045430103594910e-04
7.929392800219309820e-04
8.543808429451411673e-04
9.198695035132889225e-04
9.895157823254345248e-04
1.063703383988853996e-03
1.142586728730651683e-03
1.226288142609153293e-03
1.315229289433428187e-03
1.409578894623228018e-03
1.509471286535823790e-03
1.615366509762675455e-03
1.727447695641880915e-03
1.845861299262441723e-03
1.971106039145778012e-03
2.103379551658300910e-03
2.242840506812942159e-03
2.390026609308459980e-03
2.545150160587325485e-03
2.708382145235126073e-03
2.880299761786234581e-03
3.061130268363307719e-03
3.251057133176016561e-03
3.450697950427986712e-03
3.660295435364809349e-03
3.880045843766592121e-03
4.110608673017491534e-03
4.352242884547307886e-03
4.605158029546444105e-03
4.870057832672825340e-03
5.147218655306180259e-03
5.436864123501738803e-03
5.739745525015476496e-03
6.056158205581608882e-03
6.386340978813492830e-03
6.731097207839201700e-03
7.090743288070429536e-03
7.465534717725119153e-03
7.856332745618669830e-03
8.263477393591029535e-03
8.687242762639378266e-03
9.128555164271636227e-03
9.587781343253602706e-03
1.006521636207564560e-02
1.056186014849687209e-02
1.107810977219486105e-02
1.161428405667530583e-02
1.217146642629814840e-02
1.275008834771538223e-02
1.335049562679348385e-02
1.397386628627508148e-02
1.462067067773889679e-02
1.529128519589509523e-02
1.598699463162609608e-02
1.670831305518713852e-02
1.745565139013114178e-02
1.823041424145623729e-02
1.903316449576483368e-02
1.986435181593523489e-02
2.072551432563099483e-02
2.161726900217382508e-02
2.254010865849850886e-02
2.349571907232641046e-02
2.448477667848339423e-02
2.550782197849671071e-02
2.656670275077174792e-02
2.766216027300824956e-02
2.879478733253883552e-02
2.996660807188970474e-02
3.117843395613088472e-02
3.243091465360597309e-02
3.372626489356196633e-02
3.506537158641349905e-02
3.644894582596930332e-02
3.787940689288196022e-02
3.935772227968537679e-02
4.088466896370022974e-02
4.246288440486972737e-02
4.409342166869428814e-02
4.577712796443942495e-02
4.751687217841246702e-02
4.931379778278390663e-02
5.116882644610429298e-02
5.308507133865547623e-02
5.506377102406009860e-02
5.710592573705727121e-02
5.921490542953367769e-02
6.139204832128983963e-02
6.363843721294630551e-02
6.595771103993759710e-02
6.835131216349031591e-02
7.082040986600174337e-02
7.336892405596476263e-02
7.599840567857311935e-02
7.871011435734112660e-02
8.150826282977453874e-02
8.439451504636835688e-02
8.737022479809969377e-02
9.043990943075302935e-02
9.360535030593926387e-02
9.686799919107748347e-02
1.002326897729680782e-01
1.037013252113015011e-01
1.072754590493716909e-01
1.109602530076362475e-01
1.147577364054098298e-01
1.186695683531614615e-01
1.227012502421347823e-01
1.268549418782119187e-01
1.311324117167037839e-01
1.355395123622135933e-01
1.400785383839106002e-01
1.447513713313751949e-01
1.495642264043515468e-01
1.545195371333838164e-01
1.596193018585145007e-01
1.648701094984028892e-01
1.702745366180799247e-01
1.758347019570035419e-01
1.815575788894513154e-01
1.874458908997613527e-01
1.935018806087185628e-01
1.997329160398494396e-01
2.061418712186083857e-01
2.127311159578778865e-01
2.195084224023905184e-01
2.264768183931501755e-01
2.336388040221756002e-01
2.410025640986429574e-01
2.485712831113812971e-01
2.563475942257060769e-01
2.643401022908918319e-01
2.725521507435491042e-01
2.809865082372584033e-01
2.896522056315672389e-01
2.985527470280549545e-01
3.076910385183820318e-01
3.170765413664187182e-01
3.267129214745891352e-01
3.366032237979231234e-01
3.467573427402977360e-01
3.571791065514850483e-01
3.678716999223745621e-01
3.788454513814619173e-01
3.901043513674582464e-01
4.016517245948951209e-01
4.134983326995331776e-01
4.256483272185992983e-01
4.381051725155653553e-01
4.508800599057911085e-01
4.639772998103022794e-01
4.774004950897394184e-01
4.911612605444961588e-01
5.052640621217977523e-01
5.197126391624414810e-01
5.345190208575435475e-01
5.496878242661330516e-01
5.652229222994141766e-01
5.811367465259730247e-01
5.974340596520067992e-01
6.141188643378012735e-01
6.312039794960928596e-01
6.486943068973985982e-01
6.665939741509063765e-01
6.849161693750230873e-01
7.036659257337483098e-01
7.228474899334167425e-01
7.424743981833841211e-01
7.625518063338839747e-01
7.830840732757690104e-01
8.040850592723939316e-01
8.255600328312254765e-01
8.475134570536897449e-01
8.699594887252649622e-01
8.929034970566337437e-01
9.163500402336718365e-01
9.403135395688516640e-01
9.647994508380994816e-01
9.898124169177631160e-01
1.015367086894017445e+00
1.041468987306688687e+00
1.068122834076671301e+00
1.095343463368030124e+00
1.123136455787946408e+00
1.151506587518057012e+00
1.180468838174385970e+00
1.210028825067060776e+00
1.240191370752799616e+00
1.270971552034970697e+00
1.302375004573918860e+00
1.334406582287057219e+00
1.367081410054300283e+00
1.400405122124090740e+00
1.434382587718199487e+00
1.469028927569122400e+00
1.504349752903269888e+00
1.540349931288653051e+00
1.577044523452531877e+00
1.614439093843405004e+00
1.652538490469732446e+00
1.691357654209777017e+00
1.730902077526198291e+00
1.771176569955531299e+00
1.812195890166699686e+00
1.853965433873398183e+00
1.896489952680965096e+00
1.939783961620833663e+00
1.983852736536391603e+00
2.028700951973779087e+00
2.074342821100880307e+00
2.120783477010461215e+00
2.168027498808106301e+00
2.216088741564940623e+00
2.264972170713705601e+00
2.314682252056636802e+00
2.365232426970788726e+00
2.416627467092073100e+00
2.468871707913697922e+00
2.521978125904368984e+00
2.575951275854470257e+00
2.630795348590960092e+00
2.686522817122110496e+00
2.743138003172393535e+00
2.800644943583437296e+00
2.859055589475667514e+00
2.918374020839128224e+00
2.978604118097207820e+00
3.039757317948741377e+00
3.101837458517779478e+00
3.164848270345709924e+00
3.228800719814734155e+00
3.293698417043097848e+00
3.359544962676324076e+00
3.426350954877058541e+00
3.494119812702077610e+00
3.562855048097405941e+00
3.632567082169650963e+00
3.703259214204926320e+00
3.774934940420418439e+00
3.847604829897002698e+00
3.921272187888436900e+00
3.995940615217307812e+00
4.071621367648550205e+00
4.148317977087605080e+00
4.226034343449291519e+00
4.304783309591693197e+00
4.384569022721920284e+00
4.465395994020231463e+00
4.547280189429529607e+00
4.630227073605105659e+00
4.714242261143064994e+00
4.799347591820791514e+00
4.885551231053505639e+00
4.972860627111203691e+00
5.061308949124708967e+00
5.150910273251783522e+00
5.241674671442732247e+00
5.333659675743383843e+00
5.426894677084476371e+00
5.521392928819929047e+00
5.617277606942209900e+00
5.714624254026637651e+00
5.813462301439250801e+00
5.914115135673508661e+00
6.016775445950866441e+00
6.121578648752358021e+00
6.229282567508236390e+00
6.340218572640742956e+00
6.454796416102972501e+00
6.574048230683245286e+00
6.698163129212235667e+00
6.827665426019798645e+00
6.962761586437751227e+00
7.103101580938928628e+00
7.248668167050049682e+00
7.398157965862989016e+00
7.550888872886143410e+00
7.706225398051728348e+00
7.862374905926816204e+00
8.018773756069771608e+00
8.174753398594976517e+00
8.328770750205180207e+00
8.480387767054876846e+00
8.628917473764152746e+00
8.772996500943810005e+00
8.912258815776093357e+00
9.046192466814728661e+00
9.173753951632331649e+00
9.294745270959595018e+00
9.408864925177057970e+00
9.515714905282051106e+00
9.615563625962407102e+00
9.708176594003303350e+00
9.794129282590210650e+00
9.873811466793979363e+00
9.947542483417384673e+00
1.001605564297176976e+01
1.007946619817332667e+01
1.013815452483463453e+01
1.019256675333180162e+01
1.024295010692127939e+01
1.028940760175536973e+01
1.033254993962208523e+01
1.037279445865589800e+01
1.041037698955581448e+01
1.044644321702926071e+01
1.048155475920753865e+01
1.051619358883464450e+01
1.055223087116024594e+01
1.059056676156217769e+01
1.063191051229395434e+01
1.067880152869504506e+01
1.073217602849075547e+01
1.079292421046674910e+01
1.086356916868037636e+01
1.094477274779443299e+01
1.103734992023797723e+01
1.114297817246242062e+01
1.126172243819370777e+01
1.139406208227695849e+01
1.153984243562815948e+01
1.169808441256490994e+01
1.186859103234695034e+01
1.204856210450297205e+01
1.223606271375160226e+01
1.242996053168683801e+01
1.262551781081364055e+01
1.282088067061267900e+01
1.301438766529993707e+01
1.320206401916718342e+01
1.338337525490999269e+01
1.355719952038632137e+01
1.372264679536345966e+01
1.388047260357842028e+01
1.403067653263395620e+01
1.417476434897517379e+01
1.431363006634174617e+01
1.444785840325692838e+01
1.457906501325369675e+01
1.470760528472390938e+01
1.483391962886820714e+01
1.495870704375739813e+01
1.508197617886693997e+01
1.520387009441819082e+01
1.532451618208480504e+01
1.544388255915722397e+01
1.556198415818602321e+01
1.567882844636228867e+01
1.579441556136998770e+01
1.590874628116351452e+01
1.602183237173573715e+01
1.613367845552128088e+01
1.624428752167154855e+01
1.635366014913958210e+01
1.646179083253208475e+01
1.656867699819447992e+01
1.667429848516055912e+01
1.677864311241749462e+01
1.688170200082378258e+01
1.698344243279773025e+01
1.708385019916059733e+01
1.718291342997260429e+01
1.728059441341489944e+01
1.737687820025267627e+01
1.747175189881848922e+01
1.756517530021146456e+01
1.765713286693724626e+01
1.774761113862061990e+01
1.783656834634808774e+01
1.792398881178501924e+01
1.800985874253912300e+01
1.809413611685240753e+01
1.817680566816870780e+01
1.825785367547925020e+01
1.833723917723046171e+01
1.841494762422474452e+01
1.849096573347977923e+01
1.856525439874985395e+01
1.863779986865443661e+01
1.870858949963274753e+01
1.877758636775536871e+01
1.884477753805589728e+01
1.891015108825734714e+01
1.897367241913370961e+01
1.903532946287043970e+01
1.909511106544528047e+01
1.915298510341291305e+01
1.920894046698582969e+01
1.926296682777924119e+01
1.931503474600008374e+01
1.936513417366317569e+01
1.941325568021545322e+01
1.945937274287012997e+01
1.950347646714203265e+01
1.954555839432929432e+01
1.958559513437759847e+01
1.962357901580326214e+01
1.965950261609036431e+01
1.969334585279620597e+01
1.972510232652070172e+01
1.975476570160688183e+01
1.978231933498643969e+01
1.980775813426116372e+01
1.983107688883319497e+01
1.985226249192423609e+01
1.987131118437954669e+01
1.988821890918668700e+01
1.990297616764307520e+01
1.991558055418957096e+01
1.992602918677073021e+01
1.993431622778885526e+01
1.994044064007993455e+01
1.994440073222368071e+01
1.994619436394839340e+01
1.994582187484112623e+01
1.994328277434391694e+01
1.993857863797812158e+01
1.993171118310703704e+01
1.992268112432433114e+01
1.991149375223140794e+01
1.989815215538514437e+01
1.988265825146726939e+01
1.986502102582899099e+01
1.984524492427826203e+01
1.982333305922280076e+01
1.979929807128550578e+01
1.977314574261649582e+01
1.974488036596813245e+01
1.971451817922097760e+01
1.968206627329363201e+01
1.964753010100586650e+01
1.961092942139113759e+01
1.957227260014083470e+01
1.953156622395884767e+01
1.948883347944420663e+01
1.944408396694919716e+01
1.939732537515934396e+01
1.934858420822577330e+01
1.929787125530074832e+01
1.924519526993650942e+01
1.919058594862056211e+01
1.913405521801125886e+01
1.907561285473776991e+01
1.901529160808843599e+01
1.895310448574009499e+01
1.888906224118121102e+01
1.882320052315156289e+01
1.875553335896353246e+01
1.868607242833401827e+01
1.861485611291432818e+01
1.854189939384110630e+01
1.846721482212020859e+01
1.839084333371679136e+01
1.831280079392101001e+01
1.823310056616422870e+01
1.815178595161836839e+01
1.806887362672822306e+01
1.798437770516078515e+01
1.789834365528002635e+01
1.781078888879523348e+01
1.772172820472312083e+01
1.763120903305823717e+01
1.753924944238789507e+01
1.744586484998292164e+01
1.735110443543670655e+01
1.725498684376399794e+01
1.715752804146668709e+01
1.705877874025228635e+01
1.695875807956243264e+01
1.685748250439030116e+01
1.675500403688911177e+01
1.665134222794975827e+01
1.654651392897585893e+01
1.644057224832539177e+01
1.633353706493918267e+01
1.622542556385051782e+01
1.611629171448548092e+01
1.600615564048844064e+01
1.589503478775580625e+01
1.578298376206007703e+01
1.567002284885593610e+01
1.555616968258515698e+01
1.544147928187519625e+01
1.532597201197375192e+01
1.520966562402589339e+01
1.509261532804015182e+01
1.497484148845262375e+01
1.485636190173047311e+01
1.473723175121184426e+01
1.461747132192360077e+01
1.449709838520493044e+01
1.437616788507125598e+01
1.425469995100594112e+01
1.413271226065495689e+01
1.401025931313027506e+01
1.388736100892094960e+01
1.376403486610592175e+01
1.364033474108317101e+01
1.351628023472861173e+01
1.339188864253811140e+01
1.326721298829703777e+01
1.314227250579504158e+01
1.301708420757037032e+01
1.289170010333018013e+01
1.276613899592732793e+01
1.264041755722102955e+01
1.251458661095860236e+01
1.238866446924417630e+01
1.226266740860783777e+01
1.213664490572687527e+01
1.201061472639639760e+01
1.188459270071949625e+01
1.175862680865994570e+01
1.163273421848587397e+01
1.150693026656457540e+01
1.138126129827942812e+01
1.125574383760535646e+01
1.113039268370676638e+01
1.100525242160594530e+01
1.088033888882160660e+01
1.075566630777513843e+01
1.063127738986487181e+01
1.050718724871409471e+01
1.038340949456995865e+01
1.025998486482458461e+01
1.013692771653502867e+01
1.001425101660782246e+01
9.891993441029715228e+00
9.770168562382158584e+00
9.648788677330358610e+00
9.527890325908629165e+00
9.407486273063193849e+00
9.287588122441482241e+00
9.168230216267078347e+00
9.049424493436765360e+00
8.931181845788286111e+00
8.813534368532867092e+00
8.696493160816350709e+00
8.580068387852685774e+00
8.464289861342725985e+00
8.349167831586401078e+00
8.234711726441121371e+00
8.120949050201838659e+00
8.007889199650673362e+00
7.895540858688839592e+00
7.783929212494673067e+00
7.673062803873995641e+00
7.562949570169991809e+00
7.453612377259843491e+00
7.345058917550890243e+00
7.237296382933249284e+00
7.130345330668283133e+00
7.024212610239282562e+00
6.918904672604432982e+00
6.814439787466141318e+00
6.710823972601457577e+00
6.608062945793034437e+00
6.506172720201974791e+00
6.405158496642989086e+00
6.305025270609291965e+00
6.205786839196469451e+00
6.107447604249647277e+00
6.010011852849312497e+00
5.913491215288818381e+00
5.817889315394687344e+00
5.723209748481090209e+00
5.629462035335876635e+00
5.536649045407777692e+00
5.444773701406660393e+00
5.353843479222306634e+00
5.263860520003914800e+00
5.174827095310972958e+00
5.086748707374034062e+00
4.999626797296762959e+00
4.913463009036442841e+00
4.828260948325465485e+00
4.744021386374373428e+00
4.660745364954308023e+00
4.578434675606113835e+00
4.497089451423888384e+00
4.416710158998150781e+00
4.337296862340462411e+00
4.258849089574845870e+00
4.181366760418591788e+00
4.104848301646087272e+00
4.029292670685253874e+00
3.954699269749010426e+00
3.881064981642792233e+00
3.808388228251432306e+00
3.736667924525251649e+00
3.665899504904089223e+00
3.596080891502559496e+00
3.527210542941560778e+00
3.459282542562077456e+00
3.392294348847503471e+00
3.326243995503526119e+00
3.261124313022442323e+00
3.196932332530108667e+00
3.133665694483857234e+00
3.071316075125687828e+00
3.009880114424398290e+00
2.949355091296703701e+00
2.889731626114268703e+00
2.831006003620162303e+00
2.773175172762380569e+00
2.716228795684086261e+00
2.660162837374253630e+00
2.604973948094274849e+00
2.550650928159423625e+00
2.497189457636131760e+00
2.444585918938899205e+00
2.392828345223603215e+00
2.341912165664638668e+00
2.291833525068627253e+00
2.242579781911198999e+00
2.194146147566287564e+00
2.146528558718066027e+00
2.099713789052556123e+00
2.053696864175971637e+00
2.008473541250836991e+00
1.964030096140272574e+00
1.920361399547131143e+00
1.877463056725883872e+00
1.835320929474113738e+00
1.793929763184839432e+00
1.753285037750220043e+00
1.713372281196577029e+00
1.674186141837792574e+00
1.635721999611037036e+00
1.597965125373016049e+00
1.560910097150855158e+00
1.524552219128503916e+00
1.488876577702574311e+00
1.453877705911640339e+00
1.419550855120968125e+00
1.385880995924815950e+00
1.352862640139126604e+00
1.320491007927589999e+00
1.288751018571930862e+00
1.257637184874310421e+00
1.227144716061304264e+00
1.197258540347798439e+00
1.167973192159307727e+00
1.139283888675977297e+00
1.111175623005314472e+00
1.083642970256277316e+00
1.056681173069808910e+00
1.030275341107560472e+00
1.004420107649360405e+00
9.791107569208552519e-01
9.543325625182719207e-01
9.300802318212162412e-01
9.063491053899360717e-01
8.831246638978145214e-01
8.604017032177959656e-01
8.381756336383414663e-01
8.164321818811397513e-01
7.951662452020741290e-01
7.743733156798926487e-01
7.540394009710071899e-01
7.341595111388906636e-01
7.147292308136187211e-01
6.957348794934938851e-01
6.771715900551950051e-01
6.590350491761196583e-01
6.413119152475900142e-01
6.239974525979313791e-01
6.070874582243498407e-01
5.905689527456768895e-01
5.744373392697342817e-01
5.586885322092770556e-01
5.433099341815512684e-01
5.282970931516226543e-01
5.136460469177018817e-01
4.993445964670377157e-01
4.853884395135481533e-01
4.717737421389238128e-01
4.584887168467070562e-01
4.455292148722261314e-01
4.328915344633972873e-01
4.205643097438704903e-01
4.085435481936290358e-01
3.968256831535861284e-01
3.853997776193999747e-01
3.742619970613837999e-01
3.634089119461939021e-01
3.528300187382005793e-01
3.425216417394641444e-01
3.324804897451341668e-01
3.226964948311757952e-01
3.131661401433269987e-01
3.038862732433051383e-01
2.948472617128861661e-01
2.860457468001053605e-01
2.774787145727922733e-01
2.691369659726177699e-01
2.610172989325834081e-01
2.531168371344955093e-01
2.454268109052144820e-01
2.379441728473730144e-01
2.306661828005003023e-01
2.235844948860505610e-01
2.166962138407130256e-01
2.099987337093355555e-01
2.034841254139499733e-01
1.971496428461899653e-01
1.909928118754158632e-01
1.850061120362906097e-01
1.791869430274174169e-01
1.735329598000971141e-01
1.680370413232734617e-01
1.626967294571905753e-01
1.575098051952471268e-01
1.524695369660162558e-01
1.475736049156563812e-01
1.428199128037778431e-01
1.382021079283646536e-01
1.337180046761976271e-01
1.293656261178522671e-01
1.251389873779717166e-01
1.210360329221584624e-01
1.170549015481205796e-01
1.131899648527546764e-01
1.094392931459058360e-01
1.058011372834491981e-01
1.022702137830715369e-01
9.884471452459775431e-02
9.552299870281433236e-02
9.230011609260108107e-02
8.917437585139365019e-02
8.614424176854819371e-02
8.320508515351829337e-02
8.035532814064105800e-02
7.759353535935654966e-02
7.491538789290569378e-02
7.231941654186606339e-02
6.980428301576123429e-02
6.736596636291618256e-02
6.500310171781149837e-02
6.271444409949407384e-02
6.049625862837714613e-02
5.834728039911076664e-02
5.626635394583375666e-02
5.425001842710133748e-02
5.229710445779350847e-02
5.040654224945240874e-02
4.857513275536917696e-02
4.680179757816915753e-02
4.508554870323311370e-02
4.342343635540622110e-02
4.181446847613026069e-02
4.025773483263811459e-02
3.875052205716645465e-02
3.729191964723861663e-02
3.588109105255090497e-02
3.451554606645947793e-02
3.319445081903988487e-02
3.191703822366515758e-02
3.068102759543241131e-02
2.948565663920299507e-02
2.833022339190788622e-02
2.721264268514679910e-02
2.613221862877801449e-02
2.508830993241377427e-02
2.407901264372311681e-02
2.310369203436480126e-02
2.216176294958606754e-02
2.125148817297569173e-02
2.037228887561825727e-02
1.952363145406188841e-02
1.870393092538333996e-02
1.791265914608369120e-02
1.714932948443371324e-02
1.641249485858534488e-02
1.570167272200467465e-02
1.501641890254455484e-02
1.435541027339306934e-02
1.371820500417813594e-02
1.310439700724083147e-02
1.251277377791096268e-02
1.194292961033425159e-02
1.139449233528648693e-02
1.086634757237271709e-02
1.035812151296280036e-02
9.869472018662591231e-03
9.399371371875303235e-03
8.947473861635220696e-03
8.513463833089906715e-03
8.096389972638449659e-03
7.695931342022632043e-03
7.311795612798718293e-03
6.943098938332403075e-03
6.589542329603052633e-03
6.250854051830532186e-03
5.926210173430732780e-03
5.615331337627931137e-03
5.317964111225973421e-03
5.033338314114041250e-03
4.761192394169568541e-03
4.501289365663836348e-03
4.252907967951707717e-03
4.015803077823957429e-03
3.789752719381947205e-03
3.574080938842522700e-03
3.368558063214933517e-03
3.172976066361361380e-03
2.986701749559785794e-03
2.809520240774591050e-03
2.641236727477677421e-03
2.481259082791188817e-03
2.329386840445753486e-03
2.185437925221088689e-03
2.048860256937550233e-03
1.919467555861072887e-03
1.797090198938690276e-03
1.681215572291317210e-03
1.571671463055744318e-03
1.468300539208552665e-03
1.370629314475301430e-03
1.278499552146045680e-03
1.191766113107050771e-03
1.109994358310700769e-03
1.033039904515686879e-03
9.607697174395050379e-04
8.927876260273432752e-04
8.289628984334450812e-04
7.691744817870534677e-04
7.130640697892077400e-04
6.605142693910798224e-04
6.114158122507319789e-04
5.654473425521438319e-04
5.225043685635691196e-04
4.824891071509706131e-04
4.451158833304945752e-04
4.102925443245812663e-04
3.779323744495557123e-04
3.477837524764704571e-04
3.197661872818348167e-04
2.938034942940983608e-04
2.696761545185580485e-04
2.473145619129823959e-04
2.266524226774780445e-04
2.075001000243553099e-04
1.897980162823900967e-04
1.734890478898006916e-04
1.584110186240500950e-04
1.445134647206701797e-04
1.317476581786438674e-04
1.199763300849848355e-04
1.091571841774164128e-04
9.924908269001385104e-05
9.013704901628326837e-05
8.178600412094309477e-05
7.416158445661687572e-05
6.716849738639151847e-05
6.077795438009253744e-05
5.496155734913599802e-05
4.964116061727938596e-05
4.479338635315356746e-05
4.039501782176775879e-05
3.638264752901159625e-05
3.273749248508936633e-05
2.944077447329237151e-05
2.644158856322980972e-05
2.372500509067967226e-05
2.127599694939469018e-05
1.905412984809190486e-05
1.704766521964235548e-05
1.524470503730816105e-05
1.361347375211472706e-05
1.214484206960435737e-05
1.082948944126243744e-05
9.642711490565657057e-06
8.577485257071578334e-06
7.626587200772579714e-06
6.771015975498079178e-06
6.005427348049184475e-06
5.324282997564122296e-06
4.713124341382911326e-06
4.167928314993237979e-06
3.684494272720668779e-06
3.251937784638465903e-06
2.867262785772217973e-06
2.527317401875605748e-06
2.223995119187338262e-06
1.955088575243879723e-06
1.718258124406502605e-06
1.507530390561376895e-06
1.321296494255924169e-06
1.157838233756170075e-06
1.012800791740964173e-06
8.850240560368333492e-07
7.732596308111882713e-07
6.743663522356498314e-07
5.875166475867827319e-07
5.118131038709017086e-07
4.450139644345137328e-07
3.865351802920014840e-07
3.357384868645623218e-07
2.910409191624527560e-07
2.520346851859047949e-07
2.182706419964979236e-07
1.886428083205763169e-07
1.628694859981103127e-07
1.406379574514881961e-07
1.211836354987607210e-07
1.043139920724469672e-07
8.981359360888724396e-08
7.715942001361640979e-08
6.622128141474343055e-08
5.685232653795491604e-08
4.869853245955827599e-08
4.167279439258912277e-08
3.567606211203077580e-08
3.047121138353966158e-08
2.600057912389819636e-08
2.219805687579681233e-08
1.890647718630246537e-08
1.608806934027429124e-08
1.369917235885732622e-08
1.163669945535694529e-08
9.876169800744415986e-09
8.389048451721711532e-09
7.108422451096537608e-09
6.018590886591015433e-09
5.101098437728467504e-09
4.312961813626343636e-09
3.644216200962008244e-09
3.083049048915061766e-09
2.602133473810823500e-09
2.195210809538190028e-09
1.854798264717586963e-09
1.563700708315776465e-09
1.318027747678914403e-09
1.113087927807163233e-09
9.381715435024368923e-10
7.908850209051024638e-10
6.683169032339885102e-10
5.638640628825298886e-10
4.760686828543875059e-10
4.031421341747253810e-10
3.410536892462489586e-10
2.889242221653072795e-10
2.456657906079032550e-10
2.088418879077127552e-10
1.779274367060844659e-10
1.522670967695617042e-10
1.304019433907497821e-10
1.120212214143764689e-10
9.673386449646897571e-11
8.367415889946219078e-11
7.265974142068721555e-11
6.345931123300081929e-11
5.556343703607065824e-11
4.886589110436393161e-11
4.323097342878365122e-11
3.836109865123552654e-11
3.419474664875003191e-11
3.065285629983602093e-11
2.756259490593744265e-11
2.488845424209398084e-11
2.258461057840546155e-11
2.055103073400043506e-11
1.876721519596741872e-11
1.720667221774793177e-11
1.581150224473067645e-11
1.456980553974276366e-11
1.346624581260043167e-11
1.246714056892634684e-11
1.156549365227000808e-11
1.075236479724615901e-11
1.000792248645449485e-11
9.327961886374186232e-12
8.707194812114043232e-12
8.133697160805585082e-12
7.604857962087980858e-12
7.117472971404371554e-12
6.664144609184506375e-12
6.243181123198888840e-12
5.852572734900884956e-12
5.487537157953567198e-12
5.146923065551134243e-12
4.829413409584366528e-12
4.531764614894157057e-12
4.253152917457385875e-12
3.992671686951695127e-12
3.748009320731170785e-12
3.518549130670825634e-12
3.303635716481348117e-12
3.101545249791942600e-12
2.911798801904157538e-12
2.733901635716148284e-12
2.566519455867978006e-12
2.409270087389918277e-12
2.261766974807309160e-12
2.122948134844697416e-12
1.992502876264570421e-12
1.870121480156034212e-12
1.754942207983117113e-12
1.646709444591596941e-12
1.545170765771553247e-12
1.449618081156833674e-12
1.359839561154531502e-12
1.275627226966736716e-12
1.196394745373252112e-12
1.121965853877222058e-12
1.052168069716743758e-12
9.865137343250646644e-13
9.248558778132622669e-13
8.670509324861717043e-13
8.126923807700721763e-13
7.616575790041850732e-13
7.138268118851851622e-13
6.688608799063594414e-13
6.266574356464245751e-13
5.871165884294825943e-13
5.499552722786410241e-13
5.150881134739433754e-13
4.824317673275362205e-13
4.517500979085605336e-13
4.229719397583152261e-13
3.960277863068351479e-13
3.707207805521220012e-13
3.469916513240376860e-13
3.247824743354079573e-13
3.039292739770746826e-13
2.843827320083017286e-13
2.660946181927250494e-13
2.489284729777357669e-13
2.328433005808484900e-13
2.177989805685590123e-13
2.036820640587123585e-13
1.904585082027532261e-13
1.780949719904215271e-13
1.664972330148440494e-13
1.556370515198252459e-13
1.454867487034103801e-13
1.359681513087625929e-13
1.270578579942763385e-13
1.187329144139103520e-13
1.109285305414527819e-13
1.036253348636361753e-13
9.680431097901641512e-14
9.041181725997655589e-14
8.443183496010213291e-14
7.884862657504935283e-14
7.361782729731266276e-14
6.872620482376667783e-14
6.416074887082141300e-14
5.988480574376039472e-14
5.588745640560656010e-14
5.215795649008786239e-14
4.866605502106305270e-14
4.540275131668623928e-14
4.235918161608956706e-14
3.951040550506374217e-14
3.684901143542274833e-14
3.436769477029114615e-14
3.204591501890040362e-14
2.987757561606692159e-14
2.785666312328559182e-14
2.596627853484180561e-14
2.420141223304065503e-14
2.255711893583861535e-14
2.101951015447301786e-14
1.958447375412950168e-14
1.824794713980847242e-14
1.699852800637993476e-14
1.583284446057092655e-14
1.474756254077487332e-14
1.373333089337841209e-14
1.278738751422290669e-14
1.190699925885467390e-14
1.108450485709337265e-14
1.031764425300893024e-14
9.604179190247733825e-15
8.937839606246847685e-15
8.316778110468959435e-15
7.739163642681345565e-15
7.199870090962637464e-15
6.697388962552727010e-15
6.230223879462425003e-15
5.794188354938001733e-15
5.388051913260568911e-15
5.010592962441075141e-15
4.658395980409567174e-15
4.330458319198845557e-15
4.025783753594068258e-15
3.741588659972153573e-15
3.477056888643815092e-15
3.231376851502347173e-15
3.002282285722948351e-15
2.789109543952140044e-15
2.591198144310460941e-15
2.406704953795949506e-15
2.235090894660717269e-15
2.075819017306805257e-15
1.927391879750065598e-15
1.789372048312218436e-15
1.661323455408212754e-15
1.542030781303868738e-15
1.431139441228275877e-15
1.328295664336817160e-15
1.232514127698626726e-15
1.143507703496606179e-15
1.060989684596642568e-15
9.841620498473834465e-16
9.127925373027758244e-16
8.466490318271426079e-16
7.850858817778549894e-16
7.279154025186761268e-16
6.749498711773272500e-16
6.256674560836813322e-16
5.799166520437573410e-16
5.375457959485765397e-16
4.981335686610728136e-16
4.615577973277366927e-16
4.276960789621993374e-16
3.962085999454465102e-16
3.669969431769772127e-16
3.399624230931062685e-16
3.148312485010504394e-16
2.915242211993517094e-16
2.699618598727911136e-16
2.499237970342516730e-16
2.313463664403281411e-16
2.141656201567038780e-16
1.982043739120586022e-16
1.834115004451775369e-16
1.697356026936003215e-16
1.570343650069299337e-16
1.452667721249610364e-16
1.343915572640045601e-16
1.242945298527600903e-16
1.149428207552292604e-16
1.063033310585996163e-16
9.828453188135430081e-17
9.086010956610668563e-17
8.400354384827781968e-17
7.764154609430032477e-17
7.175307248844748591e-17
6.631689580604573743e-17
6.127439333747519132e-17
5.660875312248969622e-17
5.230300210529708458e-17
4.831029712555040018e-17
4.461722094733878360e-17
4.121021610424695287e-17
3.805189067546323669e-17
3.513154773888157333e-17
3.243836924545985732e-17
2.994253840363045267e-17
2.763553587468748380e-17
2.550873839762241228e-17
2.353839421046568991e-17
2.171772527009386806e-17
2.003986489986165244e-17
1.848591218925965797e-17
1.705048004898082123e-17
1.572810619288181505e-17
1.450376537258838400e-17
1.337318042915916762e-17
1.233201070722536026e-17
1.136832422536034632e-17
1.047872857584585324e-17
9.659777965577604473e-18
8.902006638416252297e-18
8.202726697536125184e-18
7.559205544192097505e-18
6.963941648238326439e-18
6.414807506817908467e-18
5.909638334620276471e-18
5.442495360600762306e-18
5.011696365902555704e-18
4.615528159786726127e-18
4.249294002021889051e-18
3.911665117095349524e-18
3.601287099299800505e-18
3.314449285398196882e-18
3.050103150743224043e-18
2.807179036046807456e-18
2.582748316297654344e-18
2.375984454134355249e-18
2.186043534637388316e-18
2.010616499553414545e-18
1.849052471960355247e-18
1.700686313430159615e-18
1.563699307919938157e-18
1.437579442766850330e-18
1.321803010862908222e-18
1.214938974161484099e-18
1.116584985999153652e-18
1.026329112141104170e-18
9.430465182972605891e-19
8.664213740955481808e-19
7.961299922500069976e-19
7.312891492405942015e-19
6.716511914943632035e-19
6.169620377452442563e-19
5.665289126203031678e-19
5.201578234711158005e-19
4.776495387598412290e-19
4.384612417572273203e-19
4.024411241255644166e-19
3.694331321300819207e-19
3.390123938151347038e-19
3.110602242264832382e-19
2.854545218956261351e-19
2.618630733166095958e-19
2.401931748030470187e-19
2.203493912095401822e-19
2.020722189602212492e-19
1.852893151304578260e-19
1.699261628348118455e-19
1.557802520996988116e-19
1.427951837204103317e-19
1.309128303993085321e-19
1.199753109300011230e-19
1.099387017503448894e-19
1.007577027631864162e-19
9.230934613454721965e-20
8.455946224389185836e-20
7.747278034812838635e-20
7.095362082319992724e-20
6.497543254192912153e-20
5.951077976637520063e-20
5.448529184552113017e-20
4.987836122292447095e-20
4.566866793809726949e-20
4.179846527049549927e-20
3.825177646075008937e-20
3.501205130808335494e-20
3.203449873677300444e-20
2.930674511474262365e-20
2.681595673411506347e-20
2.452742835161502009e-20
2.243158629285397188e-20
2.051848961180104232e-20
1.876127597358272964e-20
1.715254507142557369e-20
1.568460499053071221e-20
1.433668533273815386e-20
1.310307113621787320e-20
1.197781697201187170e-20
1.094487914202292635e-20
9.999848436360344815e-21
9.138134080405367562e-21
8.347355916961425300e-21
7.624115521206720229e-21
6.964871681316588329e-21
6.360080837974171314e-21
5.807126311671741748e-21
5.303279217902020611e-21
4.841190091398816840e-21
4.418846268882746803e-21
4.034146947264342734e-21
3.681438068189963021e-21
3.359173176081803900e-21
3.065736612739078047e-21
2.796783050811838409e-21
2.551125486463690235e-21
2.327522627173617830e-21
2.122638352366827758e-21
1.935562498188543097e-21
1.765342363094917180e-21
1.609419254452741406e-21
1.467095994121361450e-21
1.337642121618248393e-21
1.219097203328528681e-21
1.110927748458854439e-21
1.012574264973492480e-21
9.225362240355116237e-22
8.404058045033593122e-22
7.657549025091261317e-22
6.974361701345643903e-22
6.351381691885353306e-22
5.785336620705858446e-22
5.267462440232948051e-22
4.795383225259919642e-22
4.366600146687941773e-22
3.974425558897609148e-22
3.617048738725801537e-22
3.292563481787335540e-22
2.995871776729439248e-22
2.725595050833518073e-22
2.480280650637219293e-22
2.256046290655315461e-22
2.051843477289619941e-22
1.866566314545144095e-22
1.697261326843851913e-22
1.543131876961844859e-22
1.403336906172973142e-22
1.275631815918166960e-22
1.159411941897343184e-22
1.054038287971455443e-22
9.578067211311962899e-23
8.702587542516860249e-23
7.909094002788374646e-23
7.184661669918133581e-23
6.525817588808976299e-23
5.928884517719748670e-23
5.384069538034227940e-23
4.888744618622946928e-23
4.440124443589111571e-23
4.030796657712058813e-23
3.658774611469867149e-23
3.321950710220081805e-23
3.014720151875545192e-23
2.735582659174965620e-23
2.482945069272099992e-23
2.252573639814001685e-23
2.043336540232235503e-23
1.854030692456764929e-23
1.681461259097838622e-23
1.524775236215765694e-23
1.383065037143575667e-23
1.253922235455478269e-23
1.136704616096484551e-23
1.030728199452058605e-23
9.341792314426406803e-24
8.465746867951359217e-24
7.673996226263351850e-24
6.952895063418890192e-24
6.298814109630329220e-24
5.707880468227063761e-24
5.169838800272096965e-24
4.681964969822671107e-24
4.241349105432324906e-24
3.840291453744947775e-24
3.476749343297223788e-24
3.148538672504382016e-24
2.849884276337870689e-24
2.579256023892636257e-24
2.335016219886164334e-24
2.112837605495408134e-24
1.911575144909668338e-24
1.730002092017796572e-24
1.564879361921126461e-24
1.415350961910952498e-24
1.280498902506694972e-24
1.157901079220119789e-24
1.046918225956579322e-24
9.468640929067427775e-25
8.559293216793943141e-25
7.736369829995794268e-25
6.994745833442267494e-25
6.320918620938408707e-25
5.711333622323444912e-25
5.162167380411025705e-25
4.663353546300448318e-25
4.212245563950908582e-25
3.805993820377860817e-25
3.437101310122794225e-25
3.103599530156698522e-25
2.803366812499718121e-25
2.530825327570245788e-25
2.284512385799615013e-25
2.062849900173017253e-25
1.861692109166294756e-25
1.679953263825358645e-25
1.516460773181422069e-25
1.368136378304009483e-25
1.234174945599444077e-25
1.113706064191207278e-25
1.004446408563410966e-25
9.057995372342652908e-26
8.171199976397868505e-26
7.367158205699313859e-26
6.641456092162357278e-26
5.989312107833846548e-26
5.398201212812321551e-26
4.864860144066276212e-26
4.385750301330476723e-26
3.951609191256156870e-26
3.560026705283929689e-26
3.208386716312696905e-26
2.889846344413914838e-26
2.602627380407939249e-26
2.344797638924943234e-26
2.111306877385916443e-26
1.900844433223623362e-26
1.711984694113175532e-26
1.541004189215449997e-26
1.386937844039309752e-26
1.248734866285861322e-26
1.123652758955142672e-26
1.010981629272545287e-26
9.099477369804415032e-27
8.185331481646823921e-27
7.362162037819384014e-27
6.624277410905421041e-27
5.956844553721850045e-27
5.356033959194297075e-27
4.817663080885761371e-27
4.330839694800299840e-27
3.892755386177161680e-27
3.500339661372134152e-27
3.145602174455977329e-27
2.826485415516210295e-27
2.540737537762849510e-27
2.282502858757071171e-27
2.050275517013672323e-27
1.842405706978211486e-27
1.654606438841069419e-27
1.485776704294131028e-27
1.334708995241474644e-27
1.198267929622893103e-27
1.075649317329108187e-27
9.659702598411422747e-28
8.669399335403617578e-28
7.779715392463906263e-28
6.984201729871812732e-28
6.266137585009797680e-28
5.621245527120902134e-28
5.044819653757798249e-28
4.524667715541081651e-28
4.057674847152827589e-28
3.640410571919617065e-28
3.263993621357290190e-28
2.926158003157654070e-28
2.624405502502936571e-28
2.352273186503745883e-28
2.108114256371853632e-28
1.890111235104309909e-28
1.693565745757985312e-28
1.517282188980796226e-28
1.359939658572295103e-28
1.218125992018739407e-28
1.090974039969975398e-28
9.775247573542649937e-29
8.753025738039277201e-29
7.836791918521232900e-29
7.019589946133064559e-29
6.283477251385756206e-29
5.623906048893918236e-29
5.035835934688507776e-29
4.506275451580906335e-29
4.031936098902196488e-29
3.609169289049357298e-29
3.228577896261529868e-29
2.887786397213031092e-29
2.584156344219948400e-29
2.310897323674442068e-29
2.066295046227162226e-29
1.848443451984838999e-29
1.652440674132415678e-29
1.477050843528705851e-29
1.320898370153810095e-29
1.180448241551841795e-29
1.054810387128454074e-29
9.429930482808043243e-30
8.424494849262575384e-30
7.525393136273389298e-30
6.725482231300721812e-30
6.006432972586396933e-30
5.363642588049486589e-30
4.791971426652652399e-30
4.278241019379396186e-30
3.819146433238137503e-30
3.410993263547541684e-30
3.044315831557875560e-30
2.716743474805133964e-30
2.425623298308111235e-30
2.164163217620208345e-30
1.930664438690914248e-30
1.723223866484738084e-30
1.536972734177548007e-30
1.370694923680052884e-30
1.223026587572374961e-30
1.090481146729975801e-30
9.721888903989193815e-31
8.671733999567657873e-31
7.729403977627830620e-31
6.888685312869078044e-31
6.142594534146022598e-31
5.473305602692491219e-31
4.876383805647049993e-31
4.346839474220398299e-31
3.871945499790308955e-31
3.448539916276932256e-31
3.073061188460312265e-31
2.736431747078061815e-31
2.436399359542914957e-31
2.170424410284492558e-31
1.932038834337618625e-31
1.719640000250903821e-31
1.531418802108702071e-31
1.362771145495369494e-31
1.212557781717803640e-31
1.079491275682069665e-31
9.602976235941013551e-32
8.541677892956671289e-32
7.601864967521734701e-32
6.760279087856603969e-32
6.011180650341405797e-32
5.348069191871196171e-32
4.754438604778572131e-32
4.226221080504851676e-32
3.758804483916373354e-32
3.340486404297346744e-32
2.968386766588820835e-32
2.639236492451432364e-32
2.344747169367141475e-32
2.082881699622196980e-32
1.851325278969435094e-32
1.644213382982170545e-32
1.460106600951136714e-32
1.297367479626210309e-32
1.151850683165439279e-32
1.022540144282990962e-32
9.082787139284889648e-33
8.061391935358922820e-33
7.154050683533953340e-33
6.352594259416641366e-33
5.636373129464648477e-33
5.000339602355406759e-33
4.438732283976211882e-33
3.936998796351826877e-33
3.491586709855190377e-33
3.098436776483326805e-33
2.747303726334766452e-33
2.435689957169169483e-33
2.160738341831261922e-33
1.915243139843787911e-33
1.697450122474406302e-33
1.505350291328245837e-33
1.333880742770479852e-33
1.181810600606574225e-33
1.047728641649899011e-33
9.280811181703789290e-34
8.220052348358408435e-34
7.285106661405190541e-34
6.451054612192138758e-34
5.711854398321115744e-34
5.060563351322409309e-34
4.479724923632571648e-34
3.965112520426852041e-34
3.511863848488668938e-34
3.107762506414329417e-34
2.749854700646645208e-34
2.434738526262942473e-34
2.153873266011518963e-34
1.905196699222547537e-34
1.686331057448871596e-34
1.491311325402678401e-34
1.318699182622198565e-34
1.166834341365360235e-34
1.031554869458163782e-34
9.118585960643622843e-35
8.065873743372727080e-35
7.128402244429643911e-35
6.299195672318705950e-35
5.570183341729205853e-35
4.921164816406520865e-35
4.347289323905400025e-35
3.842938320477848763e-35
3.394059643483844189e-35
2.997283571160946419e-35
2.648702560753644660e-35
2.338551167696044837e-35
2.064490861893003324e-35
1.823806764960467979e-35
1.609719225637893195e-35
1.420606965090872177e-35
1.254585623914692812e-35
1.106953130638774690e-35
9.765865923501637075e-36
8.621794053970021304e-36
7.604736702715620324e-36
6.706924516005167689e-36
5.919306613710374284e-36
5.219332672184082853e-36
4.601632405320090201e-36
4.059942492781516019e-36
3.578669759239687622e-36
3.154105895188437108e-36
2.781920926021802040e-36
2.451343180694903532e-36
2.159814541084646944e-36
1.904344581354696357e-36
1.677499715190019901e-36
1.477517027762861469e-36
1.302333288653948675e-36
1.146823655271723964e-36
1.009774436343168204e-36
8.897635340036441877e-37
7.832613152071644515e-37
6.894330397399950960e-37
6.072994919672304901e-37
5.344321304672868755e-37
4.702574192214558877e-37
4.141017702276489933e-37
3.642959063159225439e-37
3.204461538265507812e-37
2.820896230335449918e-37
2.480800663888652064e-37
2.181475369816565719e-37
1.919742537730173522e-37
1.687739037553227862e-37
1.483615657065037000e-37
1.305192952313414109e-37
1.147082277702310100e-37
1.008018134890365924e-37
8.865072799422334263e-38
7.788605234720001277e-38
6.842126926305365774e-38
6.015417114215974646e-38
5.283243925300187659e-38
4.639698404278369675e-38
4.077791744319060636e-38
3.580284023536974179e-38
3.143143570912886704e-38
2.761596299246427649e-38
2.423874594958376710e-38
2.127230398903610577e-38
1.868405755466291715e-38
1.639376333317161561e-38
1.438270874277041795e-38
1.262868281330758082e-38
1.107702213734659479e-38
9.714997311864089385e-39
8.527481173915580245e-39
7.477272948757662722e-39
6.555721979387095234e-39
5.752535903266959755e-39
5.042423210899253203e-39
4.419510943941632427e-39
3.876803254770230689e-39
3.397122442299331277e-39
2.976485311597254979e-39
2.610141428262039261e-39
2.286435507237763947e-39
2.002668733904745952e-39
1.755618599788760831e-39
1.537384717836347962e-39
1.346140328268938282e-39
1.179701582063458758e-39
1.032718630632778673e-39
9.039562185785474664e-40
7.919358538485957471e-40
6.930384220721269616e-40
6.064294756819738272e-40
5.311090532253038160e-40
4.646312988281480154e-40
4.064330828894264657e-40
3.558387652668559660e-40
3.111970413461896269e-40
2.721282599848823518e-40
2.381763678944874689e-40
2.082276057671579169e-40
1.820262751180242474e-40
1.592648486018880793e-40
1.391928734590657058e-40
1.216383060088708495e-40
1.063939795616953605e-40
9.295474072683667120e-41
8.120494727349213259e-41
7.100517948613460969e-41
6.201574082191261123e-41
5.415897771573691105e-41
4.734115629171610320e-41
4.133407060031185905e-41
3.608562833623721054e-41
3.153287350129890931e-41
2.752265122264886666e-41
2.402005124442417664e-41
2.098283143294013072e-41
1.830830779824962030e-41
1.597310812926679487e-41
1.394891701886391270e-41
1.216695754262520194e-41
1.061159772317446744e-41
9.263876263415827090e-42
8.077772708755836770e-42
7.042842372397061099e-42
6.146400513995385986e-42
5.357684236370840749e-42
4.669721748730488662e-42
4.074035635698437312e-42
3.550082523028189120e-42
3.093213398063876032e-42
2.697768296083044908e-42
2.350042042436996435e-42
2.046937612900240592e-42
1.784679873215238023e-42
1.554134725516464486e-42
1.353241084325285148e-42
1.179483477393469938e-42
1.026780343627231620e-42
8.937613852091372333e-43
7.787521407134298306e-43
6.777074767090292436e-43
5.897172671894598784e-43
5.136679889095483920e-43
4.468717052100458441e-43
3.887245290465244789e-43
3.384866984739583729e-43
2.943738897807816921e-43
2.559858103645195996e-43
2.228314921207528188e-43
1.937276299477453829e-43
1.684091498568238987e-43
1.465505277077446842e-43
1.273678135502362049e-43
1.106856498653367155e-43
9.628842025588004033e-44
8.365726676359464511e-44
7.267629846206307717e-44
6.320283996182349832e-44
5.489382563422834799e-44
4.767274123858781429e-44
4.144527083871692435e-44
3.598480679279952935e-44
3.124088262953119006e-44
2.715121243253229744e-44
2.356626199717947017e-44
2.045277827494463210e-44
1.776966868334079756e-44
1.541835630693594037e-44
1.337695204673852348e-44
1.161837233680455607e-44
1.007769716022266533e-44
8.740532161356670928e-45
7.589044639550604378e-45
6.580522509177959734e-45
5.705509398707365813e-45
4.952275327588459190e-45
4.292747108656924202e-45
3.720718555563743362e-45
3.228481585082848200e-45
2.797602965352370509e-45
2.424013645553341282e-45
2.102653463213971428e-45
1.821430920393409769e-45
1.577680819182376026e-45
1.368084585455015617e-45
1.184718526670713493e-45
1.025838693379811322e-45
8.892708449317365212e-46
7.698276493037443297e-46
6.663691023544292804e-46
5.774721128005234179e-46
4.997441058388872840e-46
4.324406116366159116e-46
3.746311074424998561e-46
3.240990112416568503e-46
2.803586366290292953e-46
2.428021420945324534e-46
2.099827319777842595e-46
1.815838630793146701e-46
1.572088713262609145e-46
1.359143485303775807e-46
1.174941945668749301e-46
1.016898117929232195e-46
8.788664462512372533e-47
7.595063535937598562e-47
6.571336329455346665e-47
5.677489122200584334e-47
4.904810802442924340e-47
4.242343260969431221e-47
3.664085405055192217e-47
3.164382350659865884e-47
2.736111391225615238e-47
2.362385213217372327e-47
2.039536552727944427e-47
1.762940281448403749e-47
1.521639220743313620e-47
1.313257466037832047e-47
1.134794667795187088e-47
9.791484091846975145e-48
8.447809455724171878e-48
7.297478605224760723e-48
6.294499482522893271e-48
5.428929306679742671e-48
4.688179516140884448e-48
4.042497243494337196e-48
3.485460049951678847e-48
3.008925911953839589e-48
2.593666385460517862e-48
2.235537081060777629e-48
1.929277122905728927e-48
1.662472022826256714e-48
1.432450068810913893e-48
1.235815373850302491e-48
1.064560697213075796e-48
9.169654098009648781e-49
7.908396437063829584e-49
6.810239137216922208e-49
5.864112050076614754e-49
5.055907607920460428e-49
4.352413483613439632e-49
3.746514459212063986e-49
3.229131160134563933e-49
2.778905530397147817e-49
2.391268881126584970e-49
2.060383679742746111e-49
1.772528677380756004e-49
1.524773226452062669e-49
1.313367835897889777e-49
1.129506172835264126e-49
9.713101997011181295e-50
8.363739754789211444e-50
7.190511719607467412e-50
6.181394869516049519e-50
5.320966259643077815e-50
4.573059369091309519e-50
3.929984810855527406e-50
3.381865714879733476e-50
2.905559224367794821e-50
2.496152432380243748e-50
2.147326444414622253e-50
1.844286877662218730e-50
1.583897890502463832e-50
1.362120866327500944e-50
1.169507663117039652e-50
1.004058702222426144e-50
8.631953245344643557e-51
7.408896350636765649e-51
6.358678618790667430e-51
5.464851597072508997e-51
4.688995523056936271e-51
4.023004264295556793e-51
3.456396258822360569e-51
2.964708297330750538e-51
2.542786852556770420e-51
2.183959297864151402e-51
1.872664473063103119e-51
1.605629239930949168e-51
1.378609968252112584e-51
1.181717932360320209e-51
1.012876340158646372e-51
8.693890161544925068e-52
7.449781451946066138e-52
6.383273189187227150e-52
5.477252271943962442e-52
4.691903712553512396e-52
4.018891520785803897e-52
3.447364459526349764e-52
2.952096171649058212e-52
2.527813232548984135e-52
2.167641796552923310e-52
1.855614529552202716e-52
1.588398723366522895e-52
1.361644367360934037e-52
1.165254743438370292e-52
9.971257298829391703e-53
8.545072113932960849e-53
7.310209896373624621e-53
6.253399345829663403e-53
5.357271192809081337e-53
4.581573591079990384e-53
3.917944251780134713e-53
3.355423888003069677e-53
2.868635305015416979e-53
2.452314623231215583e-53
2.099553829488559876e-53
1.794369439185980264e-53
1.533451240079813878e-53
1.312449183087846098e-53
1.121306246346520004e-53
9.579428534976826095e-54
8.196224423440263271e-54
7.000232614015564343e-54
5.978401527594362890e-54
5.113532818293979378e-54
4.365927851811682263e-54
3.727403479729949175e-54
3.187161828232667604e-54
2.720298051284247946e-54
2.321686521907745392e-54
1.984554567931587532e-54
1.693293647704188948e-54
1.444696437569912586e-54
1.234519164762789422e-54
1.052989209770231950e-54
8.981016028583530611e-55
7.671998155669425421e-55
6.541711930569409750e-55
5.577636263818900387e-55
4.763158191096902219e-55
4.060081614225040733e-55
3.460594830605124074e-55
2.954318969031256239e-55
2.517410068816808522e-55
2.144999367484263768e-55
1.830609125710708815e-55
1.559369442207521399e-55
1.328248794440956205e-55
1.133208244391813179e-55
9.649835884830753051e-56
8.216891277648996898e-56
7.008090321310589400e-56
5.965772511866603166e-56
5.078219854990009731e-56
4.329776889932657985e-56
3.684591141794729549e-56
3.135388103121361178e-56
2.672435353915720121e-56
2.273462380562065732e-56
1.933957658681423071e-56
1.647876884283492041e-56
1.401399939887349666e-56
1.191731628318124072e-56
1.015121854796229865e-56
8.630029308136672107e-57
7.336447570591886937e-57
6.247229451210077395e-57
5.309312651636201961e-57
4.511999258385177067e-57
3.840896458129702269e-57
3.263173643053913902e-57
2.772222408748931492e-57
2.359139409458065779e-57
2.003631830508564538e-57
1.701621517683031323e-57
1.447606334446950986e-57
1.229055556426151672e-57
1.043454981445352332e-57
8.874077304374969823e-58
7.531837835358302950e-58
6.392346582820648189e-58
5.434652803803276813e-58
4.611118269122399151e-58
3.912215413356436705e-58
3.325035331259438934e-58
2.820248756629796758e-58
2.391999337565194932e-58
2.032341046631655835e-58
1.723234678758837672e-58
1.461084049281000622e-58
1.241002843981090790e-58
1.051906866110914986e-58
8.915900094626091083e-59
7.570504624692989286e-59
6.414842657842163022e-59
5.435394076180316965e-59
4.613736056352765892e-59
3.908144220559030937e-59
3.310340973522031760e-59
2.809030965170206826e-59
2.378652554888266440e-59
2.014142863498530925e-59
1.708583358753221078e-59
1.446329662771470558e-59
1.224288200753867250e-59
1.038225477897263434e-59
8.785761939031046195e-60
7.434519514343006577e-60
6.302648063390546728e-60
5.331721111853955745e-60
4.510222813567220688e-60
3.822348638111970599e-60
3.232445958832955636e-60
2.733499123309101953e-60
2.315865864805845137e-60
1.957811957076890762e-60
1.655067575616153430e-60
1.401755830536954622e-60
1.184640389670945221e-60
1.001125151002212630e-60
8.476317312705383043e-61
7.161070512269897738e-61
6.049742140860337806e-61
5.120565274480034389e-61
4.324592792316310415e-61
3.652255958160040029e-61
3.090327259070852174e-61
2.609085709235301437e-61
2.202730671329032656e-61
1.863231872988916719e-61
1.572560375128408597e-61
1.327203270579565321e-61
1.122290286175830882e-61
9.468957526364026693e-62
7.988943345900099960e-62
6.753351805821395476e-62
5.696037931349175755e-62
4.804156013354258361e-62
4.059844780592845014e-62
3.423099022293375875e-62
2.886162370526794597e-62
2.438234213428362389e-62
2.055142859821842539e-62
1.732209579830883247e-62
1.462909753485668594e-62
1.232652962962170400e-62
1.038619753668931446e-62
8.768725173328084643e-63
7.386129980598904379e-63
6.221438763780822259e-63
5.250911640549457156e-63
4.421547362891760373e-63
3.723138868836459101e-63
3.141387763983538375e-63
2.644400064761895996e-63
2.226045302751657740e-63
1.877720747948010073e-63
1.580258955849982986e-63
1.329985082520376243e-63
1.121729686465494987e-63
9.439983953656778029e-64
7.945982852983313095e-64
6.704290906799461665e-64
5.646339653676489362e-64
4.759223355655809726e-64
4.024445588146105802e-64
3.401779729142988172e-64
2.883964407746163713e-64
2.460313831077453245e-64
2.108565563169139252e-64
1.824819550648982400e-64
1.605422778993131271e-64
1.439860794990567568e-64
1.321919504509673729e-64
1.261494271199032115e-64
1.243546356772553628e-64
1.298863899299107417e-64
