-3.352155166226890984e-69
-6.050582406345931057e-68
1.125456866471755284e-67
-1.180522157387038939e-67
-5.066735308146339364e-67
1.029024281579657951e-66
-1.134344161731158280e-66
-4.131281559285385856e-66
8.954930316576295368e-66
-1.032727875211195356e-65
-3.275878360521585855e-65
7.528224999992245257e-65
-9.004125135605539660e-65
-2.533972247319552783e-64
6.145727960495065674e-64
-7.583850347017899105e-64
-1.915364021518050372e-63
4.890603749227045856e-63
-6.206678831414587991e-63
-1.417003120030730127e-62
3.805217538653068959e-62
-4.956462087317341469e-62
-1.027866898335551734e-61
2.902623043429264521e-61
-3.874876415377320219e-61
-7.327275932142278502e-61
2.176392831503941910e-60
-2.973971703133789858e-60
-5.149321839559600898e-60
1.608527005001941407e-59
-2.246587083327698146e-59
-3.583032081707267396e-59
1.175441510551171952e-58
-1.674504768796263004e-58
-2.483059102015867136e-58
8.521995704096691465e-58
-1.234449702134559195e-57
-1.726402944164354398e-57
6.152457148606353723e-57
-9.021939540026408103e-57
-1.214121139028416288e-56
4.439448528953470323e-56
-6.551044069534602545e-56
-8.702074657697684157e-56
3.212315192516698792e-55
-4.734951051403267431e-55
-6.387927537165248178e-55
2.336488919163167181e-54
-3.411271128320745820e-54
-4.805678270996996850e-54
1.710142007482106625e-53
-2.451534636049917777e-53
-3.690783019878485085e-53
1.258960217795472781e-52
-1.757477621915300206e-52
-2.873142252531843276e-52
9.303712308098157956e-52
-1.255927674469349473e-51
-2.248278832834985732e-51
6.880943076411602612e-51
-8.934754845032951206e-51
-1.754669960543300331e-50
5.074870403014104218e-50
-6.316337776352453352e-50
-1.357085093083155204e-49
3.718714234102660567e-49
-4.428158349926005421e-49
-1.035162290849494054e-48
2.698233246265542659e-48
-3.072118496879244423e-48
-7.761646236726589832e-48
1.932950120040125262e-47
-2.104888105473894487e-47
-5.708103931779168769e-47
1.363916114792606109e-46
-1.421664440437292762e-46
-4.111799644693105466e-46
9.461917021478880366e-46
-9.450376483901075585e-46
-2.898927539271714422e-45
6.444578135862611348e-45
-6.174580968161110743e-45
-1.999623096749971689e-44
4.305292706382074215e-44
-3.961051244904164486e-44
-1.349364780820555770e-43
2.819119650954084490e-43
-2.492919230937668336e-43
-8.909205350741088741e-43
1.808652795715985437e-42
-1.538364683093851747e-42
-5.757178473600452141e-42
1.136735868503141364e-41
-9.305306075296227956e-42
-3.642847895657993441e-41
6.999302509977267456e-41
-5.517008004256487828e-41
-2.258384628360271957e-40
4.223430670959965527e-40
-3.206917254651022805e-40
-1.372819370676701123e-39
2.498725058295651100e-39
-1.828702672973519864e-39
-8.190175166603421616e-39
1.450620995958282686e-38
-1.024019371972346774e-38
-4.800857021578630757e-38
8.272469251264678163e-38
-5.639315716701341233e-38
-2.768508426460512348e-37
4.640376794486547866e-37
-3.060231628283589582e-37
-1.572871380419829333e-36
2.564570800170093659e-36
-1.640297247527070588e-36
-8.816902803447584095e-36
1.398933142931375337e-35
-8.705841003191230738e-36
-4.883791903532385896e-35
7.544930572067449910e-35
-4.584543602611210174e-35
-2.676517143767123808e-34
4.028715642902921694e-34
-2.396959448170576869e-34
-1.452484376181415753e-33
2.130633325891015211e-33
-1.241884346068587466e-33
-7.805584269217734299e-33
1.114770350614897079e-32
-6.339321536172749428e-33
-4.149385485232265555e-32
5.750632889956307038e-32
-3.152256685711239244e-32
-2.176231867632165864e-31
2.905829849501831042e-31
-1.497003821605860266e-31
-1.120807953466717395e-30
1.422772782688147619e-30
-6.550191742494229528e-31
-5.625844594054241021e-30
6.631513041050999186e-30
-2.438856894712615431e-30
-2.719657691052450887e-29
2.851720031099805531e-29
-5.783724304697250600e-30
-1.241529778773085579e-28
1.057629349058527698e-28
1.465661194938328334e-29
-5.156789211966549294e-28
2.703911713965863136e-28
3.373635849469068524e-28
-1.780712277713378718e-27
-2.880057209007365342e-28
3.094118335860444784e-27
-3.442825332941989395e-27
-1.089795116920729327e-26
2.178492644476052158e-26
1.718270927590682321e-26
-1.038226584945298601e-25
1.297527894382925544e-25
2.868764294150961529e-25
-7.486925027349202123e-25
6.657158899543566120e-25
2.526856971678055521e-24
-4.673019645613086862e-24
2.882903450354351674e-24
1.817172123680061624e-23
-2.650462958111617561e-23
9.723936958280033056e-24
1.171587754429411525e-22
-1.408920844477541109e-22
1.779535317194310267e-23
7.044789021806646139e-22
-7.241098160348934997e-22
-6.189822718321252582e-23
4.047064161847486594e-21
-3.726150544290480651e-21
-8.409119717643059200e-22
2.261507580921226688e-20
-1.974213169336811287e-20
-5.205734241009205922e-21
1.245043225253437346e-19
-1.078041131379238220e-19
-2.494808518086891477e-20
6.787967530063634976e-19
-5.868087290774024498e-19
-1.285403571067720172e-19
3.647977883461672568e-18
-3.009627160355881610e-18
-1.001485413541439878e-18
1.905618568068846910e-17
-1.347241309059866647e-17
-9.862459638703125186e-18
9.474604032603673908e-17
-4.502871227306417321e-17
-9.153102599378324652e-17
4.364373987884531954e-16
-3.577536537043700327e-17
-7.378860372252512533e-16
1.793738322448528543e-15
1.053886155527650674e-15
-5.166185819975350071e-15
6.127602199371475087e-15
1.175776582957944101e-14
-3.179392888962263469e-14
1.387174074305604156e-14
8.598951756250210261e-14
-1.736223675820123423e-13
-1.315690245710507456e-14
5.107866688843805827e-13
-8.456990946979543368e-13
-4.026540309784523271e-13
2.619097199367087699e-12
-3.679652603253783868e-12
-3.107717223699154305e-12
1.191882096461036397e-11
-1.424853287513783353e-11
-1.798285002097924819e-11
4.903768112609018302e-11
-4.851746980875437952e-11
-9.036447911619455755e-11
1.869657554456303334e-10
-1.447827379548747195e-10
-4.207442341739407677e-10
7.093797266459850909e-10
-4.292524799077269956e-10
-1.938163523586773651e-09
3.147246824790169182e-09
-1.947647489337621658e-09
-9.630649588334861919e-09
1.823619368502006270e-08
-1.419880904293587572e-08
-5.416128498800909645e-08
1.220022417367742022e-07
-1.059091409192903275e-07
-3.297329244024078245e-07
8.013562166847093088e-07
-6.618392878282957945e-07
-1.985071165122055930e-06
4.801844958678033941e-06
-3.222998878164595285e-06
-1.063047599760301734e-05
2.674538860762921890e-05
-9.766355063931753542e-06
-4.214559433748285138e-05
1.568741920790226254e-04
3.810626863698098429e-05
1.182451573664079223e-06
1.144574636570703467e-03
1.220659085114124973e-03
2.524456531916487428e-03
1.009376461844697578e-02
1.625318073963169171e-02
3.497921884813334770e-02
8.781816750044674214e-02
1.561611381234317142e-01
3.172913585062688280e-01
6.529723125718082111e-01
1.151018805337647999e+00
2.155525286100768323e+00
3.922049179355953097e+00
6.588787210483412871e+00
1.128830038089839860e+01
1.861477029963994312e+01
2.929519427158038880e+01
4.592061756608320167e+01
6.935539603476479442e+01
1.014642837224283767e+02
1.457502508246659545e+02
2.024812659925461560e+02
2.741543562615718201e+02
3.616458500383484989e+02
4.631829127076132409e+02
5.792102966536814392e+02
7.034928674134495168e+02
8.322574338989107900e+02
9.610009695404845615e+02
1.077515333780165747e+03
1.179133296355330458e+03
1.258263338722629896e+03
1.306465501095792888e+03
1.325227912070842422e+03
1.309804711887126587e+03
1.263401754894341138e+03
1.190880218278046186e+03
1.094276991768007747e+03
9.844560297639992541e+02
8.650291319342881025e+02
7.421966340515904221e+02
6.250810850654297610e+02
5.138537135629386512e+02
4.136771086131618063e+02
3.273069464463717964e+02
2.528651714422536259e+02
1.922796756746934932e+02
1.436188470225635854e+02
1.049966266133886421e+02
7.593162492307354228e+01
5.369241619704811797e+01
3.742999300853394828e+01
2.590813428775328475e+01
1.735197045372924762e+01
1.166393736674421966e+01
7.785022855869726754e+00
4.914746184186561173e+00
3.244208169735656622e+00
2.106416180793015958e+00
1.229698745705116503e+00
8.223085166746426644e-01
5.254892294963706689e-01
2.692978517008680628e-01
1.945794829999975273e-01
1.251193928374258746e-01
4.898373249049250977e-02
4.444392001596361719e-02
3.002608764939654340e-02
5.689255933483960970e-03
1.020246854359787257e-02
7.556590397533667625e-03
-9.196965831447632836e-04
2.477968396589127088e-03
2.152270847995835408e-03
-1.061212200735603883e-03
6.951357497557239138e-04
6.947201404902563805e-04
-6.126659696600038514e-04
2.287742941474309969e-04
2.617741965955632790e-04
-3.066423009906710088e-04
8.342725995156499306e-05
1.046613881037936023e-04
-1.486956433023402290e-04
3.258785923006619125e-05
4.582949207759505895e-05
-6.901107885456048889e-05
1.221454955444947516e-05
2.082019815403974704e-05
-2.981822691903929909e-05
4.175231144275045746e-06
8.806704765693310999e-06
-1.209697277655564504e-05
1.270199574269967686e-06
3.476241966848362196e-06
-4.541818657969062119e-06
3.642891279562360856e-07
1.268854650435558387e-06
-1.586653900758131594e-06
1.033668143425353878e-07
4.299065492107428475e-07
-5.227572078257725099e-07
2.736431229859249066e-08
1.378655715549413686e-07
-1.626486951137475994e-07
6.284743253332288572e-09
4.186754642295611729e-08
-4.753538689251682231e-08
1.423970620789619444e-09
1.178787268155700755e-08
-1.318837036824081991e-08
4.466830198143192661e-10
3.126410920718948295e-09
-3.556576538249924496e-09
1.422593299303669758e-10
8.211593031275247834e-10
-9.361252607309583431e-10
3.081876668625714261e-11
2.164968512027202289e-10
-2.368854345485387581e-10
3.384692029178511495e-12
5.547192961960396652e-11
-5.714132153858009108e-11
-2.243088085352869749e-13
1.346809686926955338e-11
-1.323278407474724100e-11
-1.967712929585315808e-13
3.114163323586808403e-12
-2.979556679840854389e-12
-6.288297649130356891e-14
7.003821122738596027e-13
-6.567032752041844563e-13
-1.934724549860802791e-14
1.555958319811289644e-13
-1.414054827316927167e-13
-6.241151835871272930e-15
3.414075729322538829e-14
-2.957739229200429319e-14
-1.907629275102620874e-15
7.323977506978114472e-15
-5.984523035298421260e-15
-5.224527661728733989e-16
1.520862708668550044e-15
-1.170405968783569145e-15
-1.280457029858280149e-16
3.042731246692933284e-16
-2.216468612992302558e-16
-2.858808354932506963e-17
5.866372152074689504e-17
-4.075676851601563228e-17
-5.932589153767676858e-18
1.093051577494828401e-17
-7.295020953614765229e-18
-1.163817549166744738e-18
1.974901055777198853e-18
-1.273127237730024137e-18
-2.185026558085555617e-19
3.469727377743927509e-19
-2.168344702521875357e-19
-3.957685324771898119e-20
5.938901679465792025e-20
-3.605489490211953947e-20
-6.948648060189633489e-21
9.914287286947492059e-21
-5.853802566679529232e-21
-1.185769969098404431e-21
1.615263242921945074e-21
-9.280513912332059950e-22
-1.969905294161675029e-22
2.569467701274601233e-22
-1.436752235344725692e-22
-3.189702638647159733e-23
3.992349692448104727e-23
-2.172098873867431910e-23
-5.039358918447602691e-24
6.061357595000499232e-24
-3.206746188428349877e-24
-7.776270445545611066e-25
8.995913999342082155e-25
-4.622885986698466385e-25
-1.173238439149110628e-25
1.305685981625588489e-25
-6.506820232253328856e-26
-1.732467501911208656e-26
1.854130278560425941e-26
-8.939880581373289250e-27
-2.506441861532236675e-27
2.577219952846073832e-27
-1.198518370020299374e-27
-3.556617389099920360e-28
3.508305388691730030e-28
-1.567003647728576303e-28
-4.955954059080914220e-29
4.679964271102946425e-29
-1.996414744427000331e-29
-6.790973559464695294e-30
6.122239412766048174e-30
-2.475401122166216555e-30
-9.165607609590743862e-31
7.861429947755704340e-31
-2.981372939528670343e-31
-1.220790212751629615e-31
9.919900430143777663e-32
-3.477196160626639136e-32
-1.608039820209877555e-32
1.231706753125535802e-32
-3.907363419825535948e-33
-2.099404698959730524e-33
1.507100718000315674e-33
-4.193366372860839348e-34
-2.722352075649064175e-34
1.819891788399208142e-34
-4.227877369788130630e-35
-3.511858208902684906e-35
2.171301869837725665e-35
-3.867329149009475571e-36
-4.510189504586895974e-36
2.560657247594342949e-36
-2.922657743422605891e-37
-5.763888175698287571e-37
2.982303222885693532e-37
-1.148432233343396696e-38
-7.316102656493744460e-38
3.420040548288304313e-38
1.768627213056707429e-39
-9.192189449384921258e-39
3.838347041113425402e-39
6.219695133783444180e-40
-1.137666814219215758e-39
4.169899349349463270e-40
1.267925370971054986e-40
-1.378026891684583422e-40
4.299381261792208306e-41
2.170170880779363992e-41
-1.619703146094593598e-41
4.044230849124144349e-42
3.390462409919517643e-42
-1.825314264816365938e-42
3.133761575482275449e-43
4.993447280215048959e-43
-1.935125908286597021e-43
1.188877586730553668e-44
7.041240886901661208e-44
-1.861617638958503079e-44
-2.294720228818342841e-45
9.586015833555655813e-45
-1.484959932827109243e-45
-7.956412690285585450e-46
1.266090740062981271e-45
-6.503287984683223825e-47
-1.656970577774930099e-46
1.626973399493225125e-46
8.318842821578724696e-48
-2.902571351748097617e-47
2.037591764720918007e-47
3.181742426397332735e-48
-4.629463124997430483e-48
2.489029971885111002e-48
6.639779725103856175e-49
-6.935529255304197616e-49
2.965598903235710449e-49
1.144924183441437894e-49
-9.907684997827134832e-50
3.442570268284028276e-50
1.782742932619076964e-50
-1.360273597178342277e-50
3.882314370214693309e-51
2.592154546915596180e-51
-1.801716241262550634e-51
4.227492519837461123e-52
3.574256849148181391e-52
-2.304061969336386394e-52
4.389387533687931852e-53
4.706866667354640341e-53
-2.838656237111128682e-53
4.228917652821845801e-54
5.930809824556237976e-54
-3.349251086157075552e-54
3.527514870269443322e-55
7.131119212030949563e-55
-3.738267406626215086e-55
1.945049237167290079e-56
8.112287998843310269e-56
-3.848759422694138273e-56
-1.037433290457715266e-57
8.567235701478849661e-57
-3.441983527124169339e-57
-6.191005450163207857e-58
8.040557173263694992e-58
-2.171192740015854717e-58
-1.462668797676165177e-58
5.887963397633021590e-59
4.467175625627385134e-60
-2.789298329769389697e-59
1.235527951010849380e-60
5.058858276831035327e-60
-4.807412638359568648e-60
-7.055745764492027597e-61
1.249912003396920343e-60
-7.787550223098755990e-61
-2.041271157719252954e-61
2.380071772295273662e-61
-1.206784030168432882e-61
-4.055156724184440047e-62
4.019237982955359182e-62
-1.805432402000878931e-62
-6.944897952368210710e-63
6.307200286003867020e-63
-2.621395471610942372e-63
-1.092747235287431525e-63
9.395253266416448221e-64
-3.705836065359946619e-64
-1.622802933175896135e-64
1.343769454200400063e-64
-5.111710113690859270e-65
-2.306422438551453138e-65
1.858024836673854788e-65
-6.890020612252941336e-66
-3.162648210167146712e-66
2.494585345026279931e-66
-9.085119804250777547e-67
-4.205531537524288392e-67
3.261872536309767019e-67
-1.172934050253432630e-67
-5.441750300608442934e-68
4.162805676135511075e-68
-1.483739628111524232e-68
-6.868349512332675910e-69
5.193307337674998689e-69
-1.840111958586658234e-69
-8.470876103891161452e-70
6.341134223845164996e-70
-2.238517914068874072e-70
-1.022218200195769812e-70
7.585217000708901112e-71
-2.672441118999958666e-71
-1.208213443507380118e-71
8.895660474623718696e-72
-3.132330168945938186e-72
-1.399839947801316714e-72
1.023449775379914866e-72
-3.605797172298691212e-73
-1.590836041853390516e-73
1.155721499485605177e-73
-4.078076519804077209e-74
-1.774210891799548239e-74
1.281497672234681269e-74
-4.532724898693272066e-75
-1.942632070941742220e-75
1.395739767467085946e-75
-4.952515233663039421e-76
-2.088871685199751038e-76
1.493563808380475094e-76
-5.320453678322241354e-77
-2.206273280704049562e-77
1.570555562918893053e-77
-5.620833520989890186e-78
-2.289198263678049547e-78
1.623063544897279001e-78
-5.840235058083692541e-79
-2.333411948845490389e-79
1.648444085898142140e-79
-5.968386517878218432e-80
-2.336375364823677392e-80
1.645237790547700366e-80
-5.998816610935949478e-81
-2.297418635573692991e-81
1.613263835568381654e-81
-5.929251462395699910e-82
-2.217783685528148884e-82
1.553626745983790038e-82
-5.761734002823305761e-83
-2.100536529986367146e-83
1.468638362681935978e-83
-5.502468797241399984e-84
-1.950360944234028574e-84
1.361664743914132438e-84
-5.161416863593552318e-85
-1.773254620643304157e-85
1.236913058991727822e-85
-4.751681443404254426e-86
-1.576155274347157617e-86
1.099176836123678477e-86
-4.288736316487421684e-87
-1.366527317324616668e-87
9.535592554225616302e-88
-3.789553502813253923e-88
-1.151939909394052384e-88
8.051938165303310205e-89
-3.271688108069577016e-89
-9.396649394644063969e-90
6.589800657658067128e-90
-2.752375856203651588e-90
-7.363194543230609646e-91
5.193495533975121030e-91
-2.247694500214956456e-91
-5.475718852513087116e-92
3.900741428058525817e-92
-1.771834356560733333e-92
-3.779256650637015628e-93
2.741254337674655501e-93
-1.336515765412414264e-93
-2.305878770556456910e-94
1.735905197560271765e-94
-9.505821668758772460e-95
-1.074247093581676952e-95
8.964565432067487281e-96
-6.197865432880017098e-96
-8.999913634099643416e-98
2.258574500794624405e-97
-3.467763405067581273e-97
6.531261167931398729e-98
-2.809592942117405772e-98
-1.312682435203356762e-98
1.171553440564570712e-98
-6.358655592838751061e-99
2.960957409892163651e-100
1.489693534752277284e-99
-8.560251298121098311e-100
1.408424577228062415e-100
1.637508990712022240e-100
-9.622099092197941898e-101
2.089657116846397143e-101
1.648017191765866804e-101
-9.770808377110352320e-102
2.414619213745321229e-102
1.554913874957735320e-102
-9.235629901333513174e-103
2.461689572585788660e-103
1.390476641696636717e-103
-8.234264663706112361e-104
2.307438183596117107e-104
1.183870652401169005e-104
-6.961572867094753531e-105
2.022184850808677535e-105
9.599330883634262172e-106
-5.581688438267230244e-106
1.666718704633181496e-106
7.384638022901926738e-107
-4.223686081533129116e-107
1.290284204173645272e-107
5.340023406682343097e-108
-2.980609380024341015e-108
9.298065594238779630e-109
3.560311849626139729e-109
-1.911387068970895768e-109
6.102153800702454444e-110
2.095154442404935125e-110
-1.044966968289034517e-110
3.456413428669356805e-111
9.567251719758058273e-112
-3.858964683318143111e-112
1.412130897876639410e-112
1.286177696377528416e-113
7.942584731808008048e-114
-4.828899374280328431e-115
-4.250724131801657497e-114
3.765240337200075090e-114
-9.896241978508876765e-115
-7.513204525926863162e-115
5.372008214171236612e-115
-1.503715781492027919e-115
-9.010032637251630620e-116
5.948582288869770658e-116
-1.692459575374793414e-116
-9.233175520026974940e-117
5.809471028822313652e-117
-1.656216237080913168e-117
-8.583651318860690648e-118
5.176770579424450899e-118
-1.688366113346099572e-118
-2.618922128507021831e-119
