1.529988822627457516e-38
-2.531166393348450738e-38
8.048370788475518439e-39
-6.723042860875490765e-39
3.961670667925984638e-39
2.711785892813144506e-38
-4.300363713754179913e-38
-3.129633884096495895e-38
1.130906429637730210e-37
-1.695484301336700317e-37
-2.787163389627056242e-37
3.410989372761051994e-37
-4.494382601685042333e-37
-1.412652857937399135e-36
3.891479276574873903e-37
-4.376550514885197141e-37
-5.253585349963586156e-36
-3.283469960396912017e-36
3.316832311819581502e-36
-1.406204303467613159e-35
-3.006170275059896077e-35
2.407750445048135453e-35
-1.760285749900864620e-35
-1.538920712276918635e-34
8.222511894019410535e-35
7.154955033274390202e-35
-5.448949714746116044e-34
5.303355697862996175e-35
5.769939311026376561e-34
-1.093303165890714491e-33
-1.207183557173390075e-33
1.875812813874996410e-33
1.312800324273742700e-33
-8.181941923515071329e-33
1.108762149203348699e-33
2.189099835397271797e-32
-2.772522425384183568e-32
-2.127220332655666389e-32
1.003523432237499743e-31
-2.988868340119447943e-32
-1.229588871364569107e-31
2.573948632548515118e-31
2.609618951829471563e-31
-3.155433306960261441e-31
1.489007396794905066e-31
1.998590763851400645e-30
2.427667762842925186e-31
-1.894715927966405196e-30
7.720256726634855528e-30
6.259464644605452327e-30
-7.685337972067341566e-30
1.580678207428869607e-29
2.860943952473236403e-29
2.911822544725681786e-30
-4.438419609331334494e-30
4.865740809132936259e-29
1.524180785762790607e-28
-1.040570227338234859e-28
-1.626232559966532800e-28
6.791459066727807499e-28
1.331830115209031685e-28
-1.227323362490331693e-27
1.017630622020541578e-27
3.561993571630272110e-27
-2.334801685983034485e-27
-2.423128569038576211e-27
1.732681441538626701e-26
7.334782758528873199e-27
-5.647852594364525895e-27
4.498596659176804021e-26
5.728877540686661470e-26
8.917070985123658960e-26
1.054009235495712169e-25
1.652686432089779558e-25
6.933881038401717203e-25
7.393515061106502982e-25
5.743595872998604648e-25
2.582070190236211422e-24
5.100821690539101018e-24
4.940400657983368022e-24
9.439294013324879654e-24
2.147287141026846451e-23
2.977331288984963439e-23
5.274868349324256337e-23
7.779855751464034426e-23
1.206490922285742964e-22
2.625498999803501382e-22
3.659609719606066240e-22
4.996949674927896688e-22
1.003995898324431869e-21
1.670203078183681230e-21
2.369807397011416810e-21
3.934133536309471229e-21
6.633819260461321359e-21
9.983861466360227135e-21
1.520453224353291574e-20
2.511349427265810763e-20
4.121471413829024920e-20
6.200768687109222548e-20
7.721643722282140527e-20
1.401016368320722657e-19
2.553535977729590535e-19
2.923932241449563852e-19
4.284361572389323712e-19
7.266113981399650646e-19
1.312405907094901326e-18
1.832826074868475091e-18
1.794149035269335428e-18
4.343016129390560932e-18
7.696335964711104522e-18
7.147310051540839138e-18
3.961587099176296319e-18
1.666210628995296887e-17
3.973867942196041217e-17
-2.799908223964161820e-18
-2.673414304055814554e-17
3.174418269848610995e-17
2.801016577273868910e-16
3.534333115684222268e-16
7.809801938720215089e-17
4.618742331845110515e-16
1.898946063157088141e-15
3.440965536195827143e-15
1.765804212014365640e-15
-2.310766693283705779e-15
-6.780870257222408951e-15
-7.764427132549735268e-15
-1.665196171424207644e-14
-3.726768745139257300e-14
-1.028709869944212516e-13
-8.157572939900088250e-14
8.425189735801193790e-14
4.828330552096628809e-13
1.052188916206862050e-12
1.745650792603504237e-12
3.379251747369650031e-12
7.225070654133016818e-12
1.302406962322505463e-11
1.856710751920036553e-11
2.275579861931902821e-11
2.699155785356858451e-11
3.988799603408015526e-11
5.734650682398039968e-11
7.417365682020323234e-11
5.647956011168113742e-11
2.856231387477971622e-11
1.975561839657924191e-11
1.447448290358718746e-10
3.371838209672606772e-10
5.058438527441355649e-10
3.311234789018505108e-10
-1.800275486824045188e-11
-3.052176067108372795e-10
6.042888484967905576e-10
3.120981933658567143e-09
6.644103136052393611e-09
6.660448001736881874e-09
-2.306064004701470673e-09
-1.877369045444746360e-08
-2.654892234458188354e-08
1.080565030454727187e-08
9.328502858882388702e-08
1.880345095104034937e-07
1.097186573606829520e-07
-1.747184492879189965e-07
-7.289089553378856791e-07
-8.281565317662387508e-07
-2.319461410789275489e-07
1.956108080798209843e-06
4.334861859893502465e-06
6.101877201889309805e-06
3.929814145721909250e-06
-3.395260189414751616e-06
-1.486900791372452369e-05
-2.614833361433669832e-05
-2.115467147866329897e-05
3.388140347778253175e-06
6.048250623618166489e-05
1.328491477658649345e-04
2.115787867597370298e-04
2.630981752371849727e-04
2.504920201572618187e-04
1.728395136885464689e-04
2.192634555928341407e-05
-1.424331193793251880e-04
-3.016197077905611191e-04
-3.863378061386637413e-04
-3.145860800951367402e-04
-7.924213936971048592e-05
3.554037474397966456e-04
8.972967518853856676e-04
1.510493633066144550e-03
2.104061052818459194e-03
2.511010255657323154e-03
2.700544794074412596e-03
2.524430773913377644e-03
1.940746429903584223e-03
9.776780520307796953e-04
-3.705377498783029460e-04
-1.869478718676601458e-03
-3.436004466573991997e-03
-4.846311516297847205e-03
-5.851110951239704705e-03
-6.448906225047180453e-03
-6.376879213278285885e-03
-5.473867310737426557e-03
-3.772809290006222394e-03
-1.286513959316343356e-03
1.732702686103835014e-03
5.207498026504193446e-03
9.245744550719648888e-03
1.379780037473953176e-02
1.872990402283289391e-02
2.370556454187361731e-02
2.849331470704253785e-02
3.316863187971862137e-02
3.817945442877346968e-02
4.329848049715381841e-02
4.807120839426617942e-02
5.183529773260567991e-02
5.575832983919962182e-02
6.051804276454356146e-02
6.621874121147922065e-02
7.322625296962560759e-02
8.237310199547756562e-02
9.423313503166320937e-02
1.101965275998380706e-01
1.313502607348359941e-01
1.557328269343397908e-01
1.800244432477591527e-01
2.052390502971883357e-01
2.321826344826491972e-01
2.571126447499529344e-01
2.796269743423805965e-01
2.995074716290172523e-01
3.225216531987847302e-01
3.554021238321756204e-01
3.904987907697293203e-01
4.314875783841776724e-01
5.115406383629378384e-01
6.173166399349137023e-01
7.373153197426506322e-01
9.577048916097256059e-01
1.247267338406186754e+00
1.682685370772555755e+00
2.470760147034154919e+00
3.583612895650885033e+00
5.397402081138236163e+00
8.303721047835077584e+00
1.244334330846645464e+01
1.866713543010247989e+01
2.737557700753200507e+01
3.902399337039703653e+01
5.476627093010757363e+01
7.444391069783392823e+01
9.892111850545047957e+01
1.284645292705534700e+02
1.615148937413995043e+02
1.984581417757027282e+02
2.369948200010283017e+02
2.752790425255563491e+02
3.125170530790484804e+02
3.461488285825705020e+02
3.765294262339241982e+02
4.025399622986971622e+02
4.242121947495443806e+02
4.437441296211513873e+02
4.610409670633461587e+02
4.781434117878069969e+02
4.960965788368582707e+02
5.148463340553369108e+02
5.338322619990490239e+02
5.525005375469086175e+02
5.697624291978225983e+02
5.845240053697767735e+02
5.964268459970521690e+02
6.044536038102485236e+02
6.073580693857503547e+02
6.048845100989802859e+02
5.966829166715193651e+02
5.840886106668569937e+02
5.676257603042071196e+02
5.487575455764232402e+02
5.299056464320368605e+02
5.108439847953407593e+02
4.932257934050765016e+02
4.770989243634030572e+02
4.614490332048403047e+02
4.465684018774954893e+02
4.312649102723216856e+02
4.153754336498412272e+02
3.985242051272626327e+02
3.808302892019008254e+02
3.625934013492755525e+02
3.437576834046915906e+02
3.240837485107058455e+02
3.037271628823999094e+02
2.827237344962828161e+02
2.615645147341064671e+02
2.406025780549757371e+02
2.198632751099382574e+02
1.996093961425854388e+02
1.800209674141290463e+02
1.611395588697310188e+02
1.433600821978943998e+02
1.269474790803481028e+02
1.118741737358083697e+02
9.810256704449619747e+01
8.555221430888992984e+01
7.414537745888338804e+01
6.375896008583978869e+01
5.445530062717465825e+01
4.634092971224713864e+01
3.940736711837514150e+01
3.340624898965307210e+01
2.831365198499930003e+01
2.398552920371560049e+01
2.029092102488942118e+01
1.713617097874120176e+01
1.440259018652707113e+01
1.209347124170149890e+01
1.012422408869756474e+01
8.437015638410155560e+00
7.083075328388694913e+00
5.993321691335385282e+00
5.102634430836384460e+00
4.414231461091033815e+00
3.887159949401931769e+00
3.448675376604932286e+00
3.079721738882900350e+00
2.762057079128529935e+00
2.468583595646188122e+00
2.207138376230327381e+00
1.974475439835735813e+00
1.782111065124706073e+00
1.635038890437287229e+00
1.544493705583631638e+00
1.491717634643428214e+00
1.439036842064256971e+00
1.403677368883180065e+00
1.363285779146645282e+00
1.282087454737584231e+00
1.176211541873005917e+00
1.060475825759324531e+00
9.276590590777952228e-01
7.832322786448596696e-01
6.958045825807537277e-01
6.802135505244747415e-01
7.270143887727416043e-01
8.137829739437615340e-01
9.136119773138503541e-01
9.876407817973070769e-01
9.706331841942325012e-01
9.213696850154052820e-01
8.460735218137407365e-01
7.660930779648746913e-01
6.805826859665781159e-01
5.988734323282282057e-01
5.108114352659357538e-01
4.000678789649315115e-01
2.819164673295262991e-01
2.009905329308407929e-01
1.475023271934504387e-01
1.155252781599522133e-01
7.972980294756396025e-02
2.437294205870445263e-02
-7.080187270832725976e-02
-2.021463644802830861e-01
-3.180653973096364551e-01
-4.088642032762808132e-01
-4.429829874350212360e-01
-4.240446860002197726e-01
-3.493723042736756046e-01
-2.498241962833742391e-01
-1.513549743633668121e-01
-5.399517859602822462e-02
2.801597889959236629e-02
8.836918968440939104e-02
1.282064837585433492e-01
1.534755605427982339e-01
1.666200695410886834e-01
1.662292249990041382e-01
1.597626359985170330e-01
1.541405184414600671e-01
1.422297998926370377e-01
1.134447972002601279e-01
7.232432022364398971e-02
1.187808223230487487e-02
-7.728711471159376012e-02
-1.938723138365975596e-01
-3.300031020855304642e-01
-4.681019782682274699e-01
-6.120833918362915682e-01
-7.389989431674827136e-01
-8.102651460628038649e-01
-8.291617609241254128e-01
-7.728900569966857814e-01
-6.020326948943496292e-01
-3.105548038766887120e-01
1.106684632759939863e-01
6.568051170981162867e-01
1.326134602467670787e+00
2.092433335996271015e+00
2.872062726557261580e+00
3.651149158214671342e+00
4.377201512460882959e+00
4.980089738890165485e+00
5.463977492042318751e+00
5.820898828496719801e+00
6.078870068222999912e+00
6.236307234644226760e+00
6.323723051459786859e+00
6.347673615735247132e+00
6.280928656069430183e+00
6.115943492337282628e+00
5.848236979526877377e+00
5.497348905753336901e+00
5.045096314767790524e+00
4.588603015257615603e+00
4.185955374044790567e+00
3.902964423409938988e+00
3.831193148745381194e+00
3.941201084069593907e+00
4.281730632805651027e+00
4.729899390382893642e+00
5.197523017312924765e+00
5.605433540709384488e+00
5.800408269406759132e+00
5.803308365194965290e+00
5.537862665898775738e+00
5.045078702393244185e+00
4.409710508786898409e+00
3.666522674008326543e+00
2.961156470975199628e+00
2.315474563953309417e+00
1.790907563820898440e+00
1.418222050558855196e+00
1.155706356982446614e+00
1.011521881121837607e+00
9.262477400987384479e-01
8.739711839331801846e-01
8.343085621568300247e-01
7.768688335302481596e-01
7.082965850553186726e-01
6.195235557371425728e-01
5.188257698378729854e-01
4.169506551114524062e-01
3.152079602476968168e-01
2.226193044029341761e-01
1.419887056980014828e-01
7.417448384849928411e-02
2.083899663541831024e-02
-1.888679308990387842e-02
-4.530451907525739896e-02
-5.975763088711160548e-02
-6.508640884465231868e-02
-6.176218887690124865e-02
-5.317664722843872677e-02
-4.230859014364737880e-02
-2.975219206899486213e-02
-1.839255014805886088e-02
-9.090725855372275635e-03
-2.185151770921599755e-03
1.965084541947265465e-03
4.152662038691479381e-03
4.463645526287137594e-03
3.809537192124735818e-03
2.813532903230129677e-03
1.635584886865011590e-03
7.428422756506216458e-04
1.246451798818388860e-04
-1.966663453746866040e-04
-2.889119720143456258e-04
-2.721758202232474918e-04
-1.749311632816859653e-04
-8.981922663514541256e-05
-2.563754000421770147e-05
1.184447869637688187e-05
2.288536793793756249e-05
2.204395331735369655e-05
1.297513217645752687e-05
6.049694111595724406e-06
1.158354200415241685e-06
-1.304233720167326138e-06
-1.668638583307908004e-06
-1.245618516224986797e-06
-4.357853608252558525e-07
-5.725861838560703172e-08
1.353799285448597820e-07
1.649128232052384478e-07
1.241033113814742310e-07
6.360575323898103989e-08
1.104696525752148806e-08
1.052972805703076347e-09
8.257132665916853385e-10
4.284127367291430420e-09
4.333463368023559423e-09
4.615179325347247911e-09
4.458616271773364583e-09
3.185436594649922217e-09
2.025157650424895528e-09
1.303324236112457575e-09
1.042674702250496569e-09
8.254610001388471973e-10
6.355925646782437248e-10
4.697173467789617866e-10
3.373116302350040479e-10
2.404515797369676691e-10
1.742933974201086345e-10
1.238623760643732899e-10
8.667415492857314541e-11
5.995935810518830299e-11
4.245515564240417626e-11
3.224548269197674063e-11
2.308967774273764274e-11
1.596036972328041916e-11
1.133227494192195060e-11
8.176942597958077575e-12
5.434293955756025674e-12
3.197073157685617828e-12
1.801464347142186270e-12
9.961976026225484289e-13
6.786391765590406275e-13
4.927921003242693041e-13
3.884431002630470003e-13
3.391410325942025706e-13
2.542285492221321446e-13
1.561216422233545577e-13
6.327142651978596641e-14
1.756070979294859144e-14
1.520945083031242098e-15
8.860227259689076497e-15
1.347720492452978730e-14
1.310529462345292027e-14
8.070738534728345630e-15
3.005147637835606241e-15
-1.044541760989357263e-16
-8.468557814030826884e-16
-1.996035186584854412e-16
4.323578836288643191e-16
7.049554993583894910e-16
4.002260338176380399e-16
7.544342849716827844e-17
-1.218748378017684230e-16
-8.534374137929090209e-17
-1.711926488003712213e-17
3.909034511809197552e-17
3.134390601976216304e-17
1.181462623709145165e-17
-6.273528697711162247e-18
-6.986393811047858922e-18
-3.580194104546078956e-18
1.038621975762123744e-18
1.638174186223590181e-18
9.899783841285744546e-19
-8.269386904586789838e-20
-2.975904241675958927e-19
-2.477148348208237235e-19
-3.997558895598200345e-20
3.717757658479090491e-20
4.778550691129354760e-20
1.890668848902133159e-20
-1.062528229966155121e-22
-1.035199178912801286e-20
-8.432218094948787302e-21
-2.755509628962477768e-21
7.861726584611069499e-22
2.226436997524278941e-21
1.234850237067387712e-21
-1.544934074471183345e-22
-9.165998824871164808e-22
-5.112797954179154932e-22
-6.005278431299010390e-23
2.485944386322994700e-22
1.224004629339563301e-22
-3.523038872657662178e-23
-9.365139805984388086e-23
-2.673363339893919961e-23
1.324338211816347845e-23
1.691374706270642531e-23
-1.584981497921889301e-25
-7.809768488845060540e-24
-3.200067226923994880e-24
9.548396151498518571e-25
1.239686043476460965e-24
-2.831635231640743417e-25
-3.517832049228812471e-25
-1.548273131265949060e-25
1.096360325535840699e-25
1.221476643910327440e-29
-7.228896388584260165e-26
-2.124618085544536039e-26
2.837819345114375051e-26
1.898532648036386046e-26
-1.084366391334331934e-26
-9.103726479991449479e-27
-2.065450610969210003e-27
4.694648363425225076e-27
1.372925978139559106e-27
-1.295023743312176398e-27
-1.011987926405765115e-27
2.799515141789686596e-28
4.657363354103626184e-28
2.784458586341833613e-29
-1.076094303852867799e-28
-8.567716844235070892e-29
3.156205439818248999e-29
2.599989587963132933e-29
1.409836022341055801e-30
-7.853233343220522316e-30
-1.811461792411135073e-31
1.355975795158032204e-30
4.317400545700018672e-31
4.876052180542897404e-32
-1.995423356707028162e-31
3.196426231952844834e-32
1.307265591386599864e-32
-3.697858758197608331e-32
1.947907291168499042e-32
2.510133320024205186e-32
-3.875490612054465216e-33
-1.140786675001025374e-32
2.217696859363965008e-33
4.024809731203296432e-33
6.280378252455820382e-34
-1.035268403105415348e-33
-1.019081410698041686e-33
3.634876998164817464e-34
3.267839453218713630e-34
5.820103483295134110e-36
-1.294942245304781188e-34
1.871086714570971536e-36
3.596276958528707902e-35
1.831943281898338144e-36
-7.666493486640917960e-36
-4.119780306808472005e-36
6.262987246385025149e-37
1.741155096029504244e-37
4.336586232629059435e-37
-6.541224746298056445e-37
-5.898670640158419837e-37
1.669699729090804981e-37
4.380790411366906550e-38
-2.643814205592444553e-37
-4.363137323600154036e-38
3.835766774529362667e-38
-7.977749818105785886e-38
-1.795792245333104136e-38
1.368853002801973986e-38
-2.697245931151510953e-38
-8.110390046196872861e-39
5.823420468479176846e-39
-7.680382280676839396e-39
-3.378564695167163405e-39
1.647464950717465027e-39
-1.831899630757592952e-39
-1.040981873772398805e-39
3.199113224581391605e-40
-3.945454227345946399e-40
-2.827541829095122870e-40
3.320358699844357065e-41
-6.846837742328959394e-41
-6.976336989599051111e-41
-1.168539782131516106e-41
-6.697515441461699937e-42
-1.412973111267732811e-41
-9.403458202006272183e-42
7.910030242479994386e-43
-2.161191707324888011e-42
-3.927037828219933098e-42
6.540183423868640211e-43
-1.572162284395430678e-43
-1.285479444631110766e-42
2.152191336256372864e-43
4.781210771952287231e-44
-3.560377024062422368e-43
4.700243783170006626e-44
2.503145892281786538e-44
-8.377284749141005659e-44
5.824321367869313700e-45
6.040500779576524258e-45
-1.622649811274634231e-44
-6.307217240769145869e-46
5.225940026880197724e-46
-2.231605617649989402e-45
-7.094628916365312652e-46
-3.143996513577317236e-46
-2.465686379924367622e-47
-2.989893144247873302e-46
-2.178305631690588159e-46
1.213699812454628922e-46
-9.902078560060967693e-47
-8.856385867082786662e-47
5.489650404191526964e-47
-3.000415873469123849e-47
-2.839511507365217553e-47
1.700300724879936953e-47
-9.036335256956721097e-48
-7.667411806596911782e-48
4.264927258863348499e-48
-2.814818299721372546e-48
-1.755629134111487188e-48
8.862141388518898000e-49
-9.007993216318094129e-49
-3.258343082855852364e-49
1.429844420743136588e-49
-2.855415584107258195e-49
-3.994918120265361338e-50
1.165992734182432969e-50
-8.613593556437274017e-50
1.620946970536438891e-51
-3.544241971976851764e-51
-2.423913564746493990e-50
2.777095365036095341e-51
-2.028564888041590183e-51
-5.546042512932192267e-51
1.110542064983483826e-51
-4.186114268942630197e-52
-6.394319612182788485e-52
-9.002215940911411152e-52
