3.804908935298129183e-20
2.013874675343373506e-21
2.200559216363182105e-20
3.528428887206821852e-20
3.329599602268206834e-20
4.914767658909893523e-20
6.467812614668422791e-20
7.798460653553659505e-20
9.941280795182434678e-20
1.238197144536199245e-19
1.512374189173566460e-19
1.851353488501052929e-19
2.243358691078391977e-19
2.700820348245278267e-19
3.239729390202022173e-19
3.862930439601001830e-19
4.592075072470458964e-19
5.437873647438782464e-19
6.408948322081424484e-19
7.533204490895630934e-19
8.821905687856237572e-19
1.028691893856991055e-18
1.196760602610712356e-18
1.388104119365647134e-18
1.604503964059880405e-18
1.851774197140817251e-18
2.132429494513221415e-18
2.448778005014328837e-18
2.809156507641862469e-18
3.217554702257176847e-18
3.677023292758798259e-18
4.200036861681851135e-18
4.792902348763310906e-18
5.459865597175267869e-18
6.219238064950096051e-18
7.080466558560297721e-18
8.049287778446631047e-18
9.151775621880598096e-18
1.040181628436018156e-17
1.180707953307102220e-17
1.340429000723495986e-17
1.521356235197689895e-17
1.724520669243159729e-17
1.955038759619769193e-17
2.215773113887487848e-17
2.508102448874803205e-17
2.839079427424474019e-17
3.212751044474210526e-17
3.630938701499559304e-17
4.103380165354729130e-17
4.635873600029454463e-17
5.230817170085071753e-17
5.901992304469435143e-17
6.658004147246981353e-17
7.502091900272845682e-17
8.454781657439878291e-17
9.529502791498022824e-17
1.073093834107842023e-16
1.209174159782966787e-16
1.363397116052441721e-16
1.536505035961065741e-16
1.734003900315829054e-16
1.959668028506981647e-16
2.214756182814802505e-16
2.508886341176522436e-16
2.848708890451805785e-16
3.236384807436713502e-16
3.688955652391126139e-16
4.218412125956833019e-16
4.828347395472527417e-16
5.549097667978740759e-16
6.402710687794962525e-16
7.394908070538852194e-16
8.579968574763671202e-16
9.998960684891267110e-16
1.166087501218127296e-15
1.366357717764641137e-15
1.608355069557856151e-15
1.893569221024273037e-15
2.239727669970483424e-15
2.660831045994297343e-15
3.159627611863696969e-15
3.768023879760611611e-15
4.510816776537345533e-15
5.393526563318904800e-15
6.472319153697306240e-15
7.789252491933608177e-15
9.355467762512816380e-15
1.126626994544932488e-14
1.358992110669388429e-14
1.634740419264150999e-14
1.969373816401902064e-14
2.373666628859643096e-14
2.851144586712577249e-14
3.426347014187122912e-14
4.116533224640735299e-14
4.926903217111028408e-14
5.897137143956945170e-14
7.057169017778023802e-14
8.413865615892546800e-14
1.003755164801928954e-13
1.198714190064651267e-13
1.427119423567351909e-13
1.703215070912707400e-13
2.040110446134974491e-13
2.438824798128991314e-13
2.932142504922273938e-13
3.552060772829268708e-13
4.299880874244942985e-13
5.259949528485891923e-13
6.515025111581326430e-13
8.070005146913298692e-13
1.015989705291257510e-12
1.300109311473810968e-12
1.662601527322822191e-12
2.169821754552856151e-12
2.875923938810435419e-12
3.797164209594366496e-12
5.110354316721262200e-12
6.939453234456946043e-12
9.345005632427875389e-12
1.275111337872393653e-11
1.740963966903312693e-11
2.349762349272622060e-11
3.190881752709157578e-11
4.308890028112495180e-11
5.745916068493343960e-11
7.665394724140587512e-11
1.013505847367296844e-10
1.323797596578177433e-10
1.723100313523587227e-10
2.220164981552287725e-10
2.828588896869324673e-10
3.582623494816359326e-10
4.491973074472304881e-10
5.574701920716126925e-10
6.868787822171492236e-10
8.384593072942565907e-10
1.013991065159064783e-09
1.216911304252799492e-09
1.448750525158282198e-09
1.710266645532008423e-09
2.004290135717804789e-09
2.334454877983470733e-09
2.699046312969721505e-09
3.102114555418156216e-09
3.553312046009212373e-09
4.046945898625908975e-09
4.594797510498398412e-09
5.220313390847686982e-09
5.913077989795161084e-09
6.707507347234640618e-09
7.654550661217968283e-09
8.740198581645149692e-09
1.005009830299444566e-08
1.168552744749959212e-08
1.363333400377139532e-08
1.608236118415849270e-08
1.922204492113442272e-08
2.305160708076044306e-08
2.795950727830632519e-08
3.428620714417248193e-08
4.207432055838823232e-08
5.209306800092119185e-08
6.493243107744750836e-08
8.075946667135483162e-08
1.010423455734797195e-07
1.267507051818356166e-07
1.583563819207945063e-07
1.985021855787226309e-07
2.486557087122840868e-07
3.099139158318953180e-07
3.866352544718299780e-07
4.807943991081573478e-07
5.945457876029538958e-07
7.343001819309615499e-07
9.023157958980540187e-07
1.102193548452113475e-06
1.342125158221285690e-06
1.624126712003417311e-06
1.953319215299785218e-06
2.338460842950779846e-06
2.780574536745371695e-06
3.285793543644811803e-06
3.861303279135288443e-06
4.506408854978920949e-06
5.227095449661041674e-06
6.026458489046045033e-06
6.901732930322142878e-06
7.857194926999100287e-06
8.889927040217354630e-06
9.995399707064775937e-06
1.117474858398030900e-05
1.241874014964558993e-05
1.372212973299191724e-05
1.508220844667629199e-05
1.648536262198418325e-05
1.792725075742158467e-05
1.940175084239100786e-05
2.089492701763801709e-05
2.240510760974347637e-05
2.392436145335838710e-05
2.544367324832409806e-05
2.696537035773037463e-05
2.848209674142848638e-05
2.999465540383095991e-05
3.150970976212342931e-05
3.302289546145958373e-05
3.454790400749786718e-05
3.609492497622005213e-05
3.766419944363914559e-05
3.928317104748339062e-05
4.096424672723832002e-05
4.271269062723387529e-05
4.457003815904792449e-05
4.655053979936359413e-05
4.866435076953285225e-05
5.097028249204872317e-05
5.348627921095982260e-05
5.622842871248505192e-05
5.928103648545672241e-05
6.266926137413669556e-05
6.641889748674514578e-05
7.064939066952119527e-05
7.539474566144378125e-05
8.069599864626796049e-05
8.670688887958656003e-05
9.346472767011644882e-05
1.010278781746237384e-04
1.095574902108879226e-04
1.190789006237530931e-04
1.296585710140245545e-04
1.414060331189845321e-04
1.543149396082251694e-04
1.684346919742404610e-04
1.837492548971104772e-04
2.002104765348429807e-04
2.178153268098025552e-04
2.363747926228851293e-04
2.558136601275369688e-04
2.760487689991788802e-04
2.967419142490668031e-04
3.178335798443159043e-04
3.391623670952236339e-04
3.603490481014196456e-04
3.814020576739765751e-04
4.021238623384568796e-04
4.222454695126158183e-04
4.418699240366186047e-04
4.608333034296707774e-04
4.790883594478798448e-04
4.968035838069977334e-04
5.139128248489257568e-04
5.305868477083825396e-04
5.469742701611925552e-04
5.631297738333918912e-04
5.793092841075783575e-04
5.955384927827879395e-04
6.119600016948556704e-04
6.287195432396887156e-04
6.456580251595769133e-04
6.629339426261973570e-04
6.804371176141649257e-04
6.978461741491134374e-04
7.152635120639022929e-04
7.323162002699745406e-04
7.486252349145492346e-04
7.642023292095022824e-04
7.785541344662327314e-04
7.913821141751299420e-04
8.026232563060779540e-04
8.118808012087245412e-04
8.190420166663258403e-04
8.240186270630526708e-04
8.266900914613841897e-04
8.271577486043177720e-04
8.253571813145982967e-04
8.215047135305691842e-04
8.158681344298331257e-04
8.084281434157310382e-04
7.996732802144839803e-04
7.899550490057922168e-04
7.792893080176160371e-04
7.683110997992575455e-04
7.573884934126540571e-04
7.465538534564035910e-04
7.364869928742994419e-04
7.275470328765334645e-04
7.197873631395367228e-04
7.138965926528493188e-04
7.102238523583503027e-04
7.088851606333501816e-04
7.105694775018466360e-04
7.155906688890066808e-04
7.241802716695054090e-04
7.369523546156998969e-04
7.540970097787520407e-04
7.759641688906884077e-04
8.028852097282636541e-04
8.347929912253360769e-04
8.720523965223553201e-04
9.144284629363518034e-04
9.615076361619520097e-04
1.013467487049549446e-03
1.069344744074515611e-03
1.128446311295456823e-03
1.190563201807483002e-03
1.254194230174817066e-03
1.318633659803855910e-03
1.383246035150537514e-03
1.446617036062219051e-03
1.508408493620573597e-03
1.567787063657476165e-03
1.624301116359474226e-03
1.678284628080618486e-03
1.729170874269633394e-03
1.778207842772521440e-03
1.826450833459600893e-03
1.874115068327027178e-03
1.924352421031824472e-03
1.978672842484333495e-03
2.038388360931083984e-03
2.108025757667279960e-03
2.189053559998328791e-03
2.283798653275068667e-03
2.396966128179359428e-03
2.529436291717472585e-03
2.684012156955661952e-03
2.864012795896727411e-03
3.069334424733399010e-03
3.302359684055853131e-03
3.563576057124798538e-03
3.851837505790127545e-03
4.168102458790720610e-03
4.509327206970936523e-03
4.873746281821686628e-03
5.260160910288380100e-03
5.662693859431949979e-03
6.079907076063133069e-03
6.508421443854067560e-03
6.942065577298393853e-03
7.381071768538547372e-03
7.820929852836614599e-03
8.259502572008614249e-03
8.700096841011004806e-03
9.139291636388907625e-03
9.584307805178217746e-03
1.004248416236300234e-02
1.051454811264202448e-02
1.102183073727285197e-02
1.157567019957187783e-02
1.218405397887004603e-02
1.288472073414827744e-02
1.369170367038777432e-02
1.462243078869213814e-02
1.572980159472709208e-02
1.702831087913792354e-02
1.854544325028348664e-02
2.034532297316426347e-02
2.244076258741985186e-02
2.486854812224442365e-02
2.769996479617261101e-02
3.094514944940925105e-02
3.464887133425448296e-02
3.888733327083320618e-02
4.366828200726222131e-02
4.904297222881264656e-02
5.509098408758431736e-02
6.181830929008078068e-02
6.928008931369047940e-02
7.755527455018369765e-02
8.664856749405210057e-02
9.661380756392591584e-02
1.075227383707516721e-01
1.193807853317842144e-01
1.322330280799707269e-01
1.461417816517112944e-01
1.611202658006503363e-01
1.771989354333262934e-01
1.944429167373178391e-01
2.128870351813266781e-01
2.325487007631432956e-01
2.535248781977758603e-01
2.758883577302292944e-01
2.996556876576296768e-01
3.249877378981732012e-01
3.520039668498682883e-01
3.807388368543100921e-01
4.114261409432932726e-01
4.442220464961890158e-01
4.791924574637592138e-01
5.166065513873235870e-01
5.566244346759654515e-01
5.993365291037592302e-01
6.449593106668767284e-01
6.936094688959421051e-01
7.453647463365435932e-01
8.002759933768804901e-01
8.583748288741728238e-01
9.196646221726333392e-01
9.839456218784219388e-01
1.051152478644409749e+00
1.121154728351549945e+00
1.193503637834814501e+00
1.268067392483605227e+00
1.344564037619588426e+00
1.422410117148139141e+00
1.501467523442935770e+00
1.581355484169984615e+00
1.661542131598939376e+00
1.741935615793907211e+00
1.822170226323909903e+00
1.901923284260627733e+00
1.981154964228927673e+00
2.059637158903032006e+00
2.137286117536938423e+00
2.214064300553377773e+00
2.289944681024611572e+00
2.364966590316696760e+00
2.439025591502525625e+00
2.512264124255403797e+00
2.584674169535991606e+00
2.656054080190683120e+00
2.726613338792719166e+00
2.796207617453971839e+00
2.864580372049760459e+00
2.931902910206945378e+00
2.997956487177716678e+00
3.062521960707355717e+00
3.125685186625164480e+00
3.187306337022930425e+00
3.247281819836522754e+00
3.305633182131876069e+00
3.362406674189812872e+00
3.417625356791462732e+00
3.471297345279412028e+00
3.523623567680596036e+00
3.574700382193923165e+00
3.624555474829400215e+00
3.673409982196178536e+00
3.721368080792997635e+00
3.768474653423373510e+00
3.814859675616081081e+00
3.860609279183881970e+00
3.905764130356544239e+00
3.950370984399178553e+00
3.994516950618039797e+00
4.038222464346955753e+00
4.081557996136559119e+00
4.124636597085387102e+00
4.167458918202409102e+00
4.210215501403280491e+00
4.253037082438925864e+00
4.295920711284306748e+00
4.339169326220685186e+00
4.382888628961959299e+00
4.427100109211131063e+00
4.472107644394319514e+00
4.517947613566541953e+00
4.564693012924968762e+00
4.612513813549401931e+00
4.661363943147704525e+00
4.711363548157657455e+00
4.762478603864084725e+00
4.814605297079641133e+00
4.867848102039185498e+00
4.922002045932669212e+00
4.976951008753310646e+00
5.032686566272177586e+00
5.088948385249654649e+00
5.145649582580904102e+00
5.202625937379310450e+00
5.259698764611626665e+00
5.316826946555894828e+00
5.373781828784752967e+00
5.430545078612521337e+00
5.487102206072802524e+00
5.543344653894762608e+00
5.599369303093520323e+00
5.655145004426331390e+00
5.710787203297812198e+00
5.766341667290261874e+00
5.821730977909269633e+00
5.877173068807279854e+00
5.932481800252191739e+00
5.987554305141254751e+00
6.042441371500715697e+00
6.096686349795292337e+00
6.150222193357241629e+00
6.202784207187245435e+00
6.253817712667703255e+00
6.303334154491159858e+00
6.350902039406047805e+00
6.396150638905525376e+00
6.439153337442792058e+00
6.479624062142764096e+00
6.517579855917920106e+00
6.553111956795979687e+00
6.586265025615694491e+00
6.617448409156076572e+00
6.646751744669423978e+00
6.674487707070178466e+00
6.701257837555696817e+00
6.727144904866304564e+00
6.752526035012248684e+00
6.777877231766990640e+00
6.803248074681827795e+00
6.828869546226148834e+00
6.854840305158867331e+00
6.881163734636433382e+00
6.907801099853956295e+00
6.934484354978849296e+00
6.961218607990143248e+00
6.987769456167985282e+00
7.013767720005979811e+00
7.039268189664359632e+00
7.064083454386587135e+00
7.088023762330696975e+00
7.111159595974026359e+00
7.133493646393134213e+00
7.155107578899053244e+00
7.176022613602170530e+00
7.196333047198837818e+00
7.216278457270257185e+00
7.235815644483191811e+00
7.254993940316549761e+00
7.273976432881613441e+00
7.292671267981385874e+00
7.311050708158478351e+00
7.329006744405927698e+00
7.346439014589813077e+00
7.363230573905508614e+00
7.379025292619801668e+00
7.393794726685761987e+00
7.407380598254690085e+00
7.419416707393692967e+00
7.429968362016467154e+00
7.439008845839462758e+00
7.446422980300615002e+00
7.452272068438841046e+00
7.456737068858610762e+00
7.460037261932183306e+00
7.462160918013347022e+00
7.463323669948898953e+00
7.463916556770070265e+00
7.463927748476177904e+00
7.463412494402906994e+00
7.462689187500679111e+00
7.461840693121810197e+00
7.460807690520411484e+00
7.459751759137296823e+00
7.458781347313839127e+00
7.457944100442468027e+00
7.457294151988747011e+00
7.456766650080957071e+00
7.456511558678339036e+00
7.456491949203055469e+00
7.456515652511445325e+00
7.456493899903793299e+00
7.456344344073499997e+00
7.456134708511392262e+00
7.455550396253427969e+00
7.454594630464334237e+00
7.453595103626636131e+00
7.452599541989663123e+00
7.451726926345227042e+00
7.450957668368908493e+00
7.450751881150272204e+00
7.451169987973696784e+00
7.451778677534874440e+00
7.452644581520619482e+00
7.453696528670554322e+00
7.454924442152925934e+00
7.455791930409635171e+00
7.456068608183413993e+00
7.456316826308536427e+00
7.456362442833660786e+00
7.456088791478401312e+00
7.455601243572460568e+00
7.455356127364119345e+00
7.455537150013050507e+00
7.455642256296370896e+00
7.455964242247760332e+00
7.456605969071613771e+00
7.457257455784138678e+00
7.457561404079864786e+00
7.457535724829450707e+00
7.457540188119124558e+00
7.457172262750860092e+00
7.456478888712209319e+00
7.455875006428901663e+00
7.455419910024001950e+00
7.455216267465584856e+00
7.455244777563358127e+00
7.455718245495717156e+00
7.456726617684139136e+00
7.458138057835969725e+00
7.460049910473558477e+00
7.462496276138782747e+00
7.465450360641951555e+00
7.469002197192225800e+00
7.473147105134040125e+00
7.477808010479546574e+00
7.483143761442385689e+00
7.489192228216935199e+00
7.495773519753666569e+00
7.503078441241400220e+00
7.511231863971587153e+00
7.520039546083597592e+00
7.529683972891159982e+00
7.540211650210927097e+00
7.551440120903493813e+00
7.563445801140403546e+00
7.575951079303929525e+00
7.588816335543810965e+00
7.601882088008383498e+00
7.614648603258284965e+00
7.627150228275824340e+00
7.639006213101867893e+00
7.649927193765473810e+00
7.660195745395317779e+00
7.669427124950762398e+00
7.677732904821151116e+00
7.685487456282786844e+00
7.692545599168490789e+00
7.699185851766603861e+00
7.705605518029052803e+00
7.711936514955052502e+00
7.718385706540122015e+00
7.724881179697596245e+00
7.731648977159710334e+00
7.738765105052055837e+00
7.746035965472782614e+00
7.753586850908987138e+00
7.761339617365318411e+00
7.769158053817161402e+00
7.776995089763858005e+00
7.784674036156780552e+00
7.792203201841034321e+00
7.799383703807694523e+00
7.806100402115782266e+00
7.812533972915816527e+00
7.818433268128525349e+00
7.823799760248744128e+00
7.828916023925344803e+00
7.833657934935232880e+00
7.838066041352782065e+00
7.842313620147216113e+00
7.846534158216283750e+00
7.850802864353698673e+00
7.854994541743511860e+00
7.859432191163456594e+00
7.864280762118956325e+00
7.869165904022172420e+00
7.874378795747124293e+00
7.880089750834879503e+00
7.885940709191866738e+00
7.892019479712714336e+00
7.898324773069958837e+00
7.904754937881546262e+00
7.911208543243702707e+00
7.917501843616222779e+00
7.923805585033169230e+00
7.929982245320783107e+00
7.935870640581717872e+00
7.941721360497699500e+00
7.947501081395930811e+00
7.953247671029155974e+00
7.959074317060185422e+00
7.965069452700088704e+00
7.971416205170238634e+00
7.978023640198866673e+00
7.985009209908247918e+00
7.992487995585887184e+00
8.000267284865968165e+00
8.008383247212092826e+00
8.016720607154857348e+00
8.025129920441253617e+00
8.033509362686000799e+00
8.041525244940675776e+00
8.049140632829731246e+00
8.056124176267923431e+00
8.062101676846287646e+00
8.067144100355106318e+00
8.070964759294225743e+00
8.073418005839368305e+00
8.074668045006154316e+00
8.074521002307536222e+00
8.073279726003610435e+00
8.071177097937484390e+00
8.068280027593200288e+00
8.065308263567079194e+00
8.062470832840268997e+00
8.060134544943094781e+00
8.059050815173334215e+00
8.059259618541227965e+00
8.061225165377113200e+00
8.065194158142952929e+00
8.070973647311824095e+00
8.078781081350349780e+00
8.088107050337649540e+00
8.098650516296711288e+00
8.110183035593625078e+00
8.121750938193928349e+00
8.133180446852941614e+00
8.143951287578667930e+00
8.153339921675913260e+00
8.161433436237382821e+00
8.167825136121503959e+00
8.172516316147790505e+00
8.175762081437904172e+00
8.177586839715250022e+00
8.178640573948234405e+00
8.179121919811837671e+00
8.179454729024332238e+00
8.180397458147714573e+00
8.181944149716757764e+00
8.184586378467111345e+00
8.188655512648187695e+00
8.193980053142441378e+00
8.200774837822226715e+00
8.208801922681500329e+00
8.217881367560035955e+00
8.227847049831328974e+00
8.238156304277406861e+00
8.248748925110655605e+00
8.259239151905944709e+00
8.269173985759435297e+00
8.278630884029823278e+00
8.287265375965596093e+00
8.294964442714469754e+00
8.301875341945519793e+00
8.307873069326596749e+00
8.313208404718162470e+00
8.318013436260931925e+00
8.322407627194555957e+00
8.326875856521988695e+00
8.331479381543900331e+00
8.336493544366630815e+00
8.342450067605424735e+00
8.349324511558037898e+00
8.357420316950982198e+00
8.367127196988688453e+00
8.378356759807333631e+00
8.391327937213787891e+00
8.406143221947084854e+00
8.422698252011860731e+00
8.441060098961754576e+00
8.461005289781430960e+00
8.482466761464035443e+00
8.505355924506645238e+00
8.529235555136068569e+00
8.554107119158055994e+00
8.579788396616731205e+00
8.605858425090335828e+00
8.632381995561546617e+00
8.659184183302153670e+00
8.686094856475978787e+00
8.713212807771833823e+00
8.740460045594238281e+00
8.768034429925636530e+00
8.796043125402215779e+00
8.824540493016193921e+00
8.854042313053531288e+00
8.884657982958708899e+00
8.916548006037343654e+00
8.950371669719544343e+00
8.986242964648345932e+00
9.024368001030801167e+00
9.065342686635201375e+00
9.109273548993362724e+00
9.156353442512067176e+00
9.206959686726490233e+00
9.261159234041583588e+00
9.319095500447557967e+00
9.380872098737016884e+00
9.446487256872071470e+00
9.516024719015204525e+00
9.589368677138404351e+00
9.666453320874323296e+00
9.747314378428796999e+00
9.831749213795088593e+00
9.919672151365615420e+00
1.001109809824157004e+01
1.010587790846364875e+01
1.020395892733905185e+01
1.030536470784665148e+01
1.041006160777967615e+01
1.051804810208186680e+01
1.062936646283509035e+01
1.074403088031776576e+01
1.086205544593101102e+01
1.098347364743698229e+01
1.110817592040638324e+01
1.123612579208438866e+01
1.136728581917163439e+01
1.150124456888499047e+01
1.163786579404182753e+01
1.177697396618543024e+01
1.191778324548676871e+01
1.206006250007444969e+01
1.220346753746539470e+01
1.234692975066175791e+01
1.249018379800865297e+01
1.263275094657064379e+01
1.277350797027060203e+01
1.291223906805895005e+01
1.304842623319998474e+01
1.318116056620879561e+01
1.331033734926559298e+01
1.343552047656148396e+01
1.355621177568834845e+01
1.367242520036207232e+01
1.378390370478041227e+01
1.389060534088581811e+01
1.399261406333422109e+01
1.408988476481294150e+01
1.418271577947541573e+01
1.427118260148096063e+01
1.435540968046188404e+01
1.443581752072616098e+01
1.451240477248086336e+01
1.458537102343096592e+01
1.465503784219879435e+01
1.472130052968467773e+01
1.478433187252436909e+01
1.484422060143032063e+01
1.490078213380824934e+01
1.495409519839687817e+01
1.500400817858331237e+01
1.505031323147389344e+01
1.509298219975436517e+01
1.513171886406765232e+01
1.516635267275496624e+01
1.519678223069740675e+01
1.522270321499798662e+01
1.524402197470264930e+01
1.526061851716530526e+01
1.527229404351574438e+01
1.527904051448026657e+01
1.528076822281455804e+01
1.527743845466948613e+01
1.526911175049148817e+01
1.525575563160059289e+01
1.523748483090965600e+01
1.521439904472069848e+01
1.518652538530541563e+01
1.515408538108273895e+01
1.511718958011195646e+01
1.507590962706475857e+01
1.503051549300264611e+01
1.498110992713724698e+01
1.492778756788937677e+01
1.487081950804325459e+01
1.481029383683065959e+01
1.474630972423559605e+01
1.467911403873294773e+01
1.460878221229972063e+01
1.453540768047306209e+01
1.445920866473148969e+01
1.438025357648394476e+01
1.429862808461480483e+01
1.421452939790502690e+01
1.412802352292270847e+01
1.403919102900076155e+01
1.394821730053583764e+01
1.385516729657712354e+01
1.376011944312235435e+01
1.366325114306875399e+01
1.356462478486164080e+01
1.346431701836711170e+01
1.336249454844752371e+01
1.325921464508860304e+01
1.315454958966114596e+01
1.304864930188572636e+01
1.294156420099421290e+01
1.283335821785775011e+01
1.272415963371562242e+01
1.261401198703853055e+01
1.250296767650209340e+01
1.239113309102096849e+01
1.227854638070404469e+01
1.216524768219397146e+01
1.205132668541618024e+01
1.193681831994808640e+01
1.182175271233080593e+01
1.170621180429020036e+01
1.159022912313407794e+01
1.147382933733736543e+01
1.135709587448593538e+01
1.124006152208998799e+01
1.112275068823462298e+01
1.100525384491259651e+01
1.088760227539489911e+01
1.076982390979471838e+01
1.065201543479808599e+01
1.053420489527843351e+01
1.041642452784898509e+01
1.029877016082659047e+01
1.018126497372902861e+01
1.006394308057488907e+01
9.946889590519480961e+00
9.830122469180466283e+00
9.713673524865491515e+00
9.597609790186092837e+00
9.481945464694398140e+00
9.366706571043797780e+00
9.251941369199025544e+00
9.137662915562279053e+00
9.023890701263896474e+00
8.910660477679455127e+00
8.797986402938514416e+00
8.685883724506364700e+00
8.574384820713548905e+00
8.463505229512909622e+00
8.353259573115609626e+00
8.243682722637400317e+00
8.134789347886689725e+00
8.026595721560351393e+00
7.919137509616255954e+00
7.812424735793503494e+00
7.706474337672523767e+00
7.601314038873103307e+00
7.496946042161435564e+00
7.393383860162554555e+00
7.290636873510915272e+00
7.188698986411114156e+00
7.087575388876988569e+00
6.987252209599629005e+00
6.887718074163559301e+00
6.788967307533732232e+00
6.690967942272982860e+00
6.593708773748855556e+00
6.497175228799277669e+00
6.401331478795595054e+00
6.306171918581433999e+00
6.211679331111180424e+00
6.117831087499991050e+00
6.024630084967950161e+00
5.932064387942209471e+00
5.840136388910866394e+00
5.748856674855329807e+00
5.658224562273179714e+00
5.568268699482413098e+00
5.479003568673491920e+00
5.390441095269739691e+00
5.302627017107302443e+00
5.215575048523105828e+00
5.129306147816165229e+00
5.043868740457642552e+00
4.959272426791202726e+00
4.875540677210660867e+00
4.792711762541965292e+00
4.710790203638699936e+00
4.629795506700271623e+00
4.549749140384084178e+00
4.470651571797529478e+00
4.392514259521896669e+00
4.315342052782136228e+00
4.239133155700202771e+00
4.163890053539550884e+00
4.089605498715827459e+00
4.016276904858449015e+00
3.943899356451574523e+00
3.872459152747299793e+00
3.801953726165407499e+00
3.732373598318590613e+00
3.663703377478249035e+00
3.595940936108161790e+00
3.529075304326809714e+00
3.463092821236967822e+00
3.397992172574241465e+00
3.333763593558357829e+00
3.270397393433812194e+00
3.207893375655596291e+00
3.146244905250467738e+00
3.085447183375966684e+00
3.025501039918425672e+00
2.966403747986591011e+00
2.908154594343611787e+00
2.850754721917748924e+00
2.794204723721982919e+00
2.738505489228317824e+00
2.683657339269089448e+00
2.629662474103850567e+00
2.576520231721725729e+00
2.524229105693086783e+00
2.472790849931781221e+00
2.422200940519232848e+00
2.372455664317994373e+00
2.323554888604935531e+00
2.275489689832054463e+00
2.228254463366437843e+00
2.181846883677420745e+00
2.136254444036815414e+00
2.091470285291233910e+00
2.047490453552295531e+00
2.004299588265484378e+00
1.961890055539874611e+00
1.920256882714897584e+00
1.879381256068233697e+00
1.839254892861365898e+00
1.799871723551165870e+00
1.761207655581391363e+00
1.723253740471856643e+00
1.686001997415873532e+00
1.649421577576311249e+00
1.613503113240084552e+00
1.578235875620534800e+00
1.543583141958577487e+00
1.509535879039105133e+00
1.476080732217589064e+00
1.443179323254261570e+00
1.410824073023254188e+00
1.379000616453173400e+00
1.347675531168109009e+00
1.316843712369016428e+00
1.286492540388589179e+00
1.256599993235546275e+00
1.227163854217822925e+00
1.198176024259668626e+00
1.169629288236058606e+00
1.141523879082604775e+00
1.113857718505868677e+00
1.086637104629383899e+00
1.059863581997409376e+00
1.033540553517233063e+00
1.007682251818516672e+00
9.822901533720598266e-01
9.573707330234625390e-01
9.329385544430368604e-01
9.089939200468554192e-01
8.855431019047830254e-01
8.625943278385065360e-01
8.401462184006681655e-01
8.182020205630534671e-01
7.967601623446994852e-01
7.758176910605661947e-01
7.553734554378529475e-01
7.354164787380552681e-01
7.159427301798556575e-01
6.969469997908414038e-01
6.784121679029772034e-01
6.603336970636840553e-01
6.427038922006459432e-01
6.255037064426715032e-01
6.087285170366950604e-01
5.923700712025942172e-01
5.764107387379181491e-01
5.608460144144336024e-01
5.456685512559488194e-01
5.308636214838161616e-01
5.164268810471054350e-01
5.023524730829708185e-01
4.886282542836025145e-01
4.752500284908027783e-01
4.622132005246519237e-01
4.495068749841262257e-01
4.371270028885907433e-01
4.250695990890235865e-01
4.133236268701874772e-01
4.018852044824417491e-01
3.907503297192602698e-01
3.799070508667193313e-01
3.693516590207080452e-01
3.590798179037523741e-01
3.490786628427753335e-01
3.393446110065531651e-01
3.298730243569393816e-01
3.206506401251010274e-01
3.116738984360241105e-01
3.029380923204529341e-01
2.944301701500859902e-01
2.861464799302043116e-01
2.780824795039250064e-01
2.702257352079321384e-01
2.625724534174773139e-01
2.551183695613559732e-01
2.478518385830887627e-01
2.407690124741498072e-01
2.338659055429312128e-01
2.271317768998273590e-01
2.205629672055306190e-01
2.141557632337571515e-01
2.079006022147526223e-01
2.017943523674153028e-01
1.958336641717876025e-01
1.900106399602971008e-01
1.843229832525194178e-01
1.787679175079729399e-01
1.733397284282727213e-01
1.680370893882072725e-01
1.628580318825776363e-01
1.577992425411807453e-01
1.528602383906378648e-01
1.480399624342118026e-01
1.433371375674678816e-01
1.387517554409276044e-01
1.342835152126519993e-01
1.299321942182295742e-01
1.256977725952649061e-01
1.215802818789141621e-01
1.175792363804077229e-01
1.136941823810466295e-01
1.099249260354898811e-01
1.062695541066553534e-01
1.027269732426890486e-01
9.929629514596433060e-02
9.597362530222781907e-02
9.275729551821793040e-02
8.964554181040901293e-02
8.663273817151496969e-02
8.371691277041749812e-02
8.089560285782161630e-02
7.816233735436210750e-02
7.551517778892952171e-02
7.295140277183222166e-02
7.046479301549275764e-02
6.805370540636580812e-02
6.571565757400470165e-02
6.344553347396428289e-02
6.124209603319977213e-02
5.910345139241917484e-02
5.702592420952645041e-02
5.500864921944420560e-02
5.305041488169081471e-02
5.114881211722449583e-02
4.930322846652839680e-02
4.751299453179145399e-02
4.577648283947006319e-02
4.409319711690088545e-02
4.246274552023820287e-02
4.088374093141259463e-02
3.935569214629677792e-02
3.787822002621588774e-02
3.644976533321653278e-02
3.506977237171383238e-02
3.373769258721026620e-02
3.245158818148317914e-02
3.121081285868111677e-02
3.001457584220810701e-02
2.886055280461660363e-02
2.774802178936773556e-02
2.667597163203944480e-02
2.564182910231745452e-02
2.464484557440044590e-02
2.368387260079741694e-02
2.275630104226396278e-02
2.186142356375929061e-02
2.099806310957163732e-02
2.016379428059219062e-02
1.935801699232179637e-02
1.857963177722702156e-02
1.782657435671038473e-02
1.709839686574522385e-02
1.639416673521184101e-02
1.571229771703684316e-02
1.505250744736355388e-02
1.441410082821032758e-02
1.379602871976302707e-02
1.319815370972143159e-02
1.262006950987120020e-02
1.206126279194423383e-02
1.152169057620903124e-02
1.100125463317730944e-02
1.049989375934095442e-02
1.001758879884002799e-02
9.554511634014356547e-03
9.110865396975854208e-03
8.686581540501553747e-03
8.281990465393672743e-03
7.897285538180040879e-03
7.532294661992897274e-03
7.187339004191349578e-03
6.862314502804878029e-03
6.556925723908657751e-03
6.271314078624711831e-03
6.004871024645043985e-03
5.757191930822996850e-03
5.528124457246604874e-03
5.316487100465803160e-03
5.121800104612230474e-03
4.943587536063677977e-03
4.780157671973873403e-03
4.630995450113062871e-03
4.495341356848750990e-03
4.371139825556234065e-03
4.257883146314862637e-03
4.154607513472313544e-03
4.059085665735768199e-03
3.970868228421020607e-03
3.888891151490677430e-03
3.810985550045908801e-03
3.736818386814012068e-03
3.665357751374810191e-03
3.594753064598929081e-03
3.524833638316327098e-03
3.454751884883958037e-03
3.383216384326497798e-03
3.310224502248878837e-03
3.235242313782573861e-03
3.157676878824927647e-03
3.077644920247096447e-03
2.994978358427035151e-03
2.909763498858675395e-03
2.822149570383312555e-03
2.732291579902126292e-03
2.640792799472633807e-03
2.547747847443613059e-03
2.453532512326727939e-03
2.359031699054396549e-03
2.264232443331857473e-03
2.169620708931565504e-03
2.076122491738118230e-03
1.983612080067231106e-03
1.892588294368264742e-03
1.803811580405755141e-03
1.717080659104662293e-03
1.632816039592438311e-03
1.551469978669198398e-03
1.472829661528008089e-03
1.397154581324659695e-03
1.324546514224827663e-03
1.254850240505318631e-03
1.188120081467933286e-03
1.124182474146754240e-03
1.062987977977400932e-03
1.004410383746185938e-03
9.481568607407621059e-04
8.942901693552313949e-04
8.425897233370715882e-04
7.927993945914523508e-04
7.450567171326780190e-04
6.991480121680831864e-04
6.549366858282488525e-04
6.125738846120425173e-04
5.719188696018370809e-04
5.329451754265289356e-04
4.957626328888249667e-04
4.603140585885279884e-04
4.266168934128815402e-04
3.947125823943811187e-04
3.645975599371742426e-04
3.362642220481925140e-04
3.096898778436931181e-04
2.848840909111743729e-04
2.617788065647669608e-04
2.403113274901220401e-04
2.204763691438991720e-04
2.021491158682363028e-04
1.852548972202312826e-04
1.697651738047828744e-04
1.555253894555492166e-04
1.424692984531121531e-04
1.305510449564525324e-04
1.196164698017028721e-04
1.096167111234591657e-04
1.004997266170851595e-04
9.213206863202849141e-05
8.448203839683041518e-05
7.750084115851447813e-05
7.108328030218141920e-05
6.521006747645668067e-05
5.984070733783686534e-05
5.489659171631057027e-05
5.036555329025640786e-05
4.621651806955480468e-05
4.239182081060390771e-05
3.888264604632721874e-05
3.566619679192487854e-05
3.269988095282489620e-05
2.997631839203257630e-05
2.747907881207656400e-05
2.517613954397409403e-05
2.306094240281695651e-05
2.112160424983370826e-05
1.933365560001182876e-05
1.769135731460394433e-05
1.618595561711193282e-05
1.479857831163931745e-05
1.352443424472575030e-05
1.235690431060820436e-05
1.128139003577856437e-05
1.029409229533225370e-05
9.389873904386943153e-06
8.557448138801606924e-06
7.793926745970343966e-06
7.095244634224308910e-06
6.452684296786009160e-06
5.864102423054393387e-06
5.326250280677246247e-06
4.832385265788385986e-06
4.380916908961236477e-06
3.969242856942958233e-06
3.592114822361785630e-06
3.248323315295062095e-06
2.935784889275080773e-06
2.650364453713322209e-06
2.391106186251247399e-06
2.156340573299517321e-06
1.942758098555989141e-06
1.749577524307068229e-06
1.575456090777967950e-06
1.417707954740730997e-06
1.275685711335078468e-06
1.148304937865363476e-06
1.033372551160766838e-06
9.303574463208501783e-07
8.383838004967394948e-07
7.556707799073487967e-07
6.817955014601637403e-07
6.160564046313364877e-07
5.570332617319492041e-07
5.044037104950486194e-07
4.576161773620450095e-07
4.155707209834465705e-07
3.780341810329361121e-07
3.445854866969346601e-07
3.144050292815327756e-07
2.873336891945236118e-07
2.630624984480185262e-07
2.410081995327708500e-07
2.210684970146367634e-07
2.030274990048778699e-07
1.864908088447882211e-07
1.713960314768255128e-07
1.576006566367317187e-07
1.448514357345681684e-07
1.331112387058223075e-07
1.222915801103270266e-07
1.122365405189700062e-07
1.029231086307661220e-07
9.429922328037970229e-08
8.626986072936670294e-08
7.881877614896519028e-08
7.191578713810398577e-08
6.549969100984875812e-08
5.955699816734559407e-08
5.406870619308536063e-08
4.898986906434162046e-08
4.430816453650486010e-08
4.000901132885309515e-08
3.605424845176693429e-08
3.243252106691374282e-08
2.913028440204219457e-08
2.611244892522161864e-08
2.336895227446316965e-08
2.088628990861386580e-08
1.863201129673548504e-08
1.659765851223550289e-08
1.477008237026642117e-08
1.312031365878809678e-08
1.164158383732927532e-08
1.032184082273789827e-08
9.136462003684962161e-09
8.080233205361429156e-09
7.142819710891172237e-09
6.304298209326839925e-09
5.560753223049059419e-09
4.903848754403919706e-09
4.318153594101792295e-09
3.800772215145207772e-09
3.345320871020303847e-09
2.940274152395567064e-09
2.583511042755769566e-09
2.270341243734303962e-09
1.992399230170304027e-09
1.748143374080663985e-09
1.534232125579034329e-09
1.344720119657746786e-09
1.178495973892815207e-09
1.033227575248090295e-09
9.047484350235613721e-10
7.922642778158871349e-10
6.941660316547275510e-10
6.075568391634734921e-10
5.318739985911901086e-10
4.660120484676382565e-10
4.079640317313550083e-10
3.573349592629055753e-10
3.133654673133252884e-10
2.746679667249795223e-10
2.409683226991851112e-10
2.117448503896148951e-10
1.860419880602407935e-10
1.636724215087426600e-10
1.442789920469207908e-10
1.272094642322196803e-10
1.123385078107840389e-10
9.942397499864049448e-11
8.802736708680942969e-11
7.806694028913093998e-11
6.938124468538844418e-11
6.168149160697193911e-11
5.491576417320768484e-11
4.897875991803816601e-11
4.368458219655779784e-11
3.900095478444718501e-11
3.486075941629163421e-11
3.114662393964207817e-11
2.783862970139601746e-11
2.489471188955335524e-11
2.224132868416285508e-11
1.986599389333693019e-11
1.774236325656146541e-11
1.582375102015487326e-11
1.410199794943406782e-11
1.256018154545294575e-11
1.116750244494127803e-11
9.918314769933194320e-12
8.801156152525463019e-12
7.794525978777857458e-12
6.894306730450046337e-12
6.092206954628222752e-12
5.372365731315693224e-12
4.731683184551148484e-12
4.163832529083188760e-12
3.656692615541724195e-12
3.207910402253661696e-12
2.812536032864150049e-12
2.461217902106498923e-12
2.152186011761088668e-12
1.881579452245973311e-12
1.642264825335885483e-12
1.432935254399439288e-12
1.250644708253366720e-12
1.090080679591440394e-12
9.502996056398115962e-13
8.291235145977289361e-13
7.227112191085295357e-13
6.303968115514337602e-13
5.506247609191325941e-13
4.807005435966721703e-13
4.201641193561435071e-13
3.679405806839914954e-13
3.221915053315566116e-13
2.826049961082368776e-13
2.484592130937119475e-13
2.185284311329140403e-13
1.926044462980254169e-13
1.702132159702349935e-13
1.505513505821116413e-13
1.334814745177185850e-13
1.186969593145132010e-13
1.056768870853621174e-13
9.433129600746314858e-14
8.446350827411332433e-14
7.573760946481837402e-14
6.809491130577314849e-14
6.140971102966444729e-14
5.546589803213201121e-14
5.022523336563382138e-14
4.560751508842897256e-14
4.147396308451169607e-14
3.779967134049885010e-14
3.453360755506926547e-14
3.158694554762167613e-14
2.894348129248640484e-14
2.657090036555724370e-14
2.441262536983016702e-14
2.245814126342533176e-14
2.068709351473321515e-14
1.906358471284863942e-14
1.758081315194199532e-14
1.622596681152003975e-14
1.497621701708222988e-14
1.382716552418580348e-14
1.277065738510722159e-14
1.179195145769672651e-14
1.088817738667600977e-14
1.005398813301939691e-14
9.279537133932314467e-15
8.562897557845252481e-15
7.900388277356270815e-15
7.285080249945070428e-15
6.715607298719139931e-15
6.189282607927229108e-15
5.700923439997581081e-15
5.249484215048090033e-15
4.832896773836862351e-15
4.447064010797346873e-15
4.091122284990047423e-15
3.763419006877594767e-15
3.460587594587171074e-15
3.181877165184759964e-15
2.925940143492002396e-15
2.689956908396970936e-15
2.473263654652812468e-15
2.274753509258926212e-15
2.092059746140150493e-15
1.924602585338367768e-15
1.771474328675622624e-15
1.630709168558345630e-15
1.501815503232298235e-15
1.384055476476173992e-15
1.275827945299536246e-15
1.176731207420599644e-15
1.086175090232688060e-15
1.002888295922076757e-15
9.265541472202605367e-16
8.567116702261049561e-16
7.923791050412926607e-16
7.333135502009257617e-16
6.791652994222169817e-16
6.291949394464209740e-16
5.832186318571335711e-16
5.409785374021923251e-16
5.019266905177933666e-16
4.659237816115898728e-16
4.327830471826658084e-16
4.020993235601567179e-16
3.737661422467856202e-16
3.476477428163567419e-16
3.234411743798434792e-16
3.010647884316606848e-16
2.804171937574831260e-16
2.612680023423082020e-16
2.435552327464960357e-16
2.272002384083657698e-16
2.120255683688284257e-16
1.979852022783984597e-16
1.850162639302666524e-16
1.729813315454247205e-16
1.618470414869109263e-16
1.515623020573345449e-16
1.420202474502406441e-16
1.331969964644613018e-16
1.250505987431975009e-16
1.174971182514143314e-16
1.105193746657116085e-16
1.040825663790974703e-16
9.812005362207570999e-17
9.261927344980101321e-17
8.755146111034847994e-17
8.286422941322579070e-17
7.854825094093689071e-17
7.458088909764308394e-17
7.092312721974010987e-17
6.756787919753763497e-17
6.449946706145882212e-17
6.169164724939194041e-17
5.913860434900846582e-17
5.683185018033010553e-17
5.475537656763457414e-17
5.290359620459229743e-17
5.127354189952839965e-17
4.985412294264915884e-17
4.863911836015773959e-17
4.762738710734559266e-17
4.680598166645911520e-17
4.616772842840606925e-17
4.570891404343103718e-17
4.540912604542681962e-17
4.526061548249980979e-17
4.525392440629889866e-17
4.535901665472604623e-17
4.556848084099215836e-17
4.586654830105888810e-17
4.621569439873835383e-17
4.660993567729790357e-17
4.702945843228809671e-17
4.743491705360329531e-17
4.782261026574135888e-17
4.817290312874847274e-17
4.845181601303375519e-17
4.865817479237852771e-17
4.877709569632774906e-17
4.878605654780157508e-17
4.868586360592913831e-17
4.846950633533884762e-17
4.812873282195413950e-17
4.766518934862170236e-17
4.708019463837982646e-17
4.637864013238197751e-17
4.556185192686870192e-17
4.463731614105003125e-17
4.361915578575337118e-17
4.250780773684712963e-17
4.131344368024620924e-17
4.005479146905846940e-17
3.873163366480573215e-17
3.735372135682216454e-17
3.594066182974469775e-17
3.449230584095194078e-17
3.301630770168892806e-17
3.153079905021727737e-17
3.003635090805648264e-17
2.853827764680382776e-17
2.705190725272650977e-17
2.557872895853530512e-17
2.412224323403680820e-17
2.269424434060564476e-17
2.129686455862616329e-17
1.993241230579587543e-17
1.860886626706689431e-17
1.732848791581349872e-17
1.609279481770923212e-17
1.490612499523798847e-17
1.377037929396601782e-17
1.268646530797639226e-17
1.165564138145396173e-17
1.067913280164066011e-17
9.757308078785856288e-18
8.889093456646365582e-18
8.074928476530459798e-18
7.314685678392136339e-18
6.605684148144145577e-18
5.947635026255205777e-18
5.339963617215124167e-18
4.778976832812602479e-18
4.263825052977056991e-18
3.793553196596536149e-18
3.363922646799922091e-18
2.973743821821691314e-18
2.621774234737000221e-18
2.303613417825588411e-18
2.017954436032243558e-18
1.763386763995195677e-18
1.535676195002719727e-18
1.333581965898305447e-18
1.155658136598479728e-18
9.981008608560970848e-19
8.598556113962887294e-19
7.395639155757537168e-19
6.340267449125978844e-19
5.424278394790695353e-19
4.635870797321301427e-19
3.949795890693819905e-19
3.360238255799281429e-19
2.857650804988314652e-19
2.423259076243954828e-19
2.053218751990316794e-19
1.740286663414260166e-19
1.471235446760311684e-19
1.243690329466423643e-19
1.052459057771695171e-19
8.886456969392865421e-20
7.508711258836915294e-20
6.355900333901564676e-20
5.370416437086921040e-20
4.544704384395429613e-20
3.855515179961873235e-20
3.266609756778104385e-20
2.774091783917848139e-20
2.363206281557226064e-20
2.011636793612608460e-20
1.717513525818028510e-20
1.471716817869008626e-20
1.260718316974300245e-20
1.083705448749830906e-20
9.351646230130233178e-21
8.069952538861509728e-21
6.988949162460359457e-21
6.075934880713954019e-21
5.282881956259849987e-21
4.608943310294991371e-21
4.035040914410623994e-21
3.532885626124758225e-21
3.102365881518212589e-21
2.732485621167001274e-21
2.406593098753261571e-21
2.124696119019902444e-21
1.880483960016965931e-21
1.664074707032553395e-21
1.475401848810124120e-21
1.310815520495083194e-21
1.164343595747563969e-21
1.035835456116071388e-21
9.231327633622845426e-22
8.225310984810458795e-22
7.338413444064773896e-22
6.557423703499921622e-22
5.858703370800002959e-22
5.240410409982292909e-22
4.694135049573792373e-22
4.204417515258900585e-22
3.769706584350372745e-22
3.384461491142471822e-22
3.038392273079578648e-22
2.730305159738801632e-22
2.456461511544161386e-22
2.209936711268573584e-22
1.989858873581240194e-22
1.793671699554327247e-22
1.616680654098928072e-22
1.458262951065773530e-22
1.316659313709741029e-22
1.188663861534235276e-22
1.073831382473028933e-22
9.709456685420607070e-23
8.777965192923961928e-23
7.940611623920408888e-23
7.188937291463475768e-23
6.507515919412767596e-23
5.893969897035208752e-23
5.342362761342537060e-23
4.841776655358729481e-23
4.390444516832054038e-23
3.984152341017159452e-23
3.615069515714853220e-23
3.281885188660082072e-23
2.981573441893253251e-23
2.708458908465672342e-23
2.461580557298365804e-23
2.238745960530947510e-23
2.035816207556548052e-23
1.852099458583212832e-23
1.685999859538097781e-23
1.534493381338905535e-23
1.397091760420484618e-23
1.272633612082185760e-23
1.158912330371487599e-23
1.055588638280479311e-23
9.618205433790386795e-24
8.760015599193822739e-24
7.978969221456099036e-24
7.268991723398336284e-24
6.618393965442605189e-24
6.025528541661360299e-24
5.486024537573367060e-24
4.991345361359384466e-24
4.540294082392845899e-24
4.129716279420766209e-24
3.753318703069099651e-24
3.410188433414469247e-24
3.098024096293550880e-24
2.812117665578186846e-24
2.551739692458232301e-24
2.315179823884264180e-24
2.098855049327069834e-24
1.902165212101036459e-24
1.723810244574882238e-24
1.561021154333218193e-24
1.413301063437759812e-24
1.279641120882153528e-24
1.157880811185855609e-24
1.047614341627100823e-24
9.480483420050925196e-25
8.574942076179673810e-25
7.756293627832429103e-25
7.018279303337972426e-25
6.347781613001854774e-25
5.742322110083003498e-25
5.196996637675100947e-25
4.701738045789950738e-25
4.254709124373987628e-25
3.852121740109494514e-25
3.486369007178296310e-25
3.156133230537940345e-25
2.858542332482605998e-25
2.587940298172529735e-25
2.343405441559403565e-25
2.122802424957987601e-25
1.921983535183132519e-25
1.740311387482001331e-25
1.576225530122533823e-25
1.426711501465773278e-25
1.291325170140028826e-25
1.168939595864769175e-25
1.057368752644014449e-25
9.562944489590771080e-26
8.649059336544268576e-26
7.816096546023114357e-26
7.061681139408856510e-26
6.379948399222366925e-26
5.759148777353254076e-26
5.197437622024704545e-26
4.690513601918027284e-26
4.229588266451604887e-26
3.813192617552898035e-26
3.438113130126770431e-26
3.097689375406367007e-26
2.790746173488391529e-26
2.514839895016909029e-26
2.264881379496402456e-26
2.039943333786390417e-26
1.838145623990721343e-26
1.655594854050045357e-26
1.491578505364919184e-26
1.344645804331141052e-26
1.211835368163964801e-26
1.092617897539885629e-26
9.858808759066726857e-27
8.893976186077458021e-27
8.027889229753051779e-27
7.252132933850697164e-27
6.550216891255707146e-27
5.919515625187496213e-27
5.353781950874146183e-27
4.841002538954695429e-27
4.379407723176630365e-27
3.964454856203464906e-27
3.587523556417828768e-27
3.247436189875198053e-27
2.940953988680694748e-27
2.661959482826303655e-27
2.409662270047073314e-27
2.181788178653370788e-27
1.974015069713720063e-27
1.785794201094327407e-27
1.615540224172609865e-27
1.460186536079263948e-27
1.319331480267901682e-27
1.191865577828826621e-27
1.075584374146823882e-27
9.701773517177802717e-28
8.748554446379117566e-28
7.880026804474041927e-28
7.093695957563533468e-28
6.383804252300417039e-28
5.738252559298941074e-28
5.155007047860721177e-28
4.629744865866823139e-28
4.153249236230284731e-28
3.723871540167524566e-28
3.338288967019489311e-28
2.989412842164785330e-28
2.675931695500671973e-28
2.395257817489405978e-28
2.141934772696754519e-28
1.914945087292857639e-28
1.712270659677404452e-28
1.529739478510515819e-28
1.366582787171932269e-28
1.221239556439660866e-28
1.090557453827640696e-28
9.739699486710545620e-29
8.702869437417222271e-29
7.771609280155770213e-29
6.941833578013980206e-29
6.204627375650060603e-29
5.542770778927395176e-29
4.953368873874491225e-29
4.429863272524662139e-29
3.959798702151253070e-29
3.541150288271543244e-29
3.169173477498678953e-29
2.834965696028368953e-29
2.537122220455907733e-29
2.272258956094639765e-29
2.034069555124024330e-29
1.821582776818223392e-29
1.632410640466475372e-29
1.462111014363561978e-29
1.310011335188489871e-29
1.174437902373085889e-29
1.052268355419640333e-29
9.430340617987189472e-30
8.455649770350474313e-30
7.576635982743525756e-30
6.790000944395938628e-30
6.087552836544690607e-30
5.453760490329206217e-30
4.886273827042962708e-30
4.379328408712962793e-30
3.921878152667569608e-30
3.512227902119727518e-30
3.146290394343598425e-30
2.816152852249508887e-30
2.520580230960971825e-30
2.256649189196499122e-30
2.018653049166904124e-30
1.805686531112224949e-30
1.615641630413073267e-30
1.444381330663328533e-30
1.291241090963041363e-30
1.154691325143202964e-30
1.031724330883557501e-30
9.218535895076732761e-31
8.239653839848218480e-31
7.358722828239393578e-31
6.572201014464337809e-31
5.871975455071544902e-31
5.242166900678346291e-31
4.680215058956686464e-31
4.180222405338674696e-31
3.730700576451746727e-31
3.329811688453446566e-31
2.973285103482143607e-31
2.652842906664718721e-31
2.367173214761300384e-31
2.113197639734634176e-31
1.884974974578445826e-31
1.681572104429704339e-31
1.500779770338445180e-31
1.338347366577245805e-31
1.193612027433555298e-31
1.064993749970629845e-31
9.494577375485039870e-32
8.465328340846144498e-32
7.550915462346040218e-32
6.729691872628507306e-32
5.998303552685007530e-32
5.348712162581167699e-32
4.765479160451753527e-32
4.246213502877103353e-32
3.785184384618047363e-32
3.371378488520632303e-32
3.003090446258679495e-32
2.676233063849167258e-32
2.382949067384506802e-32
2.122023212998489393e-32
1.890539979481672249e-32
1.682895954694486885e-32
1.498227023598243363e-32
1.334454265978556950e-32
1.187585703881861081e-32
1.057008680960706952e-32
9.412424420292374460e-33
8.374474091326055822e-33
7.451904771171630898e-33
6.634186967386636032e-33
5.901158009696695669e-33
5.249762973527491925e-33
4.672528604134822224e-33
4.155162012866948136e-33
3.695510746611798499e-33
3.288279873898858037e-33
2.923350246790651301e-33
2.599205125291100470e-33
2.312097659684018293e-33
2.054868849645400295e-33
1.826448918280476906e-33
1.624188187136469071e-33
1.443023150659394491e-33
1.282198442495901080e-33
1.139840498844283677e-33
1.012367971494602222e-33
8.992471841821816465e-34
7.991531841528270072e-34
7.095531328274826268e-34
6.300701412953178420e-34
5.597672068799816868e-34
4.968538047595925314e-34
4.410641837196527201e-34
3.917359662525448479e-34
3.476045747996236725e-34
3.084830674536386888e-34
2.739036626646722608e-34
2.429744980705242050e-34
2.155644092454488013e-34
1.913435384536358261e-34
1.696839402500976691e-34
1.504937766637061600e-34
1.335408606983929875e-34
1.183837881989349700e-34
1.049583208655414025e-34
9.310129868563758181e-35
8.250284142633396620e-35
7.311800273198948324e-35
6.483227302235849235e-35
5.742826528530175583e-35
5.087448955593596168e-35
4.509062965888971260e-35
3.992420992725567094e-35
3.535313164649374120e-35
3.132106009938807278e-35
2.772102714205305850e-35
2.453750869228302151e-35
2.173097418043199546e-35
1.922636522008157832e-35
1.701278160142088470e-35
1.506247355120486374e-35
1.332278383163245117e-35
1.178607795005757845e-35
1.043287857322206143e-35
9.226278943255643601e-36
8.160955692508816421e-36
7.223252050509164178e-36
6.387348345987448269e-36
5.649554286615069400e-36
5.000314487052603158e-36
4.421613655743187371e-36
3.910909262448248422e-36
3.461536029663449873e-36
3.060963360557879044e-36
2.707448544743871371e-36
2.396359006766561795e-36
2.119006017470492487e-36
1.874198592285907020e-36
1.658728336370937969e-36
1.466585527410009154e-36
1.296956083832429890e-36
1.147624195725097789e-36
1.014439015322460545e-36
8.968421167377635483e-37
7.933054904422881065e-37
7.009623728688781771e-37
6.194273152488666513e-37
5.476464675471212565e-37
4.836374354230652816e-37
4.271321785169752896e-37
3.774026168106404636e-37
3.330749034622981703e-37
2.939613744389179658e-37
2.595575809508965792e-37
2.289090397329206902e-37
2.018837761759863442e-37
1.781311607061290088e-37
1.569866930496153611e-37
1.383574622932852065e-37
1.219990993077927073e-37
1.074485193019518192e-37
9.464047311676365778e-38
8.340440917677814537e-38
7.341774360217884733e-38
6.463490174866091598e-38
5.693688807412029074e-38
5.009941985491749655e-38
4.409089874165656236e-38
3.882847283061549790e-38
3.415669625153790221e-38
3.005383809487116970e-38
2.646241634842064240e-38
2.327511889558558968e-38
2.047711499790853960e-38
1.802870244251005613e-38
1.585610753102621698e-38
1.394927102860142068e-38
1.228090128896042099e-38
1.080047710259374798e-38
9.501202447569574434e-39
8.364399105432824951e-39
7.355576521303433120e-39
6.470149458260600009e-39
5.695379284770013447e-39
5.007767224298124323e-39
4.404216002104114726e-39
3.876057280903032962e-39
3.407294877528118828e-39
2.995829994704577206e-39
2.635769149549803819e-39
2.316221182492627929e-39
2.035757825089209383e-39
1.790370622478406381e-39
1.572636999925379648e-39
1.381580807040112053e-39
1.214472114133570090e-39
1.066245467186369221e-39
9.362314687330120076e-40
8.225676494881457124e-40
7.217927373549193727e-40
6.334469053403085319e-40
5.562573621541903951e-40
4.878570553502939632e-40
4.279302084211901689e-40
3.756060156678391122e-40
3.292655901287829158e-40
2.886925698810515023e-40
2.532910122167256500e-40
2.219545779300207646e-40
1.945356018198583402e-40
1.706265489124951408e-40
1.494725694119718849e-40
1.309733898985140813e-40
1.148507999269121059e-40
1.005909469627596035e-40
8.812611217453261933e-41
7.726685119276864914e-41
6.766431435355192108e-41
5.927300564515248675e-41
5.196431593882515250e-41
4.550208171375595592e-41
3.985586508035375273e-41
3.493863255499514935e-41
3.059092158738752815e-41
2.679242098398089930e-41
2.348440384440762944e-41
2.055942099154846012e-41
1.800392665841074183e-41
1.577838513339218231e-41
1.381049140568613273e-41
1.209119862029221645e-41
1.059392873297899792e-41
9.270050337326484299e-42
8.113502777830668464e-42
7.106426712229573493e-42
6.216104569911104673e-42
5.438460473442592682e-42
4.761488056058514107e-42
4.163158367566128151e-42
3.640720327687934069e-42
3.186093425218649091e-42
2.784430820012019793e-42
2.433871139164574787e-42
2.128968824704759180e-42
1.859709917582336580e-42
1.624834394457474536e-42
1.420668501321876030e-42
1.240456720715594909e-42
1.083347498568864021e-42
9.468614325479967544e-43
8.264439732844830200e-43
7.215216238868898096e-43
6.304219642698210870e-43
5.500787721772122306e-43
4.801076060097339054e-43
4.193820965139641807e-43
3.658423791296677605e-43
3.192320017314199824e-43
2.787941136459477312e-43
2.431483623953844051e-43
2.121243859648789937e-43
1.852150204158059841e-43
1.614975551207675507e-43
1.408591171906178471e-43
1.229607793211324194e-43
1.071870293284873114e-43
9.346313503153858053e-44
8.156310817710306953e-44
7.107693864059791721e-44
6.195508681992094712e-44
5.404709108467130484e-44
4.708000583224160216e-44
4.102090826921210141e-44
3.576967911847968231e-44
3.114460969265915578e-44
2.712375740651069594e-44
2.364048719852842796e-44
2.057377652037268460e-44
1.790897003798041819e-44
1.560168852356758715e-44
1.357129182057410260e-44
1.180798730230994899e-44
1.028219829337736597e-44
8.940189121283077891e-45
7.775427285434429571e-45
6.768197053976295542e-45
5.882713133138001993e-45
5.114633873943739030e-45
4.450824450177878015e-45
3.867487386409669430e-45
3.361751963487724193e-45
2.924880823448317283e-45
2.541082123518452800e-45
2.208468542585259512e-45
1.921241509956659618e-45
1.668948641671008961e-45
1.450355606286529303e-45
1.261625159989993741e-45
1.095857365435691837e-45
9.522479854018191269e-46
8.282651878032966160e-46
7.193647413275914559e-46
6.250234783673595832e-46
5.435752040952267312e-46
4.720321872686572313e-46
4.100538313202149630e-46
3.565456348096147556e-46
3.095449255880066381e-46
2.688293345120800230e-46
2.336805295643324614e-46
2.028092691911725683e-46
1.760697850261376196e-46
1.529905900752977046e-46
1.327243225436436404e-46
1.151750367424213863e-46
1.000330133309305832e-46
8.674084781830336285e-47
7.523519745203600308e-47
6.531237316953379371e-47
5.660544190116227678e-47
4.907253553616072853e-47
4.257955841098951424e-47
3.688489952814236503e-47
3.196090957454002768e-47
2.771926414225282809e-47
2.400093763433406147e-47
2.078772004471548523e-47
1.802145089536868726e-47
1.559757935587312218e-47
1.350415910492828280e-47
1.170293447079008164e-47
1.012528718072680158e-47
8.763414256190438731e-48
7.592197892530483076e-48
6.566696752981693095e-48
5.681834995643756378e-48
4.921157659385009789e-48
4.255294524339086159e-48
3.680954542115244449e-48
3.187383248715070706e-48
2.755425172792016635e-48
2.382951112178751143e-48
2.062947655734168987e-48
1.782942482278122978e-48
1.541559564293156347e-48
1.334233515891996027e-48
1.152853894417132485e-48
9.965316608286808648e-49
8.622990566500877717e-49
7.448868958299103807e-49
6.437206972665229894e-49
5.568731001650650521e-49
4.809230922991172834e-49
4.154994057177882707e-49
3.593511808018322337e-49
3.102585598759509093e-49
2.679816487972270852e-49
2.317090705715069065e-49
2.000012161196241151e-49
1.727031729519853723e-49
1.492889263194830831e-49
1.288255106111136548e-49
1.112129863116098267e-49
9.611056491155746589e-50
8.291411405521067023e-50
7.155922910867885406e-50
6.182530073835148902e-50
5.332148409989010304e-50
4.600631372989017324e-50
3.973710632821720672e-50
3.426123763545056534e-50
2.955202691412055621e-50
2.551727499436244263e-50
2.199383812607561598e-50
1.896455151393859424e-50
1.636988765453065885e-50
1.410456811861593030e-50
1.215754801887408517e-50
1.049042105627571986e-50
9.035292888070696618e-51
7.785054294837740045e-51
6.714940096618795095e-51
5.781189387423692666e-51
4.979225510074427125e-51
4.293086975768019915e-51
3.694583684237386057e-51
3.180770219139598323e-51
2.741364116739510072e-51
2.358217586026962098e-51
2.029436792963062803e-51
1.748401620393463263e-51
1.503438782686645672e-51
1.293332543828486078e-51
1.113824054655686229e-51
9.574124472378787880e-52
8.233189911694136289e-52
7.088067263303058188e-52
6.090618595463750087e-52
5.235868530057088404e-52
4.506250498107315835e-52
3.870914862517899438e-52
3.326691215832511940e-52
2.862321499193839280e-52
2.458064985125923194e-52
2.111906410325054329e-52
1.816642116140828321e-52
1.559658750468430529e-52
1.339677960494942999e-52
1.152097640454134332e-52
9.888696961402307537e-53
8.491844625933860356e-53
7.301061989282617542e-53
6.265060701321769886e-53
5.378717543407201173e-53
4.623329465857810467e-53
3.966246074833677100e-53
3.404227104223818156e-53
2.925370195729891383e-53
2.508908018146549626e-53
2.152791433280683516e-53
1.849452617423627370e-53
1.585692046286112018e-53
1.360213790424444589e-53
1.168209439890207626e-53
1.001294857962150402e-53
8.586504720963415758e-54
7.372229706045143920e-54
6.316901932383263232e-54
5.415339477585320797e-54
4.648165103514052122e-54
3.981616837747193254e-54
3.412420059260395814e-54
2.928284948737603455e-54
2.507809806702347676e-54
2.148926901653717804e-54
1.843846794539811895e-54
1.579013745012525112e-54
1.353123390414450860e-54
1.161242392643613944e-54
9.947925553570706422e-55
8.529521376279536089e-55
7.326003772520681204e-55
6.283160214261800120e-55
5.395814110292048939e-55
4.644278358623283822e-55
3.994287872265469035e-55
3.442520752162489391e-55
2.976552577181722004e-55
2.574582053044792696e-55
2.234388425379538126e-55
1.948049230812040382e-55
1.700848982324561061e-55
1.491173605897867113e-55
1.300492518277277429e-55
1.113323422586656710e-55
9.442008486145144113e-56
7.524525003867677168e-56
5.766100332633690959e-56
5.022948891088406786e-56
3.208317117703248724e-56
7.190020418131035691e-57
3.486164758799871759e-56
