3.997605216701024416e-04
3.997608085809878451e-04
3.997607985063008837e-04
3.997608319836588680e-04
3.997608621575062296e-04
3.997608697928716056e-04
3.997608720867396634e-04
3.997608772208373460e-04
3.997608899043516868e-04
3.997609058502060242e-04
3.997609124203607093e-04
3.997609107372051955e-04
3.997609126108998085e-04
3.997609210160869451e-04
3.997609277342005323e-04
3.997609267800449409e-04
3.997609262792482169e-04
3.997609365006165108e-04
3.997609489900523201e-04
3.997609514092694905e-04
3.997609474058407171e-04
3.997609488540327608e-04
3.997609602081473494e-04
3.997609717038429124e-04
3.997609727121541313e-04
3.997609681106201879e-04
3.997609709422495416e-04
3.997609807026044466e-04
3.997609876682274577e-04
3.997609887550824018e-04
3.997609906535954326e-04
3.997610007116819577e-04
3.997610147539557577e-04
3.997610218355084413e-04
3.997610234373847335e-04
3.997610319540051936e-04
3.997610506337275675e-04
3.997610704143670420e-04
3.997610831678014725e-04
3.997610950011452934e-04
3.997611178687275244e-04
3.997611515574479033e-04
3.997611863384817506e-04
3.997612233721634816e-04
3.997612719735368957e-04
3.997613366885456382e-04
3.997614150615719144e-04
3.997615056208680875e-04
3.997616169621647300e-04
3.997617621905782265e-04
3.997619470255912985e-04
3.997621714576835125e-04
3.997624474079089106e-04
3.997628028146215967e-04
3.997632641282725043e-04
3.997638511286959791e-04
3.997645939648350423e-04
3.997655492458112182e-04
3.997668033273122984e-04
3.997684472726360273e-04
3.997705973798124221e-04
3.997734127778913176e-04
3.997771560908672055e-04
3.997821781476308179e-04
3.997889058966590530e-04
3.997979477164015794e-04
3.998102019547488317e-04
3.998268557198484318e-04
3.998494652027808922e-04
3.998801152941439422e-04
3.999217685901893448e-04
3.999780283295191214e-04
4.000538110345219171e-04
4.001553759446692957e-04
4.002902613171781059e-04
4.004698485387935686e-04
4.007073619544425846e-04
4.010203652434440836e-04
4.014320387982649087e-04
4.019695372780212944e-04
4.026642828533397687e-04
4.035493592843809006e-04
4.046581908986367562e-04
4.060127688860060537e-04
4.076362975427605157e-04
4.095414285579982534e-04
4.117415942342019116e-04
4.142283134768135096e-04
4.170387115686106211e-04
4.201245174807536329e-04
4.234760898739999479e-04
4.270412511989039829e-04
4.308070600880665318e-04
4.346479340086638419e-04
4.384845203782663549e-04
4.423095971306975323e-04
4.463366899987426892e-04
4.506380451465625452e-04
4.552815303675327493e-04
4.602707864116975718e-04
4.656149706603572580e-04
4.712232980395883409e-04
4.769361305026601264e-04
4.828128021364275907e-04
4.886643948639251764e-04
4.945656739763294773e-04
5.005120195239725484e-04
5.066583396635663704e-04
5.130299071757725687e-04
5.196219276419008527e-04
5.262750956980214324e-04
5.329551103985286390e-04
5.393260643354372795e-04
5.453072576175907547e-04
5.509182513201050938e-04
5.564673564302901731e-04
5.619103561245620149e-04
5.671979529925901941e-04
5.721906883859369936e-04
5.769517794653347513e-04
5.816976384483370016e-04
5.864460887527046373e-04
5.910102108302841065e-04
5.953058912796132304e-04
5.993171930090325115e-04
6.031560637805302109e-04
6.068433900398989556e-04
6.103668741200476023e-04
6.137985147200345328e-04
6.173363995755104961e-04
6.211020648962399700e-04
6.250237585868976663e-04
6.289509819732316516e-04
6.327538075577994990e-04
6.364947345671974691e-04
6.402448412268512985e-04
6.440448756341121770e-04
6.476867123947312784e-04
6.511529623916347031e-04
6.544353673972069275e-04
6.577148239940886713e-04
6.610800304968389744e-04
6.645253173485137985e-04
6.680942600440554525e-04
6.716796328416832496e-04
6.753267344129280057e-04
6.790080934556606785e-04
6.825800182005676946e-04
6.859540785862396333e-04
6.890953423943336174e-04
6.921340220705656009e-04
6.952150874448482414e-04
6.983920106381404785e-04
7.016796433425455523e-04
7.049590335089960446e-04
7.081781167095882370e-04
7.112556148033023903e-04
7.141928043621090325e-04
7.168679516220183203e-04
7.193595214674616952e-04
7.217064220096008941e-04
7.240172928050985033e-04
7.263613650277959879e-04
7.288016131168083582e-04
7.314000854898115161e-04
7.342205795716565640e-04
7.372072104218964101e-04
7.403847610654625683e-04
7.437408839043576974e-04
7.471758529915535716e-04
7.506428322188584291e-04
7.541112997998308115e-04
7.575228153904249410e-04
7.608199568846174760e-04
7.640279442928698313e-04
7.671381542403611512e-04
7.702807892340155210e-04
7.734366602536149778e-04
7.766568060649837752e-04
7.799686163355841560e-04
7.834228762485312891e-04
7.870684968655288979e-04
7.908779018090106566e-04
7.947385716630587073e-04
7.985718845031871457e-04
8.023497201704271435e-04
8.059980206411121277e-04
8.095980260251692392e-04
8.131182199964644489e-04
8.164763346375852274e-04
8.197497463686841297e-04
8.229507495854943965e-04
8.261003930914053144e-04
8.291673244984810488e-04
8.322298217170941929e-04
8.353137145928550122e-04
8.384005349510216271e-04
8.414159067710600196e-04
8.442483830026127232e-04
8.469115412593663161e-04
8.494331604220488243e-04
8.517610699708452315e-04
8.538863514050972848e-04
8.558366996556741185e-04
8.576302637114789369e-04
8.593836263139875654e-04
8.611967970534822967e-04
8.630375697106941859e-04
8.648737412013996796e-04
8.667122366232771300e-04
8.684864125883720153e-04
8.702226236276583340e-04
8.720545611493775440e-04
8.740174073047996331e-04
8.761081883780533989e-04
8.783950744285036385e-04
8.809324369643173379e-04
8.836965631719679399e-04
8.867594721559609065e-04
8.900734661229582796e-04
8.935683413671137963e-04
8.971324056307715140e-04
9.007393064074699363e-04
9.043570343066177153e-04
9.078081147939043825e-04
9.110081611581508868e-04
9.139465821971857595e-04
9.167032948743920970e-04
9.194380814560158301e-04
9.221813687389302308e-04
9.248298869460540956e-04
9.272763167820780982e-04
9.294819643203535093e-04
9.314148358892683759e-04
9.331505024720305585e-04
9.348394013761926165e-04
9.365519485250817060e-04
9.382819792453137540e-04
9.400761883027631150e-04
9.419292796894731742e-04
9.437364680874758219e-04
9.455714434303977376e-04
9.475153272499311575e-04
9.496137511153274636e-04
9.519155445234658234e-04
9.544394827918418383e-04
9.571246581771880504e-04
9.598131057485643179e-04
9.624515390540210567e-04
9.650853393328142011e-04
9.677410529249491893e-04
9.703147654760705581e-04
9.727562524201899697e-04
9.751111266586060975e-04
9.774157908353285715e-04
9.796865686622171533e-04
9.819245904762381218e-04
9.841205199717453517e-04
9.862410273658562231e-04
9.882859022688895816e-04
9.903370663029062958e-04
9.924180292581984142e-04
9.945410944895455730e-04
9.968005312743517116e-04
9.992967788395347439e-04
1.001952695496645483e-03
1.004583034793492171e-03
1.007013966562617883e-03
1.009142323322142262e-03
1.010979061207295917e-03
1.012589345179250788e-03
1.014076046237375297e-03
1.015481874622169546e-03
1.016860969999883006e-03
1.018256563361828911e-03
1.019627069773905567e-03
1.020937794015175631e-03
1.022184399903926580e-03
1.023375296704228006e-03
1.024549961728053781e-03
1.025746253396414218e-03
1.026966791430224991e-03
1.028200728897333497e-03
1.029440779854368104e-03
1.030654528731653717e-03
1.031766795802699279e-03
1.032753995901895643e-03
1.033696730364784024e-03
1.034687989382369064e-03
1.035810290875588662e-03
1.037097895791593526e-03
1.038525024436331859e-03
1.039981089609409671e-03
1.041300672196490088e-03
1.042467676357568740e-03
1.043655043441368228e-03
1.044960784361120051e-03
1.046388431338277905e-03
1.047987011168891123e-03
1.049721943532299587e-03
1.051461118789497615e-03
1.053100578796890580e-03
1.054654420782634786e-03
1.056266795439220066e-03
1.057996127550368988e-03
1.059780375497333931e-03
1.061609578851230870e-03
1.063493851449846383e-03
1.065397515814321423e-03
1.067279052956090655e-03
1.069140439318466695e-03
1.070976510020405642e-03
1.072729491301974928e-03
1.074387703787244193e-03
1.075953912377782852e-03
1.077400288311604250e-03
1.078720072910615722e-03
1.079926127182155365e-03
1.081042067668900371e-03
1.082107589922115184e-03
1.083162064681766380e-03
1.084205853845551099e-03
1.085214933142693468e-03
1.086176751364021894e-03
1.087102752743837044e-03
1.088014076930035471e-03
1.088899929427430361e-03
1.089720607010177984e-03
1.090485790343052267e-03
1.091265497947553316e-03
1.092144295752573227e-03
1.093171397286828205e-03
1.094365696587722321e-03
1.095741834677467453e-03
1.097312774260790057e-03
1.099081991008635847e-03
1.101047719702783010e-03
1.103155965782403681e-03
1.105417849458524169e-03
1.107863805246536932e-03
1.110453316470318011e-03
1.113115654511832127e-03
1.115774066851046116e-03
1.118298505555459250e-03
1.120132497800868914e-03
1.120708265080176767e-03
1.120632610639240873e-03
1.120654540057289695e-03
1.121075168366010826e-03
1.122052203511363479e-03
1.123723095276110652e-03
1.126259028689526346e-03
1.129678942199871788e-03
1.133680236993163566e-03
1.138285394247187145e-03
1.143564731354323148e-03
1.149166205705229402e-03
1.154322364631774154e-03
1.159437689038213129e-03
1.165627014079838450e-03
1.169525998700669941e-03
1.168959386931182204e-03
1.167451190834998750e-03
1.167453040460530046e-03
1.168219525496616345e-03
1.168902045099558945e-03
1.168873634393784210e-03
1.168958221163558927e-03
1.169484207641267827e-03
1.170430251636522681e-03
1.172151620004382002e-03
1.173996441921810845e-03
1.175764717391808217e-03
1.179014118143644537e-03
1.183776081721123240e-03
1.188980432343871713e-03
1.193284637717478402e-03
1.196778076569574804e-03
1.200195190524803654e-03
1.205097547787137291e-03
1.210322183872924052e-03
1.212198514861603923e-03
1.216592419267168140e-03
1.225001368517917005e-03
1.229659148005850982e-03
1.227092871164269785e-03
1.221813980078739065e-03
1.218158252365159804e-03
1.216123544151363235e-03
1.216136396708605025e-03
1.218153600609587703e-03
1.222607148253247256e-03
1.227631997290850891e-03
1.233318954858191605e-03
1.237250502425583194e-03
1.237475685396975320e-03
1.237120622507748664e-03
1.238199997576353711e-03
1.240336882736394917e-03
1.241958335564934384e-03
1.243261005318207959e-03
1.243942571806806816e-03
1.243065101708170760e-03
1.244506714143560518e-03
1.247024418147213692e-03
1.250415335732875692e-03
1.253509650067291320e-03
1.255192949204026170e-03
1.257691887820454107e-03
1.262575023074219340e-03
1.268503779671708524e-03
1.276872940829196744e-03
1.287363410613707668e-03
1.300395291795492262e-03
1.317452762236563353e-03
1.337240488511610027e-03
1.354176948282620517e-03
1.367836883940707834e-03
1.373760738478910746e-03
1.370100804266877670e-03
1.367064445008108354e-03
1.366554839679494631e-03
1.367815775528018196e-03
1.367128973983051769e-03
1.367802577758163787e-03
1.380902614350655241e-03
1.399545646701293080e-03
1.416176628827402802e-03
1.427370247214818349e-03
1.421164818836095434e-03
1.407409524884724750e-03
1.402487611591766384e-03
1.407152659716106886e-03
1.416107673264016152e-03
1.424994558018729922e-03
1.426342256246440014e-03
1.423000904137857467e-03
1.420935618101422382e-03
1.424209850294317660e-03
1.429296951374566839e-03
1.433169243231147659e-03
1.438100269355929803e-03
1.440133419515643269e-03
1.440466280012779295e-03
1.441545493477425395e-03
1.443243962177245951e-03
1.444726475110142327e-03
1.447704749848954591e-03
1.452471220576200418e-03
1.457916346811719173e-03
1.463315473777686108e-03
1.467009211759538745e-03
1.469896964984092249e-03
1.473152321311253570e-03
1.476701150882244601e-03
1.479710857239961708e-03
1.482164538053370962e-03
1.484553690741181918e-03
1.487593368537781400e-03
1.492072719626461388e-03
1.497663358165885177e-03
1.503973588827289907e-03
1.510146983070984397e-03
1.516087290227277054e-03
1.522347510741860113e-03
1.529381631914677282e-03
1.539190488908750683e-03
1.552547155352050276e-03
1.569068456775179815e-03
1.588312215513836955e-03
1.612123822005572579e-03
1.643421148483277484e-03
1.680633309251612119e-03
1.716556138167695325e-03
1.735749083289482488e-03
1.746531830513304347e-03
1.761613433823651896e-03
1.773862052112414609e-03
1.778574156376696528e-03
1.780507253615483398e-03
1.781949469563083848e-03
1.783917733290751352e-03
1.791642413684678935e-03
1.806596460170588857e-03
1.824366153261826416e-03
1.838031253832546081e-03
1.843344118777717928e-03
1.848059777270831452e-03
1.859447951546188381e-03
1.879230039849166464e-03
1.900879482130885196e-03
1.920817764500657235e-03
1.939695949794674294e-03
1.959119644332900020e-03
1.976309440646959771e-03
1.997236615618500511e-03
2.020841237333047963e-03
