7.999478716189337840e-04
8.499841403920943518e-04
9.000616084282001429e-04
9.500123852938830316e-04
1.000077956945979096e-03
1.050006694753011010e-03
1.099953357686990138e-03
1.150050131971350632e-03
1.199981024300906477e-03
1.249927254795126690e-03
1.300031535437999163e-03
1.349985341782410260e-03
1.399939588387751933e-03
1.450047109760294918e-03
1.500000408470486199e-03
1.549956734305231107e-03
1.599921940087994671e-03
1.650027824359836994e-03
1.699980347257256828e-03
1.749931133714551076e-03
1.799894502254629179e-03
1.849997581901857355e-03
1.899955881957977617e-03
1.949913617026682953e-03
1.999888530015980770e-03
2.049998095527446555e-03
2.099956566725229724e-03
2.149918204284900422e-03
2.199895278994220844e-03
2.249860138194048446e-03
2.299979379548250640e-03
2.349938308204700677e-03
2.399903664657854901e-03
2.449863938247875267e-03
2.499974705189915002e-03
2.549940864306345784e-03
2.599905636124446966e-03
2.649872405902769026e-03
2.699839373312607708e-03
2.749954875982071369e-03
2.799908649580809539e-03
2.849869489559062226e-03
2.899823364591403232e-03
2.949936789012999258e-03
2.999897260646600724e-03
3.049854428358188610e-03
3.099812944580507962e-03
3.149915714659378210e-03
3.199872835912855300e-03
3.249818752258979739e-03
3.299775730278097126e-03
3.349868416557764614e-03
3.399798234616630693e-03
3.449884802027537115e-03
3.499817989810322799e-03
3.549738618335122019e-03
3.599817174482409805e-03
3.649750716856535286e-03
3.699832056817193866e-03
3.749752401387502522e-03
3.799810103389364598e-03
3.849721829010786193e-03
3.899762698957214783e-03
3.949646222364727559e-03
3.999683615998326537e-03
4.049716605149798407e-03
4.099707654984539873e-03
4.149708428282794861e-03
4.199698536908135979e-03
4.249646717212438030e-03
4.299575117542429707e-03
4.349548621592716491e-03
4.399484270413315384e-03
4.449535588089917164e-03
4.499404319379309708e-03
4.549435777197184325e-03
4.599275100588245957e-03
4.649201353915169248e-03
4.699116149459973621e-03
4.749026393258622657e-03
4.799015647205671226e-03
4.848757638443569259e-03
4.898672656413300200e-03
4.948501609537219424e-03
4.998278048079285441e-03
5.048010008337832505e-03
5.097762233179063338e-03
5.147450096157725474e-03
5.197219422131531437e-03
5.246736901608141553e-03
5.296313701748463568e-03
5.345714058472777509e-03
5.395134028294648956e-03
5.444424722351107540e-03
5.493560554309629210e-03
5.542657568073059392e-03
5.591551026324364723e-03
5.640236446827188825e-03
5.688643692524061705e-03
5.736813646063097447e-03
5.784778824160280788e-03
5.832435482737414675e-03
5.879721219772343632e-03
5.926443159445700555e-03
5.972836553770552448e-03
6.018681523068644505e-03
6.064080681934829256e-03
6.108703499347764576e-03
6.152804075539611457e-03
6.196183440756220656e-03
6.238679581586241418e-03
6.280384316689591184e-03
6.321230690728292002e-03
6.361136006295659180e-03
6.399760218051019078e-03
6.437299968167772141e-03
6.473539116322275105e-03
6.508288326219869788e-03
6.541239105218086755e-03
6.572718097944644546e-03
6.602358439324451829e-03
6.629671334957773499e-03
6.654912643481260270e-03
6.678378348512960250e-03
6.698929507157155849e-03
6.716792340693163860e-03
6.732823251924635426e-03
6.746631940522957588e-03
6.756998509280201515e-03
6.765186375455239237e-03
6.772562714756210148e-03
6.776389775983899383e-03
6.776996433792051300e-03
6.777092199874171219e-03
6.773932342395020192e-03
6.765800806848069893e-03
6.756977616106192921e-03
6.745628601511960941e-03
6.729218850787812949e-03
6.711186193314092226e-03
6.691747612563428427e-03
6.670014359965681545e-03
6.645532020704551790e-03
6.620929165031185122e-03
6.597588450035701130e-03
6.571900488381073741e-03
6.548364364513723120e-03
6.527335213343872511e-03
6.504652005263303338e-03
6.481225610545503224e-03
6.457380870608401754e-03
6.431123140204586183e-03
6.398000081298680503e-03
6.365165343879684162e-03
6.330647383893215838e-03
6.291085955533031251e-03
6.253235837044537199e-03
6.213876827325087032e-03
6.171966406593293840e-03
6.128349270325862339e-03
6.083541590870581231e-03
6.038133993975913077e-03
5.990450568480285877e-03
5.944056092666120082e-03
5.899529676138336870e-03
5.855806522549755061e-03
5.813660949860802868e-03
5.772374730169347115e-03
5.731898680895252535e-03
5.692956304821410185e-03
5.653310708065710163e-03
5.617630495992625636e-03
5.583413498782885398e-03
5.552117952826659229e-03
5.524714088103878373e-03
5.499218366728144541e-03
5.476713184230906813e-03
5.457740858120894642e-03
5.441078134278853895e-03
5.426323902066801722e-03
5.413562455271020771e-03
5.400265691692602080e-03
5.386973202108445193e-03
5.372938274328369762e-03
5.357586148065934632e-03
5.341631777074645412e-03
5.341601854084006284e-03
5.326008816173805754e-03
5.310684981444871097e-03
5.295775935352171546e-03
5.281780216399483210e-03
5.268402499915501511e-03
5.253896960323074621e-03
5.239752505192330108e-03
5.226899603308374741e-03
5.213739186659835378e-03
5.201610063936901521e-03
5.190805772087874262e-03
5.180614831954101149e-03
5.170426899428705661e-03
5.161306541378618204e-03
5.155029708787602603e-03
5.148340944950830639e-03
5.143013907509571062e-03
5.140742438351817746e-03
5.138799030172455998e-03
5.138155680082487874e-03
5.138915701922670137e-03
5.139875157809121152e-03
5.140159547436155482e-03
5.139878466655639980e-03
5.138562561975161015e-03
5.137665473500719997e-03
5.137034745782321707e-03
5.137341544817752674e-03
5.136851966004019401e-03
5.135943206119470902e-03
5.135356929150372736e-03
5.134063484066786129e-03
5.133650799769452940e-03
5.133500843352191943e-03
5.134351914757197613e-03
5.135908515266587003e-03
5.137341722750497601e-03
5.138961646904340042e-03
5.142196539343714574e-03
5.147086733707294942e-03
5.153583010056606364e-03
5.163101466263199726e-03
5.173898037873130538e-03
5.185314712243853201e-03
5.196977829191369407e-03
5.208310407143597331e-03
5.220237596588643905e-03
5.231469843465445801e-03
5.242515566071424653e-03
5.254417836225123810e-03
5.267484884883820093e-03
5.281979382890841443e-03
5.298469970309903701e-03
5.317024263162573386e-03
5.336310320992633006e-03
5.355704066089393700e-03
5.374969804388491854e-03
5.393180200602735834e-03
5.410345694187076310e-03
5.425746225708042922e-03
5.438311526712652152e-03
5.449402586017931122e-03
5.459188763672627107e-03
5.468091883451357653e-03
5.476290957808018639e-03
5.483758603215427296e-03
5.489835473293938964e-03
5.495593605983194185e-03
5.500769946188518132e-03
5.506688372881082816e-03
5.512827861150444882e-03
5.518764808137767430e-03
5.524925505996030640e-03
5.529544245418287207e-03
5.533252711996816328e-03
5.536207602462606299e-03
5.537910880550807671e-03
5.538988443579011961e-03
5.541223427440242558e-03
5.543382978695737644e-03
5.546334940215665726e-03
5.550216386373632051e-03
5.553708159864367486e-03
5.557096040255849953e-03
5.562215510209166276e-03
5.568895097744853799e-03
5.577827034657367733e-03
5.590098625594262099e-03
5.604610763588736833e-03
5.621201303852548306e-03
5.639282663707258225e-03
5.658805334194778880e-03
5.678405780029130781e-03
5.697636086155909510e-03
5.716715560269529373e-03
5.735403732505704559e-03
5.754504069633063768e-03
5.774318472831805465e-03
5.793719495650779226e-03
5.812325225212615180e-03
5.830330120148566331e-03
5.847005086395930078e-03
5.861842253040018547e-03
5.876519296705759107e-03
5.892699558592624787e-03
5.908076917425062954e-03
5.923377592047238127e-03
5.939574031704598564e-03
5.955546972426876799e-03
5.971328169417972412e-03
5.987729614599067614e-03
6.004618357932983361e-03
6.021646756197335075e-03
6.039445635324293231e-03
6.057757631820662181e-03
6.076228273210918657e-03
6.094146027843673485e-03
6.112186288593846224e-03
6.129763968387311190e-03
6.146301651961862816e-03
6.162490634960678289e-03
6.178231931397572957e-03
6.193581606423668312e-03
6.208724125693659140e-03
6.223363717279956769e-03
6.237542640764480104e-03
6.251658712527857244e-03
6.266593502963047069e-03
6.281747684490695746e-03
6.297211186915776734e-03
6.313073973742307048e-03
6.329754204346564779e-03
6.347253593285549778e-03
6.365054509138067841e-03
6.383498913967928720e-03
6.402490517006446599e-03
6.421237491776886352e-03
6.439718340183607503e-03
6.458092269231024106e-03
6.476142381163486894e-03
6.492949531477304470e-03
6.509161486617670925e-03
6.525571328539678077e-03
6.541796176883059311e-03
6.556758557169629215e-03
6.571512412427173849e-03
6.586160195865571783e-03
6.599376684531308920e-03
6.611574385951792497e-03
6.623827417366307847e-03
6.634801674429610316e-03
6.644789705461594427e-03
6.654239763718124492e-03
6.663659937722344814e-03
6.672038939785350162e-03
6.680023762546209547e-03
6.688257114917597543e-03
6.695461094058885454e-03
6.702327622535100837e-03
6.710010082485521644e-03
6.718628818935304045e-03
6.726954018076386141e-03
6.735986006286976378e-03
6.746659336373765983e-03
6.758371250138883561e-03
6.770982372312179393e-03
6.784918137239030062e-03
6.799708411002957156e-03
6.815372285398026489e-03
6.831121788407485892e-03
6.847257911925909608e-03
6.864447671659760011e-03
6.881929988313900508e-03
6.899056840864765602e-03
6.916750197978777624e-03
6.934896282961480925e-03
6.953714944731456855e-03
6.971758608171023733e-03
6.989128674186757470e-03
7.006449942948201823e-03
7.022418033183952003e-03
7.038137374886796818e-03
7.053837658021363394e-03
7.068338669437051330e-03
7.081849759817380324e-03
7.094476269819313327e-03
7.106306248851652560e-03
7.117516584123967892e-03
7.127880386845699204e-03
7.137994732875635115e-03
7.147510524821186657e-03
7.157128798948891001e-03
7.167098239652610475e-03
7.176763212510654105e-03
7.187271427298442573e-03
7.199503943743604424e-03
7.212282476587454812e-03
7.226228714174890572e-03
7.242055462762433254e-03
7.259080161406198523e-03
7.277284156900866614e-03
7.296437511531800660e-03
7.316859703907262549e-03
7.338425472184370579e-03
7.359298543005013578e-03
7.379853219212035263e-03
7.401227088298331994e-03
7.423389652003793693e-03
7.444840785741299594e-03
7.465641983107399599e-03
7.487601722303827839e-03
7.510283159335070721e-03
7.532296968580024302e-03
7.553236938245234608e-03
7.575213909405588072e-03
7.597591747108524245e-03
7.619463385825874652e-03
7.639822634320194567e-03
7.660718335839847640e-03
7.681718287164624251e-03
7.702285812607923346e-03
7.722461733417076979e-03
7.742950235051504482e-03
7.763668439373610890e-03
7.784682731533090413e-03
7.805689607584853293e-03
7.826501005022206206e-03
7.847132989590308721e-03
7.867847020817355513e-03
7.888589189811045024e-03
7.908452737489746198e-03
7.927506813821739995e-03
7.945683876127797307e-03
7.962462819920738955e-03
7.978283652587465913e-03
7.993337291615540408e-03
8.007768861807415539e-03
8.022288096042575617e-03
8.036647682077204674e-03
8.051497755777703783e-03
8.066924933896338357e-03
8.082442395392677378e-03
8.098075594381474313e-03
8.114759535325553885e-03
8.132385969138261617e-03
8.150901032410295260e-03
8.170544207404446119e-03
8.191780424446584719e-03
8.214325341332236532e-03
8.237296800879862282e-03
8.261171812469481762e-03
8.286400984663586100e-03
8.312098951538744035e-03
8.338100040041308142e-03
8.364932837143526645e-03
8.392497412304729051e-03
8.420611109188749777e-03
8.449294704504749232e-03
8.478368476437819767e-03
8.507706684229251679e-03
8.537018782305928755e-03
8.565966876728319662e-03
8.594441222645752068e-03
8.622298279301806104e-03
8.649837589504546370e-03
8.676850422573378907e-03
8.703819610034134110e-03
8.730785629405778819e-03
8.757494992532217221e-03
8.784221136301057289e-03
8.811050405305588529e-03
8.837844063459460858e-03
8.864550979262529259e-03
8.891237024013221718e-03
8.917821136643088592e-03
8.944054204291082208e-03
8.969723979447914025e-03
8.995073517494317494e-03
9.020002859810118123e-03
9.043993963857285823e-03
9.067306647385064630e-03
9.089938463395128357e-03
9.111911909070711385e-03
9.132686412877892568e-03
9.152644290295958857e-03
9.171768155398874606e-03
9.190226787242116238e-03
9.206970795486414672e-03
9.223131222839787285e-03
9.238733003438838465e-03
9.253524739453160980e-03
9.267535852538600835e-03
9.280591002538085554e-03
