5.555420398563026062e-06 6.667924443496702640e-06 8.406704123514726826e-06 1.105150198375822078e-05 1.434787007683780597e-05 1.793124987514921938e-05 2.190683071883972548e-05 2.564037671659401065e-05 2.881528656449306976e-05 3.099561947475781018e-05 3.177622158973113112e-05 3.145798241130638538e-05 2.961467871764291766e-05 2.666305276743242389e-05 2.316824186874615407e-05 1.931125124738160523e-05 1.570466788522901233e-05 1.237168221712099848e-05 9.773565600523174613e-06 8.017606062858442773e-06 6.678294922468809947e-06 5.655786749877941414e-06 5.062337996378705026e-06 5.035212908545049934e-06
1.683925894861797620e-05 1.686466158281442414e-05 1.756516799152963150e-05 1.959618766752801232e-05 2.258865720952749604e-05 2.576414599100294685e-05 2.922357236464081531e-05 3.232732394781285369e-05 3.476127826028987912e-05 3.544229049636124995e-05 3.451142516422698773e-05 3.309884857233105543e-05 3.083818261406809174e-05 2.825350805427595866e-05 2.588589658783931499e-05 2.424353310966187894e-05 2.315417402370870448e-05 2.205221990306442136e-05 2.140971969615843037e-05 2.103900356236381640e-05 2.040546593970886909e-05 1.929095141509712681e-05 1.814951778650891897e-05 1.735067306636747008e-05
3.003380978039585388e-05 2.911978535608537085e-05 2.892969284572805569e-05 2.993691584239391280e-05 3.165777549090815503e-05 3.345766191314250999e-05 3.527129827279481785e-05 3.645369569592389505e-05 3.685513472751818258e-05 3.564762928741296318e-05 3.351846224966536380e-05 3.152471398579249093e-05 2.978364219625821030e-05 2.892666615204653302e-05 2.904700124302161062e-05 3.050882417684055786e-05 3.235506077954322738e-05 3.390250961881911070e-05 3.528359846369532899e-05 3.601569960549517199e-05 3.580550937229925692e-05 3.450864472392802874e-05 3.292096480504927159e-05 3.145213903739846632e-05
4.094142871047690840e-05 3.989401959381788887e-05 3.936698969469451309e-05 3.932589798124712106e-05 3.932686980909255909e-05 3.925638799529610037e-05 3.871883305076097992e-05 3.732223023100221748e-05 3.533154077695488409e-05 3.289508099249748111e-05 3.081796531127349467e-05 2.922024890728563629e-05 2.904441105647399666e-05 3.074643244070169652e-05 3.353582734464964811e-05 3.746257331178206944e-05 4.139918697874599797e-05 4.491986301429294452e-05 4.725642709302583144e-05 4.795123434936122151e-05 4.761991082016834383e-05 4.615354759005792982e-05 4.433899074618192094e-05 4.254743123298023740e-05
4.444099085091661656e-05 4.409046755161805418e-05 4.380438993758568227e-05 4.329578218227049627e-05 4.231499351676528531e-05 4.106578284464997914e-05 3.906931601840589642e-05 3.644502304377337230e-05 3.371154807018448798e-05 3.157623151034068715e-05 3.053363255120112311e-05 3.004126384238405296e-05 3.122013993887415084e-05 3.406802583814654315e-05 3.746316198437495273e-05 4.128814196209134896e-05 4.485949460708242830e-05 4.806680261341179136e-05 4.969472344997085078e-05 4.963053580541248007e-05 4.905200844039626055e-05 4.788057287844597762e-05 4.654324774499444606e-05 4.526094105832882778e-05
4.302309875581994614e-05 4.354943981751291409e-05 4.368429303220263278e-05 4.310523967196708869e-05 4.175685284337503410e-05 3.994307564320469261e-05 3.748830234155917535e-05 3.502336769440411252e-05 3.293415568362490024e-05 3.187149766259999992e-05 3.201939757160421845e-05 3.278835870401732044e-05 3.458402549925080884e-05 3.694594727039187337e-05 3.931499601572471391e-05 4.135786841410561741e-05 4.283510550046089869e-05 4.400019094090972937e-05 4.419276829991203266e-05 4.364503982035706733e-05 4.309476268541464502e-05 4.273001063039122654e-05 4.261797481900052716e-05 4.259297857050729509e-05
3.830404152255938226e-05 3.921074063204759276e-05 3.950579756227206685e-05 3.893068790709484830e-05 3.763537708044992143e-05 3.592837795978656154e-05 3.416704756501454912e-05 3.306090101418733085e-05 3.248908632674632252e-05 3.267242563891782371e-05 3.353618613017644916e-05 3.483463472412075507e-05 3.582951568881214695e-05 3.599077955309286706e-05 3.587999889184895555e-05 3.511763293829026262e-05 3.387046976547899107e-05 3.257364616455934699e-05 3.182419574663917930e-05 3.191503971907443300e-05 3.234678487320920921e-05 3.353896479175145047e-05 3.520390646185695912e-05 3.682618529653642502e-05
3.385040485018142424e-05 3.433639148636126405e-05 3.422636081102582608e-05 3.339721573115653653e-05 3.221548239994200262e-05 3.092643329479698253e-05 3.007007425260060785e-05 3.000187636535675458e-05 3.030032416018761928e-05 3.091539339368693412e-05 3.156543297041331328e-05 3.220658343529258068e-05 3.182547806911121586e-05 3.021108551660962472e-05 2.830642871191479750e-05 2.597394619401044826e-05 2.374890791309090693e-05 2.194729864690389711e-05 2.166041189192384380e-05 2.295768323020369614e-05 2.477096435928665847e-05 2.733204680381037829e-05 3.000335665953403667e-05 3.234057776707303407e-05
2.923476154099563371e-05 2.907392863695507424e-05 2.833270328914771596e-05 2.720343530189513968e-05 2.626921156764053491e-05 2.553204457954338742e-05 2.532763438079978308e-05 2.565740803736404080e-05 2.618614119469151095e-05 2.668764738872915268e-05 2.667335724911960667e-05 2.620660078313014993e-05 2.483475387612420530e-05 2.266580328874032201e-05 2.018836872249459816e-05 1.761643146392249078e-05 1.585374334035045694e-05 1.498757367435185186e-05 1.565158466590008173e-05 1.769172627174511335e-05 2.042298627749681875e-05 2.361368986780483498e-05 2.627636224703170154e-05 2.831351996531529568e-05
2.342846356233652024e-05 2.267982344189971660e-05 2.155610942279780323e-05 2.048100212907496800e-05 1.999009784977270112e-05 1.983824805719399618e-05 1.995347676028815979e-05 2.017506784601295601e-05 2.052142526773833068e-05 2.070971638727747989e-05 2.028992002438938033e-05 1.939486175718049138e-05 1.825863104217172040e-05 1.703701865255694619e-05 1.554786538954656448e-05 1.423046628043139306e-05 1.385589869807258301e-05 1.424189340613302226e-05 1.538571413425652028e-05 1.710568718551014165e-05 1.934399093127243632e-05 2.152829748901456038e-05 2.282584484774297898e-05 2.353137355298867413e-05
1.761737486749157523e-05 1.662513201098275996e-05 1.565282747826375444e-05 1.500691388108463480e-05 1.491144556242894592e-05 1.513465469154109840e-05 1.542050258832390589e-05 1.563803080779159515e-05 1.599962521504608683e-05 1.628867203315743895e-05 1.633916473703326009e-05 1.631238159523935725e-05 1.645116910149260363e-05 1.668790793819939380e-05 1.675721183911167082e-05 1.699648187586241192e-05 1.754296463525001717e-05 1.810500790790761557e-05 1.864590852178680928e-05 1.915223109789192043e-05 1.965620034860613672e-05 1.975558137893946987e-05 1.927693863858281353e-05 1.856469517242313632e-05
1.322543147355544500e-05 1.214373502272938142e-05 1.147698911814803859e-05 1.124184760428935914e-05 1.135082287807889858e-05 1.175809856068056724e-05 1.220593011998365850e-05 1.259311677905886176e-05 1.314366947770709481e-05 1.380634277774452578e-05 1.469914480922740529e-05 1.591265705369163637e-05 1.746243329984584929e-05 1.905744413930896965e-05 2.058512598057867456e-05 2.212257779525224872e-05 2.317321538406533611e-05 2.349441170899917405e-05 2.310520383773355057e-05 2.216039470921004026e-05 2.069254823539607371e-05 1.871104193613308810e-05 1.670176672179644623e-05 1.481730870933647932e-05
1.205284913886784135e-05 1.105292144619755070e-05 1.059917683333501955e-05 1.052797103518767190e-05 1.060650002234839088e-05 1.092080671677406944e-05 1.142775788824730546e-05 1.201320631555809790e-05 1.268223615518718016e-05 1.366102639740709768e-05 1.518700179681729339e-05 1.711312494801170512e-05 1.943140321821183492e-05 2.186596541312155447e-05 2.433284710075396982e-05 2.646090259280319251e-05 2.755439544367061766e-05 2.775255919312928236e-05 2.673335097257310350e-05 2.466356210314824508e-05 2.192083256050950365e-05 1.887153606671610181e-05 1.622317621138022817e-05 1.384521380231341056e-05
1.446519074105168784e-05 1.376034736472563922e-05 1.346913991287851660e-05 1.345368350656267184e-05 1.350208320976365128e-05 1.368159225609095639e-05 1.412681707236965967e-05 1.466795988077194533e-05 1.511381499519680674e-05 1.582445859126417528e-05 1.699213401751127031e-05 1.832084621449723812e-05 2.003376167085419506e-05 2.210873571124335026e-05 2.431522028858633277e-05 2.607627587347591789e-05 2.693169231370781330e-05 2.730500575462115531e-05 2.652067746288379229e-05 2.460123720611376722e-05 2.222973364018256356e-05 1.976387357577482864e-05 1.769505950029203180e-05 1.582938543218335563e-05
1.878409481430823815e-05 1.858460917036844909e-05 1.866621229557876441e-05 1.887295039284350677e-05 1.901383761954089592e-05 1.918116582522598528e-05 1.953205286578909352e-05 1.984105040678459006e-05 1.987589114750695166e-05 1.988892014932041265e-05 2.002719935469998068e-05 2.008740434977308840e-05 2.035575668154708236e-05 2.106383819364052778e-05 2.200262128691893204e-05 2.280482228472169125e-05 2.324575732823882566e-05 2.361781547452761711e-05 2.349420826371533065e-05 2.275320390989189837e-05 2.178101361095999194e-05 2.075346749221738152e-05 1.994586693885480705e-05 1.927414895397141958e-05
2.459261914221465086e-05 2.516747177036788324e-05 2.581558123127901096e-05 2.646321638218662389e-05 2.698398850769506701e-05 2.740949917876719764e-05 2.768385801504273877e-05 2.764808117725638781e-05 2.730506443267999322e-05 2.645704421138655332e-05 2.519442990021227764e-05 2.374512153136290211e-05 2.219515336722083636e-05 2.087667093794865009e-05 1.981435515788478461e-05 1.920868119787455969e-05 1.904710624639032986e-05 1.912497419541090367e-05 1.970482785162158763e-05 2.059712130955889078e-05 2.147612979404968988e-05 2.228092563435056747e-05 2.306154679866282437e-05 2.389560028046362912e-05
2.995132101577702182e-05 3.115405095091414904e-05 3.214692100135359889e-05 3.304281594226835385e-05 3.382363221932236307e-05 3.437045053923064970e-05 3.445157152136017802e-05 3.409659087342414331e-05 3.354707321195994808e-05 3.229212569068954091e-05 3.035403399123373831e-05 2.825111952041090680e-05 2.583897415187460663e-05 2.339714426991804688e-05 2.116322012898539688e-05 1.965136535015674291e-05 1.903779292307481919e-05 1.886707688987380224e-05 1.969413166815364938e-05 2.133804466687220901e-05 2.318359727141548003e-05 2.505783183613257580e-05 2.677636059745662115e-05 2.845067861318287315e-05
3.463066174842024697e-05 3.611762040016210421e-05 3.711160244975071474e-05 3.787374920749099694e-05 3.849424228010654817e-05 3.874200089286696668e-05 3.841791363861415389e-05 3.774015577203975889e-05 3.698056378519911020e-05 3.571262975182760974e-05 3.389051564833071828e-05 3.192545005977485192e-05 2.958512805991106960e-05 2.709649688716323334e-05 2.476751054725489579e-05 2.302523961597493029e-05 2.223465288413645414e-05 2.209033603955498789e-05 2.292510038394135463e-05 2.456666664067475565e-05 2.662479708250409369e-05 2.888077289057600381e-05 3.091578056955544167e-05 3.280893443985074837e-05
3.731213985180994010e-05 3.851540460332106828e-05 3.915539677905237694e-05 3.924247610610906087e-05 3.888772535490229065e-05 3.811781238846392161e-05 3.700555949138809687e-05 3.589113420503132373e-05 3.481510342525159655e-05 3.389937069292751399e-05 3.308338491863025565e-05 3.222505886500500361e-05 3.120461378509844526e-05 3.008167628531041530e-05 2.899590064806082659e-05 2.803653938333737261e-05 2.757131454290959248e-05 2.763354763404632719e-05 2.814922326746320378e-05 2.908679925455354785e-05 3.050977692173285219e-05 3.229974776330679008e-05 3.403611064062373533e-05 3.569707367982750533e-05
3.508323160765795465e-05 3.581333181788540134e-05 3.612268422253544543e-05 3.564852849256757448e-05 3.443546456470850478e-05 3.286111941357430734e-05 3.122140074404794962e-05 2.991188112383710667e-05 2.876851037062804620e-05 2.830527609259909450e-05 2.850032477386833633e-05 2.883238430096345898e-05 2.932081723126504175e-05 2.974320805299424567e-05 3.000605570484419368e-05 3.000348489004658935e-05 2.991996838111344589e-05 2.992287239898373759e-05 2.984695975431210472e-05 2.993352912009880593e-05 3.042825057668929167e-05 3.135365431628349013e-05 3.251998964536486871e-05 3.384147614056131492e-05
2.829159726486922576e-05 2.870948697781053327e-05 2.884915365537685171e-05 2.830529039009376733e-05 2.705601428500353876e-05 2.549933794859466030e-05 2.397839282679889423e-05 2.294415651367512059e-05 2.220382342797785240e-05 2.223384084558556435e-05 2.305105282416320569e-05 2.418462677372060915e-05 2.570386833925207288e-05 2.710431989080006729e-05 2.814852324005110866e-05 2.865924749402850403e-05 2.863771614598672379e-05 2.826156791998730240e-05 2.742697372120718173e-05 2.664807308425356361e-05 2.620007494881855428e-05 2.617212620453302288e-05 2.660532660301549656e-05 2.742422917184130106e-05
1.802941903639843131e-05 1.830021745080454590e-05 1.856524492707912279e-05 1.871612148670160719e-05 1.867004332779987366e-05 1.850778916160376173e-05 1.829806068941760609e-05 1.827387264488718394e-05 1.844419490459009534e-05 1.892486415902521868e-05 1.976127485934306568e-05 2.085272179876159859e-05 2.215896250638741771e-05 2.326513539051201879e-05 2.407319572479263005e-05 2.429016174814991097e-05 2.380566428476211898e-05 2.287589537043470297e-05 2.155148306586166556e-05 2.024497212117378926e-05 1.904324939238732326e-05 1.816848336108756783e-05 1.779995758647972211e-05 1.777526477338019402e-05
1.147553761245538538e-05 1.133827606209671774e-05 1.159762299789101177e-05 1.239308804523658109e-05 1.358650842611698640e-05 1.499232025579508855e-05 1.636598000966367773e-05 1.744917167419119154e-05 1.840033343614097888e-05 1.909637274181503536e-05 1.960108725578818054e-05 2.005883541994999824e-05 2.034426041790800922e-05 2.050373485263042343e-05 2.067807307483248834e-05 2.050203568963203030e-05 1.982531746231243379e-05 1.896305604285033401e-05 1.801978203911034425e-05 1.693200977066348209e-05 1.557404673616880902e-05 1.425847111744536155e-05 1.321008364373652481e-05 1.219123970963771946e-05
9.930717676822023256e-06 8.978233052388721956e-06 8.824736338392876616e-06 9.670185798633166142e-06 1.132105967894883907e-05 1.351289246415428072e-05 1.588915106368027873e-05 1.770018871681792603e-05 1.905265626056678688e-05 1.974790962311570738e-05 1.986814968246378103e-05 1.963942080308852736e-05 1.900728690489824883e-05 1.847935478553790683e-05 1.827926279098085607e-05 1.821047077801513314e-05 1.808273745302923610e-05 1.802918919469797345e-05 1.810275082685158983e-05 1.776390623850134805e-05 1.677989190215408769e-05 1.533401798440690793e-05 1.369660238454142054e-05 1.177444090238768000e-05
1.444111521439629794e-05 1.241828197607542407e-05 1.118443599702374746e-05 1.103094084235991642e-05 1.187317738082643543e-05 1.339157567021882490e-05 1.531716330919757833e-05 1.687916748887049906e-05 1.808963634094636587e-05 1.865752052345107437e-05 1.858056802536931312e-05 1.814907751833673243e-05 1.753854943355636422e-05 1.728961554736919984e-05 1.740698602068589939e-05 1.820958960133586802e-05 1.951237942559563691e-05 2.093474445772797345e-05 2.232553838125017219e-05 2.301632431185996117e-05 2.293543627127261734e-05 2.175991347714496916e-05 1.971191015823745796e-05 1.718843850648007473e-05
2.117002362221877685e-05 1.859654909902531196e-05 1.638968110848004623e-05 1.490057721014427113e-05 1.431778249471134735e-05 1.435298776618443246e-05 1.483922746984855142e-05 1.545480744762229842e-05 1.625946186819350646e-05 1.685876181421564360e-05 1.706314628322028746e-05 1.720385719173115119e-05 1.756267705879920523e-05 1.828505342348081718e-05 1.913768627974380806e-05 2.078494176942590854e-05 2.309209794747458898e-05 2.534988135703459302e-05 2.731122811871350759e-05 2.852589023214175949e-05 2.909084890992189506e-05 2.837958748850979575e-05 2.647241568558542348e-05 2.402262007058623101e-05
2.779238471440502098e-05 2.529421628879968445e-05 2.274027366922154388e-05 2.027064348442683613e-05 1.834703504705977641e-05 1.698326483257885385e-05 1.606882432911402488e-05 1.573109802939466948e-05 1.612305594286728329e-05 1.691810656535037841e-05 1.773937990292241812e-05 1.878784412845771026e-05 2.023070533273417553e-05 2.181822681752354083e-05 2.329995692597180008e-05 2.523758789752580250e-05 2.754672270580396442e-05 2.963753676923219912e-05 3.140903222587927674e-05 3.262914995930831950e-05 3.332153479263825563e-05 3.310939380094538248e-05 3.193119219082921306e-05 3.014321128941326510e-05
3.319144077456802989e-05 3.175078160580357023e-05 2.995394197613634039e-05 2.768554113951638573e-05 2.536701280779564256e-05 2.325421563097470983e-05 2.161545096425330475e-05 2.085789201953150277e-05 2.084896184557629429e-05 2.175553070862617198e-05 2.326773791382906632e-05 2.511542629666246596e-05 2.712359211145906019e-05 2.888795712130695374e-05 3.044876565956949562e-05 3.164194149827153398e-05 3.245604223826407004e-05 3.305132997447262440e-05 3.352136138357491343e-05 3.391825817954268233e-05 3.416583759035549475e-05 3.438341195031781745e-05 3.441214877146562797e-05 3.407979155683977184e-05
3.618237118369278441e-05 3.657023384811492806e-05 3.642348424439537585e-05 3.563263723912245224e-05 3.426541112061269649e-05 3.245386378504993224e-05 3.091563496989979822e-05 3.016839667459302415e-05 2.966706649480757043e-05 3.002845509945053387e-05 3.126402938326192077e-05 3.276080097558127600e-05 3.410287718352256170e-05 3.497208093009127224e-05 3.567824588250864183e-05 3.548158640363628267e-05 3.446624443011951471e-05 3.340005291131184593e-05 3.239432598732964780e-05 3.185135814902929739e-05 3.179393341991326076e-05 3.246026483800623207e-05 3.363876903729756684e-05 3.502070519109236964e-05
3.748699345182792265e-05 4.004773788802136014e-05 4.189543824883417268e-05 4.306331933017272133e-05 4.326538399681817534e-05 4.237307507445782224e-05 4.117205513367198580e-05 4.029049496142205676e-05 3.915212224944818171e-05 3.836937742452176217e-05 3.827505497097484982e-05 3.836764595681338913e-05 3.820811595567646815e-05 3.756438905048700472e-05 3.679814102858020768e-05 3.517663704497515150e-05 3.287960337211148499e-05 3.069968361244999856e-05 2.870755215482581995e-05 2.765567626697994455e-05 2.772420398265764980e-05 2.899208056193757643e-05 3.119497176076248843e-05 3.416582090436799635e-05
3.601320578265565454e-05 4.051250608599230122e-05 4.442779758793699368e-05 4.749153808673612791e-05 4.931021532594327423e-05 5.002020075516318384e-05 4.935672670850303881e-05 4.773685752785600733e-05 4.556438232641270915e-05 4.293462597397279003e-05 4.028747629351708012e-05 3.767423768957285673e-05 3.516958863123248290e-05 3.276687362106956043e-05 3.038919569084958566e-05 2.800080629944408470e-05 2.578370474336379482e-05 2.383430599590737352e-05 2.229060605167536193e-05 2.179140105437877203e-05 2.241162705732073672e-05 2.437466823011419435e-05 2.744178659641744036e-05 3.131001866117030265e-05
3.093639027872782286e-05 3.519809580913033434e-05 3.931229489335717568e-05 4.260757659493373919e-05 4.482911383849384854e-05 4.656337520205666063e-05 4.657758645457602773e-05 4.475610026027815764e-05 4.229314173828461874e-05 3.889609091629734651e-05 3.489769470500261162e-05 3.070148871359391571e-05 2.692522871461859824e-05 2.392699889003424617e-05 2.120840486127934622e-05 1.926752523517503166e-05 1.819532102057984033e-05 1.752403394695880695e-05 1.741995483005430743e-05 1.794436478863267712e-05 1.895140004654029595e-05 2.096564355862650484e-05 2.385230076202726716e-05 2.704185718093857891e-05
2.307377610387952119e-05 2.485314715266689705e-05 2.692151411049487669e-05 2.879424520940366408e-05 3.035519855510732275e-05 3.205029195080364053e-05 3.289859803901888267e-05 3.225175780631222877e-05 3.087457893901053785e-05 2.848807401752703419e-05 2.531784904025349335e-05 2.171809342624055411e-05 1.839073383733243818e-05 1.605859413487069394e-05 1.426068894412493336e-05 1.347422466438933297e-05 1.369912401687024984e-05 1.445815484267561063e-05 1.569152137507601587e-05 1.688298970789310901e-05 1.792027763913014583e-05 1.915506934483562803e-05 2.055651367562319706e-05 2.176264273898223850e-05
1.484980280002168033e-05 1.243394832075728856e-05 1.049369856224234087e-05 9.467035012574409153e-06 9.456311976742800274e-06 1.005766606831304687e-05 1.158690752153830600e-05 1.333613055833234289e-05 1.475355635174657254e-05 1.557796549586104251e-05 1.577564246058538666e-05 1.559656814180943764e-05 1.509443146082250038e-05 1.483499878516040135e-05 1.495316998271245296e-05 1.568760912391368650e-05 1.697052266335675262e-05 1.854064868213749735e-05 2.015872754506773222e-05 2.115444668299050677e-05 2.154362820804169829e-05 2.092749134212762001e-05 1.940593341207624023e-05 1.741103430492392550e-05
1.216624278856111811e-05 7.074045687052011824e-06 2.394168574493748653e-06 -8.485291671916035489e-07 -2.253386015544444913e-06 -2.711707511666977934e-06 -1.259398087972598074e-06 1.809254625828529539e-06 5.432059185579739537e-06 9.186994161540649038e-06 1.262884187895123810e-05 1.603121787596519370e-05 1.879798055240675033e-05 2.081604160881635976e-05 2.264384654554996124e-05 2.446347421239919277e-05 2.616273681838147968e-05 2.752215958337767265e-05 2.846605574671781072e-05 2.859347043823247966e-05 2.784643879520181758e-05 2.543065145866369540e-05 2.160355929439711114e-05 1.724528861662385763e-05
1.456591400138913967e-05 8.861666505279226259e-06 3.506454266321553320e-06 -7.260968028687277538e-07 -3.137017962361722807e-06 -4.266945544795953265e-06 -3.541435845922913542e-06 -8.411583470766963803e-07 3.299220087049492793e-06 8.454846066447069871e-06 1.376899977168634987e-05 1.938096131963266966e-05 2.456027330640932579e-05 2.851499276556142070e-05 3.171159611214734397e-05 3.425371392590281680e-05 3.598476417027007818e-05 3.674892225332745271e-05 3.677491159059508041e-05 3.593113501089107646e-05 3.394500337496799010e-05 3.039591791044486061e-05 2.569888302205168866e-05 2.041283228374611992e-05
2.118835575533983384e-05 1.750095025301879448e-05 1.400087932779032847e-05 1.071690017634350367e-05 8.234502770897955920e-06 6.720093238837826200e-06 6.228382783634586352e-06 7.092977901162980878e-06 9.370369553243111251e-06 1.324201713570318518e-05 1.792647997554965250e-05 2.298181845262313455e-05 2.817520513344033169e-05 3.261487484037860961e-05 3.623639994771370398e-05 3.873193060845682369e-05 3.996956549404165169e-05 4.021318734193486216e-05 3.949282879174962653e-05 3.789940475643360795e-05 3.543318756735616904e-05 3.229287185576152464e-05 2.887484959479582662e-05 2.511255681093028247e-05
2.624650420964084194e-05 2.575399746751800517e-05 2.518870867416701440e-05 2.416344906461502455e-05 2.273844385819086481e-05 2.132095689297698769e-05 2.005852725910805111e-05 1.929969525850038853e-05 1.901310190165810408e-05 2.001410337845782779e-05 2.208331945344797637e-05 2.433226719160142139e-05 2.701296138001368514e-05 2.971284708572200745e-05 3.204239121064328947e-05 3.339979603002747453e-05 3.374691587686636391e-05 3.367283325357393339e-05 3.274998388649644606e-05 3.124494915785313833e-05 2.967415380203747562e-05 2.833741304215843204e-05 2.743634044924349644e-05 2.673832532385955711e-05
2.867179876720061038e-05 3.150403551694606880e-05 3.400337358714265263e-05 3.562531088920198780e-05 3.590480788956210021e-05 3.523135349895735561e-05 3.379756553068628800e-05 3.196691809270680375e-05 2.966795140770635007e-05 2.773247420597106181e-05 2.650316668959134628e-05 2.526244686231120213e-05 2.440304175102391292e-05 2.399160666742660615e-05 2.365763302185840236e-05 2.308426510323793700e-05 2.232711290611512966e-05 2.172156880642131698e-05 2.084890200522379283e-05 2.015136035401336010e-05 2.019509060221964792e-05 2.113192689386008075e-05 2.296870439784349803e-05 2.555586735978874718e-05
2.858718180023720704e-05 3.359104896180398924e-05 3.822740529798658349e-05 4.198377438549659847e-05 4.423012465317021361e-05 4.526892200057453539e-05 4.477141172997308176e-05 4.292973726528982921e-05 4.013670111223593213e-05 3.642209897312986730e-05 3.240172014912956244e-05 2.825103203830249641e-05 2.417668701841698271e-05 2.057285569680453668e-05 1.736427589814069000e-05 1.484444503653145813e-05 1.308377770702990758e-05 1.181224802721439251e-05 1.118925664855113134e-05 1.157062599324716207e-05 1.291556288390525692e-05 1.546262861997965007e-05 1.907284868898023413e-05 2.346133695395608828e-05
3.011148528244338385e-05 3.469500591594328493e-05 3.910190806070908853e-05 4.301948146052099009e-05 4.601297522190227597e-05 4.825018263658054898e-05 4.894882312672272653e-05 4.794344494214335578e-05 4.596117807728031419e-05 4.237645570549253575e-05 3.778922488853096799e-05 3.302503480695366848e-05 2.808602653121467277e-05 2.354219101525437734e-05 1.958138417326554771e-05 1.663608954588922909e-05 1.471257526762670245e-05 1.338044717600401225e-05 1.321303703242784823e-05 1.421764993126613014e-05 1.582338914256812171e-05 1.848945871724846677e-05 2.198004318213786455e-05 2.575733332859855631e-05
3.449471083283200718e-05 3.686924452348012705e-05 3.925805206204424668e-05 4.177802401455697724e-05 4.418969016522876622e-05 4.629633654276378894e-05 4.766013801258286271e-05 4.775804765039105799e-05 4.685354161600258321e-05 4.433506772335817298e-05 4.078673079480181496e-05 3.701478462384077495e-05 3.288386263381157427e-05 2.913977612526350410e-05 2.616649544170975938e-05 2.405200932819507616e-05 2.273843945866893288e-05 2.211850431273641515e-05 2.266789939488424689e-05 2.404541247164124483e-05 2.566161062736359798e-05 2.781284880879713841e-05 3.016647058209335843e-05 3.231523552255691326e-05
4.251652082683161124e-05 4.152833213580525424e-05 4.049696823997682215e-05 4.000593377504042499e-05 4.005507919278175583e-05 4.006085000810196957e-05 4.035989367297702831e-05 4.055872119042938401e-05 4.018952210949052693e-05 3.916015495671675375e-05 3.786741816931727685e-05 3.653571936647215398e-05 3.515461698377395598e-05 3.421946513715425569e-05 3.390582342966434661e-05 3.408149530911731698e-05 3.466736875098581997e-05 3.576926963261440196e-05 3.741571298763587749e-05 3.922375917738505361e-05 4.103724662200735544e-05 4.241734577141367536e-05 4.300407646775749048e-05 4.311627487517907424e-05
4.646297250729231699e-05 4.360696455595905951e-05 4.040199095773754095e-05 3.747168936145183420e-05 3.509927087635105722e-05 3.275550155669416740e-05 3.099952103239382405e-05 3.005455133521666125e-05 2.943586017917223331e-05 2.935154941735733028e-05 2.983964695611849251e-05 3.070472691114109199e-05 3.213460505494296419e-05 3.394790078761144539e-05 3.589633813665779643e-05 3.807542797995111772e-05 4.042773735656232783e-05 4.283861106831268224e-05 4.508727327559555650e-05 4.705584685719683795e-05 4.892581527898514059e-05 4.980632161920636188e-05 4.937957923269720287e-05 4.843051615949065290e-05
4.298308924640225205e-05 4.000213970023095100e-05 3.636643406508516902e-05 3.235158525284883104e-05 2.852416503023446294e-05 2.479741774092899644e-05 2.144162644690585795e-05 1.929672420867589415e-05 1.837240565110259593e-05 1.888030851255288875e-05 2.049969016851067481e-05 2.291199867243697458e-05 2.631817701436604329e-05 2.986010987854097393e-05 3.305081583634185980e-05 3.616147657879320197e-05 3.915633820856417765e-05 4.175230106885336292e-05 4.369764282868533414e-05 4.513954888429711995e-05 4.637880336540982243e-05 4.682968681342326769e-05 4.621660609585736716e-05 4.503341629381891608e-05
2.816957369362661190e-05 2.708588755318542589e-05 2.542946891529078240e-05 2.278774020958877007e-05 1.971805481220908259e-05 1.681877475221550775e-05 1.401063221737315574e-05 1.214527641247465522e-05 1.158585821801912702e-05 1.270522881983600835e-05 1.497357113620480113e-05 1.784142828738926139e-05 2.127708756571103637e-05 2.434399224404073340e-05 2.676166945434685352e-05 2.843231583576682277e-05 2.950266979549970311e-05 3.011944749680777839e-05 3.015588242568101329e-05 2.988753295482953032e-05 2.953301838916672539e-05 2.942437981900601100e-05 2.933976289389017555e-05 2.887317507335339365e-05
1.237296428141355227e-05 1.315445697413666537e-05 1.383305479453456067e-05 1.368663157954973439e-05 1.297074326668279940e-05 1.249270133149143889e-05 1.218504536531339662e-05 1.230614583276073388e-05 1.300958663069971604e-05 1.490956895309586282e-05 1.741689733468259328e-05 1.972097209307222400e-05 2.156718269642545434e-05 2.253882431071211286e-05 2.275160585642806510e-05 2.165812190677861201e-05 1.974841641442432298e-05 1.773324279038012075e-05 1.563463434750555031e-05 1.371983289400580262e-05 1.205588571975639071e-05 1.139594879049457383e-05 1.158345180712568394e-05 1.181304870421422552e-05
2.950737837780594548e-06 4.601234264958188106e-06 6.618673444938802680e-06 8.541633051667064941e-06 1.032387158401449422e-05 1.241139753432695306e-05 1.479994593037244623e-05 1.715460849658244903e-05 1.936801411333277442e-05 2.189561853942961561e-05 2.408884792606031899e-05 2.527605523148115203e-05 2.513532303199059395e-05 2.376979838665768435e-05 2.153578107220694251e-05 1.800294544700749904e-05 1.400464100918145619e-05 1.024897656640039200e-05 6.949051909024126067e-06 4.363792280752903440e-06 2.366406305793671369e-06 1.409304647793979696e-06 1.401201059021704111e-06 1.859256126585238373e-06
