6.368095647764635328e-06 6.099074929837242708e-06 6.552198604752588925e-06 8.063441555457677976e-06 1.025332411001394147e-05 1.265937816149486053e-05 1.528682423677224094e-05 1.733049468297601098e-05 1.851677975561099858e-05 1.847605330432542840e-05 1.739648669953367601e-05 1.571042988172564533e-05 1.377889282040463454e-05 1.234265088800484179e-05 1.128761923916770337e-05 1.085783218454896915e-05 1.083163222538660626e-05 1.089109921810418434e-05 1.093860050251056530e-05 1.071962096454861229e-05 1.024695489305709347e-05 9.214000315250565665e-06 8.024393191022145000e-06 7.119280813121641904e-06
1.702106830842009975e-05 1.625448954960710416e-05 1.593853186014971128e-05 1.649959764085908229e-05 1.757356681168087956e-05 1.861266361178584068e-05 1.939915582375264559e-05 1.958884715613568020e-05 1.928473772920771974e-05 1.803223066626515432e-05 1.623476773866036599e-05 1.448142641354776599e-05 1.354254918291635184e-05 1.375785625599504629e-05 1.447024521053782215e-05 1.616822894351057464e-05 1.831455091558333961e-05 2.024161271668021685e-05 2.149251107660967271e-05 2.188555222525967231e-05 2.181707484278442015e-05 2.080652515701663855e-05 1.935664669802211442e-05 1.811557441465672113e-05
2.429086973899423704e-05 2.358543014126131932e-05 2.305908828939687156e-05 2.288403667135842064e-05 2.271151479897587158e-05 2.225307668823499124e-05 2.121184003912810612e-05 1.970457992163404958e-05 1.806710365908679211e-05 1.613220750723715622e-05 1.451860363837553382e-05 1.359973318751455621e-05 1.395174128659073753e-05 1.551329298162772684e-05 1.768779815603022294e-05 2.077684337038345717e-05 2.392757304478953750e-05 2.655411542536390479e-05 2.819056952586201041e-05 2.872806292011693843e-05 2.859620578565092537e-05 2.760131900413506726e-05 2.634525367580783033e-05 2.522230595241093835e-05
2.573902167879526276e-05 2.574156067595450949e-05 2.566025467932662375e-05 2.514384942229202526e-05 2.399841318524074829e-05 2.251055632825573711e-05 2.050565307122249835e-05 1.833277708271397225e-05 1.628291203236896672e-05 1.483455226063685640e-05 1.449010710713266233e-05 1.493855201127867224e-05 1.629776508465533163e-05 1.830026128472390961e-05 2.073900081905771480e-05 2.329234230820565569e-05 2.529309325834992882e-05 2.684049755100235225e-05 2.763921757389393031e-05 2.766338865240277437e-05 2.719972684059058501e-05 2.659420848945208185e-05 2.622587874170873934e-05 2.587510962727299375e-05
2.295404923526422254e-05 2.354279348680229819e-05 2.379333058872917943e-05 2.317733791200610064e-05 2.179518168225917299e-05 2.020863993706918340e-05 1.844582102258905031e-05 1.685942444315545992e-05 1.553890835406104230e-05 1.524409276043872948e-05 1.602951093561476547e-05 1.715352063223165552e-05 1.849322731095113964e-05 1.976990091531500928e-05 2.101352596584213510e-05 2.157523330216877853e-05 2.147475564320525972e-05 2.136753972228543980e-05 2.112697548891984595e-05 2.082039242763153200e-05 2.059684375041766219e-05 2.093847978828848364e-05 2.167962619875883509e-05 2.228290786999005297e-05
1.890393903823989235e-05 1.961276871368859118e-05 1.972902908370202351e-05 1.902351203794638948e-05 1.789088174728385689e-05 1.669190104566894818e-05 1.563997640575496897e-05 1.509143316764233788e-05 1.495163997204454533e-05 1.567053651790548197e-05 1.685478001226264701e-05 1.792331649185132633e-05 1.855103425686426127e-05 1.844795823692379778e-05 1.784254177504461267e-05 1.630368535763199119e-05 1.453804691632438896e-05 1.321227860859602746e-05 1.247690830338487491e-05 1.249245964435894289e-05 1.316191264380292746e-05 1.468940165957166392e-05 1.636453286397332479e-05 1.774637395658911989e-05
1.503476610164114569e-05 1.515175581449898409e-05 1.469080100702789784e-05 1.388486616701303543e-05 1.320878715134282149e-05 1.258787809119491291e-05 1.235115876268030354e-05 1.274603812376921342e-05 1.352596605100738820e-05 1.444767224282533585e-05 1.499477795277164411e-05 1.523842723359867662e-05 1.473019391642038623e-05 1.325019169569494886e-05 1.117355130512781041e-05 8.717211607387558670e-06 6.755376972512225863e-06 5.362509994512568804e-06 5.120511324940829494e-06 6.170786718356282130e-06 7.978570774726441935e-06 1.031852178018148548e-05 1.235871906282491083e-05 1.404719744589437605e-05
1.186083594627665257e-05 1.131292577788733684e-05 1.047068281520584891e-05 9.682030836489826717e-06 9.287851125444151991e-06 9.053846998379478438e-06 9.227303525503476088e-06 9.834171064762240578e-06 1.063581466526347387e-05 1.109890919819695576e-05 1.090888007642220951e-05 1.049419423303597093e-05 9.499615005097624543e-06 7.856678630656514353e-06 5.897800518669708364e-06 4.169039338497119820e-06 3.192767124247787119e-06 2.597049217931462647e-06 3.097807399564381082e-06 4.705017486343409987e-06 6.706082970651265740e-06 8.745048383627845368e-06 1.029165885017396584e-05 1.152511821411666967e-05
8.107508731830427183e-06 7.280399475519328286e-06 6.442569150952810480e-06 5.852721858571207021e-06 5.717784308895862658e-06 5.848027971660220348e-06 6.221349629643894519e-06 6.642241040768858919e-06 7.067636008229492633e-06 7.131595095231664500e-06 6.721347873945840020e-06 6.165243638556304953e-06 5.423259100696357323e-06 4.578353042006511766e-06 3.698201678066969774e-06 3.204064513855617492e-06 3.266481247552492733e-06 3.521038940239708261e-06 4.323975501595952459e-06 5.553836811455682443e-06 6.813900253418361497e-06 7.803836537534163979e-06 8.295056585501229157e-06 8.511693327835421189e-06
3.835393584325752956e-06 3.179430620928573959e-06 2.708233799376773452e-06 2.504402515866946292e-06 2.635184816298409459e-06 3.040397319774341271e-06 3.473158940084942343e-06 3.675214941919812846e-06 3.807361499718618894e-06 3.922841255924261381e-06 4.045047504236136453e-06 4.128535366777813535e-06 4.424021477635147017e-06 5.033320056426236786e-06 5.739652542271259209e-06 6.506343334491116198e-06 7.218344668573563941e-06 7.873982890360281967e-06 8.163074287909440044e-06 7.966517148350994181e-06 7.554794612670102596e-06 6.848003298036290507e-06 5.904692089024852770e-06 4.824280663324702001e-06
1.292896798860928491e-06 8.561762984248758015e-07 7.115846339990522211e-07 8.240696929195977712e-07 1.115476765025325912e-06 1.594806392926364637e-06 2.056115450563002501e-06 2.337114816184208061e-06 2.589651241932683231e-06 3.035472780103831769e-06 3.768496008143987899e-06 4.598278399573190347e-06 5.768418134614879468e-06 7.267017765251170691e-06 8.846513295252655924e-06 1.021443936682598996e-05 1.103640562600337605e-05 1.149341397925555909e-05 1.102457308632717946e-05 9.646915986301621748e-06 7.927011699128711590e-06 5.990336924755636144e-06 4.168050676714702016e-06 2.445062592902828209e-06
1.168878014445432621e-06 8.007684892445503377e-07 8.321504942187466182e-07 1.099925735300240903e-06 1.380536746267340169e-06 1.762562665780592590e-06 2.188151960673473652e-06 2.590981122754322410e-06 3.006793849125773572e-06 3.613320045718603658e-06 4.574999573726083701e-06 5.768915814281854369e-06 7.289059130117286102e-06 9.009820405578502242e-06 1.079533957271617714e-05 1.235715093197295119e-05 1.314152153992548067e-05 1.325233944832333630e-05 1.234756968258271386e-05 1.058038003374042564e-05 8.343861406725878261e-06 5.915316448096823791e-06 3.898514300342578896e-06 2.217408697735168945e-06
3.839610140954078841e-06 3.582612301460682856e-06 3.677646620306561844e-06 3.947507219544364291e-06 4.138878349443109624e-06 4.344527304706482673e-06 4.657473008389967412e-06 5.044436778671206421e-06 5.401306798553934721e-06 5.759439382468553424e-06 6.278151995409843578e-06 6.979194144612321771e-06 7.891169722591289987e-06 8.938603245446122170e-06 1.006773232602798674e-05 1.114323957728059934e-05 1.168227862149311315e-05 1.165921805315152515e-05 1.101257423421759233e-05 9.869907703559749687e-06 8.335222278839059793e-06 6.645708465502277263e-06 5.361426980714552829e-06 4.431874224750849355e-06
7.525481622842485042e-06 7.649188914715523231e-06 7.922646927091377746e-06 8.263247187622521888e-06 8.503560135619898640e-06 8.670384389868015693e-06 8.870378644169054914e-06 9.040388255879906447e-06 9.052702983650690789e-06 8.890173773344419339e-06 8.631350013811947891e-06 8.319563888807205684e-06 8.054994751986970495e-06 7.976146050593119292e-06 8.029006246716181302e-06 8.166455790893122134e-06 8.266764026293651013e-06 8.336473616770699759e-06 8.329490955071609806e-06 8.186027323774650770e-06 7.932246757658569959e-06 7.625540405847333660e-06 7.465942005900749841e-06 7.462738321214779734e-06
1.125701569838770641e-05 1.191358694748339486e-05 1.251762747924544353e-05 1.306375341032273432e-05 1.347042136906813335e-05 1.371583411495038697e-05 1.384076434685598159e-05 1.375218146132105662e-05 1.337830255830450882e-05 1.270791454964312593e-05 1.173879874804385202e-05 1.048142867923885025e-05 9.035390573172092033e-06 7.753166808227959889e-06 6.652665280590618397e-06 5.749288188176652200e-06 5.282420595036324039e-06 5.316455324603132331e-06 5.854444425549812385e-06 6.649249924164463360e-06 7.615440447203719727e-06 8.646721481314680407e-06 9.583099784451800440e-06 1.047753878928613202e-05
1.483805125724030322e-05 1.596460832935319457e-05 1.687508566012591450e-05 1.761106038069185195e-05 1.816264289608092482e-05 1.848495954350307271e-05 1.846603495979630771e-05 1.810493051724203684e-05 1.751330870309606498e-05 1.656483944393297739e-05 1.521482191594790481e-05 1.357468591796463444e-05 1.157068423112333149e-05 9.522181301887510857e-06 7.609379164604855805e-06 6.054987026522398037e-06 5.230257344409550579e-06 5.036231729942427027e-06 5.699878721566296207e-06 6.989373864290397204e-06 8.600473801339202188e-06 1.036574540614149292e-05 1.197046472695557614e-05 1.347715690643877626e-05
1.688748782949670382e-05 1.806902348199352314e-05 1.890966278297355539e-05 1.947864376349915205e-05 1.982349819291243345e-05 1.989083196326511306e-05 1.951774798377518466e-05 1.891736753903536152e-05 1.832362814802522997e-05 1.748313566954596277e-05 1.634699308291304184e-05 1.515229552243043019e-05 1.366240565298780094e-05 1.191647312606444850e-05 1.016418516059713237e-05 8.801303605980314605e-06 8.101699983541178155e-06 7.760902950994319694e-06 8.140540856361970428e-06 9.226765538385810420e-06 1.065333259529082612e-05 1.228076908248118977e-05 1.384491660842826610e-05 1.539719532055167225e-05
1.714111970220516301e-05 1.806028728303835475e-05 1.851374190217813700e-05 1.859562762062088375e-05 1.841089757202093132e-05 1.790039207326670029e-05 1.702235107570876450e-05 1.620395577625113328e-05 1.562935995584457943e-05 1.511802123169112168e-05 1.461684638622656087e-05 1.428868006306081811e-05 1.390607110283787327e-05 1.322795436205280029e-05 1.240142595222663603e-05 1.173090476917585297e-05 1.139288139878540566e-05 1.114176714053378789e-05 1.115556909176971004e-05 1.163841538496728382e-05 1.248034163360250502e-05 1.356801776348107120e-05 1.468785094328740171e-05 1.588197363677727663e-05
1.390232118562356866e-05 1.431285856010537453e-05 1.437224850388487635e-05 1.395955318934953879e-05 1.314386371535673411e-05 1.206914827580477202e-05 1.092484273905169878e-05 1.009645763214363589e-05 9.523060595737918829e-06 9.439806904656453367e-06 9.823712472457845864e-06 1.043196066217306329e-05 1.126309773501552076e-05 1.200491820900893738e-05 1.255480732894780442e-05 1.277428661345059724e-05 1.274556997115179425e-05 1.263454051964441338e-05 1.226544052500682694e-05 1.190877093790767812e-05 1.183045647582480960e-05 1.209545527124496078e-05 1.258921151395031193e-05 1.320858180138150914e-05
7.901233899903053258e-06 7.906050117947739016e-06 7.913666577448933735e-06 7.567561742234944601e-06 6.807681277256960795e-06 5.970528607003742149e-06 5.310332289534804245e-06 4.915201599869190850e-06 4.560277738287065941e-06 4.776294777105103574e-06 5.604683089007183534e-06 6.528518725904596774e-06 7.711844552530430080e-06 8.980389204949934572e-06 1.011201936378510209e-05 1.064673640879418148e-05 1.057558182955295249e-05 1.035556807616176744e-05 9.728306091477653591e-06 8.879066168825885421e-06 8.127994129791184810e-06 7.718889715365155030e-06 7.684705597312421497e-06 7.792626258562932912e-06
1.077864074836099658e-06 8.251740638654565406e-07 9.292319665101432227e-07 1.087825799501205358e-06 1.111755793883667052e-06 1.240167343274813080e-06 1.595524328947030228e-06 1.968534773892281145e-06 2.166970804502166592e-06 2.599774770970113012e-06 3.372791505105278699e-06 4.112360267317286447e-06 4.950347402043860703e-06 5.850415663391776128e-06 6.668586291625571437e-06 6.989520481194897014e-06 6.713087302616843315e-06 6.221248584947452823e-06 5.443072339099651053e-06 4.478598201055331925e-06 3.432104705228873122e-06 2.522293310268580230e-06 1.929625169921539077e-06 1.495552543455133707e-06
-3.778531706781917648e-06 -4.280445632692226732e-06 -4.266471137718099659e-06 -3.578435831851427326e-06 -2.403348973318115523e-06 -9.617193715349158180e-07 5.555457511456251473e-07 1.775917215893056792e-06 2.766125852116442303e-06 3.339475762820456781e-06 3.582158187646242759e-06 3.709599436802839946e-06 3.680524583283106873e-06 3.588189384999751122e-06 3.504954021597484630e-06 3.392478681075575437e-06 3.108552326277705515e-06 2.644111090152499826e-06 2.140544170617935113e-06 1.533517159982521691e-06 6.601960577644547915e-07 -4.741640017609195680e-07 -1.643993742680601787e-06 -2.779358540632271104e-06
-3.486316289794580946e-06 -4.417226604626804571e-06 -4.867915156195191901e-06 -4.367862782975818402e-06 -2.970552287830279289e-06 -1.164330433236358171e-06 6.677326939734162840e-07 2.124034763350850696e-06 3.453778418245741337e-06 4.074330351102499230e-06 3.968160158100963014e-06 3.712057678856671338e-06 3.214985358913418057e-06 2.691450845754249247e-06 2.303994242996385987e-06 2.283497507363035557e-06 2.494761805409759457e-06 2.661838902598537573e-06 2.883742103148214214e-06 2.852619569363907967e-06 2.366840717795140047e-06 1.298345648905534037e-06 -1.845885990425275000e-07 -1.897809780425207331e-06
2.257994613882039618e-07 -1.236632032354684977e-06 -2.254508420454333036e-06 -2.493887071256509279e-06 -1.874724332258487760e-06 -7.042816176135902368e-07 6.494036428540939806e-07 1.755655967078625430e-06 2.838954290862115472e-06 3.401420525396044627e-06 3.321802623398951663e-06 3.057561324585532756e-06 2.622681183429237685e-06 2.352921736983446782e-06 2.346218276459176873e-06 2.882032609276715203e-06 3.832178105703507459e-06 4.874464081741741797e-06 5.962868072983934143e-06 6.546020811731805853e-06 6.486155006493407164e-06 5.675928276527056745e-06 4.226325422444516733e-06 2.281683758524728289e-06
6.357422338364611934e-06 4.532482318612634191e-06 2.951242069702714881e-06 1.653519874992164650e-06 8.093529115612683857e-07 4.356019550794860026e-07 5.030804054186011041e-07 7.561301003129739894e-07 1.138718252468938543e-06 1.616388325086762851e-06 2.017370377902213712e-06 2.318864300960274086e-06 2.680989174252994496e-06 3.318555494975141596e-06 4.143047682199593084e-06 5.370997019920000810e-06 6.917226871486978922e-06 8.536813740690406838e-06 1.001255015590827194e-05 1.089871589271747671e-05 1.126394501459899785e-05 1.090281737252279292e-05 9.846118878060421115e-06 8.309531650765788146e-06
1.102847235576891972e-05 9.593327548268357503e-06 8.035838499628081917e-06 6.335915219782047753e-06 4.710055479601352718e-06 3.250515192775749720e-06 2.240961342471953598e-06 1.804843557642661889e-06 1.699644731438726592e-06 2.141339162715192388e-06 2.960842768703577982e-06 3.885819889626007076e-06 5.035373257622761466e-06 6.261163400601047468e-06 7.394641095722990049e-06 8.597157121513068426e-06 9.862542623776352437e-06 1.102739053925671383e-05 1.190011085051218470e-05 1.248979884967343333e-05 1.299107631822598148e-05 1.307268480346424969e-05 1.266230467653002102e-05 1.206708784717612918e-05
1.394598272688103983e-05 1.357582978878837735e-05 1.271728859757423097e-05 1.136378944609809529e-05 9.778290699021881694e-06 8.055014851706737759e-06 6.531257433318214720e-06 5.709575864027354131e-06 5.420193754725614378e-06 5.821332803075840100e-06 6.746594783805306565e-06 7.982291924160250728e-06 9.456944291528800848e-06 1.065906244453060248e-05 1.148962983531741457e-05 1.199318867502592377e-05 1.224257789191565856e-05 1.221753491760309662e-05 1.194669624720948390e-05 1.189397268941925198e-05 1.218536468533930271e-05 1.263918770012278071e-05 1.308001656448169289e-05 1.363106075683354159e-05
1.497293569048308567e-05 1.631003170540953263e-05 1.707041189347963825e-05 1.709184386865147324e-05 1.651074277191198300e-05 1.553481270296542150e-05 1.434555815483566657e-05 1.349240140989202068e-05 1.297697873590038931e-05 1.295693365741217046e-05 1.340768681578693734e-05 1.416340156692647507e-05 1.490750294485683956e-05 1.515704798939397558e-05 1.506763067978380825e-05 1.431657049350437072e-05 1.300735408830186102e-05 1.149715753928031204e-05 1.008334874692687691e-05 9.346207162898912782e-06 9.181791370595042073e-06 9.912122298967837347e-06 1.134508834139221265e-05 1.309463136670723569e-05
1.435318108271033946e-05 1.698591746571592200e-05 1.923132688637723238e-05 2.075434939183179968e-05 2.139185308192583207e-05 2.142452060947053202e-05 2.091964652993690156e-05 2.014127505887246397e-05 1.911012637932205154e-05 1.816496130408727061e-05 1.756215235029652454e-05 1.704839621085769510e-05 1.631888630551979228e-05 1.531092260577890859e-05 1.430841168238473836e-05 1.273284120611414453e-05 1.066998551123221575e-05 8.726948371717126532e-06 7.165753626758964586e-06 6.344602497407163074e-06 6.120871551488106922e-06 7.071387922230371560e-06 9.073772668764502092e-06 1.151040567757209971e-05
1.230501994349244966e-05 1.550343912699875129e-05 1.850392021267283812e-05 2.107469500239110590e-05 2.275308455485901209e-05 2.361663075443532468e-05 2.369386075604784699e-05 2.296344070842231802e-05 2.138973217287282825e-05 1.935045785797870631e-05 1.738294215663721280e-05 1.528857049123478169e-05 1.303990606726956438e-05 1.099449178791780795e-05 9.298945415406783464e-06 7.539701542864683292e-06 5.784822181075501094e-06 4.470560073839033069e-06 3.548096911477231788e-06 3.153555684431604729e-06 3.381129032527372855e-06 4.533821440851256636e-06 6.558986634289430963e-06 9.136071369383888334e-06
7.587421401749600868e-06 9.893102311773360356e-06 1.221061481555213386e-05 1.450899412035852805e-05 1.637157392543910807e-05 1.769043025660345901e-05 1.817551627323433922e-05 1.760804384890684749e-05 1.620513044876324316e-05 1.388965068205747014e-05 1.110629887656528991e-05 8.080431865624681330e-06 5.230762321420531500e-06 3.038146293703464122e-06 1.244156460205465961e-06 1.234066556920467302e-07 -2.746230720091922992e-07 -2.080532083878953008e-07 1.038675492970400477e-07 5.771842070599203268e-07 1.403160464164413239e-06 2.462151312968170837e-06 3.771279979752113702e-06 5.455899214252229093e-06
1.759350705223690235e-06 1.963320265139570743e-06 2.409271937472853720e-06 3.131897030224285066e-06 4.106101564863379535e-06 5.288829573879235126e-06 6.095555671543338128e-06 6.197961247951276787e-06 6.071132152196759765e-06 5.126731553443364975e-06 3.343241773455037366e-06 1.301827083656167266e-06 -4.758733466141188450e-07 -1.682620106136611673e-06 -2.737639227177368643e-06 -2.907450668775831245e-06 -2.162025985536075650e-06 -1.224835736620019163e-06 -1.413703394060361622e-07 7.863374738737010161e-07 1.503100543186841298e-06 1.836065530833785127e-06 1.872162000129330555e-06 1.813219809878010665e-06
-3.418506192424830626e-06 -5.713608220384691431e-06 -7.536577617264759196e-06 -8.821159593210683978e-06 -9.200875804530008181e-06 -8.619821593179574285e-06 -7.476355625742033444e-06 -6.208326995601296101e-06 -4.563326733969360057e-06 -3.199796298461319306e-06 -2.605465373325056882e-06 -2.284469062361451517e-06 -2.029310499677711764e-06 -1.706366912586041047e-06 -1.478594242749967831e-06 -7.362613202657004982e-07 5.312086978310144838e-07 1.717610255957794269e-06 2.947415670611159075e-06 3.700514471312457808e-06 3.679064184738949585e-06 2.819398300394646872e-06 1.278252718628223493e-06 -8.284607499481036834e-07
-5.063292061568206830e-06 -9.158672183395298919e-06 -1.279992269519121504e-05 -1.561177823757192333e-05 -1.710706992213572266e-05 -1.749867347879941910e-05 -1.641122821748221402e-05 -1.415291933249587668e-05 -1.120183591202512881e-05 -7.701843018968005855e-06 -4.283091614286530055e-06 -1.011766955403338751e-06 1.730993825964128869e-06 3.853398858934537501e-06 5.705987984931546204e-06 7.215202646666748376e-06 8.349052132242310535e-06 9.170431428314037022e-06 9.680321884041072272e-06 9.448299307658027658e-06 8.329907619417285138e-06 6.112404714213776790e-06 2.994944447855922863e-06 -7.433464559483908162e-07
-2.152841117701918761e-06 -5.978182022565234406e-06 -9.615549878156988637e-06 -1.244379899640423328e-05 -1.412595172170976664e-05 -1.517082785694746725e-05 -1.475083408484781799e-05 -1.280529731809880453e-05 -1.014158651153259347e-05 -6.459210538023671004e-06 -2.206950905950493680e-06 2.165107421435265619e-06 6.051077801234414477e-06 9.081955713958774596e-06 1.174062629601147091e-05 1.352609743537852556e-05 1.434069491286963342e-05 1.465285276743533026e-05 1.426057112492400639e-05 1.313087608924326692e-05 1.145477623584726110e-05 8.811257109783125982e-06 5.414502140744906322e-06 1.756920260250152840e-06
2.770711337714448937e-06 6.467478344770516778e-07 -1.555399180248396178e-06 -3.456899413263694254e-06 -4.870966441776127139e-06 -6.114168418053000805e-06 -6.638086622701955672e-06 -6.013189686787185351e-06 -4.644719206722434587e-06 -2.219922686965890349e-06 9.937878166875482625e-07 4.594522456764434475e-06 8.185744519373102407e-06 1.112123683641852293e-05 1.358213039909401875e-05 1.514458050154433822e-05 1.564522941728668849e-05 1.545346927668206087e-05 1.444580802991427809e-05 1.298672207656395426e-05 1.132119559964079561e-05 9.247757840370320428e-06 6.995621802332201752e-06 4.842662578827472219e-06
7.493915657651463086e-06 8.304811309681683573e-06 8.925312455044857898e-06 8.952157023601484958e-06 8.371096838655356969e-06 7.580644578113922147e-06 6.391822738811725699e-06 5.253700583342233800e-06 4.504945369068716811e-06 4.350968029834555623e-06 4.760198513741902369e-06 5.516702536314771778e-06 6.737791778010421604e-06 7.917200900612713635e-06 8.768863110925664953e-06 9.249145527271588165e-06 9.225348515079431698e-06 8.696871744503202476e-06 7.738655235282284369e-06 6.821870101856429642e-06 6.028633362632831734e-06 5.709102368681669474e-06 6.001452601107367734e-06 6.601585202541224336e-06
9.393172178160039883e-06 1.236122888853920094e-05 1.518062566265294138e-05 1.700177391676949157e-05 1.755854750801932979e-05 1.761182630584439074e-05 1.667899893588368994e-05 1.487935216642220666e-05 1.273525962791589762e-05 1.053484138945525101e-05 8.536841954352978625e-06 6.539389421289501540e-06 4.942850626162183914e-06 3.798076539119489481e-06 2.721650647646886619e-06 1.819094349070151499e-06 1.084707699934194379e-06 4.110693217615403895e-07 -1.153941569203641010e-07 -2.075724876264853346e-07 1.438111172774073044e-07 1.485646334151222441e-06 3.759004025263279459e-06 6.397351468343105590e-06
9.807397324953247002e-06 1.368238014426298895e-05 1.745043759770893412e-05 2.049484928868127614e-05 2.229761110813717427e-05 2.330277541633882639e-05 2.320533504405440582e-05 2.179479426526038550e-05 1.930599500718075312e-05 1.609054315529284755e-05 1.269749776811994106e-05 8.958272646359110989e-06 5.276666949203425217e-06 2.260647955165968910e-06 -2.909277354419656597e-07 -2.330966102997424774e-06 -3.738167399839541850e-06 -4.519192396370976521e-06 -4.703798415613518286e-06 -4.188936075036848822e-06 -2.910498257442408961e-06 -6.130205127826412616e-07 2.447463402374664992e-06 5.930144452459349439e-06
1.088823253298693659e-05 1.376028101881012408e-05 1.652691963748781568e-05 1.935216249470374174e-05 2.176985683417148991e-05 2.346060429811188164e-05 2.434520895735953463e-05 2.413347373132569004e-05 2.280786218897949645e-05 2.019135098687458121e-05 1.684998167351897745e-05 1.314945810852838013e-05 9.187711302241306828e-06 5.665465959548162540e-06 2.718365971740576581e-06 4.277627756224996749e-07 -1.071863825127930161e-06 -1.817038666088614471e-06 -1.712972449269403761e-06 -8.067729916464555597e-07 7.910678031313681663e-07 2.958447705262844976e-06 5.358388085498921989e-06 8.000664963891129873e-06
1.453364275974899805e-05 1.539541634831456985e-05 1.611307649676962199e-05 1.730906512566724218e-05 1.887281015040723114e-05 2.014501228890308782e-05 2.104077717045473576e-05 2.144028749965149795e-05 2.138849854872322521e-05 2.012045151053823392e-05 1.794583835836350652e-05 1.573284855708637387e-05 1.328228105761057785e-05 1.092325910921658621e-05 8.964691510760800571e-06 7.606585976046584373e-06 6.882782729670661961e-06 6.604554132695240723e-06 7.137380487382429973e-06 8.317900443697850575e-06 9.726179916034601863e-06 1.121368022879617005e-05 1.247863762620708447e-05 1.356900286527202859e-05
1.922464155611286216e-05 1.802926513619722407e-05 1.665107170320602898e-05 1.568989502314832284e-05 1.539074368311009231e-05 1.523545344611095028e-05 1.523171395418958186e-05 1.543008769711336141e-05 1.583973919609942688e-05 1.579896260886915125e-05 1.536110033344847305e-05 1.520563901145796435e-05 1.498067145098232780e-05 1.464371944569206932e-05 1.453253078539266622e-05 1.474713989076007091e-05 1.522074740730959768e-05 1.583105246287038359e-05 1.696044088457101872e-05 1.832929778931891333e-05 1.946203238895458700e-05 2.027854092727072679e-05 2.051227452196542815e-05 2.015448730181206182e-05
2.194692193898617553e-05 1.948651445683905012e-05 1.681274539338385141e-05 1.404508348986225597e-05 1.157020859383175663e-05 9.397545246569867077e-06 7.797354125695278113e-06 6.972913418758030059e-06 6.721721843989433680e-06 7.301247856335066362e-06 8.557167454708729292e-06 1.018057085046944971e-05 1.214625570818366376e-05 1.415509538034593416e-05 1.613258331988801206e-05 1.802010599778776023e-05 1.979522127793373673e-05 2.150906197731093484e-05 2.307321189266737043e-05 2.428562979231371020e-05 2.516738480227216052e-05 2.546976813897891334e-05 2.498074194395746885e-05 2.387833571461278037e-05
1.748166567317335646e-05 1.542274657895750884e-05 1.312808033993360276e-05 1.032342916723939750e-05 7.323234757689241100e-06 4.506548799083491675e-06 2.241922902259436814e-06 8.676868651543324398e-07 1.280656762433037482e-07 8.879402163428333940e-07 2.834003261383546434e-06 4.996938189192501689e-06 7.734721297085089857e-06 1.060653051081394015e-05 1.310744884164786130e-05 1.518987450976783685e-05 1.702071939489035126e-05 1.870322257007325253e-05 1.974100062761371710e-05 2.020341317168717750e-05 2.060996347805493252e-05 2.054746805239452925e-05 1.987769621040662990e-05 1.896775455164725503e-05
7.103573663368218690e-06 6.565135184410792963e-06 5.768563997145310911e-06 4.290766966374598930e-06 2.373947638169857694e-06 5.219336630853200029e-07 -1.145839460819973734e-06 -2.155990325221553047e-06 -2.470160625403634786e-06 -1.428446231106328306e-06 4.968624106178134149e-07 2.488431020491385038e-06 4.867924147816334824e-06 7.052824291603345560e-06 8.527294402220695593e-06 9.340560686221560834e-06 9.848889039150340299e-06 1.012180855296867865e-05 9.735239644353158324e-06 9.029942753343984433e-06 8.543584276611297705e-06 8.114937725383093901e-06 7.679579589537210841e-06 7.377261854471611409e-06
-5.236909580465927644e-06 -4.089427456814169592e-06 -3.023398899113073880e-06 -2.309003313220144594e-06 -1.839030218199148690e-06 -1.307563381213836458e-06 -8.606478149128275867e-07 -2.201363969614431570e-07 8.527315927338364612e-07 2.343173436921081051e-06 3.804793448471073912e-06 5.103575782259332864e-06 5.925215357545358087e-06 5.882124988035047246e-06 5.159414025704200796e-06 3.696174157053701076e-06 1.857548138552510832e-06 -1.738414641439214761e-07 -2.228338599180597014e-06 -3.957380182585308140e-06 -5.414434571555655661e-06 -6.207730447054054990e-06 -6.301187382474016669e-06 -6.074549887984295744e-06
-9.169067478075922095e-06 -7.707169618771708203e-06 -5.950981477203369122e-06 -3.948819951963994062e-06 -1.791222541644110562e-06 5.399484861525224978e-07 2.951336888668966713e-06 5.195569605873110159e-06 7.283545193844520385e-06 8.898384079683744222e-06 9.804463319091396897e-06 1.024012150353380882e-05 9.479413705630466408e-06 7.666308795219645397e-06 5.574741322961282379e-06 2.957258670177610360e-06 7.403299358781028917e-09 -2.962858016654051524e-06 -5.397647353191666545e-06 -7.204197174282613081e-06 -8.907462892605630587e-06 -9.932533272139592486e-06 -1.011612718699789857e-05 -9.978728831239470548e-06
-5.186439012674013414e-06 -4.340392996133536001e-06 -2.824312849114143329e-06 -5.302288428419929279e-07 2.253573544565620723e-06 5.323029424962417167e-06 8.736109184191311237e-06 1.171991957985339691e-05 1.395885914530612429e-05 1.514462906066769805e-05 1.525237912446858365e-05 1.458212475610071404e-05 1.267544102135645630e-05 1.020785284620644604e-05 7.862960140181883992e-06 5.466652511659613251e-06 3.040872129150975138e-06 7.670434404495725335e-07 -9.043901590151406692e-07 -2.136456681272464756e-06 -3.433942192428292059e-06 -4.516895413949093738e-06 -5.094834520668157992e-06 -5.350883516063437484e-06
