1.173455769832054175e-05 1.536777571792528562e-05 1.844071135607473245e-05 2.161467835276918993e-05 2.491005046712731387e-05 2.767230521218837675e-05 2.870003241630918262e-05 2.724126014723724708e-05 2.424674126586492774e-05 2.082965036304055536e-05 1.904896789960644572e-05 1.847784610499505353e-05 1.774845531609559412e-05 1.647973233307678547e-05 1.591248575243897365e-05 1.748589522722826130e-05 1.894558736934564170e-05 1.810092472971200998e-05 1.504083298426958206e-05 1.283637331597497591e-05 1.242230710987154937e-05 1.184882216881955087e-05 1.038277690782815694e-05 9.729602995706822680e-06
2.718087408088465823e-05 2.613304048011510480e-05 2.644986871006275075e-05 2.812373886661682711e-05 2.938527594863059496e-05 2.965230819316593737e-05 2.949713314054507287e-05 2.968241975504171083e-05 2.989009348442486918e-05 3.097452595486951954e-05 3.301733899909366102e-05 3.519136826849495901e-05 3.624973483534379016e-05 3.560472719329344236e-05 3.430732043462463043e-05 3.192634341674922642e-05 2.915724645341936089e-05 2.666301745847390471e-05 2.557583026382733961e-05 2.556807461779526291e-05 2.539837327123506427e-05 2.600053166300733245e-05 2.719147184671396087e-05 2.797636240136164729e-05
4.170911413626437401e-05 3.656271444376215323e-05 3.470592079414962824e-05 3.494012682034794561e-05 3.370620876094498523e-05 3.101639839588223166e-05 2.889005948906874061e-05 2.960450190130442541e-05 3.189946515561353817e-05 3.669469078729643537e-05 4.209444200094678929e-05 4.654706499612877265e-05 4.987236265788435403e-05 5.127597517335143190e-05 5.067331305320059144e-05 4.582841559794549840e-05 4.038655682318942737e-05 3.779878876695318715e-05 3.898097062398692196e-05 4.020682070796521862e-05 3.931838592869608333e-05 4.033601910025376257e-05 4.362670591483288018e-05 4.529242212242402365e-05
4.856467168106159824e-05 4.339583887209638729e-05 4.035060898020098179e-05 3.835153317671190026e-05 3.528924849943780410e-05 3.153808278964500774e-05 2.880324416621378276e-05 2.917733528250719064e-05 3.165268223743270004e-05 3.688452037690575862e-05 4.289724723816264082e-05 4.837709332103333617e-05 5.358769556738198555e-05 5.690157020157351477e-05 5.751258568986543623e-05 5.406300803708498197e-05 5.041909480343436918e-05 4.922733250415382351e-05 5.031405437513292926e-05 5.078126257619141514e-05 4.983662459137956120e-05 5.042576710156447892e-05 5.232060533943285683e-05 5.249948436834653840e-05
5.203775949508066738e-05 5.016852765874723995e-05 4.616594827567131374e-05 4.100093432372348557e-05 3.725339319941931032e-05 3.481238105706002922e-05 3.363350635229768476e-05 3.392531642709550193e-05 3.580171860645586015e-05 3.907346447801121858e-05 4.358257887240746405e-05 4.946565181222743751e-05 5.572328883506616346e-05 5.926840654625818131e-05 6.007137160998664635e-05 5.988239361487885705e-05 6.005987350848380227e-05 5.930640201802382845e-05 5.736027390689849140e-05 5.637873046185881405e-05 5.734255734842223020e-05 5.791476688243190783e-05 5.612706973896612085e-05 5.366035716054113041e-05
6.031305468832110872e-05 6.132044417169453076e-05 5.593753564451314303e-05 4.748163142797156980e-05 4.322190927729227294e-05 4.226412612302143072e-05 4.292201973642600129e-05 4.352008214806937656e-05 4.518607293020572899e-05 4.687696415879960934e-05 5.025240795790653038e-05 5.690864962624709423e-05 6.408363743434870234e-05 6.723068836851551447e-05 6.759629315365481522e-05 6.949976702529629810e-05 7.179165431833569656e-05 6.976948790887522371e-05 6.432355970544335660e-05 6.266635012172243953e-05 6.631172738707802891e-05 6.778086622701465593e-05 6.336527275900211208e-05 5.930760763002586441e-05
8.995919704000510456e-05 8.957293022029390263e-05 8.305220595829922007e-05 7.244243986951151050e-05 6.492312576010876286e-05 6.084201261665985773e-05 5.972144099795476032e-05 5.981501500877207321e-05 6.101826212524799137e-05 6.337181508118318470e-05 6.791368054535337285e-05 7.494922800688313936e-05 8.195892221082052979e-05 8.560472833534342745e-05 8.729350336146300443e-05 8.907695344900800390e-05 8.939061203637102939e-05 8.566128410985427333e-05 8.010410137898314764e-05 7.928273086799525200e-05 8.316992987544427954e-05 8.707992084745880246e-05 8.743499635864405788e-05 8.772836482107330513e-05
1.190547054081071866e-04 1.140603496256339613e-04 1.077001680012322314e-04 9.880951238907972846e-05 8.969923833855862920e-05 8.230427917861851315e-05 7.839194215740415183e-05 7.795811083952438193e-05 7.923410583170404416e-05 8.389505578285189817e-05 8.991804915777453270e-05 9.495365346249873576e-05 9.937049470877082108e-05 1.037074340775464513e-04 1.077754659507310737e-04 1.084414649933851735e-04 1.058187994635485259e-04 1.030783841155071744e-04 1.017648247678529960e-04 1.020889225390027663e-04 1.025763386498368938e-04 1.071188933359265409e-04 1.141406566437563116e-04 1.192244983532498844e-04
1.237237796327299647e-04 1.151061485187218760e-04 1.098913231631402454e-04 1.062427511868662674e-04 1.016026498824862661e-04 9.695497739331442933e-05 9.400092387559151629e-05 9.447865235375661134e-05 9.726636034638196538e-05 1.038155701144568454e-04 1.090424519188187093e-04 1.098008735854240776e-04 1.097019579307049320e-04 1.131614621383946872e-04 1.180401824533057475e-04 1.180406471802141654e-04 1.149540593968067522e-04 1.156749584908697669e-04 1.194265155439490074e-04 1.200666657686405065e-04 1.163248831542637970e-04 1.179442488443257413e-04 1.253506103571903104e-04 1.289428357221384920e-04
9.931099531599564751e-05 8.935284119586243187e-05 8.479885769511548877e-05 8.805440709670799546e-05 9.444716105611527471e-05 1.000143145088758874e-04 1.038442202803762054e-04 1.074188175079629433e-04 1.121437330786986429e-04 1.164596171614713598e-04 1.162994823800099248e-04 1.118670161066692259e-04 1.063821435532962971e-04 1.048224125111275315e-04 1.056270803653947828e-04 1.076508809017248295e-04 1.111815388900553193e-04 1.174602288014053294e-04 1.234000869235173656e-04 1.239490924311662521e-04 1.205101020948677669e-04 1.184014071870320104e-04 1.170907517230857214e-04 1.110824257690945461e-04
8.356710789799833765e-05 7.588436508006837008e-05 7.283989100308931454e-05 7.973271523288867732e-05 9.253005640751563155e-05 1.045886245071590620e-04 1.134726243290255039e-04 1.184092677764467521e-04 1.215767540199935270e-04 1.197909720627022667e-04 1.140795374580538005e-04 1.079690997208385432e-04 1.008126628266028588e-04 9.483445977881157466e-05 9.142289760307329631e-05 9.665339152312946657e-05 1.061288748737722614e-04 1.123082435428577382e-04 1.126647726003280378e-04 1.106793950511364590e-04 1.100391468269918977e-04 1.095786714144313226e-04 1.048477283511280747e-04 9.552826066310309233e-05
9.373112692331395514e-05 9.108618501603919337e-05 9.231360997128002378e-05 9.979483646633276314e-05 1.101366301218204620e-04 1.198264781339877799e-04 1.274405662127691752e-04 1.299513790274816043e-04 1.277735590912961253e-04 1.198046341122784806e-04 1.121668225736614170e-04 1.080033362617900488e-04 1.033652211573038795e-04 9.772339547589619811e-05 9.485045264215857905e-05 1.017322066072689259e-04 1.092867992708739834e-04 1.075011306483448576e-04 9.656940392272480645e-05 8.850550592914557672e-05 8.711986242960772662e-05 9.299338939561019356e-05 9.775786188707293457e-05 9.804295561913710638e-05
1.240274361061802178e-04 1.322313518072926501e-04 1.397774031229491118e-04 1.447824689631633166e-04 1.467438580766681924e-04 1.473771278030278401e-04 1.471202715461429264e-04 1.437405766648530247e-04 1.360558122082041735e-04 1.264792515133552882e-04 1.212500860952798646e-04 1.200347731218102200e-04 1.214257729694938153e-04 1.221760688464275184e-04 1.226108614454294145e-04 1.206902679778433778e-04 1.103464734363257099e-04 9.159675560708483105e-05 7.068054913621689363e-05 5.955361559170264398e-05 5.596177418343947812e-05 6.687634995476853428e-05 8.732167271039689488e-05 1.086678606752191723e-04
1.393647880103697956e-04 1.631411555112931625e-04 1.779650980092529837e-04 1.817924411173297942e-04 1.792620328579028329e-04 1.739643302920178877e-04 1.672893940072177929e-04 1.608488439754028588e-04 1.537898262663303542e-04 1.487489935247980285e-04 1.471048803995092427e-04 1.466803457952339438e-04 1.504947030487333113e-04 1.526183801406829103e-04 1.480555397278800287e-04 1.280208925368970217e-04 9.715950118155485774e-05 6.580500913988830670e-05 4.518421135836279783e-05 3.860366504047871723e-05 3.593876097427074626e-05 4.352867358459397971e-05 6.710082664348322962e-05 1.022251869834282843e-04
1.338217164429024051e-04 1.744829753436777852e-04 1.978972486239819904e-04 2.033153308940255865e-04 2.005176094498338794e-04 1.935134187798714326e-04 1.848349258741486026e-04 1.799380833176262738e-04 1.781093749819477536e-04 1.796132683630732353e-04 1.809676412434358501e-04 1.807473187212196733e-04 1.816861852327814465e-04 1.751721135313754859e-04 1.556005100983962899e-04 1.174189107614110239e-04 7.598525575540529639e-05 4.197132266447399881e-05 2.790915671617278420e-05 2.845611074952170887e-05 2.929925714997177241e-05 2.881994495844920339e-05 4.344869191431643171e-05 8.028098822310139691e-05
1.159265365413759182e-04 1.654335564204490632e-04 1.982899202537023004e-04 2.107314938203903127e-04 2.115963067766134557e-04 2.075945032284837503e-04 2.028670118756263445e-04 2.038229925754564387e-04 2.084579032474873843e-04 2.157197801533351756e-04 2.189907880841170237e-04 2.171169457085893469e-04 2.051460045785121747e-04 1.782794714901115663e-04 1.398700971570361877e-04 9.434466703476364964e-05 5.877661110394191924e-05 3.443028723597609371e-05 3.121422259059843563e-05 3.832766908041465597e-05 4.226185018322768628e-05 3.554949128565345663e-05 3.793817421659956301e-05 6.347770086575271124e-05
1.148597984117907345e-04 1.575419244687043354e-04 1.930606142466081922e-04 2.129426278498770505e-04 2.189997403811149996e-04 2.203091167701486390e-04 2.217111690167142312e-04 2.276771389100751698e-04 2.348570283802496389e-04 2.424937331732187891e-04 2.425586489637383564e-04 2.331326785640792107e-04 2.054741914542948056e-04 1.650945177439761794e-04 1.225723979896004413e-04 8.609590078584791208e-05 6.545655798352649447e-05 5.573014493822511469e-05 6.253641455906818424e-05 7.280762127031309059e-05 7.656809697092116387e-05 6.948144355440390727e-05 6.722627706143168198e-05 7.936520094538318656e-05
1.318200369518826023e-04 1.588143429481402242e-04 1.881324324321982655e-04 2.115356101064968717e-04 2.238093965201440013e-04 2.314543271537353598e-04 2.383657582370757051e-04 2.470770134912765158e-04 2.545371779269035633e-04 2.584291580567813829e-04 2.493135804393042357e-04 2.263610807477792414e-04 1.873916375927116686e-04 1.482264043970579141e-04 1.163191203579646248e-04 9.631151410758314474e-05 9.071321936688127861e-05 9.571905207736359003e-05 1.119958970997731709e-04 1.242090113700191191e-04 1.265799290059945912e-04 1.197378515514470142e-04 1.152924292588094807e-04 1.164843440018123650e-04
1.584917933545881581e-04 1.672767842910799724e-04 1.836707129958973573e-04 2.053828807356001390e-04 2.238903022259535998e-04 2.386426811056530616e-04 2.508717611734990723e-04 2.597110555575992460e-04 2.636399915018557442e-04 2.566623757182279631e-04 2.336669786705368045e-04 1.989462504680963796e-04 1.605979091776183170e-04 1.356725400315944596e-04 1.217559533741440506e-04 1.199878261050597947e-04 1.285102073664726272e-04 1.455641033059669345e-04 1.672682161019145325e-04 1.793624564754406933e-04 1.809747591552150422e-04 1.741189857900755618e-04 1.669545204720835371e-04 1.601872962497549009e-04
1.681524246851982482e-04 1.673489954768843531e-04 1.752375928311361672e-04 1.940566438060437548e-04 2.156924060041835549e-04 2.352018715683243887e-04 2.507936299847712412e-04 2.567394912637761557e-04 2.529214692557845930e-04 2.333662594926181634e-04 2.030296893653123626e-04 1.695370058057239164e-04 1.421436778972460797e-04 1.300493311780770423e-04 1.270650384108898293e-04 1.355190633926412489e-04 1.521001842376287446e-04 1.733763965203280618e-04 1.939936904556497103e-04 2.041082818234993702e-04 2.057929190022682981e-04 1.990261522525554134e-04 1.891357991339157225e-04 1.779192485722686597e-04
1.602098421058728236e-04 1.558115863996834254e-04 1.611884460502998749e-04 1.785418605287631528e-04 2.001673303244607468e-04 2.212952494628142716e-04 2.372785337536993070e-04 2.375272900895120814e-04 2.231586382911757399e-04 1.941287795774331612e-04 1.654605982665341641e-04 1.422055212458191696e-04 1.280129347971502437e-04 1.242315047644319500e-04 1.276614001471038432e-04 1.407069824033582522e-04 1.586037586196593051e-04 1.773592030333024717e-04 1.930435472351632186e-04 2.002293120639276876e-04 2.010371062082823962e-04 1.954595157530155313e-04 1.859927917251757935e-04 1.734764317156579504e-04
1.385116604483603510e-04 1.350374967837705484e-04 1.408144868147399246e-04 1.575753088084369600e-04 1.776829764114741322e-04 1.968591492388871108e-04 2.065892489907198034e-04 1.972812864567736904e-04 1.742525102002720158e-04 1.449614276122601457e-04 1.263712724825556298e-04 1.166779486833857492e-04 1.143034378021485581e-04 1.162890757194262912e-04 1.232266594746815852e-04 1.351316717021447292e-04 1.472535970576355311e-04 1.579934477921968400e-04 1.664053417720448591e-04 1.703240668620492268e-04 1.699737678176171246e-04 1.663533466822766612e-04 1.599818747664086542e-04 1.500334737966117717e-04
1.176662754682945589e-04 1.147290207760335684e-04 1.189119076625984160e-04 1.331454063242581347e-04 1.495183138352638346e-04 1.624630923574301410e-04 1.625893579922190510e-04 1.471626324420984185e-04 1.246618068397622699e-04 1.034798078784399708e-04 9.439351136386997900e-05 9.260228253806909097e-05 9.718374608798096843e-05 1.044155376618367739e-04 1.139792444554365121e-04 1.236457706296146457e-04 1.301458270067357387e-04 1.346187463667536703e-04 1.375901442869373130e-04 1.390030376257432435e-04 1.383128164253879882e-04 1.364342387909513426e-04 1.327635831319844747e-04 1.261848508132579238e-04
9.869553758580498965e-05 9.574731670114197213e-05 9.778822527857141138e-05 1.071781810646121522e-04 1.157317645611539915e-04 1.183605848556412238e-04 1.103039450132226273e-04 9.568487764903251067e-05 8.063842390296691010e-05 6.954429683016558712e-05 6.699301425228797603e-05 7.013503572141396413e-05 7.927895478840965321e-05 8.993870686915509283e-05 1.003103435514108780e-04 1.082867370677053042e-04 1.120798244069479225e-04 1.132007123329136297e-04 1.124474228551317447e-04 1.118712018256456600e-04 1.113577758522737955e-04 1.110101196050897713e-04 1.091017185928151733e-04 1.049540933149501257e-04
8.081143366368889866e-05 7.760594520687729911e-05 7.672363281050084921e-05 7.723034789136699061e-05 7.360639800284605279e-05 6.494603424592068587e-05 5.408215112905831185e-05 4.737435829350721282e-05 4.410963111121602917e-05 4.313765314233239775e-05 4.456104110511842310e-05 4.956431701218057327e-05 5.965878540601418889e-05 7.108587410892914724e-05 8.108142118586677410e-05 8.826856600637087108e-05 9.182088990701880104e-05 9.283978063045916925e-05 9.198238364040004812e-05 9.135821621062552268e-05 9.101330530202227423e-05 9.053085357146587093e-05 8.866703916843024166e-05 8.542405215253119567e-05
6.303721349601013643e-05 5.931314501343955611e-05 5.471135790472282483e-05 4.559381077080725068e-05 3.204648184038579885e-05 1.773607192207548748e-05 8.985329521699636523e-06 9.769507420068040927e-06 1.509094137162729656e-05 2.189256648572428232e-05 2.748755525790587024e-05 3.403736341067412519e-05 4.332074480259511922e-05 5.379781230118953526e-05 6.317651633706483963e-05 6.993908425103580390e-05 7.370115990847055717e-05 7.585239725701029185e-05 7.705818215471681317e-05 7.743634572526899207e-05 7.636077915183133173e-05 7.369817415649869581e-05 7.029288707107943072e-05 6.655967828408155434e-05
4.583530681799264744e-05 4.102476837978033373e-05 3.213561662884058874e-05 1.547582282982652187e-05 -3.262964113246296516e-06 -1.849149916369243201e-05 -2.431520982352334978e-05 -1.914320017236775221e-05 -8.339744068090379413e-06 5.037174742373758254e-06 1.551128453185627486e-05 2.431514513823601766e-05 3.286094709617292482e-05 4.182748831839840358e-05 5.002884424116301761e-05 5.620023908022076019e-05 6.039937922973047922e-05 6.391027593865772284e-05 6.695733073830165767e-05 6.766668860223589994e-05 6.518932965701918674e-05 5.962946140222063102e-05 5.391961835198313225e-05 4.893310451145184116e-05
3.159671004620175354e-05 2.409686641913399966e-05 1.142213893665904084e-05 -8.199648667617751989e-06 -2.677100768482714496e-05 -3.985393227895145867e-05 -4.384545948893099187e-05 -3.807847909298503464e-05 -2.593358397824635560e-05 -8.844866865091714384e-06 6.584628150325642949e-06 1.958797908966467710e-05 2.958063044232765379e-05 3.762704808123564556e-05 4.466660947462672103e-05 5.117111311164448977e-05 5.701829744694831978e-05 6.169561014294773320e-05 6.427174291931326189e-05 6.291908821455257739e-05 5.795975178849777955e-05 4.997650809829627639e-05 4.251134672973980226e-05 3.616215642094484478e-05
2.364637739892027149e-05 1.277293723650555342e-05 -2.267033180094636595e-06 -2.133300702952037185e-05 -3.742148666851778134e-05 -4.833849970402882406e-05 -5.205690395070095168e-05 -4.737280372349614267e-05 -3.591204264608761383e-05 -1.794857123334631167e-05 4.504659033200332382e-07 1.753663774164644491e-05 3.097839312580694636e-05 4.039284880389108106e-05 4.798392818108803749e-05 5.592829543399769742e-05 6.330169060948985190e-05 6.761936287992117100e-05 6.720509629926384220e-05 6.231546438599896336e-05 5.471220759231475134e-05 4.563299725486379783e-05 3.775055492040105552e-05 3.071811643452559493e-05
2.070163053234380256e-05 7.111429086995630538e-06 -9.636949011316270269e-06 -2.748168728917044397e-05 -4.041327916892833164e-05 -4.849037226479858872e-05 -5.174071211857214799e-05 -4.842361758195368979e-05 -3.793111606372049006e-05 -2.025593121724225180e-05 -9.293081691811832360e-07 1.819772835827834860e-05 3.491919641927987070e-05 4.740486363708143464e-05 5.725063449862553800e-05 6.671156645912516316e-05 7.406140115766052419e-05 7.646966168537865137e-05 7.256670321716538938e-05 6.469328035147526917e-05 5.499928944624062982e-05 4.524503041897134909e-05 3.723395677738562513e-05 2.980691977321293779e-05
2.001225693820724618e-05 4.982008499203953175e-06 -1.193938962027577066e-05 -2.768826268374903032e-05 -3.735383882246434191e-05 -4.236286881665411031e-05 -4.333428811231523724e-05 -3.933237178440121394e-05 -2.942627607856628435e-05 -1.357463521737238424e-05 4.222371101204080412e-06 2.258998386706621738e-05 4.089169824706049791e-05 5.656502772502569663e-05 6.939231496206160169e-05 7.867803607698888426e-05 8.274593105842672147e-05 8.173277045042743791e-05 7.535758733168181479e-05 6.647120807124990772e-05 5.630487504679425575e-05 4.681639093985491101e-05 3.889141782418733520e-05 3.086737370950336001e-05
1.577404974395270942e-05 1.475920557289630905e-06 -1.318765796609701593e-05 -2.575881559757450974e-05 -3.253025882055012437e-05 -3.472409335812567509e-05 -3.235654300813782357e-05 -2.663858075529499444e-05 -1.795764046332997159e-05 -5.699493737568210732e-06 8.661911096639916070e-06 2.402102953616974673e-05 4.048137042480795457e-05 5.546328809238625817e-05 6.800339180506189774e-05 7.497026731911814418e-05 7.558964973004169796e-05 7.273486498004478273e-05 6.688469161934869757e-05 5.982591847825103980e-05 5.167536328329642580e-05 4.387280906529262241e-05 3.633760306910653560e-05 2.760307801221938525e-05
8.802485833659313256e-06 -2.912752905960695487e-06 -1.346774063855140750e-05 -2.191946692157192736e-05 -2.576411659058825399e-05 -2.511009503332999263e-05 -2.020970971167176489e-05 -1.442063152007689665e-05 -8.609776628158543872e-06 -1.421088545180709494e-06 8.197715776132268362e-06 1.924134086080298332e-05 3.139471230009453610e-05 4.206102526983155872e-05 5.068975257069254696e-05 5.481200463939400850e-05 5.455551167829015359e-05 5.243173998478249496e-05 4.924930674701390702e-05 4.573096325651963042e-05 4.130900942233515236e-05 3.625241152864120634e-05 2.951420199141615276e-05 2.047642533180535790e-05
4.706310129002541892e-07 -7.077251844834194681e-06 -1.281004841347284717e-05 -1.659087972729866010e-05 -1.747518250482769524e-05 -1.528498128461568248e-05 -1.118147178091151770e-05 -8.377119727323520742e-06 -6.781551320805569014e-06 -5.213190867798539807e-06 -1.412105214102382421e-06 4.193440998123806798e-06 1.078781039428422750e-05 1.589685247200555459e-05 1.951148777175912711e-05 2.204956355321537677e-05 2.410354361484633726e-05 2.545306862980557905e-05 2.635441618646615494e-05 2.660080268430127555e-05 2.586702266809561934e-05 2.323375830214036855e-05 1.767324068666082973e-05 9.762198024107627319e-06
-8.374168328175804758e-06 -1.201603228505927275e-05 -1.405883973246679615e-05 -1.388130314595297417e-05 -1.245388465777518256e-05 -1.072135916979795752e-05 -1.023112858072650957e-05 -1.175855039270423505e-05 -1.401467520774038324e-05 -1.655669208935543855e-05 -1.723559904212666394e-05 -1.577787300405931016e-05 -1.275742963127816864e-05 -1.038595162854550747e-05 -8.826750907990643815e-06 -6.197699337702290687e-06 -1.878861033840212339e-06 2.454281166297718977e-06 6.277680419241629979e-06 8.589520879103155611e-06 9.579910774056036180e-06 7.835823628357702181e-06 3.334202739616009443e-06 -2.519610983890515926e-06
-1.882252919842583398e-05 -1.916867294759156545e-05 -1.813178996690120240e-05 -1.473949048304355482e-05 -1.187726204201731837e-05 -1.147932359913326294e-05 -1.472409634141207004e-05 -1.994982953953221419e-05 -2.542418509669916362e-05 -3.080478477690730958e-05 -3.405355774351125477e-05 -3.483352528696806710e-05 -3.353645907750841496e-05 -3.211157402228354782e-05 -3.081683675344650420e-05 -2.806964734818610157e-05 -2.322259783729390678e-05 -1.764248548717829243e-05 -1.219133053260297890e-05 -8.665981064817925125e-06 -6.803366212809389734e-06 -8.213627717423925670e-06 -1.191511008367112867e-05 -1.597045307237433080e-05
-3.209451261924333994e-05 -3.006392917428352861e-05 -2.619415662368064916e-05 -2.062158396234041249e-05 -1.749313394610289371e-05 -1.805472516534240696e-05 -2.342638756926749383e-05 -3.116760615245269575e-05 -3.934484596388099957e-05 -4.644724953427258968e-05 -5.016534837691311754e-05 -5.124017713217764983e-05 -5.015972702029692271e-05 -4.884049337909475419e-05 -4.743331676761501864e-05 -4.513526322447939786e-05 -4.101335618464722855e-05 -3.555953742114995693e-05 -2.950486963478863675e-05 -2.532116344783969509e-05 -2.310129303359421038e-05 -2.426243765543734503e-05 -2.742861322397337941e-05 -3.072397911268523327e-05
-4.519537338681991345e-05 -4.281705967009519974e-05 -3.747120231653360364e-05 -3.088397248908372316e-05 -2.781013794952706905e-05 -2.810845012217553786e-05 -3.280169382335213093e-05 -4.032893372688846893e-05 -4.914707324107214494e-05 -5.684471311860105552e-05 -6.045865841384577934e-05 -6.141257672556529521e-05 -6.060389169357184076e-05 -6.014612731464555746e-05 -5.984636794790081533e-05 -5.888823316441297787e-05 -5.579508129284516690e-05 -5.089107887167641997e-05 -4.467979618601356596e-05 -4.018793667482439353e-05 -3.792083119932467000e-05 -3.847272087940734931e-05 -4.068367663424857320e-05 -4.357281431701408357e-05
-5.590680207849257498e-05 -5.527106199482743692e-05 -5.053942374313160561e-05 -4.385597680791683962e-05 -4.058333395690607518e-05 -4.036494329482852794e-05 -4.290523311705309647e-05 -4.752284777666853152e-05 -5.428624042933553390e-05 -6.129427051179087778e-05 -6.493001661949010289e-05 -6.588897884751486022e-05 -6.558405676608555323e-05 -6.632580303093855198e-05 -6.747150229043219331e-05 -6.825746982102046058e-05 -6.666339884507022008e-05 -6.277953849358322352e-05 -5.693614365345622136e-05 -5.271481058034839772e-05 -5.097914980591600480e-05 -5.088400703367603964e-05 -5.148550819137651211e-05 -5.331418288474974146e-05
-6.202994677570583385e-05 -6.364390428514593698e-05 -6.241581622642785481e-05 -5.853082356306487554e-05 -5.521202259510249184e-05 -5.334863779237589729e-05 -5.214446868020432735e-05 -5.207100803575672192e-05 -5.408162059277017914e-05 -5.791080209579208769e-05 -6.102780629148679367e-05 -6.285455535086173788e-05 -6.446211754509974603e-05 -6.694092694473131899e-05 -6.958339330208370538e-05 -7.173119229084830523e-05 -7.179592439578646535e-05 -6.990644743812733858e-05 -6.637538711492481965e-05 -6.373166421546054995e-05 -6.250562663910788467e-05 -6.129399183849705915e-05 -5.993638564878156212e-05 -5.978263256238240930e-05
-6.071057034154788817e-05 -6.199399132533745232e-05 -6.407142647190767831e-05 -6.489410052641201600e-05 -6.279823184759963537e-05 -5.927800180990010030e-05 -5.486649896037448196e-05 -5.146133324509501926e-05 -4.916195276569137378e-05 -4.883773181200196827e-05 -5.078400089202400380e-05 -5.422982921858482744e-05 -5.888701293990041984e-05 -6.320872029713329456e-05 -6.696754455578825011e-05 -6.955341852376959897e-05 -7.078542231692389779e-05 -7.121331649929564110e-05 -7.125075728610017183e-05 -7.076642171717281303e-05 -6.930287925724341077e-05 -6.651755250179239114e-05 -6.360101209221252902e-05 -6.129269231348764759e-05
-5.319611231560361891e-05 -5.212282324016521263e-05 -5.547960805844626787e-05 -6.061444364436114918e-05 -6.097667041536267672e-05 -5.703475830335405202e-05 -5.077956021025251181e-05 -4.553480325103356692e-05 -4.041754356210520060e-05 -3.667465392560299956e-05 -3.742754161085701302e-05 -4.246980292550836446e-05 -5.004649394632120423e-05 -5.597351708509007217e-05 -6.061111706898226798e-05 -6.331726873986224949e-05 -6.531853184466172217e-05 -6.766578479049339782e-05 -7.087852266106768628e-05 -7.216517874677364647e-05 -7.007573572736388819e-05 -6.569528570594910665e-05 -6.156534413016126798e-05 -5.744799071276709393e-05
-4.008537229007995569e-05 -3.592576998000996698e-05 -3.667765705334869499e-05 -4.144268449853848505e-05 -4.375931656865717856e-05 -4.237205702628835477e-05 -3.791295186264619750e-05 -3.284918420490677711e-05 -2.737110243758123044e-05 -2.304058437423440998e-05 -2.375028213109228671e-05 -2.923586859999869676e-05 -3.792963677298058565e-05 -4.503632092371661786e-05 -5.052520615140607385e-05 -5.396064641857176516e-05 -5.690579579281116265e-05 -6.031735166746730772e-05 -6.403720754578583869e-05 -6.521927082638913353e-05 -6.307295047223902232e-05 -5.847731972440544160e-05 -5.330892546457701461e-05 -4.731421007891330524e-05
-2.748162869803288366e-05 -2.131398441169729009e-05 -1.738460075721006974e-05 -1.684844634556468404e-05 -1.830911104238538029e-05 -2.014615619188677947e-05 -2.022204500102663132e-05 -1.786475545247872800e-05 -1.498781700017655950e-05 -1.319432881629913430e-05 -1.509335594953145257e-05 -1.995148757725617711e-05 -2.755004795189871006e-05 -3.450870090027402016e-05 -3.991934344556168524e-05 -4.396912409743528196e-05 -4.748690593373881217e-05 -5.056182813741336651e-05 -5.216749323957496723e-05 -5.200900060475894203e-05 -5.101444749002768860e-05 -4.826332365391372342e-05 -4.295129403997961646e-05 -3.573075720421370338e-05
-1.682050809160746149e-05 -9.029147540454896244e-06 -8.028188695903674705e-07 5.762561310646231234e-06 6.998277522084241629e-06 3.777341215673328018e-06 -9.959972204096953830e-07 -3.510510624336344601e-06 -5.400040330340587229e-06 -7.269806533625539896e-06 -1.044528721533522734e-05 -1.476308817398119739e-05 -2.058985345179714082e-05 -2.596017642873429509e-05 -2.985227752254274909e-05 -3.323332247618635715e-05 -3.619788337775564874e-05 -3.781031851365024776e-05 -3.697108253625010780e-05 -3.593646677600348589e-05 -3.655811369067985423e-05 -3.653639225328645583e-05 -3.238608546925981417e-05 -2.524508536740486300e-05
-1.093833881057556388e-05 -2.279793655287046898e-06 7.601277831654662569e-06 1.703210839893887517e-05 2.099750749940425867e-05 1.949851220197439903e-05 1.345254101045401544e-05 7.092069973156859132e-06 9.105059357161342123e-07 -4.506185872845937463e-06 -9.219799196189886424e-06 -1.383689717789143680e-05 -1.790603539342679377e-05 -2.042521881432438183e-05 -2.151189352228415142e-05 -2.184441740722622445e-05 -2.181719350333284491e-05 -2.088333159874462759e-05 -1.942688309680562570e-05 -1.959602127530691505e-05 -2.172275249016814114e-05 -2.405600520614552723e-05 -2.274242668759819422e-05 -1.824863755788962583e-05
-6.737154274164286691e-06 1.627565644193740135e-06 1.011669956652706325e-05 1.802852059278469852e-05 2.272001365037040445e-05 2.401190061513641362e-05 2.057685263695427326e-05 1.435063839260600021e-05 7.305842957814052315e-06 4.866500058592468960e-07 -4.924952799492938289e-06 -9.579153243601491247e-06 -1.250517040201304614e-05 -1.321290287627409224e-05 -1.250976445802015906e-05 -9.720878379118283062e-06 -6.574600555687640105e-06 -4.321926394567582270e-06 -4.673095938636934550e-06 -7.008854394459483486e-06 -9.412543454677663163e-06 -1.222685673681546272e-05 -1.354305196120322914e-05 -1.238218808376042878e-05
-3.479706156774346298e-07 6.799294113787546237e-06 1.297286051954993144e-05 1.846613652116291739e-05 2.300828252059532834e-05 2.621561073228359230e-05 2.584068244297159616e-05 2.152255895790962579e-05 1.538836609210386927e-05 8.744575062395512350e-06 4.016954939976053803e-06 7.076241984014602793e-07 -1.199135231880068173e-06 -1.725115582433072692e-06 -8.618628608939376231e-07 3.255647297684262174e-06 7.565106095245425658e-06 9.180719567490577316e-06 6.556452926785235491e-06 3.078989037792903325e-06 1.423256976369240921e-06 -7.576985697824536324e-07 -3.499745776963758493e-06 -4.467885391645165597e-06
