1.582167750508623949e-05 1.284107443264037064e-05 9.171109611300027947e-06 6.591109429807612554e-06 7.549433156824785288e-06 1.108287415982970369e-05 1.593243052019792437e-05 1.902703289331774482e-05 2.060199341627634207e-05 2.062740720755667646e-05 2.095186293961009540e-05 2.222146171810412155e-05 2.415314169072107351e-05 2.482664918264041316e-05 2.388496148790630807e-05 2.238745236530362346e-05 2.147038503697585376e-05 2.045314015151931204e-05 1.913148790986326866e-05 1.884221586482387310e-05 2.023514966641060429e-05 2.177257100878765805e-05 2.103887773322376056e-05 1.876658742597764505e-05
4.750751718146884541e-05 4.116985424217277199e-05 3.538621400971265753e-05 3.113632946569789585e-05 2.956038909067437454e-05 3.005872272988127135e-05 3.367102120477775100e-05 3.864739923155653006e-05 4.336487089415600582e-05 4.726712021246879736e-05 5.053508277686345800e-05 5.378538643090355310e-05 5.631658161258568291e-05 5.669602487005637978e-05 5.514761794803453164e-05 5.138164526453636432e-05 4.768022376945774739e-05 4.509377469474772684e-05 4.511002501379530896e-05 4.703766460578567865e-05 4.915852979039158949e-05 5.167852178322517682e-05 5.290673866311602962e-05 5.207364524072851059e-05
7.954112517972752145e-05 7.127873365797572473e-05 6.481374929879030959e-05 5.956783616983715420e-05 5.537301196354629665e-05 5.275161850972853814e-05 5.412316929030052456e-05 5.905896308225941864e-05 6.499658599602092595e-05 7.148857935253341296e-05 7.704822566008261858e-05 8.162741110048207576e-05 8.535186744537204620e-05 8.727656146586610557e-05 8.696075031402851290e-05 8.256417302817347205e-05 7.751480028594922103e-05 7.479554994159091441e-05 7.648605688640944126e-05 7.986691332595900826e-05 8.195201510411353422e-05 8.442995450011390416e-05 8.633452983035054952e-05 8.565508158771269296e-05
1.076831334718634229e-04 1.007592611901732109e-04 9.488566297421103569e-05 8.902759032907140606e-05 8.355994440981218498e-05 7.964244076302481358e-05 7.909366551323306050e-05 8.197794513038270722e-05 8.649813564659866022e-05 9.242158462673751192e-05 9.797980726877834586e-05 1.028159610738576336e-04 1.077973994378622874e-04 1.119941986573054482e-04 1.142290307684713281e-04 1.128715265934085378e-04 1.107130220585942314e-04 1.103143316508055068e-04 1.127238016425773228e-04 1.156294432598663528e-04 1.172122473054567005e-04 1.179551192433166959e-04 1.171194138765765258e-04 1.139760106756444990e-04
1.376159049677199862e-04 1.335189064649062334e-04 1.277345313784133648e-04 1.207934620735135465e-04 1.154645374186360731e-04 1.121400213379852460e-04 1.109308510085941298e-04 1.115662242255014970e-04 1.138449364100205859e-04 1.171265343687802937e-04 1.207466517612293091e-04 1.251242863338882438e-04 1.304629775594499182e-04 1.353754105622596968e-04 1.391956075777399621e-04 1.421828983713964271e-04 1.447094956396117636e-04 1.466401405156745545e-04 1.481609768796401320e-04 1.498029516719013177e-04 1.515569033258670534e-04 1.510053732422595634e-04 1.471401289601275472e-04 1.420425515917649593e-04
1.754729286652439101e-04 1.732686108474311177e-04 1.666392657965321108e-04 1.581494473263551361e-04 1.529619320187009467e-04 1.502330915870282138e-04 1.486127154182565976e-04 1.474948726325178618e-04 1.480277968829362767e-04 1.488270946909078687e-04 1.503325181773508372e-04 1.540750448611752311e-04 1.590801348844839819e-04 1.635030821994547180e-04 1.677035246480436544e-04 1.735215282286618418e-04 1.789101824075975237e-04 1.813471176752024243e-04 1.814459370151734008e-04 1.825805230823393012e-04 1.852619004446130107e-04 1.852362521562214942e-04 1.812257584921319773e-04 1.770582964897732823e-04
2.321521278925907058e-04 2.278244824554293729e-04 2.198349342328787437e-04 2.101058833925284074e-04 2.027148775339560343e-04 1.970986990227646283e-04 1.929344935425414366e-04 1.901405413002565633e-04 1.890124566813128142e-04 1.892053055257677868e-04 1.908921254473464003e-04 1.944755298105661030e-04 1.990922807543547661e-04 2.037209242667299995e-04 2.088842135381032165e-04 2.153143223119912298e-04 2.206436924936846502e-04 2.233509643080968418e-04 2.239418686735297173e-04 2.248595301386867166e-04 2.264125926348338664e-04 2.285175745613921916e-04 2.304927823543072079e-04 2.321944664261399189e-04
2.734408406864749269e-04 2.652364387551035037e-04 2.576340335831437734e-04 2.502618039254274167e-04 2.426329017037147102e-04 2.349568654704271820e-04 2.287989376717816648e-04 2.254609493633320610e-04 2.238116017840460997e-04 2.250768079428522132e-04 2.277920579776191964e-04 2.302432689253751169e-04 2.335404381520884401e-04 2.387660068896247593e-04 2.451707915159705630e-04 2.510853319413033956e-04 2.559198981790128413e-04 2.611473736567181819e-04 2.654106076483707974e-04 2.664482727759873116e-04 2.648637439729555087e-04 2.665236786340307077e-04 2.722082227811967767e-04 2.763107676936930554e-04
2.770369230643124673e-04 2.670383441175061784e-04 2.619056614749123817e-04 2.608065495045846669e-04 2.586897644504655377e-04 2.547038840258158249e-04 2.503783971024340456e-04 2.483986855844577918e-04 2.481303879014677260e-04 2.503647756993442118e-04 2.519997916401001364e-04 2.512101449651927654e-04 2.513282053973034847e-04 2.555403094121455458e-04 2.615761994456087549e-04 2.669156680764511497e-04 2.727468134261615859e-04 2.819858756231451765e-04 2.910762459132310519e-04 2.930521449917492102e-04 2.891482551779806106e-04 2.866095251900340466e-04 2.876779406359315761e-04 2.858558813335717761e-04
2.487072169928120947e-04 2.402616887167294485e-04 2.378999942586026886e-04 2.422653736116304557e-04 2.475334619374590177e-04 2.511195642967720761e-04 2.527622041535104659e-04 2.541074721489620155e-04 2.559655416996149940e-04 2.560533066604780538e-04 2.525244151440042529e-04 2.470465226660028234e-04 2.428297033834140564e-04 2.433312616666670448e-04 2.464935581489645735e-04 2.531559263324122231e-04 2.633390087928603410e-04 2.762103528868203916e-04 2.883161613086525745e-04 2.936041335860044982e-04 2.935106335337318503e-04 2.881137698206583347e-04 2.782012380557161461e-04 2.639574947730587260e-04
2.242841156287156098e-04 2.180282016915185419e-04 2.160280970549629967e-04 2.195192870989570450e-04 2.256955604983723379e-04 2.323860280982579130e-04 2.380809024266838600e-04 2.409641407506544640e-04 2.419401829644344875e-04 2.377297520463444969e-04 2.306354544855740429e-04 2.247041028001992566e-04 2.196365267730189454e-04 2.173280713200460639e-04 2.187096882971528440e-04 2.281769402895822722e-04 2.416377306738086797e-04 2.533324646567471539e-04 2.622519879893335949e-04 2.688754097905376203e-04 2.743715873490795622e-04 2.724389307597048873e-04 2.594947160471274407e-04 2.406462917915064433e-04
2.099449080575615655e-04 2.043469692473628150e-04 2.011768152204911964e-04 2.003367067690648372e-04 2.020385860811805547e-04 2.064508397607523675e-04 2.119553408034995968e-04 2.132739131021432288e-04 2.102652916252043252e-04 2.029391310650729551e-04 1.977469962876752163e-04 1.968297542225964686e-04 1.952384195602369793e-04 1.933063777621936191e-04 1.960937426252650417e-04 2.077517255264490830e-04 2.200754906428438408e-04 2.261788813231509622e-04 2.272135594996318542e-04 2.301900438825778457e-04 2.362935121098245670e-04 2.407138584938510516e-04 2.354979394751529037e-04 2.228048128880829671e-04
1.920930031102553585e-04 1.901425630322124292e-04 1.862416900564274396e-04 1.799607302767456556e-04 1.748834317389402521e-04 1.726340310310902010e-04 1.724904711189897911e-04 1.697097487448295220e-04 1.634329198568785504e-04 1.572960299311605161e-04 1.571743089917254589e-04 1.613901215705664373e-04 1.670614291283271978e-04 1.720424177979710417e-04 1.784998548298419622e-04 1.853858498154281934e-04 1.867559560682603237e-04 1.816765817680267650e-04 1.715914308041156518e-04 1.655961795017390256e-04 1.652790160799128471e-04 1.734837506494967365e-04 1.834883960074126688e-04 1.902084796417749795e-04
1.288735203346194104e-04 1.400558465185146957e-04 1.423593289598440079e-04 1.359721615872920954e-04 1.282035506487595733e-04 1.213017042981950509e-04 1.160149831869749945e-04 1.121328631305121618e-04 1.088368087492342756e-04 1.088307319174209442e-04 1.126882345986336670e-04 1.178966055731132451e-04 1.274601707957987036e-04 1.358366771968023696e-04 1.381743811312225248e-04 1.294791222277838277e-04 1.124399712722575531e-04 9.294744556450951255e-05 7.404876749079943596e-05 6.247851901485920105e-05 5.743433840500636149e-05 6.362065477012190137e-05 8.114821320419862932e-05 1.053494996296864433e-04
1.993142408235559987e-05 5.137586921580180173e-05 6.701305976185810420e-05 6.565483770100965252e-05 5.833586748328444113e-05 4.992252861153994442e-05 4.320015511036333496e-05 4.249070186838951998e-05 4.644948649057630729e-05 5.460541190029490153e-05 6.223045200061824115e-05 6.821969516919928296e-05 7.646013561889526070e-05 7.801308107696737829e-05 6.601197323964547896e-05 3.599257801485481465e-05 -7.225163393925088687e-07 -3.589487964501773408e-05 -6.091726354221388981e-05 -7.141618042872932548e-05 -7.454104946362044527e-05 -7.179661092284704831e-05 -5.623938741534554664e-05 -2.405014620146825137e-05
-1.194380876754389616e-04 -7.381635768930146278e-05 -4.276737704802746295e-05 -3.210635432976097399e-05 -3.287548830637234667e-05 -3.627363665700772215e-05 -3.742659352493083998e-05 -3.063315215763805471e-05 -1.886711616103113929e-05 -3.599576359896406203e-06 7.373718385033775763e-06 1.292527594496829220e-05 8.177863653532106366e-06 -1.268186307876728456e-05 -4.671445311538569391e-05 -9.185502722713191983e-05 -1.344908187569367013e-04 -1.721491180483013803e-04 -1.917210500022321754e-04 -1.937644348784996087e-04 -1.915740878626876311e-04 -1.940557682354765337e-04 -1.899518646631721418e-04 -1.666040807538629533e-04
-2.222384363047370586e-04 -1.808745172777510726e-04 -1.446859262657518449e-04 -1.221059688835790091e-04 -1.120560285490269789e-04 -1.057432607865210067e-04 -9.823432336258843683e-05 -8.560198487021043268e-05 -7.147051040718680349e-05 -5.603739053805333178e-05 -4.793219159066421288e-05 -4.983394510976832826e-05 -7.175433211603613371e-05 -1.098595626296164596e-04 -1.528600256365551314e-04 -1.951022811453896057e-04 -2.270267231731768506e-04 -2.511002563837317681e-04 -2.564626432806581778e-04 -2.511732254862907064e-04 -2.487786877044705818e-04 -2.571010120795912644e-04 -2.630870516897686326e-04 -2.545637754166475263e-04
-2.814326268986267312e-04 -2.536641817631572217e-04 -2.216736433127977299e-04 -1.914937444723050018e-04 -1.699250533053976633e-04 -1.532016929085584106e-04 -1.385401408697509889e-04 -1.237871411274413431e-04 -1.110084640731546249e-04 -1.012394369527972387e-04 -1.039434435613451421e-04 -1.212396179178838756e-04 -1.555755540843065403e-04 -1.934703275114183245e-04 -2.279827026209278295e-04 -2.573141352185494887e-04 -2.759581799954666410e-04 -2.838778993763591734e-04 -2.760943394673181909e-04 -2.681683632532425878e-04 -2.702658789563409263e-04 -2.842926856197332502e-04 -2.954001007333450840e-04 -2.967327644173649282e-04
-3.063329428778037542e-04 -2.929800566818751531e-04 -2.698729631811540774e-04 -2.373372771910650853e-04 -2.061477863915508124e-04 -1.795704718605009662e-04 -1.593343752619124352e-04 -1.467140109603205875e-04 -1.404051754132401889e-04 -1.450555899507754596e-04 -1.647000376512019722e-04 -1.960357248771741028e-04 -2.296918209923729014e-04 -2.518070944434595056e-04 -2.671319653489733262e-04 -2.775302497246806663e-04 -2.810243895489458331e-04 -2.750913827987906441e-04 -2.613367614048906678e-04 -2.559520706884686877e-04 -2.627289604925902439e-04 -2.806454985922689736e-04 -2.963542110235234460e-04 -3.064278720233462854e-04
-3.166337971043294030e-04 -3.107158247550631633e-04 -2.933768384510761240e-04 -2.622578962905772453e-04 -2.282030405400332278e-04 -1.971858938567240473e-04 -1.747863091362832121e-04 -1.673603662498998168e-04 -1.714469055923364829e-04 -1.915320355848488241e-04 -2.199595204051901180e-04 -2.496911730246892131e-04 -2.707032621689145209e-04 -2.780210768455828349e-04 -2.800101113316980626e-04 -2.769133105699487151e-04 -2.697577304389350036e-04 -2.586427779555016760e-04 -2.469843636318022465e-04 -2.447338760991431186e-04 -2.517925343891397956e-04 -2.695353631195296709e-04 -2.894128410067077560e-04 -3.072001030050684365e-04
-3.095877104448618508e-04 -3.100413413534188335e-04 -2.974071516573266916e-04 -2.700617820926214476e-04 -2.389185295122939754e-04 -2.092385187979717233e-04 -1.886287074764393949e-04 -1.885267409255397028e-04 -2.051382100777687388e-04 -2.361676281926569274e-04 -2.622677405474351702e-04 -2.792849489749833162e-04 -2.844039019823971595e-04 -2.815364091384491767e-04 -2.748017584589675880e-04 -2.634778861116729410e-04 -2.515964618754011335e-04 -2.412234395087104496e-04 -2.339146748181833175e-04 -2.333813997452100311e-04 -2.393048357970048456e-04 -2.537395401725922616e-04 -2.729339442687437603e-04 -2.935829680186919743e-04
-2.844671314108547988e-04 -2.890371820428852328e-04 -2.818586541072307388e-04 -2.616063636511369831e-04 -2.384630357215814650e-04 -2.171480959536446764e-04 -2.067492655090905659e-04 -2.168783581642667652e-04 -2.416515906828587529e-04 -2.708844574137849533e-04 -2.842088642799085328e-04 -2.850199522399320508e-04 -2.767978504632683445e-04 -2.673060862012636074e-04 -2.556523727016204181e-04 -2.426094201043353736e-04 -2.327909007361354170e-04 -2.269619952326001324e-04 -2.238590372179248946e-04 -2.236743478665019751e-04 -2.277357006122666212e-04 -2.373126161151139178e-04 -2.513593440620022945e-04 -2.682577803553561156e-04
-2.548700887039499242e-04 -2.608420384628795901e-04 -2.594107003779813712e-04 -2.482043406444246932e-04 -2.358752861106369733e-04 -2.276793795309244560e-04 -2.312858395799405830e-04 -2.475732513243897488e-04 -2.691652577785200759e-04 -2.860718037770734832e-04 -2.875741354347002062e-04 -2.800893899548749988e-04 -2.661719983302224149e-04 -2.524024026161806157e-04 -2.384196525052712185e-04 -2.266066026027213490e-04 -2.197363164308048424e-04 -2.163502938917192294e-04 -2.149170825099596825e-04 -2.148313386158387278e-04 -2.174227334616321073e-04 -2.233067887055958619e-04 -2.320514379346857396e-04 -2.428971373529643723e-04
-2.260568100465742568e-04 -2.317548989272648775e-04 -2.343949906879844397e-04 -2.327691839113123066e-04 -2.339994072471256507e-04 -2.416675383294706702e-04 -2.570633532441811680e-04 -2.723322083483182741e-04 -2.835661130084019140e-04 -2.866040044858841397e-04 -2.803764690872020114e-04 -2.686880983197161921e-04 -2.526178657923764423e-04 -2.375631283647131075e-04 -2.242440313809528389e-04 -2.141835532039439226e-04 -2.083141485515069768e-04 -2.054236573000672004e-04 -2.047240123333743530e-04 -2.048122051376612422e-04 -2.060086333245891800e-04 -2.086848708332144817e-04 -2.130225351504905120e-04 -2.187105914996786082e-04
-1.998572358758951312e-04 -2.050381030981182021e-04 -2.111624948063184045e-04 -2.209504761729228731e-04 -2.372148187132582897e-04 -2.581730477600065036e-04 -2.769830882615109614e-04 -2.839851731879268894e-04 -2.828014552476288248e-04 -2.755346451747145106e-04 -2.664079865618149611e-04 -2.547265165390428620e-04 -2.405851580712483392e-04 -2.272958181287003908e-04 -2.158675427366388733e-04 -2.062691864192100111e-04 -1.989434353871407377e-04 -1.940689971865271310e-04 -1.919837596920359038e-04 -1.915038917310936829e-04 -1.918968950381759193e-04 -1.927821941391131362e-04 -1.941113508225824225e-04 -1.962487944923123210e-04
-1.844047070215979974e-04 -1.907081728148366775e-04 -2.016129155820919612e-04 -2.217674421645829896e-04 -2.468966080070859512e-04 -2.709268580833072639e-04 -2.851119252554040881e-04 -2.849150244293625640e-04 -2.775701610450204051e-04 -2.662108243677868301e-04 -2.559962323708934485e-04 -2.455126351133420483e-04 -2.346783922432778074e-04 -2.238175961483560375e-04 -2.131199179763165741e-04 -2.025598846728365572e-04 -1.934412542389089850e-04 -1.862240857291878253e-04 -1.816894592480026516e-04 -1.798895631492472308e-04 -1.800607134465564518e-04 -1.809375585855053708e-04 -1.813978650582213968e-04 -1.823329065831718167e-04
-1.805803966564104718e-04 -1.888416090284752514e-04 -2.053618508625961608e-04 -2.325769074102784447e-04 -2.591237180457479613e-04 -2.787788106422415179e-04 -2.865708760073196778e-04 -2.830861109827993325e-04 -2.734912237083919270e-04 -2.600279892720106325e-04 -2.487916000274879792e-04 -2.395720116715217298e-04 -2.319827021124268621e-04 -2.233599491552449743e-04 -2.132023674933412958e-04 -2.020255275950556340e-04 -1.919942592516471057e-04 -1.833146019251957358e-04 -1.768015562180935056e-04 -1.737433300107012408e-04 -1.737543253274138021e-04 -1.755952325186525408e-04 -1.770700227799950504e-04 -1.786859961595457357e-04
-1.906632056949482575e-04 -2.023433145278627770e-04 -2.223845132312205473e-04 -2.490861615459130738e-04 -2.698623870747747381e-04 -2.822185392778589551e-04 -2.856724265619415832e-04 -2.824690839145185448e-04 -2.738390479246457024e-04 -2.604621318195671307e-04 -2.480831132876617118e-04 -2.379371049978116560e-04 -2.306700028643727867e-04 -2.233955374743348799e-04 -2.145057231090056777e-04 -2.037237095571870415e-04 -1.934412363342484563e-04 -1.847324001565112312e-04 -1.785097834111992016e-04 -1.759003201829757203e-04 -1.763670727795045915e-04 -1.792058075013752715e-04 -1.824081354864057647e-04 -1.860088274799459856e-04
-2.042920831621514968e-04 -2.187655559222292814e-04 -2.381464868814850595e-04 -2.589792985183455697e-04 -2.733204109634126792e-04 -2.819775417817936775e-04 -2.850254195770480755e-04 -2.829037736921991052e-04 -2.756844519713615941e-04 -2.636557875181840828e-04 -2.509257543095371281e-04 -2.385753439007293577e-04 -2.286620631452812677e-04 -2.208423627766936789e-04 -2.129442195192796929e-04 -2.031254866718706540e-04 -1.933706514077905287e-04 -1.861833561526495841e-04 -1.826341202244494957e-04 -1.822913105899916393e-04 -1.839405302535411393e-04 -1.869638095842293863e-04 -1.908018349009050758e-04 -1.958861379407198422e-04
-2.157344444850510111e-04 -2.310541859591557759e-04 -2.478277539611732768e-04 -2.624437266739582651e-04 -2.716008167558801477e-04 -2.778100169102072550e-04 -2.811869832272144909e-04 -2.803661394054526141e-04 -2.747766372541635680e-04 -2.648471429382555993e-04 -2.530488267230914814e-04 -2.397767458655502876e-04 -2.270942239848634575e-04 -2.172004319610427211e-04 -2.087651031348605941e-04 -1.996636166053331605e-04 -1.914732072037391396e-04 -1.868442407748220114e-04 -1.865914936479967504e-04 -1.887247656722026198e-04 -1.917658804676709578e-04 -1.948168225545794891e-04 -1.987673534328077629e-04 -2.048120757488044628e-04
-2.246182683163738087e-04 -2.384320899885629169e-04 -2.514997074956027106e-04 -2.609973853709764038e-04 -2.661895975293571658e-04 -2.696549040754857838e-04 -2.717002376536229000e-04 -2.712159904268143448e-04 -2.675253604718148977e-04 -2.607319047978138150e-04 -2.514478726850607375e-04 -2.397737902177833353e-04 -2.257899287185527210e-04 -2.129525373887135287e-04 -2.023334279728094425e-04 -1.944641634067584615e-04 -1.901686623846639366e-04 -1.891900015353090668e-04 -1.915737355279841447e-04 -1.950802802702156279e-04 -1.989175530618885834e-04 -2.021580045437022181e-04 -2.064105018860680485e-04 -2.131388835050906526e-04
-2.314621824152521615e-04 -2.421712202753010471e-04 -2.511876242553418557e-04 -2.566282497004205611e-04 -2.582468005100499648e-04 -2.578443226390213141e-04 -2.564011927075472534e-04 -2.551250454521366640e-04 -2.534380491647467452e-04 -2.502547143012956226e-04 -2.441062518833158105e-04 -2.355885551287334901e-04 -2.234136845450312254e-04 -2.110093258297083326e-04 -2.008059803744485327e-04 -1.957774565843129800e-04 -1.956482932210999422e-04 -1.973528614670142639e-04 -2.001449377723197047e-04 -2.028447372795792237e-04 -2.058052219193831644e-04 -2.089035742834842132e-04 -2.137377977023272382e-04 -2.209633773609744913e-04
-2.368110840486700622e-04 -2.434726755577331563e-04 -2.474952034719294378e-04 -2.484810386677387649e-04 -2.466731150295135714e-04 -2.425500396422244670e-04 -2.376920648648965084e-04 -2.356240680075016814e-04 -2.359407558143391149e-04 -2.363680784654817902e-04 -2.333562087237449594e-04 -2.279959206633273285e-04 -2.196968838617597880e-04 -2.118582205126963902e-04 -2.062033017698239909e-04 -2.052275419248683077e-04 -2.075560998073223626e-04 -2.102352807352915085e-04 -2.119679658374962151e-04 -2.126341694915358889e-04 -2.134910153612230421e-04 -2.156324465532777519e-04 -2.206456025581782655e-04 -2.279655867660304613e-04
-2.383575469341716127e-04 -2.403059002935643460e-04 -2.392022541363529305e-04 -2.354518079000082786e-04 -2.304605734939946563e-04 -2.242920221173293573e-04 -2.190083846348497149e-04 -2.177790181656106747e-04 -2.195981442177934086e-04 -2.223245362001852264e-04 -2.222011023787966253e-04 -2.201167054335104796e-04 -2.173671424740029944e-04 -2.168106990986829212e-04 -2.181043400640102334e-04 -2.205487670156096802e-04 -2.223537566084036186e-04 -2.236218660817414184e-04 -2.233691613610600478e-04 -2.221115485795808109e-04 -2.210049305229407513e-04 -2.220235944850552164e-04 -2.263819996438136352e-04 -2.325106784312640294e-04
-2.328525809621864522e-04 -2.313204655012399591e-04 -2.268569083950734884e-04 -2.195091223044597203e-04 -2.125200452042474682e-04 -2.069234437586137283e-04 -2.045245228767120162e-04 -2.054643567223004175e-04 -2.079847651074781122e-04 -2.112594518996276810e-04 -2.131978346298674825e-04 -2.139293486078543529e-04 -2.152527354586924600e-04 -2.189731710941455437e-04 -2.238936391930307183e-04 -2.272786707371052088e-04 -2.276066579644553151e-04 -2.271058673060192276e-04 -2.256887969998743935e-04 -2.240833374554501147e-04 -2.226196205711454329e-04 -2.232154298782580682e-04 -2.263507277694670045e-04 -2.302677181777008854e-04
-2.215206157119801057e-04 -2.180967837292031245e-04 -2.118620679725903642e-04 -2.024131145564259245e-04 -1.948297875209431930e-04 -1.912087287652691086e-04 -1.921964060344061851e-04 -1.949056105368153502e-04 -1.977274715969813820e-04 -2.009654081187367200e-04 -2.041953468983076113e-04 -2.069725112972701847e-04 -2.102354720362073720e-04 -2.147362953402380363e-04 -2.197870992304854702e-04 -2.228620851290256499e-04 -2.227082608571088725e-04 -2.214337609330757379e-04 -2.197139553353472769e-04 -2.184887187495606004e-04 -2.173959727591740485e-04 -2.179084502007278001e-04 -2.197716166816902580e-04 -2.214278945680107111e-04
-2.059541894715472574e-04 -2.016862169336297984e-04 -1.948068728086000572e-04 -1.854824133972812750e-04 -1.789779099777859717e-04 -1.768821300086619085e-04 -1.791900644838651034e-04 -1.824826197596305841e-04 -1.856251069607471973e-04 -1.886454356903361114e-04 -1.918107039685742652e-04 -1.951820348657327671e-04 -1.987324776923860752e-04 -2.021905586685082787e-04 -2.054927372235165175e-04 -2.077839656041592794e-04 -2.082851636907575926e-04 -2.075916858633366092e-04 -2.062818972920615879e-04 -2.055667603003213072e-04 -2.052715638257468674e-04 -2.060446015185516647e-04 -2.070206217300639775e-04 -2.072629135938464302e-04
-1.894108830028259319e-04 -1.850430175196416858e-04 -1.783422469514080882e-04 -1.706092402543700883e-04 -1.656425571170145195e-04 -1.634077151459251067e-04 -1.639941077687682904e-04 -1.659471545926237521e-04 -1.686926020588516294e-04 -1.713620033938305354e-04 -1.739382898005310937e-04 -1.772842184535648269e-04 -1.813700024600552782e-04 -1.849301977163324891e-04 -1.875727764140495610e-04 -1.896347883517578105e-04 -1.910163619447560019e-04 -1.913471568662590734e-04 -1.904524559718692017e-04 -1.898734125842704216e-04 -1.902984616220883870e-04 -1.913588634372605257e-04 -1.917024286540451768e-04 -1.912471671285910979e-04
-1.713840182718006147e-04 -1.681005743327700021e-04 -1.627626918107528335e-04 -1.571057068620995549e-04 -1.534616675856709342e-04 -1.508725871914034394e-04 -1.489387086944091360e-04 -1.481699649526123863e-04 -1.491360905702092269e-04 -1.509329033228642882e-04 -1.532591675963419330e-04 -1.569186537435655253e-04 -1.619396708643190078e-04 -1.660628045312882120e-04 -1.685066075022511028e-04 -1.704597566887836014e-04 -1.725015890411622354e-04 -1.736365399645699260e-04 -1.730749814841378088e-04 -1.726882579218449846e-04 -1.738897786932199461e-04 -1.751542830926105620e-04 -1.746426440172054492e-04 -1.732670798050527366e-04
-1.521203288040032578e-04 -1.506604080500914891e-04 -1.486883784632541002e-04 -1.464945250725073619e-04 -1.440451427475138494e-04 -1.410387114158113660e-04 -1.364092545851272457e-04 -1.317593804370653242e-04 -1.286892681910996458e-04 -1.281239612019772849e-04 -1.306456627892864603e-04 -1.355233973714761882e-04 -1.419996498104459238e-04 -1.467939117606649219e-04 -1.495701955783899830e-04 -1.515056434749554150e-04 -1.537944921465069631e-04 -1.556576782804257124e-04 -1.563941772149106543e-04 -1.569468370969896644e-04 -1.583309653041395566e-04 -1.588612835625031723e-04 -1.571471300566119964e-04 -1.544102291218337906e-04
-1.330474192910881118e-04 -1.316465960168133973e-04 -1.325398569076720030e-04 -1.342144195721209018e-04 -1.333715840110520504e-04 -1.304245659496391463e-04 -1.245826378609302880e-04 -1.176692453230438357e-04 -1.110829310556377705e-04 -1.076573679955653787e-04 -1.100258041472691772e-04 -1.162323159087100472e-04 -1.240530862453670489e-04 -1.291593892989202500e-04 -1.323321334844506042e-04 -1.341647391943859974e-04 -1.364020340816331450e-04 -1.390322069713996608e-04 -1.420019608043894706e-04 -1.440669603784326355e-04 -1.448657243521019706e-04 -1.438903005840160986e-04 -1.411338955604626670e-04 -1.371021969182521067e-04
-1.143944244380746687e-04 -1.108989766709280188e-04 -1.125038060669736160e-04 -1.172222534044114513e-04 -1.184906238153630661e-04 -1.161076782323355329e-04 -1.104657686708144794e-04 -1.036091781054326410e-04 -9.582698217891534738e-05 -9.034136163388728610e-05 -9.183660915964524509e-05 -9.865197490999679474e-05 -1.073761955794570586e-04 -1.126323277969170668e-04 -1.160393204108252639e-04 -1.176543678153940231e-04 -1.197728886202909486e-04 -1.231028279678595175e-04 -1.281842680799311020e-04 -1.315856904051381513e-04 -1.316231732045267133e-04 -1.292810563249403150e-04 -1.259364145544225773e-04 -1.210639329754777067e-04
-9.633852888196490030e-05 -8.971022538016766058e-05 -8.793596214827952343e-05 -9.120830353392237366e-05 -9.403011244008094727e-05 -9.437644548679490646e-05 -9.171824365456822002e-05 -8.705722947551666302e-05 -8.125636947984147987e-05 -7.679330279166948563e-05 -7.791211261655611763e-05 -8.354985423222629191e-05 -9.120749582491993594e-05 -9.633297580748544553e-05 -9.990797213129906131e-05 -1.017650567540164159e-04 -1.040414570622719164e-04 -1.076170102272880070e-04 -1.128357967647654250e-04 -1.162556721792936754e-04 -1.163851744567017614e-04 -1.141078475594110115e-04 -1.104726790847699523e-04 -1.049457876028067908e-04
-7.868543474082979829e-05 -7.049451370176701664e-05 -6.385896614798814840e-05 -6.144725227900520474e-05 -6.316034540829994226e-05 -6.629677644085418733e-05 -6.804862735554916572e-05 -6.711166240295211209e-05 -6.585905435437093309e-05 -6.550884833549664170e-05 -6.737366389954766235e-05 -7.067299577190571790e-05 -7.535740346262474992e-05 -7.957280646525720824e-05 -8.275061843426665265e-05 -8.492532188707866835e-05 -8.736717080750022952e-05 -9.046510067270806667e-05 -9.375797688868270266e-05 -9.596958642112544719e-05 -9.713565951928952019e-05 -9.647888281707671864e-05 -9.300820122868959643e-05 -8.717057642496045089e-05
-6.119319141702442440e-05 -5.276389012040531748e-05 -4.259129552444489413e-05 -3.400705011456711327e-05 -3.231023761475071822e-05 -3.593557678089800690e-05 -4.170017798175456892e-05 -4.599384718633928144e-05 -5.079607601557936257e-05 -5.536918987950369266e-05 -5.809434467899365613e-05 -5.916960030431416744e-05 -6.052420597399066284e-05 -6.300206226227965975e-05 -6.495522014207450910e-05 -6.682080775748553358e-05 -6.900210568949232879e-05 -7.119641265431108583e-05 -7.232325407171645690e-05 -7.327234836852158332e-05 -7.542074293388950407e-05 -7.668926816701844128e-05 -7.404682629896488155e-05 -6.856222100754943158e-05
-4.555745838750047404e-05 -3.887399500839516765e-05 -2.958185171570487787e-05 -1.942749335266020326e-05 -1.455896158316388896e-05 -1.527913878528628310e-05 -2.098712821823468897e-05 -2.833556246804855958e-05 -3.680954913753373023e-05 -4.425554650973049148e-05 -4.765600544465076503e-05 -4.815861794592491443e-05 -4.725791206781050310e-05 -4.714197353686530768e-05 -4.704563620768434796e-05 -4.741241072509603670e-05 -4.812323592902739949e-05 -4.869491412129233832e-05 -4.878192437445813486e-05 -4.963636408806036362e-05 -5.202111998937695026e-05 -5.428063078114938841e-05 -5.350195591753253006e-05 -5.036967651383648540e-05
-2.947420212836080120e-05 -2.564886027295214726e-05 -2.078273206009638888e-05 -1.465704921101949819e-05 -9.719658858975306693e-06 -7.005278327155777325e-06 -8.639296060353648243e-06 -1.410595616019816031e-05 -2.110795154910632431e-05 -2.765118346478365180e-05 -3.085215633784019770e-05 -3.174380374077379643e-05 -3.019562612548551929e-05 -2.838609844243168194e-05 -2.717187855652994656e-05 -2.630588453801190719e-05 -2.549134514752683138e-05 -2.487641856839288774e-05 -2.545215383439202215e-05 -2.702947482939290830e-05 -2.855430714756984747e-05 -3.014358800947850641e-05 -3.116073399861647096e-05 -3.127661342226059507e-05
-1.047975198802125960e-05 -9.674189510835398860e-06 -9.395734232340302447e-06 -8.138743783504522262e-06 -4.650870766932971065e-06 -2.030841919204077572e-08 2.747611845150695043e-06 1.337034408876209796e-06 -2.018661185854278000e-06 -6.169303404825511978e-06 -8.365450249245663317e-06 -8.840792587066041911e-06 -6.999707565356556293e-06 -5.011059358472009461e-06 -4.193425544127440202e-06 -3.408917419074662000e-06 -2.183053664685213186e-06 -1.495562544664452663e-06 -2.856368403421446461e-06 -4.635221609157987775e-06 -4.778781273532267913e-06 -5.033385130095484341e-06 -7.038806891687957580e-06 -9.595300062371934569e-06
