1.200059360952315988e-07 2.096682321154068259e-07 3.014126711720262488e-07 3.769509304504795796e-07 4.355768756243838055e-07 4.953434513995551941e-07 5.407928285310780132e-07 5.600755416813273040e-07 5.646995983160107262e-07 5.667959193131851772e-07 5.470781141399580467e-07 4.869864650739745471e-07 4.136018155508838293e-07 3.535243192200143220e-07 2.885398505288259625e-07 2.048832767102688810e-07 1.308318552701936832e-07 8.957647147760007867e-08 8.190973432009787823e-08 8.922199681966224408e-08 1.045174343293419028e-07 9.684750084162989035e-08 7.435777614672105321e-08 7.071199951552032002e-08
2.877267814681416294e-07 3.957747548805461661e-07 5.228268976098928891e-07 6.371842897166903389e-07 7.191937681010533400e-07 7.940031983358448543e-07 8.270340279962214538e-07 8.115790875786363060e-07 7.799812063400832594e-07 7.490542239999031442e-07 7.219451935203020141e-07 6.828892928360079350e-07 6.531433863915751637e-07 6.297660707909873630e-07 5.905200137910180933e-07 5.119257954263011988e-07 4.221439636099761354e-07 3.540407876117881364e-07 3.194176414721748669e-07 3.073028186713141728e-07 3.022377096621607930e-07 2.818799311923087669e-07 2.532009499678399813e-07 2.408669714765210256e-07
4.532679804158307213e-07 5.407754501450598594e-07 6.642091154717290156e-07 7.968756074400834573e-07 9.001747341767353436e-07 9.879331340129771992e-07 1.030659917102133442e-06 1.026790209774733830e-06 1.005293277320964500e-06 9.685199727852257446e-07 9.420507926248232331e-07 9.320617159477910867e-07 9.407155966641830794e-07 9.355294743326381610e-07 9.035128415626488393e-07 8.208316044759741974e-07 7.155296013930424358e-07 6.207888722989033422e-07 5.508466838638828916e-07 5.023692700263614290e-07 4.600081087621393019e-07 4.294449113109358289e-07 4.164770312947204133e-07 4.173552086810964474e-07
6.437529578471469893e-07 6.743515372443299527e-07 7.443051732890323501e-07 8.598700455976742701e-07 9.802368745648249529e-07 1.085546387372253668e-06 1.159116948220291153e-06 1.197185453470040829e-06 1.215179171041541000e-06 1.200335479687634924e-06 1.183739928687680838e-06 1.188516989048622696e-06 1.206850168452236725e-06 1.201847192074423025e-06 1.169027127292037678e-06 1.091728622577941512e-06 9.909131198156621907e-07 8.902291178268486001e-07 8.012858909740842007e-07 7.274112823177822691e-07 6.581052985154968913e-07 6.217386760963187855e-07 6.226064389170383516e-07 6.337695250674953579e-07
8.058338873873630710e-07 8.005467026327992626e-07 8.245502703454152002e-07 9.085151007297538224e-07 1.026160767489800085e-06 1.138056618322339581e-06 1.232048464785586700e-06 1.294834447467715705e-06 1.334134801673237663e-06 1.344178544376969759e-06 1.344627887007280091e-06 1.347807883065473470e-06 1.351666184926704503e-06 1.340033446046739142e-06 1.309572231869010580e-06 1.254022727081681658e-06 1.180298290287190218e-06 1.096963189664854819e-06 1.016562930665036198e-06 9.481106341340122668e-07 8.820651682368471987e-07 8.413064156483241790e-07 8.282988537789891433e-07 8.209840924242411675e-07
8.946047353360544993e-07 8.910276224598991411e-07 9.066769578705838407e-07 9.664147763727366332e-07 1.058489504979758085e-06 1.154121917891488075e-06 1.248555795571505886e-06 1.318950522835056407e-06 1.362448780823641493e-06 1.391466119391362847e-06 1.414241412115597157e-06 1.421105400334702251e-06 1.411338285061046309e-06 1.389493648030262192e-06 1.357809148808523322e-06 1.324054625051699288e-06 1.281095352081140652e-06 1.218783250681427732e-06 1.153531329411962187e-06 1.100037986904885081e-06 1.046789680811508514e-06 1.000133625101433536e-06 9.607037507389615132e-07 9.223641540759262758e-07
8.940590878869481806e-07 9.191858959312287625e-07 9.545539113954550467e-07 9.979909532252043763e-07 1.050026335102275237e-06 1.113008675975024069e-06 1.194457243204724020e-06 1.269110619673694148e-06 1.321029065648099439e-06 1.364509376274499178e-06 1.400013435749986338e-06 1.413398410327033114e-06 1.402629849425766076e-06 1.378991794560980536e-06 1.348280043484148572e-06 1.321741318903142890e-06 1.287426509454361678e-06 1.230105855308731486e-06 1.164195311285584828e-06 1.108338716840086097e-06 1.054334730304623750e-06 9.993011491946006783e-07 9.477818308765824344e-07 9.041735969573547509e-07
8.591748376275644408e-07 9.016841627927271451e-07 9.465285178243866345e-07 9.788965394232595076e-07 1.009350461298524480e-06 1.056222391319191616e-06 1.131548777045926657e-06 1.214765353268124675e-06 1.286980917354917861e-06 1.341029123110253018e-06 1.373241213821647727e-06 1.389560616780993250e-06 1.387658671788279324e-06 1.371557411636762431e-06 1.344926174124207116e-06 1.310966877634952460e-06 1.262149720716580873e-06 1.192762851167280180e-06 1.106091555720784648e-06 1.022985277692439955e-06 9.471085447869598629e-07 8.833533371206597511e-07 8.459139113108772730e-07 8.346297061137431796e-07
8.242843625600170117e-07 8.706850370874418774e-07 9.115145639279145049e-07 9.365939569803547170e-07 9.665183699813211417e-07 1.018331840277414240e-06 1.094610750921999069e-06 1.179487988611547137e-06 1.265098132524849956e-06 1.324621124382895698e-06 1.350257566563625921e-06 1.366227718138698792e-06 1.370367302833886376e-06 1.359436344720908446e-06 1.334519128097899249e-06 1.293108988498293970e-06 1.232095434380859453e-06 1.152948299698416339e-06 1.046394731791798667e-06 9.354897778365341388e-07 8.371913062169625334e-07 7.660574605382678548e-07 7.459328966685600676e-07 7.702076896253584897e-07
8.108297371733656354e-07 8.505817532800849338e-07 8.840405017596567189e-07 9.101157612524520041e-07 9.482159371268759883e-07 1.005900719198691842e-06 1.074214016388249031e-06 1.141537024467498707e-06 1.212952899773409690e-06 1.269699224048757584e-06 1.301429032158465898e-06 1.323455753981398439e-06 1.335501677689027431e-06 1.333881709941845457e-06 1.317645198121876760e-06 1.277461606449791549e-06 1.217233700661063505e-06 1.147592938446848881e-06 1.048837241846593242e-06 9.329591314691722727e-07 8.236581921447655649e-07 7.411831789438862521e-07 7.203743112235179184e-07 7.525962403654748331e-07
7.954280929314523637e-07 8.323263308475060852e-07 8.693932388094705546e-07 9.061678606504605157e-07 9.496521849751918561e-07 1.002641164152122218e-06 1.051456780733100173e-06 1.088279696733962582e-06 1.124181483608139194e-06 1.172330448456497078e-06 1.221415132027498406e-06 1.254496740803095704e-06 1.267831910023724425e-06 1.264107320248959051e-06 1.247961896424889522e-06 1.208711284988375033e-06 1.159865456317121251e-06 1.116612087433505472e-06 1.058625287497123690e-06 9.735669201233686013e-07 8.776501640244419166e-07 7.849926497592394819e-07 7.427753244117202326e-07 7.526075397843079675e-07
7.488430658331642402e-07 7.885095418172760847e-07 8.348066255203568323e-07 8.879530026220530466e-07 9.425442449633922564e-07 9.965601908117370040e-07 1.029467594830719966e-06 1.037246585280062445e-06 1.039090450249372019e-06 1.076789962432669317e-06 1.138069168461955595e-06 1.177045311187209375e-06 1.177535435934876887e-06 1.148597997163615784e-06 1.109435434366533094e-06 1.059126253657062934e-06 1.020787630055142959e-06 1.003046782453985571e-06 9.937618669327423769e-07 9.562640901133239305e-07 8.904723647905480306e-07 7.958035992951076534e-07 7.317794684379369792e-07 7.188236221586547076e-07
6.286833007513823821e-07 6.763226814842455544e-07 7.409119832725845482e-07 8.190562531474128927e-07 8.959995496236357711e-07 9.702181785085415581e-07 1.022223260783281037e-06 1.045963145849779508e-06 1.058909495860861996e-06 1.091369919907319335e-06 1.129755418494627459e-06 1.139228716033821621e-06 1.097861805821296217e-06 1.021459163476469874e-06 9.372169542427551817e-07 8.641100629907984595e-07 8.283215047894784859e-07 8.196040664577736486e-07 8.335385148561973086e-07 8.255426030084173223e-07 7.851748150618100377e-07 7.006644211354030061e-07 6.305884566484298681e-07 6.062433299549415169e-07
4.817730754047296431e-07 5.333092501218258188e-07 6.159720348943528623e-07 7.166829296132530911e-07 8.143893829048764138e-07 9.151523777537305532e-07 1.012311847053083469e-06 1.091953116245385082e-06 1.156098027584851235e-06 1.191786960206518799e-06 1.183769316479276731e-06 1.139921184724385183e-06 1.052273038134264775e-06 9.437496207507730145e-07 8.299620407287760738e-07 7.383391392810332295e-07 6.915884069320709811e-07 6.698501659773052339e-07 6.705047541050331065e-07 6.574736741359216403e-07 6.213504226552290439e-07 5.509473547385509268e-07 4.906114992947453454e-07 4.663128442178365366e-07
3.661118374931992609e-07 4.147924525263025169e-07 5.087763666147921105e-07 6.229830718349617816e-07 7.300634069246062704e-07 8.459814927200298014e-07 9.799525743587210507e-07 1.110198953323654137e-06 1.220246151638332074e-06 1.261654475842246210e-06 1.217511730167699583e-06 1.130620209485967961e-06 1.015340255292064858e-06 9.017168800502871965e-07 7.854047464203881586e-07 6.846354074233064986e-07 6.186408290392169661e-07 5.756001135739051936e-07 5.562188909223491951e-07 5.329224137022148790e-07 4.958134695577456009e-07 4.367280863401147103e-07 3.857832864478046796e-07 3.611820494958028777e-07
3.344486545281217817e-07 3.711768015238237647e-07 4.503277025158256595e-07 5.492688755780007146e-07 6.440395152627106331e-07 7.492851683468683064e-07 8.771891615502754926e-07 1.008075761725563327e-06 1.123203064437140995e-06 1.166966848910173987e-06 1.125069068415095123e-06 1.048347928150215776e-06 9.644949470569009484e-07 8.924342051701288026e-07 8.107822102268614508e-07 7.206408991148042566e-07 6.393147874006535978e-07 5.714701100522696057e-07 5.205926115534663892e-07 4.753084394985092118e-07 4.283405652683395290e-07 3.803477714181452279e-07 3.467993714708881178e-07 3.321930207123674756e-07
3.192101485425749666e-07 3.412254028236701794e-07 3.857256319829378292e-07 4.463342291968002059e-07 5.121637105353070479e-07 5.859615215120521151e-07 6.664899586405523487e-07 7.461402434722288266e-07 8.236138200107053198e-07 8.683131930277224485e-07 8.728302120065585125e-07 8.652929886698990623e-07 8.620728513844422698e-07 8.527317469040907481e-07 8.174189957801128749e-07 7.474475724073924799e-07 6.597426160700224307e-07 5.686328654678166611e-07 4.827567090358098426e-07 4.146383345244679290e-07 3.598140827489121492e-07 3.252830299576552792e-07 3.114490784329939685e-07 3.114477860205139885e-07
2.451227927029204860e-07 2.541214455027874838e-07 2.656672940626992319e-07 2.864648997107071456e-07 3.187001000345490516e-07 3.563969462354193885e-07 3.833006967837363271e-07 4.038695279297110995e-07 4.358442399529959104e-07 4.865621639716912049e-07 5.555050456819214515e-07 6.351628025309607279e-07 7.180877244977074499e-07 7.644796250549876220e-07 7.685194853815107203e-07 7.144440482878410691e-07 6.187990767754676022e-07 5.028630823676562397e-07 3.858430948032000176e-07 3.041613419887662151e-07 2.507515368211168678e-07 2.303515798089312133e-07 2.282999619938405557e-07 2.349716132143761447e-07
6.417246023742460721e-08 6.656739554622800939e-08 6.727620871925011253e-08 6.758591723545321309e-08 7.388292588260427437e-08 8.700901877766329896e-08 9.153404183777402425e-08 9.329945138968027549e-08 1.096825536251531134e-07 1.759409949203223986e-07 2.955236230445386356e-07 4.343224075447887056e-07 5.651935139917636460e-07 6.396287972468702352e-07 6.686027100265533465e-07 6.261623672354715596e-07 5.268051307440392000e-07 4.013163396044024281e-07 2.682190697994051978e-07 1.681384318080267574e-07 9.609305314041617805e-08 6.193308322824683106e-08 5.336450311424151616e-08 5.643915704763428788e-08
-1.332636320969296163e-07 -1.245925355691605762e-07 -1.061364178506972338e-07 -9.450491647672758421e-08 -8.798381377711443943e-08 -6.939206632662415455e-08 -4.206168262110387000e-08 -9.451600879534143155e-09 3.061720798760525001e-08 1.045627403693415875e-07 2.168781519686317366e-07 3.426431649641007281e-07 4.555709484624834768e-07 5.190995733834269029e-07 5.473285609267448711e-07 5.121756062786013852e-07 4.244206453298643240e-07 3.157392948579924686e-07 1.914887416109529155e-07 7.680182105614891505e-08 -2.530104173191909106e-08 -9.613652213075886730e-08 -1.281982478547996209e-07 -1.376674194313433185e-07
-2.690456186094143478e-07 -2.437794100028149092e-07 -1.972570368790456069e-07 -1.591333642908220357e-07 -1.323663616856369021e-07 -8.828715382660542508e-08 -2.581636792543339592e-08 4.228666325317417269e-08 1.106894559993545270e-07 1.742378519724152015e-07 2.384693148089194196e-07 3.103838240617474366e-07 3.739596565134242211e-07 4.045810991418364644e-07 4.100646374904215345e-07 3.778094172806803241e-07 3.148779484239346355e-07 2.362252551691237181e-07 1.378195118229173623e-07 2.930127884114267161e-08 -8.208409793092781868e-08 -1.822915859731467353e-07 -2.440144217570952758e-07 -2.721953832934476786e-07
-2.828027186747323943e-07 -2.386334286414742580e-07 -1.734865673902610482e-07 -1.094105355933440187e-07 -4.803286876218975477e-08 3.215232193829741418e-08 1.216023461281007800e-07 1.989293706902331855e-07 2.665468082990490347e-07 2.932886216927607470e-07 2.858775866998365619e-07 2.777206658582201398e-07 2.717394173617949028e-07 2.576900818989926508e-07 2.292365148387402967e-07 1.921831175826599837e-07 1.533563964622956478e-07 1.092274521865396451e-07 4.836419559390026261e-08 -2.855350968213387451e-08 -1.098669532689082135e-07 -1.961506469785691240e-07 -2.603032425295270701e-07 -2.927164453491060172e-07
-2.153195699723510715e-07 -1.616259651872598995e-07 -9.898311910911853161e-08 -3.079390825345874889e-08 4.864718685793468333e-08 1.446448825666652581e-07 2.368662641895955169e-07 2.959668924508990615e-07 3.324982022751041603e-07 3.202137467573349272e-07 2.671626181762630421e-07 2.022742941963217856e-07 1.391872617307941739e-07 8.445545283096163134e-08 2.662502460063496345e-08 -2.764655844060869925e-08 -6.828737114123448912e-08 -9.859756963697445951e-08 -1.296629839553049658e-07 -1.632328690958381429e-07 -1.888044800309683669e-07 -2.160348718722022372e-07 -2.380339180744571536e-07 -2.428478546778658877e-07
-1.405618323540566594e-07 -8.260727665413948589e-08 -2.773180958607698721e-08 3.134180115895905654e-08 1.076521300488655675e-07 1.982681362641134518e-07 2.842002942724343549e-07 3.281475586391622933e-07 3.366657730850101612e-07 2.995238342785722049e-07 2.260971509487235980e-07 1.297419626698286444e-07 2.168242064427862773e-08 -7.472985171379525721e-08 -1.629351311354072907e-07 -2.451133500051271218e-07 -3.079471643514287658e-07 -3.448175271325671835e-07 -3.550101009430358131e-07 -3.427032594155474104e-07 -3.100041311665129659e-07 -2.684327775494526877e-07 -2.313102937557909573e-07 -1.915569834958158614e-07
-1.126274238672536941e-07 -6.541733776815162856e-08 -2.739993735530989029e-08 1.110566469406706126e-08 6.657280570726895475e-08 1.348117108039300710e-07 2.095222560597654972e-07 2.565601688045529113e-07 2.708441487391696218e-07 2.441558954194652431e-07 1.820557196456688227e-07 9.461535879534049070e-08 -2.147459086701031897e-08 -1.386601679367989538e-07 -2.444473148770064184e-07 -3.437678905804724029e-07 -4.276658554400422614e-07 -4.882240040271580794e-07 -5.043765134255487415e-07 -4.746301164255265420e-07 -4.195528802068000100e-07 -3.435809886739349294e-07 -2.638665270324905372e-07 -1.816906731130879913e-07
-1.447115245374632892e-07 -1.106346950124900730e-07 -8.594941535768377015e-08 -6.525698008504182355e-08 -3.254758113817097579e-08 1.211667868039065826e-08 7.326617569672921585e-08 1.310267889283490345e-07 1.742434350549985874e-07 1.811118610076129595e-07 1.482358652789254263e-07 9.628763376891206517e-08 1.409881938159774407e-08 -7.916963186037514392e-08 -1.659623908534840819e-07 -2.468979105697635506e-07 -3.249881789507926390e-07 -4.006187390050632735e-07 -4.467708734018367316e-07 -4.481789146135236571e-07 -4.267730241283327049e-07 -3.775640115624966789e-07 -3.051547204133384978e-07 -2.160686222303996644e-07
-1.871146096591212053e-07 -1.546122224888474561e-07 -1.317002493726472198e-07 -1.231067593741610726e-07 -1.132854737078922282e-07 -9.232623038170106715e-08 -5.034109111810951960e-08 7.065974788113292622e-09 6.813903929456627687e-08 1.064553634892221983e-07 1.096622335573185272e-07 1.000648171392950058e-07 7.056300042091832707e-08 3.192471404288867070e-08 -5.160617966994262398e-09 -4.538201997112967154e-08 -1.037195074598303808e-07 -1.804773945674683021e-07 -2.618300401486406723e-07 -3.187393763578560879e-07 -3.553516883920202394e-07 -3.588400569904728356e-07 -3.212580839423003183e-07 -2.527838891045246498e-07
-2.119635297109202750e-07 -1.689228995076649494e-07 -1.337867109311908974e-07 -1.245020519323032099e-07 -1.289176096675485992e-07 -1.250358585716376246e-07 -1.086610654809866866e-07 -7.782137548361956542e-08 -3.605523677246101035e-08 1.145844058956683439e-08 4.671611664777372397e-08 6.889552148018507535e-08 8.950341552023857105e-08 1.179863025706048753e-07 1.459862567987366340e-07 1.508009292029373238e-07 1.154643111477782093e-07 5.702341542314616513e-08 -4.087716528331017276e-08 -1.491949450700859074e-07 -2.418936879909947048e-07 -2.981100198145297818e-07 -3.015017171239228537e-07 -2.674847463450911963e-07
-2.637891291880333455e-07 -2.143986950349860259e-07 -1.693418934702290346e-07 -1.469071400955540893e-07 -1.412695246806986663e-07 -1.321989948804500741e-07 -1.267883103972557488e-07 -1.221841195933752056e-07 -1.103425455537809837e-07 -7.215462477130787007e-08 -2.796903717300573739e-08 -3.677639575056440600e-09 2.202262691043223637e-08 6.432842779201489410e-08 1.070022593513175895e-07 1.190376688553672720e-07 9.146468892723719860e-08 5.229978317425823414e-08 -2.747841623692791667e-08 -1.325909876106910930e-07 -2.289235892151296500e-07 -2.991574187484329563e-07 -3.227078440903603864e-07 -3.100321235026421119e-07
-3.853081724434915621e-07 -3.397439527490505972e-07 -2.949425566044088565e-07 -2.540850725502630278e-07 -2.176729929695412717e-07 -1.826923934491896736e-07 -1.657261591057985764e-07 -1.630394415758635217e-07 -1.568044062882925567e-07 -1.250811093453274762e-07 -9.056337064637791663e-08 -8.275574072233847408e-08 -8.976397460082976553e-08 -9.064124506741327389e-08 -9.029952135632213486e-08 -1.048973717003714808e-07 -1.354087222179860093e-07 -1.659996467158253902e-07 -2.114993638691714769e-07 -2.703925161882688974e-07 -3.273447658345839901e-07 -3.858758651734378248e-07 -4.211587733811173824e-07 -4.213980578177303661e-07
-6.354434433700090053e-07 -6.016764662211596311e-07 -5.651895674584613058e-07 -5.040727196607798285e-07 -4.199998893112319033e-07 -3.354390926586580407e-07 -2.742867507295841191e-07 -2.354661277448785865e-07 -1.947218907516380449e-07 -1.487098584067868853e-07 -1.229999588506030681e-07 -1.294596828062549618e-07 -1.864750829982443825e-07 -2.728673087473282322e-07 -3.631906904359236798e-07 -4.407389065279604171e-07 -4.968164114384662630e-07 -5.452310115085212399e-07 -5.694241123360733582e-07 -5.746192114284840998e-07 -5.791160690235925621e-07 -6.135466680798290650e-07 -6.535427375518816598e-07 -6.603495374662166437e-07
-9.095737459200858239e-07 -8.816694934036924551e-07 -8.476506379846448097e-07 -7.795773475358184391e-07 -6.751421341275175886e-07 -5.615156672436352829e-07 -4.586462837514432779e-07 -3.716549697663198611e-07 -2.823003837927855093e-07 -2.042381591935344552e-07 -1.664453006182219608e-07 -1.649251762540389511e-07 -2.386082542419306189e-07 -3.716017986789289651e-07 -5.196777627897659894e-07 -6.488658314408575449e-07 -7.391275568989410885e-07 -8.177537717198457039e-07 -8.572639405057598656e-07 -8.625957065524038616e-07 -8.628754863561634231e-07 -8.903039775850983831e-07 -9.256728574541728102e-07 -9.303786540336485805e-07
-1.113902564185174980e-06 -1.083496326709474685e-06 -1.043580805042314577e-06 -9.834645078472676653e-07 -8.968584927818255263e-07 -7.923579370682464141e-07 -6.720513518760172664e-07 -5.472574452150263424e-07 -4.196606085857483986e-07 -3.106762621772247230e-07 -2.526884871484878260e-07 -2.350765570301741349e-07 -2.957106463338981178e-07 -4.239841339329664773e-07 -5.784913049402005953e-07 -7.296697309798679049e-07 -8.461380621704146011e-07 -9.469982769270546803e-07 -1.017205170511573903e-06 -1.061410532008052316e-06 -1.096210162516063716e-06 -1.130244534738125022e-06 -1.149465274149475895e-06 -1.140549116539346960e-06
-1.171455553756768614e-06 -1.126790059546954157e-06 -1.081283625018688643e-06 -1.046253769152397693e-06 -1.003191224749563508e-06 -9.346087170969192904e-07 -8.263148072763553642e-07 -7.004891343371018313e-07 -5.787163502136788620e-07 -4.781755028006685871e-07 -4.162871833281944854e-07 -3.816792076450490430e-07 -3.951312878031112467e-07 -4.614161665023277813e-07 -5.613450459241351331e-07 -6.880134066292365816e-07 -8.075436193451883086e-07 -9.155476604204727115e-07 -1.015585109438556758e-06 -1.104820680492042969e-06 -1.178749698694998269e-06 -1.222083412592215669e-06 -1.228470481836912531e-06 -1.211082544435368721e-06
-1.098286321470715656e-06 -1.046977810274778619e-06 -1.015559727795212092e-06 -1.011913921433304147e-06 -9.970719286913270891e-07 -9.501624146687498245e-07 -8.628581609035161558e-07 -7.728629466290323881e-07 -7.010719167184901181e-07 -6.563457636798445852e-07 -6.227710223760240896e-07 -5.861825119200492801e-07 -5.520295578473814301e-07 -5.505575157349721956e-07 -5.863988452396770274e-07 -6.671464949559861889e-07 -7.652731789779681573e-07 -8.640101867424881228e-07 -9.675317405144355022e-07 -1.058314258615099172e-06 -1.126342324886684809e-06 -1.159405329397457955e-06 -1.161386051896314933e-06 -1.145789362231290664e-06
-9.767204140141389321e-07 -9.362355249373813332e-07 -9.363724336118160248e-07 -9.645816594600806708e-07 -9.614355446852394842e-07 -9.196743505990074920e-07 -8.503423975681366451e-07 -8.066676050102092390e-07 -7.953482923643343707e-07 -8.182390035772680776e-07 -8.260922171447436928e-07 -8.006375486185817562e-07 -7.341095543370148458e-07 -6.822262027539990591e-07 -6.713255936826204821e-07 -7.099560733315451943e-07 -7.769406991613532801e-07 -8.566721441169051077e-07 -9.450837510634117361e-07 -1.009963642550847233e-06 -1.044641183230658419e-06 -1.051356784850574756e-06 -1.044227347255172155e-06 -1.025718091978247734e-06
-9.213059828138156690e-07 -9.224996195965586902e-07 -9.550743295947345707e-07 -9.825760711740379964e-07 -9.559873935308149468e-07 -8.954231880314864157e-07 -8.283775751088073657e-07 -8.114320903710913994e-07 -8.359531252550212103e-07 -8.922598874262881615e-07 -9.218789791141831076e-07 -9.150000600627793625e-07 -8.588597231748803846e-07 -8.066847255104145451e-07 -7.889807265198870661e-07 -8.133662713213737856e-07 -8.626318660650932992e-07 -9.234224676830433405e-07 -9.794108426941551904e-07 -1.004630707829204373e-06 -1.006753868812852191e-06 -9.919702708388511728e-07 -9.728877156376780024e-07 -9.475188585924049339e-07
-1.025917696481233111e-06 -1.062331625393627675e-06 -1.090913809415114561e-06 -1.073177882464599449e-06 -1.001386003024203968e-06 -9.114452566690641472e-07 -8.266304714115839489e-07 -7.947062750573631764e-07 -8.083193821958643612e-07 -8.469773506014137217e-07 -8.670890863376156171e-07 -8.746166669846786156e-07 -8.632529867373372933e-07 -8.557697669904588566e-07 -8.660646873475977271e-07 -9.040379215579913877e-07 -9.540645297846253323e-07 -1.001036024999257313e-06 -1.027475356638339357e-06 -1.034595725565565875e-06 -1.040278582632382768e-06 -1.037715298537531602e-06 -1.026261358687608041e-06 -1.012510554186070060e-06
-1.207298959793443079e-06 -1.246648969980563378e-06 -1.238954417170435783e-06 -1.160494914020262850e-06 -1.044812228297942389e-06 -9.268073366022390457e-07 -8.153799545998941226e-07 -7.494778022937939395e-07 -7.331837373514917879e-07 -7.435097066274666656e-07 -7.517469200196355894e-07 -7.713138339728256220e-07 -8.087918732469688104e-07 -8.564977235718717254e-07 -9.052888554308707885e-07 -9.606005053534446055e-07 -1.008392287515345251e-06 -1.038548836779011548e-06 -1.043761705031185385e-06 -1.052423577268479535e-06 -1.081307129936355801e-06 -1.113382546451076814e-06 -1.134752995895358908e-06 -1.157816017880511850e-06
-1.388726531617394200e-06 -1.376584076356499357e-06 -1.300355897570256539e-06 -1.158376718406346513e-06 -1.009060500976705722e-06 -8.735438428376313971e-07 -7.521256775164397341e-07 -6.667895333245392482e-07 -6.245643195050838134e-07 -6.229623312049207219e-07 -6.450932559651571611e-07 -6.878146944859828740e-07 -7.653175348403866782e-07 -8.532854158577536088e-07 -9.294219957415569150e-07 -9.738626350609048348e-07 -9.847864417615384439e-07 -9.814510912562630195e-07 -9.730722541491303028e-07 -9.929659848066738595e-07 -1.043021964080353631e-06 -1.130600528853973570e-06 -1.229873277574075326e-06 -1.324870406172368050e-06
-1.399955112525986444e-06 -1.332074519626837121e-06 -1.205238700252479670e-06 -1.033949897329490537e-06 -8.850868523721044942e-07 -7.664402362918236376e-07 -6.790910928108764646e-07 -6.199114746604310566e-07 -5.867776890286487704e-07 -5.958288450082667254e-07 -6.389292815924614866e-07 -6.972280026862217392e-07 -7.798581280360963971e-07 -8.596922383356896483e-07 -9.185547407363205714e-07 -9.202284955276627964e-07 -8.857470441826687145e-07 -8.583387069026481905e-07 -8.491363536391759301e-07 -8.741232933657102096e-07 -9.274944257884963135e-07 -1.051943821708497187e-06 -1.211032254623783050e-06 -1.349919244899413588e-06
-1.260959510509905105e-06 -1.171967068494243867e-06 -1.029149897053514348e-06 -8.624070987932550497e-07 -7.470821946299999266e-07 -6.783905889303882856e-07 -6.528510318570535130e-07 -6.422241005609236799e-07 -6.405779039296747219e-07 -6.578350792285276456e-07 -6.946146169027277589e-07 -7.412002098354695812e-07 -7.982485528703217800e-07 -8.358211685651080143e-07 -8.432818695955330047e-07 -8.010242026829775462e-07 -7.529361428276050277e-07 -7.332534683080888704e-07 -7.383947537738861659e-07 -7.670105628053797954e-07 -8.222325086132411767e-07 -9.533087693942518948e-07 -1.113189293698011483e-06 -1.236942552844269453e-06
-1.020192544866286055e-06 -9.396887179319999045e-07 -8.242797412818154650e-07 -7.139619707924580533e-07 -6.642790070896279585e-07 -6.537490278385002071e-07 -6.777452425755712650e-07 -7.047363020774973491e-07 -7.288385470666667640e-07 -7.298932679379640771e-07 -7.200906674602274330e-07 -7.236528561615184184e-07 -7.298404796177758235e-07 -7.110958005027426079e-07 -6.689722607983938074e-07 -6.209514113647338642e-07 -6.103972934738708226e-07 -6.342830366898370665e-07 -6.770841922634717008e-07 -7.245323841338864305e-07 -7.873959356966130722e-07 -8.876678605719296425e-07 -9.826646831048735115e-07 -1.036165564456845680e-06
-8.099140219612477224e-07 -7.503845819710956605e-07 -6.886586546332456578e-07 -6.542729482724020321e-07 -6.547064435302991961e-07 -6.629154256294777066e-07 -6.767417850669464932e-07 -6.831817954510579684e-07 -6.800589908209204619e-07 -6.334952551140889797e-07 -5.700685642945178564e-07 -5.325163597459699860e-07 -5.107221242147291374e-07 -4.847006587421593071e-07 -4.579067475957643896e-07 -4.569742722365055553e-07 -5.013649729531709079e-07 -5.709322150477284859e-07 -6.566757799502636210e-07 -7.358221577104204261e-07 -8.097803969146621716e-07 -8.665129828592099583e-07 -8.826804164284504806e-07 -8.625403792876247989e-07
-6.257577246196938194e-07 -5.990093703152474578e-07 -6.027731910313036098e-07 -6.350125282200362683e-07 -6.551417425392136517e-07 -6.516689460892513848e-07 -6.198235981107506460e-07 -5.651295950437603611e-07 -4.941987764610282526e-07 -3.882260880104775063e-07 -2.881772788511784352e-07 -2.265126530548981608e-07 -2.102378883652258337e-07 -2.269403241911458521e-07 -2.654767292587312018e-07 -3.300458473482652100e-07 -4.162071177652160399e-07 -5.182816098311223527e-07 -6.380898160714939077e-07 -7.443530926465077548e-07 -8.248247324173793590e-07 -8.407022768012947049e-07 -7.879902032219897057e-07 -7.041591294035236809e-07
-4.580656739686696300e-07 -4.626940963645133808e-07 -5.074410856148268733e-07 -5.630033609723672060e-07 -5.740714013152276040e-07 -5.515119803500151656e-07 -4.637508424835845469e-07 -3.255145131382937132e-07 -1.732860897147402836e-07 -3.090866692598906563e-08 5.640087338402912027e-08 9.741333198040218559e-08 6.517090965479750547e-08 -2.624257872478093670e-08 -1.451747289939992192e-07 -2.605430890231858438e-07 -3.539652974401461380e-07 -4.503963525838199056e-07 -5.617424690539469551e-07 -6.621324073979177716e-07 -7.310362065317891103e-07 -7.234830372346778061e-07 -6.427478481957173755e-07 -5.348931181988354541e-07
-2.739771734085180457e-07 -2.750642052703841761e-07 -3.027739252864540501e-07 -3.310368085832604751e-07 -3.231601904635119840e-07 -2.929827075682452806e-07 -1.910167378978797739e-07 -3.186644200769528527e-08 1.301125045843005812e-07 2.520531328383510874e-07 2.946240687359206610e-07 2.875818233105878511e-07 2.091597066351894980e-07 8.435638049932827142e-08 -5.672857790663188490e-08 -1.780905072521204831e-07 -2.573657457929381985e-07 -3.231044009449225873e-07 -3.894809507102970234e-07 -4.499440983003465080e-07 -4.881356001166086990e-07 -4.781622805136772020e-07 -4.184960541721316811e-07 -3.345207349642385070e-07
-7.219663627897486490e-08 -3.686383201663205884e-08 -1.465783720822719695e-08 3.445991933002447375e-09 3.552346367973292730e-08 7.857520366942691578e-08 1.609744698521539000e-07 2.682394665397116529e-07 3.671696705526297511e-07 4.353475864810601023e-07 4.393273481318626669e-07 3.903778288505056117e-07 2.927216331151705250e-07 1.822722696370587229e-07 6.677830350838892823e-08 -3.885265304218019181e-08 -1.082756378984447796e-07 -1.476166092503290223e-07 -1.681714965513174964e-07 -1.827089456765890708e-07 -1.841892424643854562e-07 -1.792617172532379827e-07 -1.615952507151725150e-07 -1.224301394023330463e-07
