2.075243575747030679e-19
-4.999426163791074647e-07
-9.999339908724352560e-07
-1.499956689725379481e-06
-1.999939156653889380e-06
-2.499937818444945299e-06
-2.999954882573064899e-06
-3.499974168023521521e-06
-3.998752852093511814e-06
-4.498758678947202482e-06
-4.998778020965240414e-06
-5.498800002658110281e-06
-5.998824249562924795e-06
-6.498851221744933844e-06
-6.998870110994985269e-06
-7.497676278433726548e-06
-7.997713067391913424e-06
-8.497729572422559421e-06
-8.997751383257207477e-06
-9.497775595466161644e-06
-9.997812462232994954e-06
-1.049661915847935188e-05
-1.099664717152056443e-05
-1.149668004061658153e-05
-1.199673391566825071e-05
-1.249676321713661055e-05
-1.299679369887614592e-05
-1.349561614015258590e-05
-1.399566256409799138e-05
-1.449570226484477617e-05
-1.499574704475999717e-05
-1.549578499062703892e-05
-1.599582614760357990e-05
-1.649464314476915274e-05
-1.699468152954567590e-05
-1.749472271115765516e-05
-1.799476131035136336e-05
-1.849479950939107104e-05
-1.899361800495597940e-05
-1.949365138719884709e-05
-1.999368048427511930e-05
-2.049371707622883493e-05
-2.099375384634439781e-05
-2.149378873803739942e-05
-2.199260276372344417e-05
-2.249262958306779553e-05
-2.299265059116103549e-05
-2.349266923501803743e-05
-2.399269117085158046e-05
-2.449270601137578789e-05
-2.499150644524939012e-05
-2.549151217158549798e-05
-2.599149950131143271e-05
-2.649148370854781278e-05
-2.699147730228194665e-05
-2.749144403391772957e-05
-2.799139578664164689e-05
-2.849013504256014547e-05
-2.899009223537762206e-05
-2.949001617216782977e-05
-2.998990795714509395e-05
-3.048981140311964323e-05
-3.098968054412177251e-05
-3.148951070565389671e-05
-3.198932580805319970e-05
-3.248790117163056644e-05
-3.298764013721171940e-05
-3.348735029777129908e-05
-3.398701486943550164e-05
-3.448658081615650389e-05
-3.498607333153249007e-05
-3.548552673613579098e-05
-3.598484865741251223e-05
-3.648406007517423079e-05
-3.698307624605822212e-05
-3.748193103128496118e-05
-3.798055752204678424e-05
-3.847887384349000627e-05
-3.897689488080946995e-05
-3.947459115044942138e-05
-3.997305613504922362e-05
-4.046971632849253670e-05
-4.096574793358980253e-05
-4.146102395210610826e-05
-4.195654894880201973e-05
-4.244974788417073047e-05
-4.294164536988680491e-05
-4.343308807515094819e-05
-4.392273416854264816e-05
-4.440930080990774576e-05
-4.489450887447022525e-05
-4.537697901912356310e-05
-4.585672748496234232e-05
-4.633341510255050962e-05
-4.680650757114326323e-05
-4.727622533510254593e-05
-4.774357197071816400e-05
-4.820713964268894024e-05
-4.866617856067585285e-05
-4.912284602394161921e-05
-4.957587957009164576e-05
-5.002610850861016300e-05
-5.047335466062653981e-05
-5.091837956814078262e-05
-5.135962863373649042e-05
-5.179861174113974012e-05
-5.223412094635974733e-05
-5.266559039087258145e-05
-5.309448029646825689e-05
-5.351668786425549862e-05
-5.393549481289081348e-05
-5.435043966704671361e-05
-5.475696235810219986e-05
-5.515762693331336959e-05
-5.555386325388573447e-05
-5.594200520781706135e-05
-5.631846912831715141e-05
-5.668932421602815546e-05
-5.705184193171994539e-05
-5.739987190259076638e-05
-5.773701489228513827e-05
-5.806375419352537029e-05
-5.837322320781519850e-05
-5.866333474482936662e-05
-5.893558770032284594e-05
-5.918859563905438568e-05
-5.941088514838470516e-05
-5.960735154887045889e-05
-5.978417267848986998e-05
-5.992994864992614586e-05
-6.003510073981913926e-05
-6.012280496917601035e-05
-6.017975497374226961e-05
-6.018515307516094590e-05
-6.016351540859424192e-05
-6.011642239188192023e-05
-6.000822079719146922e-05
-5.986259361736459106e-05
-5.970653289646296694e-05
-5.948360175159688135e-05
-5.922168967718960636e-05
-5.895841881638870849e-05
-5.865055535572995227e-05
-5.828739173541701941e-05
-5.790718661359823118e-05
-5.754258977797348050e-05
-5.710237923887711458e-05
-5.663488400377756201e-05
-5.623213098964917404e-05
-5.579344994315139417e-05
-5.532132861164202871e-05
-5.490573490975893354e-05
-5.451791020604010299e-05
-5.407684059906830043e-05
-5.366279259989550833e-05
-5.331147711025729263e-05
-5.288747302194410718e-05
-5.249196126851331170e-05
-5.214574726458518779e-05
-5.176398926287229533e-05
-5.136437033609617196e-05
-5.099339889698487207e-05
-5.063731460225288244e-05
-5.021806021409460112e-05
-4.981574416188679880e-05
-4.944315117134996136e-05
-4.902309673251152187e-05
-4.859743036263818147e-05
-4.822969952299430044e-05
-4.782294516372792700e-05
-4.739946672501656991e-05
-4.703499766922030585e-05
-4.663945537024657479e-05
-4.624451499436503049e-05
-4.585244120865981108e-05
-4.550973304921844786e-05
-4.514120250772295933e-05
-4.479758907854809204e-05
-4.450644157346751262e-05
-4.422044738639687719e-05
-4.396286143845151999e-05
-4.375283270184255523e-05
-4.357377612205565924e-05
-4.339522045820475189e-05
-4.322791843120931071e-05
-4.308923586693498564e-05
-4.291747177237149679e-05
-4.273811055477371964e-05
-4.257225886557562748e-05
-4.238531254913120396e-05
-4.216529626610933580e-05
-4.194749826867878885e-05
-4.172845168280938424e-05
-4.149609332890777727e-05
-4.127429414636657749e-05
-4.106662620469099566e-05
-4.085924784879490991e-05
-4.065026435628978026e-05
-4.044533210673044552e-05
-4.023381643628589987e-05
-4.001539053444103772e-05
-3.977868675590288917e-05
-3.956057453915494729e-05
-3.934078853432252689e-05
-3.911297842160082008e-05
-3.891679073825325512e-05
-3.872438143436674152e-05
-3.854147391871085021e-05
-3.837953460358049980e-05
-3.822736769546233973e-05
-3.810572216864735343e-05
-3.799050289737365390e-05
-3.791475807994125859e-05
-3.784325448690847176e-05
-3.778100155825262797e-05
-3.775347284508948135e-05
-3.771081376730170924e-05
-3.768127728439028031e-05
-3.767579146688101457e-05
-3.765148102969485919e-05
-3.765768123574538147e-05
-3.768229087669364499e-05
-3.768032300537387717e-05
-3.770689165404454566e-05
-3.772353633421725002e-05
-3.772216955314874518e-05
-3.772179176650386202e-05
-3.773171293070445024e-05
-3.774038131981268836e-05
-3.775254367598085647e-05
-3.776603466059244758e-05
-3.778816084074761964e-05
-3.781267238313016775e-05
-3.783409270825883233e-05
-3.786574833080824014e-05
-3.788382730474452976e-05
-3.790002379700462936e-05
-3.788135966769879358e-05
-3.787598394872761589e-05
-3.785202066418663256e-05
-3.781227142441056550e-05
-3.777653489214331274e-05
-3.776391883949665996e-05
-3.773311786421925198e-05
-3.772022014012638825e-05
-3.772589539791328030e-05
-3.771909126288822004e-05
-3.773213969982160002e-05
-3.776601555461265561e-05
-3.780906893890257714e-05
-3.782736636987976231e-05
-3.791939465530649595e-05
-3.797288821413601832e-05
-3.804280938098019240e-05
-3.815689890991164703e-05
-3.821743549066341822e-05
-3.832227667226527454e-05
-3.841682572243269606e-05
-3.848126464059608502e-05
-3.857470018211285124e-05
-3.866098249996778916e-05
-3.873124491706898538e-05
-3.881082142907267291e-05
-3.889447271254653293e-05
-3.893479088140682968e-05
-3.899731749423934046e-05
-3.904019581671306987e-05
-3.907394038962596185e-05
-3.909751885000834924e-05
-3.912910074163211563e-05
-3.914848133247569298e-05
-3.917563705315791006e-05
-3.919653957053680548e-05
-3.922080135121354307e-05
-3.924683845403082437e-05
-3.926197309806659199e-05
-3.928511343426275681e-05
-3.930259277756558334e-05
-3.933068044823943209e-05
-3.934087041713332073e-05
-3.936132490726005034e-05
-3.937308001778196202e-05
-3.936239391346475395e-05
-3.937397373955359278e-05
-3.936191003565758057e-05
-3.935047095539883244e-05
-3.935326024945549103e-05
-3.937832619792517219e-05
-3.939488605174026854e-05
-3.945879854123220348e-05
-3.953279692727877962e-05
-3.960831888278757080e-05
-3.970449637241220593e-05
-3.980822635975315532e-05
-3.991461213935385894e-05
-4.001899254912894130e-05
-4.012730994074806517e-05
-4.024437348476079439e-05
-4.036736474280655680e-05
-4.050241662834677117e-05
-4.063306525490556649e-05
-4.078239375083191065e-05
-4.092885503056913174e-05
-4.107295214501843734e-05
-4.123546389537840367e-05
-4.138565631657031613e-05
-4.153139674913829604e-05
-4.168587697086666486e-05
-4.183630262145115650e-05
-4.196982106426109307e-05
-4.210231887147302006e-05
-4.222491760449890270e-05
-4.233459806585217064e-05
-4.242306036259457184e-05
-4.250332811303200677e-05
-4.257022416123321627e-05
-4.261010678770184372e-05
-4.264390894901232121e-05
-4.267398020148465245e-05
-4.269322235944051144e-05
-4.272095682137861582e-05
-4.276720733499192722e-05
-4.280967909809739995e-05
-4.286455065388677487e-05
-4.293297768988614413e-05
-4.300811050001550188e-05
-4.308013920530814303e-05
-4.314796088665491725e-05
-4.323156521541173945e-05
-4.331128520949055222e-05
-4.338916859811156037e-05
-4.346404719792550217e-05
-4.355092870108122187e-05
-4.364961559076249617e-05
-4.373629885621373192e-05
-4.380570865498549402e-05
-4.391525748255781952e-05
-4.400476365780813280e-05
-4.407839753344177335e-05
-4.417694728921789117e-05
-4.428827956807548374e-05
-4.438816387517480558e-05
-4.449199030025801407e-05
-4.462520672795694440e-05
-4.475235446481944286e-05
-4.487297684179542728e-05
-4.501029886733705159e-05
-4.515700234010037789e-05
-4.530821623983722799e-05
-4.544445947599948498e-05
-4.559658757015271774e-05
-4.575407242057078405e-05
-4.588685473074142584e-05
-4.602548208195209696e-05
-4.616279609428112346e-05
-4.627892056292149802e-05
-4.639654973731183928e-05
-4.651288647066308119e-05
-4.661557999322276063e-05
-4.671544646513217387e-05
-4.680756499725220461e-05
-4.690072998628421077e-05
-4.698087526688242378e-05
-4.705381131586228258e-05
-4.712223200995737553e-05
-4.717686624360058298e-05
-4.723147328500217475e-05
-4.727685402930425894e-05
-4.730874582134571055e-05
-4.734600402021290439e-05
-4.738031488716839998e-05
-4.739798598775786422e-05
-4.742916137704892697e-05
-4.746176266845907900e-05
-4.748616203835154666e-05
-4.750421096589523657e-05
-4.752773608652606301e-05
-4.753480148699734469e-05
-4.752402895936621034e-05
-4.752019227056213471e-05
-4.749802156221376401e-05
-4.746971862144001267e-05
-4.745003216017473898e-05
-4.742677962101947853e-05
-4.739810539255310607e-05
-4.736481899790685577e-05
-4.733822147630276490e-05
-4.729913538267534174e-05
-4.724150919510206189e-05
-4.719849798203056197e-05
-4.713835911125948899e-05
-4.707771434679261876e-05
-4.702408758573029007e-05
-4.698251016382705490e-05
-4.693773242752599260e-05
-4.692247053115189252e-05
-4.691614206367044802e-05
-4.691854118662799607e-05
-4.693184144180937898e-05
-4.695799287799653967e-05
-4.701378863033860991e-05
-4.707367793504227936e-05
-4.712909993144535025e-05
-4.721593719202977991e-05
-4.731899021864865139e-05
-4.741172067565824639e-05
-4.753118812736920864e-05
-4.765558994030400208e-05
-4.777487683495079132e-05
-4.791293467836441451e-05
-4.805937028663662082e-05
-4.819452648269862354e-05
-4.836624702746908171e-05
-4.854130699046106196e-05
-4.870692712787704517e-05
-4.890739899598253894e-05
-4.912102860299768250e-05
-4.930990127374083128e-05
-4.951724293961354918e-05
-4.974975801083029309e-05
-4.995517101700842807e-05
-5.016208191174076217e-05
-5.037901728781472085e-05
-5.058459446576242524e-05
-5.077645632016838836e-05
-5.095397984999041659e-05
-5.111654462719397338e-05
-5.124627281022830285e-05
-5.134923975317847757e-05
-5.144113528501487761e-05
-5.151775866024754742e-05
-5.158676166126764315e-05
-5.165580956514837733e-05
-5.172793499070533021e-05
-5.179510439516070989e-05
-5.186192672520925021e-05
-5.193012333097332212e-05
-5.199243575021768738e-05
-5.205743436580494800e-05
-5.212292619888484011e-05
-5.218613067663181954e-05
-5.224196368957895935e-05
-5.230875924606192347e-05
-5.238424711727758071e-05
-5.245287359387374576e-05
-5.252316606479635267e-05
-5.260470487026298739e-05
-5.268239408215437527e-05
-5.274445589257267060e-05
-5.281517601023042645e-05
-5.288199928214009173e-05
-5.295301033901743588e-05
-5.304803217808971242e-05
-5.313926890632923164e-05
-5.323190197902380488e-05
-5.334991990579863715e-05
-5.346328899279105518e-05
-5.356229847993937957e-05
-5.366523564437121225e-05
-5.376605390060729822e-05
-5.386714467089996584e-05
-5.395572274032115747e-05
-5.405429752481229026e-05
-5.415944101574166758e-05
-5.426226331829099629e-05
-5.437693737626803287e-05
-5.449230708804357170e-05
-5.460006650898663089e-05
-5.473405168627775677e-05
-5.486311058117338858e-05
-5.499865093798459635e-05
-5.513884829393470282e-05
-5.529505727212117336e-05
-5.544838022487885969e-05
-5.559907442450651610e-05
-5.575243580207864627e-05
-5.590584807473795948e-05
-5.604248498759309828e-05
-5.617302367483184903e-05
-5.629033319974104398e-05
-5.640261405795763240e-05
-5.650877791836815848e-05
-5.660087936009382259e-05
-5.668855806819171194e-05
-5.678088149322092749e-05
-5.687175978913847676e-05
-5.695781980942070405e-05
-5.704447512448121286e-05
-5.713256598222590414e-05
-5.721016477446550495e-05
-5.727307857558748219e-05
-5.733052430134067345e-05
-5.739339644611714307e-05
-5.743401706931542251e-05
-5.745546106994877940e-05
-5.748817039352725267e-05
-5.751407374490644054e-05
-5.751495299177351996e-05
-5.751652448539604169e-05
-5.752639216564674245e-05
-5.753415840649980594e-05
-5.752565886947144864e-05
-5.751706904188846312e-05
-5.752974837908897594e-05
-5.756120921387529574e-05
-5.757986617196244808e-05
-5.760659667348025424e-05
-5.765430565260763534e-05
-5.772497892564651579e-05
-5.778394962638905855e-05
-5.784367693196049989e-05
-5.790427362024868480e-05
-5.799195321970739150e-05
-5.808321583067239155e-05
-5.816353947683928447e-05
-5.825472398098811047e-05
-5.835788640875660006e-05
-5.846245359907995193e-05
-5.857333951277901172e-05
-5.869543424280019878e-05
-5.882112780108558287e-05
-5.895802403462957930e-05
-5.908406913041920876e-05
-5.920314602181732735e-05
-5.935115265240249310e-05
-5.948228026384380044e-05
-5.959043249584931846e-05
-5.971092936764502558e-05
-5.982595171179488637e-05
-5.992763035358250688e-05
-6.002681462037541202e-05
-6.011778933548604588e-05
-6.022464347554676360e-05
-6.033653520402606249e-05
-6.045803930280373769e-05
-6.058693291400927400e-05
-6.071447409323374835e-05
-6.084251085049782666e-05
-6.097155235740563968e-05
-6.111380275536838649e-05
-6.125594248476573674e-05
-6.138845257189475750e-05
-6.150956503965355842e-05
-6.164162348561236997e-05
-6.177331495808929221e-05
-6.190934420056749571e-05
-6.202935424100984227e-05
-6.215559224687555511e-05
-6.229744362370586179e-05
-6.244925817693959601e-05
-6.260833149597370452e-05
-6.276824372295108825e-05
-6.292737713536674803e-05
-6.310240095580187862e-05
-6.329326094362924511e-05
-6.348397012864000699e-05
-6.367411205387830237e-05
-6.386491747087350858e-05
-6.406056198407194245e-05
-6.427497018550131489e-05
-6.449240730247121525e-05
-6.469860871821588467e-05
-6.489879831515139885e-05
-6.511134136479330568e-05
-6.533177411102566252e-05
-6.555162929986304340e-05
-6.575362920939943243e-05
-6.595747783466395929e-05
-6.615321423450357910e-05
-6.633895743639241661e-05
-6.651424307305657665e-05
-6.667528243796476102e-05
-6.683566394452387796e-05
-6.698912430862845953e-05
-6.713304199602962864e-05
-6.727048319750086229e-05
-6.741405725532271804e-05
-6.755589534624683603e-05
-6.769719630776474778e-05
-6.783489411267604305e-05
-6.798171410691327614e-05
-6.813309162405772619e-05
-6.828229895596417236e-05
-6.843223857240438360e-05
-6.858856001796956661e-05
-6.874401807919974935e-05
-6.889410234764016387e-05
-6.903903539139008257e-05
-6.918912806277985393e-05
-6.934209388930834359e-05
-6.948329698242804175e-05
-6.960870470777667253e-05
-6.974081761195340785e-05
-6.987643529253234533e-05
-7.000491924750263740e-05
-7.013107186136337333e-05
-7.025101543049083090e-05
-7.038105358717576922e-05
-7.051877719554134065e-05
-7.065630948559226002e-05
-7.079455910288841715e-05
-7.094448764712671656e-05
-7.109387476220154997e-05
-7.124396739437597269e-05
-7.140093286424337290e-05
-7.155195243275903698e-05
-7.169310576132659619e-05
-7.183260711529992708e-05
-7.195860227593006068e-05
-7.206901174600339815e-05
-7.217105533938021102e-05
-7.224967544556504489e-05
-7.231366410574802486e-05
-7.238707382615854839e-05
-7.245544884573344507e-05
-7.251040500613352468e-05
-7.257757336051913065e-05
-7.265576566097798022e-05
-7.274405929330414662e-05
-7.283452550535419870e-05
-7.292931304316393375e-05
-7.304464353445809066e-05
-7.317419742971885540e-05
-7.330903512175337782e-05
-7.345205822065801820e-05
-7.359451655459070085e-05
-7.373349031361426113e-05
-7.387456707055046058e-05
-7.401363490537511160e-05
-7.415144050171290765e-05
-7.429805949893511551e-05
-7.444107933858386717e-05
-7.458024316672171071e-05
-7.473175921951676331e-05
-7.489327976487806897e-05
-7.506332541512469305e-05
-7.523577286760516742e-05
-7.541618272511220608e-05
-7.559299173968644404e-05
-7.577667364248527344e-05
-7.596249064545072967e-05
-7.614396475513787147e-05
-7.632738439587469855e-05
-7.650874337713138324e-05
-7.668855488528384767e-05
-7.686980158269732548e-05
-7.703983969600285337e-05
-7.719881199856276437e-05
-7.736398777194098048e-05
-7.753598008155334481e-05
-7.770723557209974338e-05
-7.788619584960574489e-05
-7.807147555583278235e-05
-7.825616188913715049e-05
-7.843558740052366542e-05
-7.862548986111505081e-05
-7.883995391340197206e-05
-7.906728616308638475e-05
-7.930392846790451156e-05
-7.953680632290000170e-05
-7.976262319539113833e-05
-8.000223659235891507e-05
-8.024812240323760549e-05
-8.049928811216833539e-05
-8.074466220585408750e-05
-8.098318886258813265e-05
-8.123859599881149839e-05
-8.150057496531955248e-05
-8.175050237400232397e-05
-8.200236726918264151e-05
-8.226887126522493005e-05
-8.253462644903196421e-05
-8.279604473878990063e-05
-8.305969358935111953e-05
-8.332067263236794417e-05
-8.357342731978465388e-05
-8.382429121682729374e-05
-8.406294917348893436e-05
-8.428851172785802167e-05
-8.451723423374510216e-05
-8.473955525233891565e-05
-8.493860574827119655e-05
-8.512907538102732516e-05
-8.533002234823557823e-05
-8.552403091314132613e-05
-8.572154547777067427e-05
-8.592686560714267593e-05
-8.612636396538212000e-05
-8.632765379679101345e-05
-8.654108392388750327e-05
-8.675212600883868395e-05
-8.695514080410104139e-05
-8.715980389595743487e-05
-8.736151493845699303e-05
-8.755315732928318031e-05
-8.775157732329819734e-05
-8.795234966217086836e-05
-8.814508625079310556e-05
-8.834340909804426338e-05
-8.853681436327640595e-05
-8.873416197418464244e-05
-8.895113022040399518e-05
-8.916808743316369311e-05
-8.938121888737539172e-05
-8.959697053508413060e-05
-8.981419378489536134e-05
-9.003886663973352219e-05
-9.026563666149639445e-05
-9.049657260039084463e-05
-9.073065430307390039e-05
-9.095929495626603012e-05
-9.119079032507542977e-05
-9.142746521399890591e-05
-9.166699765031926259e-05
-9.190592973758884648e-05
-9.214423039031395426e-05
-9.237720048121990921e-05
-9.260741622019917846e-05
-9.283373489369397798e-05
-9.305597597852661616e-05
-9.326642794736355181e-05
-9.346413750463487390e-05
-9.365282254026943416e-05
-9.382809259096162803e-05
-9.398522387879613277e-05
-9.412681514608806630e-05
-9.424474061324735288e-05
-9.432643639744134074e-05
-9.438984102527891323e-05
-9.444730616554152653e-05
-9.448702946032838776e-05
-9.451697184271085376e-05
-9.455997688228784458e-05
-9.462420101359058657e-05
-9.470209365749460389e-05
-9.478871770633736878e-05
-9.489349466451711245e-05
-9.501058535521598580e-05
-9.513176280155937923e-05
-9.525324961106050375e-05
-9.537807226123751485e-05
-9.550298394121734306e-05
-9.562360623981335731e-05
-9.574640131262249806e-05
-9.587198793296708660e-05
-9.599660446830064308e-05
-9.611704979902199037e-05
-9.623806448752366099e-05
-9.636556595681667952e-05
-9.650241428664193058e-05
-9.664293023049990263e-05
-9.679333155855607534e-05
-9.694497065355724467e-05
-9.709342397155914096e-05
-9.724647672682106144e-05
-9.739538353335858080e-05
-9.752772781069051606e-05
-9.764268455665783093e-05
-9.775781644476020716e-05
-9.787996744447483456e-05
-9.799960240289244261e-05
-9.811778978470205687e-05
-9.823737101248972072e-05
-9.835845031311067578e-05
-9.850005338689487590e-05
-9.865929688245497222e-05
-9.882190444273424262e-05
-9.898219584724107551e-05
-9.914131592099622334e-05
-9.931684396698135255e-05
-9.950715718132858902e-05
-9.969446161571431987e-05
-9.987047867035932181e-05
-1.000239831034244067e-04
-1.001589526159162296e-04
-1.002968486151426919e-04
-1.004357349522292260e-04
-1.005676611241241973e-04
-1.006972833175450311e-04
-1.008216425947393714e-04
-1.009413229801459457e-04
-1.010687324624409624e-04
-1.012003426828341965e-04
-1.013304724206469344e-04
-1.014557841021960377e-04
-1.015708154505746779e-04
-1.016822059642785844e-04
-1.017966506773041233e-04
-1.019151574552635653e-04
-1.020299222742271036e-04
-1.021345636097296825e-04
-1.022429550130011361e-04
-1.023703371499877485e-04
-1.025089241837263347e-04
-1.026466659684383340e-04
-1.027774298284191091e-04
-1.029144244796433136e-04
-1.030696238068073690e-04
-1.032336702531083238e-04
-1.034085011005593047e-04
-1.035844627764793041e-04
-1.037468628529748127e-04
-1.039257972007486572e-04
-1.041422537414387424e-04
-1.043711826350560525e-04
-1.045922363465241837e-04
-1.048002227665723594e-04
-1.049882836746454380e-04
-1.051558677002325121e-04
-1.053242245043158911e-04
-1.055222839235036149e-04
-1.057472739182350205e-04
-1.059779212497946761e-04
-1.062068411874281368e-04
-1.064367464957791814e-04
-1.066654151280033527e-04
-1.068880363064101459e-04
-1.071128989061208715e-04
-1.073533725477975026e-04
-1.076055931780127824e-04
-1.078620177703154570e-04
-1.081203986277683149e-04
-1.083778955656736448e-04
-1.086315740255290114e-04
-1.088754548404541903e-04
-1.091061224186114844e-04
-1.093257116779854381e-04
-1.095410178244518487e-04
-1.097485157503667375e-04
-1.099352541158652287e-04
-1.101034494368963764e-04
-1.102678211145370342e-04
-1.104346196413270387e-04
-1.105952893498043509e-04
-1.107428010433020342e-04
-1.108876753078031643e-04
-1.110350620520256237e-04
-1.111788796384502806e-04
-1.113176960873210353e-04
-1.114517194468852868e-04
-1.115837177425351974e-04
-1.117276851230894691e-04
-1.118950827224319980e-04
-1.120840485047653148e-04
-1.122876407394724429e-04
-1.125027125375048032e-04
-1.127258459741320575e-04
-1.129553119519224424e-04
-1.132002187221855594e-04
-1.134639670947739265e-04
-1.137393118086568462e-04
-1.140203763142244337e-04
-1.143029918703506278e-04
-1.145817786908019632e-04
-1.148560059082906747e-04
-1.151300559321840320e-04
-1.154117288320358984e-04
-1.156961560795966872e-04
-1.159715350399217690e-04
-1.162352133065088910e-04
-1.164896693446372002e-04
-1.167357621247198864e-04
-1.169694793793240353e-04
-1.171844082498990235e-04
-1.173808632282397752e-04
-1.175633475306158023e-04
-1.177384381872533447e-04
-1.179073110382363398e-04
-1.180678040696186331e-04
-1.182229461819194296e-04
-1.183823618753630823e-04
-1.185466551541346106e-04
-1.187112647234008698e-04
-1.188767765458689676e-04
-1.190429849807498794e-04
-1.192063629125913055e-04
-1.193715834474211876e-04
-1.195466891802588383e-04
-1.197358678078726995e-04
-1.199372277683858582e-04
-1.201438305427796429e-04
-1.203491379498581432e-04
-1.205469125660086748e-04
-1.207364045556865893e-04
-1.209291167421588752e-04
-1.211374538167496440e-04
-1.213585503903873180e-04
-1.215815506402741274e-04
-1.218011327621583174e-04
-1.220146007884312123e-04
-1.222204210775315993e-04
-1.224235357947472502e-04
-1.226330631080666000e-04
-1.228539435577415671e-04
-1.230810742625707119e-04
-1.233060468384475643e-04
-1.235284442109642095e-04
-1.237513391706167917e-04
-1.239749762505133203e-04
-1.242056568832981974e-04
-1.244522152462823801e-04
-1.247148887280368813e-04
-1.249841909330290932e-04
-1.252513497640929299e-04
-1.255076329034437543e-04
-1.257530973899162409e-04
-1.260022100804729600e-04
-1.262649950677883766e-04
-1.265402570487513618e-04
-1.268241026142474662e-04
-1.271096982026730647e-04
-1.273905905940235679e-04
-1.276626798741969915e-04
-1.279293937037421754e-04
-1.281907399223234756e-04
-1.284466710827543315e-04
-1.286979738241884614e-04
-1.289453227321270398e-04
-1.291870323847169868e-04
-1.294213481674506058e-04
-1.296430365163703637e-04
-1.298533381940788123e-04
-1.300584685792832652e-04
-1.302622344253764029e-04
-1.304616993144540381e-04
-1.306560088835812797e-04
-1.308486358594026524e-04
-1.310497539738879336e-04
-1.312680499962383006e-04
-1.315034395541707488e-04
-1.317496262938825746e-04
-1.320022509506542331e-04
-1.322535044393479949e-04
-1.324969365794607013e-04
-1.327317958299808272e-04
-1.329673467524701645e-04
-1.332103982093109373e-04
-1.334617258011635567e-04
-1.337211678971843851e-04
-1.339887333505409704e-04
-1.342625611294426171e-04
-1.345402772239158299e-04
-1.348177777215991643e-04
-1.350928818832014067e-04
-1.353666101268279033e-04
-1.356353418632764822e-04
-1.358970236767014449e-04
-1.361496047859794215e-04
-1.363946499341960029e-04
-1.366341392278445921e-04
-1.368698303771385169e-04
-1.371071135836239249e-04
-1.373532498384176384e-04
-1.376125671958602491e-04
-1.378848564327908252e-04
-1.381583037661267418e-04
-1.384212869959339438e-04
-1.386675024814872786e-04
-1.388967570101663101e-04
-1.391131171494709316e-04
-1.393262472501059150e-04
-1.395483768056400477e-04
-1.397858476757759172e-04
-1.400360250810838694e-04
-1.402897606452242546e-04
-1.405342566274806523e-04
-1.407586354471358249e-04
-1.409592744250171784e-04
-1.411410795364988159e-04
-1.413159047628996219e-04
-1.414944835685798025e-04
-1.416807207603895625e-04
-1.418797423905158170e-04
-1.420946866205795376e-04
-1.423247063776315597e-04
-1.425660827400624720e-04
-1.428144642372162197e-04
-1.430618214580416082e-04
-1.433029808295069329e-04
-1.435354055388642905e-04
-1.437592568602605227e-04
-1.439798408616766996e-04
-1.442033027113565524e-04
-1.444303544344513229e-04
-1.446554945284745839e-04
-1.448698228655080980e-04
-1.450710743915012673e-04
-1.452603142794176233e-04
-1.454398203336636024e-04
-1.456156192049474422e-04
-1.457923287686248488e-04
-1.459675267244878584e-04
-1.461429648753757892e-04
-1.463251384985533301e-04
-1.465156529668657198e-04
-1.467127992535527869e-04
-1.469133393212998799e-04
-1.471089810480501582e-04
-1.472890381307238308e-04
-1.474476806383176117e-04
-1.475876666276872368e-04
