1.020561397554182430e-08
1.260683796063651246e-08
1.751793315663400783e-08
2.298112813788835143e-08
2.946128859950918171e-08
3.831537268257483887e-08
4.918083543415819768e-08
6.353576021807283788e-08
8.240017759370591030e-08
1.054703320339163282e-07
1.359880263877149071e-07
1.758020224119457937e-07
2.243837134578799623e-07
2.883334044695069761e-07
3.713332350290970237e-07
4.723908167832075908e-07
6.047158555204792237e-07
7.756064637467951500e-07
9.832205869047229788e-07
1.253650757717336267e-06
1.601182318889693377e-06
2.022452897277831712e-06
2.568337578271974428e-06
3.266437922208435642e-06
4.110729284019573463e-06
5.199126845791394515e-06
6.584262625022018679e-06
8.255564344654747611e-06
1.039900885519831108e-05
1.311360764862114780e-05
1.638122430541979666e-05
2.055034185594931164e-05
2.580465824641040777e-05
3.211381610867982387e-05
4.012187010515902262e-05
5.016488685256910695e-05
6.219345188627906627e-05
7.738134122188146239e-05
9.633462776432552446e-05
1.189753816502788766e-04
1.474121107868244613e-04
1.827218792678897538e-04
2.247865634703671931e-04
2.773386501820210358e-04
3.422632970824577409e-04
4.193923515125150985e-04
5.152351847035886419e-04
6.330375872487479247e-04
7.725812511462304888e-04
9.450357580438447031e-04
1.155893970198595576e-03
1.404902926323203663e-03
1.710900904145476811e-03
2.083033081203131652e-03
2.521059265460315162e-03
3.056226973474280781e-03
3.703525279689839911e-03
4.462866047912245580e-03
5.385248507604501432e-03
6.494817319387645622e-03
7.791967784084376757e-03
9.358506669768786382e-03
1.123258272238243823e-02
1.341571327196019320e-02
1.603670372188678930e-02
1.915465625475902545e-02
2.277334654954268553e-02
2.709173545157454385e-02
3.219959709508631029e-02
3.810486438579101937e-02
4.510891903708624112e-02
5.334543817627786927e-02
6.282959692587881950e-02
7.400924599720747066e-02
8.707948761102791979e-02
1.020677833150880759e-01
1.196264123932031243e-01
1.400338841735104256e-01
1.633371847591700288e-01
1.904655468467445767e-01
2.218075606806810263e-01
2.574400818673114322e-01
2.986585579902927279e-01
3.459929267914238493e-01
3.995666812406507007e-01
4.611445408878978580e-01
5.314284443418777482e-01
6.106119330895294350e-01
7.010306653773862307e-01
8.035814596398994647e-01
9.185549908697162591e-01
1.048937346918256353e+00
1.195829389485004057e+00
1.359643913675585569e+00
1.544052036643685843e+00
1.750349461925638561e+00
1.979097912276214677e+00
2.234632694254612417e+00
2.518402988322522518e+00
2.831156202727112881e+00
3.177761303202593091e+00
3.559714321208858667e+00
3.977976323232258249e+00
4.437640884286841114e+00
4.940071952226037233e+00
5.486407061522225348e+00
6.081424167412188275e+00
6.726154779556942742e+00
7.421710136790295564e+00
8.172007826657575080e+00
8.977721316595264511e+00
9.839752172780256601e+00
1.076128143803530435e+01
1.174280455848688121e+01
1.278557782203080251e+01
1.389259493902189213e+01
1.506366452312364679e+01
1.630192341992345106e+01
1.760741086880514317e+01
1.897638447371363668e+01
2.041313319852521246e+01
2.190409811011195984e+01
2.343850707500746466e+01
2.501516694623641612e+01
2.659956365228658370e+01
2.817788485364446416e+01
2.973892752290869979e+01
3.124363444302190729e+01
3.268610412114392005e+01
3.405254564646806159e+01
3.532620816648064022e+01
3.651242066068012804e+01
3.760779691208769293e+01
3.861992070708135572e+01
3.955402683683553988e+01
4.041664658750004691e+01
4.121261567603476550e+01
4.193767480691298744e+01
4.259145419654912956e+01
4.317058488513850989e+01
4.367376786954412893e+01
4.409452458280415499e+01
4.443552649968783896e+01
4.470292155159740588e+01
4.490095377109177832e+01
4.503118961428469191e+01
4.509071549644109922e+01
4.508572636167902914e+01
4.501909816293788680e+01
4.488655309945722394e+01
4.468131039567758478e+01
4.440721372101344855e+01
4.407472801548566110e+01
4.368093602179963142e+01
4.323701877741528676e+01
4.275145676388408589e+01
4.222622947640144275e+01
4.168536394759488672e+01
4.113707559109627709e+01
4.059166121190295229e+01
4.007657954565578251e+01
3.959208244232076623e+01
3.914674641314556425e+01
3.873878107020301087e+01
3.835929732825447047e+01
3.800647953583368377e+01
3.766397725932568363e+01
3.732731478926002922e+01
3.699279147553588842e+01
3.664910185111175167e+01
3.629506033130752485e+01
3.592782868626432702e+01
3.554127127737547909e+01
3.513541011159690441e+01
3.470852805924634055e+01
3.425958347854020758e+01
3.378970204422133605e+01
3.329863709132223448e+01
3.278860682932084814e+01
3.226076570494237217e+01
3.171573176899502400e+01
3.115590223529413905e+01
3.058173135812371157e+01
2.999371519266758312e+01
2.939315348556733909e+01
2.878019438615411829e+01
2.815500876584746592e+01
2.751860133985883294e+01
2.687131256841245985e+01
2.621325174304049810e+01
2.554585270404757225e+01
2.486970625099039012e+01
2.418500724053221163e+01
2.349379102575353784e+01
2.279683274214360722e+01
2.209448564958422168e+01
2.138925857363385674e+01
2.068197936953719207e+01
1.997311531056974232e+01
1.926538291234123079e+01
1.855959085935116804e+01
1.785627929083542043e+01
1.715820517846066195e+01
1.646611090336232763e+01
1.578057796578719518e+01
1.510417747730882354e+01
1.443751830243137135e+01
1.378115766865854930e+01
1.313730151437009397e+01
1.250641190706874362e+01
1.188898745934769607e+01
1.128678568525896253e+01
1.070011543025585432e+01
1.012938884759601876e+01
9.575845642637689892e+00
9.039642613826760709e+00
8.521087524996003637e+00
8.020900049118452557e+00
7.539102067468371082e+00
7.075895656104877141e+00
6.631514158322367791e+00
6.205860911791767798e+00
5.799031623126818857e+00
5.410814492952289889e+00
5.041016760523342910e+00
4.689634806637755560e+00
4.356084785796904058e+00
4.040105110908998043e+00
3.741608687119189369e+00
3.459728953640853977e+00
3.194160033394598752e+00
2.944747815992806217e+00
2.710426996499661456e+00
2.490869574245534235e+00
2.285872023639393458e+00
2.094252982200753621e+00
1.915682457274538786e+00
1.749926355529286548e+00
1.595763353395249773e+00
1.452877182944217527e+00
1.321019922420715975e+00
1.198992190769466282e+00
1.086502672740884190e+00
9.833033532134233257e-01
8.882643456522919534e-01
8.011266169724745589e-01
7.216530910437561896e-01
6.488168780271498237e-01
5.823948880929509242e-01
5.221693070129338476e-01
4.672362144626405756e-01
4.174089002051910580e-01
3.724940707570413290e-01
3.317186911446330377e-01
2.949305773138459208e-01
2.619633298393079235e-01
2.321731315788246319e-01
2.054390336628209301e-01
1.816216754291030688e-01
1.601979353765441705e-01
1.410739758006838429e-01
1.241360447735631450e-01
1.089689413850861571e-01
9.550153117069747066e-02
8.364320661436340509e-02
7.307174242088718130e-02
6.373440675776476105e-02
5.556067748822007824e-02
4.830579850825312410e-02
4.193151703746669789e-02
3.638414059020352725e-02
3.148156378936975419e-02
2.719661775167639059e-02
2.348928298889220098e-02
2.022675883275775258e-02
1.739014315156464652e-02
1.495021282145674903e-02
1.281199136386364928e-02
1.096259260095342782e-02
9.381095810490926862e-03
8.000852858424360378e-03
6.813253714601531612e-03
5.803607602064240166e-03
4.926005915367936625e-03
4.174809045598693903e-03
3.539894582407608278e-03
2.990210718079895982e-03
2.522135237428220315e-03
2.128821917543857224e-03
1.789639662117504257e-03
1.502306678385547083e-03
1.262275681700506793e-03
1.056077128062285269e-03
8.823012576262575070e-04
7.379807146675299674e-04
6.144718417068448539e-04
5.109205280306117420e-04
4.254238908152297642e-04
3.525287320027264558e-04
2.917276358226524838e-04
2.418211849636218937e-04
1.994263098754244174e-04
1.642474293735230254e-04
1.355412568779220458e-04
1.112434982364709119e-04
9.118536137204956871e-05
7.491386777034984585e-05
6.118989076507324752e-05
4.991897477761391804e-05
4.082958759954815226e-05
3.318988852231723516e-05
2.694810369162060443e-05
2.194410615702766906e-05
1.775254961728273850e-05
1.434565301990804438e-05
1.163050277794385483e-05
9.363790665577208428e-06
7.530935274919579650e-06
6.078881099869007190e-06
4.870629605478685565e-06
3.898702300970204160e-06
3.133281316521072347e-06
2.498426156494609740e-06
1.990394025087755009e-06
1.592689038853657441e-06
1.263865465875685386e-06
1.002098936401279170e-06
7.984051544540147528e-07
6.305110080980980120e-07
4.975527730467010613e-07
3.947126197977692891e-07
3.102031804105568757e-07
2.436288412591913370e-07
1.924456059335502669e-07
1.505098697509211680e-07
1.176473530600023362e-07
9.253520575155586023e-08
7.201962764687239399e-08
5.602746754158733693e-08
4.388128829609022685e-08
3.398636910580211705e-08
2.631393862159498938e-08
2.052230319585535936e-08
1.581712107624775274e-08
1.218814475863843772e-08
9.465606505530597891e-09
7.259720005167548899e-09
5.567459375423613183e-09
4.305735196892790929e-09
3.286112319877790613e-09
2.508095567524999473e-09
1.931623697801438651e-09
1.466946345696034992e-09
1.114288033912099834e-09
8.546197981855539217e-10
6.458232008052938640e-10
4.882195072679564239e-10
3.729035655709492000e-10
2.803999209210824544e-10
2.109569730139734765e-10
1.604686854868778878e-10
1.200614596954861362e-10
8.989399572638101480e-11
6.810081587829110877e-11
5.069784603011162382e-11
3.777682072492041960e-11
2.850257201000270108e-11
2.111239612497757380e-11
1.565598000018307843e-11
1.176488340641456734e-11
8.670586101359962358e-12
6.398730560469709885e-12
4.789163731395030949e-12
3.511692057801986042e-12
2.579039065288603710e-12
1.922610767110078755e-12
1.402593190518799085e-12
1.025093696076798417e-12
7.611598730830027594e-13
5.524446255168373918e-13
4.017977375947569834e-13
2.971750100679627315e-13
2.145789801052258531e-13
1.553065476063421132e-13
1.144196979763828904e-13
8.219136015169399759e-14
5.919814905259441827e-14
4.344487739885142612e-14
3.104571814641566243e-14
2.225142063359765821e-14
1.626751609281543237e-14
1.156402549089146756e-14
8.247723507459532619e-15
6.006829458626208127e-15
4.247607949815422309e-15
3.014627401501749688e-15
2.187298184840143052e-15
1.538525223615725862e-15
1.086558212139921852e-15
7.854283530133512595e-16
5.495235842304968035e-16
3.861790585936773190e-16
2.781239325904019837e-16
1.935469783727953716e-16
1.353435516680893505e-16
9.711827285612194102e-17
6.722052801401719478e-17
4.677314989757013989e-17
3.344200267044279482e-17
2.302132703802434061e-17
1.593908023157654587e-17
1.135561426229970300e-17
7.774446687646411744e-18
5.355933937019688514e-18
3.802372615840672735e-18
2.588913101610910966e-18
1.774641210482177876e-18
1.255519487186933003e-18
8.501055404596059923e-19
5.798127945427952067e-19
4.088052829132832855e-19
2.752546239247590844e-19
1.867952735879945478e-19
1.312604399918627091e-19
8.788249282045080343e-20
5.933956488196203664e-20
4.156006079460955124e-20
2.766790187622252167e-20
1.858759962934027884e-20
1.297611499506919832e-20
8.589283121530528208e-21
5.741209285883011892e-21
3.995224632138411868e-21
2.629333953586101717e-21
1.748581239329577038e-21
1.213020699431901860e-21
7.936787270728977493e-22
5.251369894702475526e-22
3.631859152648815227e-22
2.362417941734985734e-22
1.555129559538805173e-22
1.072328093499115418e-22
6.934025214966062252e-23
4.541207433488974871e-23
3.122261144729208268e-23
2.006944355732328630e-23
1.307649511847129239e-23
8.965188449581976354e-24
5.728117302260755273e-24
3.713059967505786088e-24
2.538662636545371432e-24
1.612209660539876609e-24
1.039679471862472840e-24
7.089467774587332174e-25
4.474779398627718741e-25
2.870788862601637660e-25
1.952513980423877436e-25
1.224816167202903539e-25
7.817106183987999097e-26
5.303430073884276899e-26
3.306206547147048458e-26
2.099157510304068542e-26
1.420743068424797239e-26
8.801669060100659633e-27
5.559278641027898359e-27
3.754029890701040997e-27
2.311085455980487302e-27
1.452203316422509412e-27
9.785809461027727538e-28
5.987436996164853781e-28
3.744081397455295645e-28
2.519079177503080778e-28
1.533194095467088469e-28
9.558687433699448264e-29
6.434999557470670955e-29
3.912647756101507611e-29
2.462535806565068816e-29
1.678665443189956368e-29
1.023777784076888987e-29
6.681619946297198410e-30
