-2.999699776867275263e-09
6.017243898890155433e-09
1.485631475217723473e-08
1.926616701064950592e-08
-9.878250849016032830e-09
-7.861383437706764691e-08
-1.738408329524579244e-07
-3.715592579512990945e-08
4.136938243026362383e-07
1.178386959243217291e-06
6.573837981866999721e-07
-1.726724806394693964e-06
-5.975836161926079562e-06
-4.067952754398238666e-06
6.771609172332735207e-06
2.699873914990724003e-05
2.241852340061224381e-05
-1.905059421091880050e-05
-1.047013358953650833e-04
-9.773302790558129581e-05
5.587154743068805480e-05
4.082545188759499491e-04
4.779744126822090856e-04
4.694096231045988201e-05
-1.315612289393567561e-03
-1.957966319337199699e-03
-8.429563086239167443e-04
4.541460383930306585e-03
1.016858184467056905e-02
1.198574238574516559e-02
-2.965968743447242820e-03
-3.349645660859842944e-02
-6.555795889854036662e-02
-4.904090027920811334e-02
8.711125853557055709e-02
3.150706395587038466e-01
4.989178767257105296e-01
1.671522676085520909e-01
-7.121477575353963863e-01
-2.150711997707471568e+00
-2.364720792728926657e+00
-6.971410571026007696e-01
4.189069871661887490e+00
1.142889873178541649e+01
1.924971647831445054e+01
2.376126696453322751e+01
5.351387458381079654e+00
-3.868057596988949598e+01
-1.137930968172792205e+02
-1.769212235569044367e+02
-2.059989653127510962e+02
-1.533389073533022611e+02
1.697322440038388436e+02
7.825588219758909645e+02
1.743220715073147403e+03
3.095109871683213441e+03
4.791179789155900835e+03
6.751063760361245841e+03
8.634323607780241218e+03
1.039426047463931354e+04
1.189481396638687329e+04
1.280909505962045296e+04
1.314822092237294783e+04
1.289695311218537427e+04
1.214419965802998922e+04
1.095196766389399818e+04
9.334201322319704559e+03
7.696664044550437211e+03
6.186312313617096152e+03
4.955735443055886208e+03
4.059870158313335196e+03
3.381909507461123667e+03
2.966150814010455179e+03
2.756732159111932560e+03
2.677105620980785716e+03
2.636989781706483882e+03
2.548596025437923799e+03
2.459511860746619277e+03
2.371102370627810615e+03
2.284648079437750312e+03
2.194320218774643308e+03
2.081444791708549019e+03
1.945970040660510222e+03
1.808925682699946947e+03
1.683545058599260983e+03
1.586924857888895758e+03
1.511078848695145098e+03
1.449817835102328218e+03
1.384246934704442538e+03
1.314584426484914047e+03
1.242436844839878859e+03
1.170679179753005201e+03
1.098809151449069759e+03
1.024121461470462918e+03
9.488759595279666428e+02
8.757504140763776377e+02
8.066150385758922994e+02
7.384738801168880400e+02
6.691121759942674316e+02
6.004380168067725663e+02
5.348620359076664954e+02
4.713287787876041079e+02
4.053789011542905314e+02
3.394377873016551348e+02
2.786262992438126389e+02
2.295674586815000282e+02
1.908766913512912708e+02
1.560923673889048757e+02
1.204536575674750196e+02
8.549885779515295781e+01
5.597730604947813760e+01
3.406554023987746405e+01
1.929732131445702592e+01
9.518216962488303068e+00
3.796111489842322939e+00
-6.862516406428327553e-02
-1.969092222596028341e+00
-2.326265856253171727e+00
-2.320737156588291050e+00
-1.947164932895014022e+00
-1.325988509011932326e+00
-8.209463000620903506e-01
-4.308381459185820495e-01
-1.730457862808401359e-01
-2.419093118335928147e-02
4.030584733661360386e-02
4.656590608889694949e-02
4.753101173990294942e-02
3.730675842227256650e-02
2.139168522333940656e-02
1.144697372818742793e-02
5.634965359519926442e-03
2.556039608438102385e-03
4.301846934653300947e-04
-1.441493387274411613e-04
7.757954876859305066e-05
2.167946753852498880e-05
3.319870195429333977e-05
1.108071858004072301e-04
1.467934425682865859e-04
1.145560227669520663e-04
7.200378956124621271e-05
6.111419676605876674e-05
4.240686992541225743e-05
2.328481955674556393e-05
1.376526508074252402e-05
9.567299620031772807e-06
6.780614899621052051e-06
3.286668568205564443e-06
1.930092571287090173e-06
1.518054854447205917e-06
7.637703795820735382e-07
3.790338052544650675e-07
2.901371542338984360e-07
1.973771513132370452e-07
8.858734507953649156e-08
3.546106545807784638e-08
3.030628622476228900e-08
7.866774110386709444e-09
-6.102460273114959321e-09
-2.231561828215517246e-09
-1.660814835405126291e-09
-2.739862970834841839e-09
-2.409626202781905294e-09
-1.393454196816800839e-09
-9.155986235763198003e-10
-1.048313216688728535e-09
-6.836840972711181566e-10
-3.466368739844138975e-10
-3.203186843896302200e-10
-1.864164557262170310e-10
-7.666623598589247706e-11
-6.752520163068000695e-11
-5.270941577399973929e-11
-4.040243234618886315e-11
-3.462925460758548242e-11
-2.855197807152978324e-11
-1.625610587977145154e-11
-4.990189214453950164e-12
-1.674776283853802134e-12
-1.297999692988202752e-12
3.846765344749072534e-13
1.051055189379115588e-13
-9.083915661690201137e-13
-1.146202184510842052e-12
-1.262010928982215005e-12
-8.250097544165506343e-13
-1.947436696383945362e-13
1.184173985867168161e-13
8.762830272052376965e-14
6.478765844143667939e-15
-1.872831053340956325e-14
-1.304487669452682119e-14
-1.434150919700392990e-14
-1.332588317887248084e-14
-1.069019921230958454e-14
-6.953094306223545706e-15
-2.516513421160801839e-15
-3.185073263978989073e-16
-1.565969780767491475e-16
5.098380710701418531e-16
6.789296142658257334e-16
2.394988714232650175e-16
-9.977038794511454338e-18
6.759974530699749843e-17
1.543924676382924735e-16
1.686724671559421660e-18
-2.816739560674765461e-16
-3.511859617024537169e-16
-2.125819012048371441e-16
2.731766967412492183e-17
1.197411023437308188e-16
9.782614888255717385e-17
2.178050142890373586e-17
-6.601802006984721960e-18
-1.535921856165195891e-17
-1.155186481609445442e-17
-1.059968315798582343e-17
-6.718496088640279101e-18
8.075582700871135411e-19
6.064945330656367428e-18
5.620613777956699498e-18
1.195918327070005295e-18
-1.410537224746363437e-18
-1.432739138029242958e-18
-1.088529278669748820e-19
3.021915043926926769e-19
8.466232425051125850e-20
-1.425985231929276028e-19
8.261319542422448874e-21
1.160499679596872485e-19
7.241351591306737859e-20
-4.160602286621294058e-20
-1.002506045404895202e-19
-6.451272277680314421e-20
-6.186155280387314990e-21
1.512200119068854342e-20
8.770108396899342097e-21
4.800453738828305872e-21
6.162791589337322120e-21
4.820024880764375538e-21
-2.400719054506504174e-22
-2.773437475031439135e-21
-2.285388873483675761e-21
-9.594757429192611985e-22
3.449156375742358942e-22
7.508817518948604030e-22
3.922609493257507092e-22
-7.199604863307045889e-23
-3.123621249252844581e-22
-2.189880163888462697e-22
-2.713408200886645844e-24
1.020214263250770050e-22
3.803745460156546874e-23
-2.088095183690680668e-23
-2.479152489481268670e-23
1.298056450806082578e-24
1.113715255745327496e-23
6.156816068842037850e-24
1.584105120282444461e-24
-1.376750852233888967e-24
-1.365850229776930464e-24
-7.007039328812146607e-25
-9.217848723612151371e-25
-9.919018408502187277e-25
-3.106443641406571605e-25
5.072020366268961634e-25
7.132872551567030437e-25
2.704213707288897876e-25
-3.304999774656202794e-25
-4.422885620526359093e-25
-1.157296314659757351e-25
2.032149868258912477e-25
2.352617839094345212e-25
6.544426008234030463e-26
-1.036317554510529712e-25
-1.211279213191015039e-25
-3.359694731911580645e-26
5.044347153675941940e-26
6.054871020408455416e-26
2.017236130856648005e-26
-1.956543848044010343e-26
-2.641069229679451448e-26
-9.916493622257398387e-27
6.628319331833791233e-27
9.889085308963495314e-27
3.164636650124460050e-27
-4.132329857926980389e-27
