3.997605370400951008e-04
3.997608284903634256e-04
3.997608181548038689e-04
3.997608436623548015e-04
3.997608687919687945e-04
3.997608783243730658e-04
3.997608777316544832e-04
3.997608778724592773e-04
3.997608885685672306e-04
3.997609023652980240e-04
3.997609059169032687e-04
3.997609025903504226e-04
3.997609045170452289e-04
3.997609124095082792e-04
3.997609172091042213e-04
3.997609143022978068e-04
3.997609123571065114e-04
3.997609206235061205e-04
3.997609314656482460e-04
3.997609326524072704e-04
3.997609262858793601e-04
3.997609253315884603e-04
3.997609347332586579e-04
3.997609446390430212e-04
3.997609433980439100e-04
3.997609365338089266e-04
3.997609371097993539e-04
3.997609442009091713e-04
3.997609483230169371e-04
3.997609461762649226e-04
3.997609445274116682e-04
3.997609508633714198e-04
3.997609601480238395e-04
3.997609613195044495e-04
3.997609568869896560e-04
3.997609584584213343e-04
3.997609678360899521e-04
3.997609756704538064e-04
3.997609756714412977e-04
3.997609736059378220e-04
3.997609799681693101e-04
3.997609930830315879e-04
3.997610016408011525e-04
3.997610056543468332e-04
3.997610145368151618e-04
3.997610318942492824e-04
3.997610517149523040e-04
3.997610680156422685e-04
3.997610859817210885e-04
3.997611167396310878e-04
3.997611597045195708e-04
3.997612045973348389e-04
3.997612521847760964e-04
3.997613158392410420e-04
3.997614074911150120e-04
3.997615248362013508e-04
3.997616599702247340e-04
3.997618234153363457e-04
3.997620422413430312e-04
3.997623339214095785e-04
3.997627017336758998e-04
3.997631624793613193e-04
3.997637630749555733e-04
3.997645663363593631e-04
3.997656281934432870e-04
3.997670119572485962e-04
3.997688363687143553e-04
3.997712884607757108e-04
3.997745930397506465e-04
3.997790413889927737e-04
3.997850510769313079e-04
3.997932535230765139e-04
3.998044943723529196e-04
3.998198862075280310e-04
3.998410814417347131e-04
3.998703134750299830e-04
3.999106522746595353e-04
3.999662775621800259e-04
4.000427902207629328e-04
4.001479376821872160e-04
4.002913861866373496e-04
4.004862914084198833e-04
4.007479154172476099e-04
4.010968748347844585e-04
4.015568906693534989e-04
4.021572095657260384e-04
4.029285715676125638e-04
4.039075889757538632e-04
4.051293580958262698e-04
4.066180074530475943e-04
4.083939104523369532e-04
4.104713899159602311e-04
4.128504013405314256e-04
4.155408592324914135e-04
4.185477082303604417e-04
4.218539125675515016e-04
4.254401280793406099e-04
4.292020866510448478e-04
4.330378530524535397e-04
4.368878911931843058e-04
4.408380612122031494e-04
4.450322401647602484e-04
4.495167031965947683e-04
4.542951011986419820e-04
4.593899736718533647e-04
4.647866867426972870e-04
4.704195108220659855e-04
4.763319817619311681e-04
4.825340398229296338e-04
4.890042810329662355e-04
4.957894121594270910e-04
5.027610904913822976e-04
5.094930128414559486e-04
5.158256521469121308e-04
5.215371385175165530e-04
5.265246937958570307e-04
5.308838280322353406e-04
5.346282366222156277e-04
5.381306526680007529e-04
5.417246144390562134e-04
5.460912850276088961e-04
5.509092213662748457e-04
5.558061407499662043e-04
5.608152003995221617e-04
5.658500735184989177e-04
5.705799888784036282e-04
5.748649234972760640e-04
5.787513656473667299e-04
5.822323717633337862e-04
5.857205996802699287e-04
5.894229106268059851e-04
5.931682479313752287e-04
5.967201148141276258e-04
6.001146905670858359e-04
6.034412245463985358e-04
6.067469275434194797e-04
6.102563851715578358e-04
6.140276571020819021e-04
6.177660272942064532e-04
6.213186760262630077e-04
6.247371448631373198e-04
6.281430717702432380e-04
6.315317782264004854e-04
6.348531654412057669e-04
6.381464013521266892e-04
6.415466289287033875e-04
6.450516488340715410e-04
6.485749741179970551e-04
6.520731451616180530e-04
6.554808311177392523e-04
6.588529392318868451e-04
6.622854746992285803e-04
6.657472988931961710e-04
6.691828584523596985e-04
6.726427674274247648e-04
6.761978846995424838e-04
6.798679104211839859e-04
6.836609546567963200e-04
6.874395077722278858e-04
6.911128496667902875e-04
6.946737924824659700e-04
6.980592036871953714e-04
7.012172206347385252e-04
7.041735265492148153e-04
7.070395474554372296e-04
7.098743845859186536e-04
7.126073613574917566e-04
7.151479435775660864e-04
7.174002464568956725e-04
7.193879196089297389e-04
7.212460357276633807e-04
7.230852299442199621e-04
7.248848348525896955e-04
7.266262240407596502e-04
7.283621512803191943e-04
7.301383960150735659e-04
7.319834584204038116e-04
7.339387085350608693e-04
7.360818131469193479e-04
7.383943666334686663e-04
7.407759685814467587e-04
7.431769275248320192e-04
7.456457168919794487e-04
7.482673997578188040e-04
7.510631496793014530e-04
7.539897580288318097e-04
7.570363346985512030e-04
7.601767562660803525e-04
7.633997801053660475e-04
7.666285331664061996e-04
7.698157783057042562e-04
7.729314468420736810e-04
7.759293507088509210e-04
7.788146973429349845e-04
7.816324594105291367e-04
7.844257586269498322e-04
7.872349832278363255e-04
7.900621627416988188e-04
7.928995507920559658e-04
7.958106527307651484e-04
7.988799691329241453e-04
8.021495410975559154e-04
8.055666365046160139e-04
8.089906376839898052e-04
8.123214474686299294e-04
8.155599158209030433e-04
8.185787806704032492e-04
8.210515541401675055e-04
8.228301904308515154e-04
8.243768138854317426e-04
8.261540123346096300e-04
8.280824492834373352e-04
8.299995696424707732e-04
8.318211214968951762e-04
8.335684493117954778e-04
8.353720432109119779e-04
8.373027781048582698e-04
8.393491318539794254e-04
8.414992076551865586e-04
8.437567433857709942e-04
8.461156205664187129e-04
8.485773505134024727e-04
8.511706968405727096e-04
8.539239108921146959e-04
8.568323191355470617e-04
8.598956829838137706e-04
8.630971962224853701e-04
8.664375959873966537e-04
8.699200359846404442e-04
8.734959994301141461e-04
8.770781587841120462e-04
8.805611858553724072e-04
8.838083874282171449e-04
8.867984246697417031e-04
8.897579372221066981e-04
8.929277619997502561e-04
8.962752887501812971e-04
8.995849090561316248e-04
9.028321776678125419e-04
9.062451691347137971e-04
9.100740722342345185e-04
9.144541486344252802e-04
9.191348383609070083e-04
9.237590221650477003e-04
9.283049809220741662e-04
9.326033698523070398e-04
9.357187029223518237e-04
9.379978079418159736e-04
9.413957298374648047e-04
9.457741182195879021e-04
9.507568355209586016e-04
9.560429283980495649e-04
9.611160916513955977e-04
9.656044987908395843e-04
9.694676697721946353e-04
9.727333509618203006e-04
9.758206792934912130e-04
9.792106405181015549e-04
9.831937840126361069e-04
9.878354771351862372e-04
9.927704942466072068e-04
9.973710795214796136e-04
1.001211526464964186e-03
1.004032804908377551e-03
1.006672419414364906e-03
1.009912072941036203e-03
1.013421394252506753e-03
1.016514347763484722e-03
1.019056795047413927e-03
1.021999655464351413e-03
1.025423843271672892e-03
1.028851548364103155e-03
1.032112514044686334e-03
1.035051477061415485e-03
1.037483382173929290e-03
1.039978992828589520e-03
1.043183311690868906e-03
1.047039487491067304e-03
1.051200327641852849e-03
1.055431888981856348e-03
1.059614769449215670e-03
1.063711457860244463e-03
1.067789069645726880e-03
1.071782524479965174e-03
1.075041068596345288e-03
1.076166058662093991e-03
1.076458433763384341e-03
1.078288428365862042e-03
1.081311185096035668e-03
1.084783747178280156e-03
1.088542602883882209e-03
1.092552569266231916e-03
1.096470601142878962e-03
1.099893869966390818e-03
1.103164069621903089e-03
1.106830886153407217e-03
1.110930787266641408e-03
1.114799029697416486e-03
1.117230866967477065e-03
1.117740028894185535e-03
1.117756034811094677e-03
1.118739703668435040e-03
1.121139990440883985e-03
1.124433810510647733e-03
1.128054938310153830e-03
1.131612280519449839e-03
1.134945275500850049e-03
1.136937779523573703e-03
1.137775531948481515e-03
1.139577825588605851e-03
1.143153920893213516e-03
1.147296015391053789e-03
1.149729729176736511e-03
1.150670209766889093e-03
1.151945336118709827e-03
