1.001551029169156072e-06
5.831223732867409461e-06
-7.447717377873003510e-06
-1.826446061715702971e-05
-8.373887692079077748e-07
2.836363340299616627e-05
2.550319889300643083e-05
-1.993632483460791566e-05
-6.426366993267398323e-05
2.956219661386952585e-05
9.147450148888219845e-05
-1.379490900132916101e-05
1.071033922092668621e-04
3.849355606965419166e-04
6.267632085416262582e-04
-6.097639640855771412e-04
-6.718492009815649115e-04
3.240861315191081397e-03
1.324935549507263305e-02
9.191996700769726122e-03
-1.945785192926784146e-02
-2.730713924852441396e-02
2.615906174748755184e-02
9.662305930170110579e-02
-2.193439573496104231e-02
-6.800152298293958564e-02
2.731813158071224601e-01
1.353662110734311419e+00
3.214911393762355518e-02
-4.790181363850066987e+00
-1.558514820162299763e+01
-3.631108567049217584e+01
-6.661779290059843106e+01
-1.223900067802751863e+02
-2.246734523222073676e+02
-3.593493392074628332e+02
-5.422759556317744227e+02
-7.312221499532339521e+02
-8.799199614157475935e+02
-1.009716967732065314e+03
-7.025802096397608238e+02
2.312590685079572665e+02
2.174015474362614896e+03
5.321195064199654553e+03
9.410407205257102760e+03
1.448317589589365889e+04
2.043854310834512580e+04
2.701079556581201905e+04
3.398411342796943791e+04
3.918995044952270109e+04
4.205552747706360969e+04
4.115568413825669268e+04
3.646040105304255121e+04
2.947474775261602554e+04
2.128388044826728947e+04
1.461477850927614600e+04
9.340523110391137379e+03
5.945278828305451498e+03
3.907489461282544198e+03
2.680161836367259639e+03
2.123585927338573129e+03
1.817942080493616231e+03
1.714220576878662314e+03
1.717117971303236118e+03
1.709944786286970384e+03
1.713301526333079664e+03
1.707449207914888348e+03
1.743640670170219892e+03
1.834848972928587045e+03
1.929017791567366658e+03
1.937867180580684362e+03
1.879662133758557047e+03
1.723033302517950233e+03
1.538609550243072817e+03
1.367917959288345173e+03
1.253028596406385077e+03
1.159044844217007721e+03
1.049860314069971082e+03
9.415018203610338787e+02
8.472973520844866471e+02
7.623073462426128799e+02
6.617713705982075680e+02
5.685209787711366971e+02
5.017344636366731834e+02
4.578204435651603035e+02
4.049174598707003838e+02
3.356276426112124227e+02
2.560156940945735755e+02
1.835344644341900562e+02
1.226021653870276111e+02
8.012506595861684389e+01
5.460885795964209422e+01
3.861793128763520144e+01
2.535774189980093851e+01
1.225648642068918015e+01
4.266239459687952262e+00
1.607863256616149705e+00
8.796177632084291043e-01
3.519227587715333394e-01
5.893702202148917019e-02
-3.770222347828073445e-02
1.717824821056580104e-02
2.898270132682093797e-02
-3.193748987419058744e-02
-1.624740180465629458e-02
3.829997950115392527e-03
-9.270740187779851968e-03
-6.894633062523998837e-03
2.716845931378030973e-04
2.346478912088962882e-03
2.890461891028049072e-03
7.899007473785762999e-04
-4.376854523128068867e-04
-4.947060672626135865e-04
-3.574467927005112763e-04
-1.447943061066781010e-04
2.734932238199302870e-04
2.644451408211032388e-04
-2.954512170059067481e-05
-6.018536938312826556e-05
1.179488367024781112e-05
7.035325508913894338e-06
1.090769771305211227e-05
9.675225837719096821e-06
-2.009308723539979226e-06
-3.794892602490685688e-06
4.962081495825834675e-07
2.482533596391571318e-06
7.779148486930900750e-07
-7.674252518762728045e-07
3.311820157541360203e-07
1.791068076550277355e-07
-1.922431347297495817e-07
5.633995957321581958e-08
9.583794691849228987e-08
1.209545193288590386e-08
-4.363523700068904087e-08
-1.467719752132738940e-08
2.020110258415769429e-08
-1.700153776842298615e-08
-1.571788082208606704e-08
9.986527884019411954e-09
4.308997879070898716e-09
-5.949219975866380960e-09
-1.678090604041891223e-09
4.562500717743786519e-09
3.536155691244961984e-10
-1.783653103646511676e-09
1.122393055147078038e-09
4.363113956744457200e-10
-5.366506437445895162e-10
1.330827845619489478e-10
2.140561664145918980e-10
-5.849304109042274531e-11
-9.029777303737371460e-11
1.563052500908966276e-11
3.941946056024987129e-11
-3.164032463666039923e-11
-8.593817777179766879e-12
1.240510533151457074e-11
-1.059013411572576708e-11
1.108104038569269884e-12
