1.801651486610923182e-06
8.818489812112906349e-06
-4.536700418194497128e-06
-1.076499756348709054e-05
4.624009310801759251e-06
4.344408124800267941e-06
8.460919528344570744e-05
3.469140138249791449e-05
-3.080210997289441893e-04
2.309457365923081227e-04
6.418812061087958995e-04
-6.218006000184457798e-04
1.801516786992233177e-04
1.346340928275474406e-03
-2.342256658780250429e-03
1.851616954434617433e-03
8.873740694949809257e-03
-3.278144780555249972e-03
1.465800173405296114e-02
2.507728538029778409e-02
-6.453266635697052500e-02
3.112751564367721019e-02
9.201266379637774995e-02
-3.299280524488006905e-01
-7.723239478468586772e-02
-1.419253624333178809e-01
-2.782291326765585993e+00
-1.772193932316156406e+01
-7.294599225060613890e+01
-1.671249130886262151e+02
-3.052392156743396754e+02
-4.401022638597126502e+02
-5.483164610307981093e+02
-6.289729782465278731e+02
-6.800502981303767456e+02
-6.972844331166447773e+02
-7.172844869610112255e+02
-7.079551464839382788e+02
-6.118634995738171938e+02
-4.025379771945771950e+02
4.228620401582249997e+02
2.037528500083428980e+03
4.781890713194089585e+03
9.032341079430871105e+03
1.457690552717924766e+04
2.185085345630624215e+04
2.933750995884966687e+04
3.598713827681510156e+04
4.025525126658764202e+04
4.047519019441688579e+04
3.758297003228532412e+04
3.160252630551927359e+04
2.490734378759067840e+04
1.835146729907209738e+04
1.273875494110122963e+04
8.776855716189660598e+03
5.950490219670045008e+03
4.377163038757936192e+03
3.497808921080010805e+03
3.017523727427369977e+03
2.834305736459104082e+03
2.724194051702328579e+03
2.698008001034392237e+03
2.718563947820153771e+03
2.725824571180026396e+03
2.727865518740086827e+03
2.683967607823706203e+03
2.607105394687411263e+03
2.531884719235551529e+03
2.417679161826689779e+03
2.275379485701076646e+03
2.138252487309749540e+03
2.039209161592968030e+03
1.937905568179539614e+03
1.792807921489499904e+03
1.568768672439492775e+03
1.328230408603346859e+03
1.126879856781945364e+03
9.839391186816096706e+02
8.754915590654557036e+02
7.737186172061639127e+02
6.711978724850047229e+02
5.729600951434797480e+02
4.881972091186790408e+02
4.171704923988700671e+02
3.548013239268619827e+02
2.980364372101374215e+02
2.421636381288201676e+02
1.816432434411767076e+02
1.201286544877636260e+02
6.809988388381368907e+01
3.743826879458447365e+01
2.179070915676368259e+01
1.523025767979592437e+01
8.486241591260069939e+00
3.846804753817702593e+00
1.477009607697612692e+00
4.183054289596641051e-01
1.149888058540629726e-01
4.441813519386563630e-02
-1.012878419914462480e-01
9.341861389506239677e-03
6.499579833562048325e-02
-1.921875434460159141e-02
-2.956581271820722949e-04
1.658542172277836790e-02
-1.107570109216248974e-02
-4.313635712046708613e-03
5.649664143280966506e-03
-8.937852418648521702e-05
-2.565137848052264908e-04
7.355175141560623287e-04
-4.344750190715504403e-05
8.325300362069079413e-05
2.208754192186788837e-04
7.444524900260858101e-05
1.651337078122133879e-04
1.066815267854978225e-04
-3.058473390909150971e-05
2.076432784785857492e-05
4.884810771220548506e-05
-5.203546633795670028e-06
8.970349491102994513e-07
1.016616323863139193e-05
-1.926954539957269925e-06
-6.974948272653412971e-07
2.498345502017373456e-06
8.270000390860842922e-07
1.820450768658638373e-07
3.725314033502515865e-07
3.695656178230663376e-07
-1.965230371890383721e-07
-4.105771643979479739e-08
4.361137324957282995e-07
5.299645441076742275e-08
-1.618462166368196670e-07
1.185489637950462833e-07
7.503830224659231818e-08
-4.819090969836272886e-08
-1.306193798140332698e-08
1.772872709982776792e-08
8.190575624966543347e-09
-1.286631520468012381e-08
-2.692035548843593200e-09
5.468416882955725379e-09
-3.654071816172206638e-09
-2.576561451813767708e-09
1.360119329363374469e-09
4.758753334036060583e-10
-4.130079973554202815e-10
-1.337048688707605779e-10
4.476430424007103833e-10
-2.931968398264516774e-13
-2.397510317029660082e-10
1.337923623521482520e-10
6.100975707691854270e-11
-9.241221388512896867e-11
-8.930696064695540155e-12
2.164757778985727781e-11
-1.225934362081160754e-12
-1.309971312417099248e-11
1.165785607219679751e-12
