5.769121167163894967e-19
-6.976943151811896661e-19
4.656344916130070406e-19
4.773153761617552818e-19
-2.973839567014968896e-19
1.427073859043778785e-18
1.696871937330656568e-18
1.590238073762477612e-18
6.111627264532491968e-18
7.945056471610116150e-18
9.489682044361683116e-18
2.102699305652285707e-17
2.659355869220959825e-17
3.139919809544470875e-17
5.834523557675598756e-17
7.200467799447704167e-17
8.514474674263961450e-17
1.495168749828180992e-16
1.876790073758774509e-16
2.309828759525805880e-16
3.947661864557082504e-16
5.106256214014168968e-16
6.484242317146510250e-16
1.061074646858151661e-15
1.381866988825790264e-15
1.759252287199801667e-15
2.745269042450093417e-15
3.549646384401306109e-15
4.505522311793944119e-15
6.816662015788769640e-15
8.814906169491741053e-15
1.128432063680029202e-14
1.682531345826743803e-14
2.196788048826291076e-14
2.850793243006839554e-14
4.198422941799920297e-14
5.522811246546021510e-14
7.222990308512819893e-14
1.046709011552187763e-13
1.379669078818953986e-13
1.811450404385712466e-13
2.586031853401625572e-13
3.415136563734594995e-13
4.505020619747212047e-13
6.355400264883901922e-13
8.409757797568680148e-13
1.111552891902156159e-12
1.547049066595106883e-12
2.040260806147510679e-12
2.681474113586961606e-12
3.666738830224470238e-12
4.788496473136582636e-12
6.225400137006407624e-12
8.361605895132181447e-12
1.080140005459460342e-11
1.391293707914207967e-11
1.844484377807038311e-11
2.367015268136443668e-11
3.036444593518049873e-11
3.995479435885861819e-11
5.114996904466476811e-11
6.551878141414678983e-11
8.569751645846004598e-11
1.094184061616672350e-10
1.396528507601339091e-10
1.811571797098010514e-10
2.299333090115147338e-10
2.913754584515781960e-10
3.739826059267430263e-10
4.707024487067385707e-10
5.912349892403373151e-10
7.507028064076282282e-10
9.367356288570824655e-10
1.166720131840172915e-09
1.467358184972364173e-09
1.816994500172041921e-09
2.246188241455980663e-09
2.801622766817260697e-09
3.445135552607472004e-09
4.228748733205996369e-09
5.233638107162662335e-09
6.391734759966771244e-09
7.789504365462342202e-09
9.568586547444161706e-09
1.160638912889097840e-08
1.404757895329519978e-08
1.714197894941532688e-08
2.066921783679070527e-08
2.488117466571684176e-08
3.022287243984798777e-08
3.630406761689445635e-08
4.358032095880793104e-08
5.284460534757980864e-08
6.341746122313074873e-08
7.612546353974571302e-08
9.237003614481743227e-08
1.109767846721073416e-07
1.334220861913828158e-07
1.621665854586356265e-07
1.951848881677817167e-07
2.351252595362220118e-07
2.863108214046255622e-07
3.452910971647614070e-07
4.169448485222786460e-07
5.088649020148881519e-07
6.153123751698749538e-07
7.453316831929991386e-07
9.120988064492075434e-07
1.106214177144921370e-06
1.343803814702479807e-06
1.647268799156599759e-06
2.001011447124226809e-06
2.432195970559830518e-06
2.978419044846455890e-06
3.613080252523962424e-06
4.380903040570444367e-06
5.345299413475985693e-06
6.460901406553076584e-06
7.804248419848004655e-06
9.483580965069552009e-06
1.142511155154766881e-05
1.376768533951931568e-05
1.669545540552964756e-05
2.009714533767475731e-05
2.422663099321043214e-05
2.938889145295595532e-05
3.542596119432336052e-05
4.277812220746957664e-05
5.193199504217544060e-05
6.266388244273904504e-05
7.568268622345694901e-05
9.174400759169512988e-05
1.105141080540771801e-04
1.330726424472212111e-04
1.605812766250296585e-04
1.925190352806359340e-04
2.304919661370579017e-04
2.762792994189022583e-04
3.290645173283381054e-04
3.912233056448506338e-04
4.654585315414833287e-04
5.505086726102083154e-04
6.498874016455940964e-04
7.676709322867293975e-04
9.019348219692797106e-04
1.057952650669945248e-03
1.241890861156377812e-03
1.450887592902878800e-03
1.693174573351517286e-03
1.978161661757665574e-03
2.301879972136111792e-03
2.677786861262748327e-03
3.120185289776911380e-03
3.624313340721813277e-03
4.212532985431237213e-03
4.905904182064211791e-03
5.700117016141149386e-03
6.631043667731915427e-03
7.727836188744473256e-03
8.989003952546929105e-03
1.046790764552232855e-02
1.220168913920712493e-02
1.419485375048299206e-02
1.652044037755010658e-02
1.922185242040153064e-02
2.231201680711800833e-02
2.588479680519264331e-02
2.998839135280512158e-02
3.464168950189303736e-02
3.995982132664305242e-02
4.599908902048598092e-02
5.277333844688616299e-02
6.041672912932399137e-02
6.900522339492093371e-02
7.853505852799155806e-02
8.915783083317173341e-02
1.009837455651187710e-01
1.139952404946630166e-01
1.283743506670657619e-01
1.442701766375115713e-01
1.616763369387835547e-01
1.808406033139336733e-01
2.019429408676863269e-01
2.250128007412685593e-01
2.504054160879067292e-01
2.783262379951050858e-01
3.088483524225291155e-01
3.424559515914157304e-01
3.793844519150547101e-01
4.197513261622504710e-01
4.641570485644930244e-01
5.128664832388746264e-01
5.660428334717285681e-01
6.243702644448115846e-01
6.881329733960090955e-01
7.575355205391289815e-01
8.333259129212228222e-01
9.158024833417405253e-01
1.005195929048634307e+00
1.102306494661697611e+00
1.207452255498759897e+00
1.320860735637644501e+00
1.443364480154723184e+00
1.575325528989400592e+00
1.716962121211625059e+00
1.869197581964065158e+00
2.032472520616551037e+00
2.207074926434613893e+00
2.394182206167653870e+00
2.594282933406268032e+00
2.807816053134010392e+00
3.036209026718465154e+00
3.279881998948813937e+00
3.539347912293364207e+00
3.815958850534996394e+00
4.109991500735448611e+00
4.421910393035089371e+00
4.752673538380198792e+00
5.102381452598057088e+00
5.471517803565719262e+00
5.860519203240277974e+00
6.269112639694532696e+00
6.697920150257776761e+00
7.146634588181198566e+00
7.614286824070481963e+00
8.101497956050511817e+00
8.606787492047105914e+00
9.128395497078406251e+00
9.666572163541333751e+00
1.021832356134318509e+01
1.078139328527789331e+01
1.135529980846429154e+01
1.193568240686754045e+01
1.252036242069891792e+01
1.310795753209985826e+01
1.369368875200085078e+01
1.427616698134601769e+01
1.485337543337012356e+01
1.542168145542060564e+01
1.598095487798399539e+01
1.652933345083199157e+01
1.706544303856522760e+01
1.759010156458318974e+01
1.810234343879981722e+01
1.860274688419083233e+01
1.909217687562027521e+01
1.957056056659382293e+01
2.003907787512596173e+01
2.049803610933808784e+01
2.094751907436219440e+01
2.138795829398325310e+01
2.181929591568083282e+01
2.224121154764093689e+01
2.265307853037282371e+01
2.305499985823907139e+01
2.344679094874143033e+01
2.382745971385855555e+01
2.419703407504466597e+01
2.455592954775894654e+01
2.490304526262187679e+01
2.523785940029000940e+01
2.556047245516464272e+01
2.586990796588361619e+01
2.616589825772305744e+01
2.644772131510493907e+01
2.671563981760985484e+01
2.697039022575519596e+01
2.721153796813162629e+01
2.744125684533601017e+01
2.766051849590120426e+01
2.787008855094761017e+01
2.807225958251714459e+01
2.826703346392509886e+01
2.845542017019710457e+01
2.863782816018932209e+01
2.881357494210287484e+01
2.898231271845320478e+01
2.914402128622026567e+01
2.929903579947861658e+01
2.944545136860147139e+01
2.958386839019879844e+01
2.971617867167173088e+01
2.984153484309972271e+01
2.996010110952349947e+01
3.007296603862074491e+01
3.018147335526506936e+01
3.028438460553584832e+01
3.038058484345710397e+01
3.047287512564133038e+01
3.056029097876774259e+01
3.063974170432651434e+01
3.071262786171263315e+01
3.077987831884803782e+01
3.084021928142506752e+01
3.089197160865412783e+01
3.093522935109830385e+01
3.097178472326345400e+01
3.099983647653355590e+01
3.101970545950284119e+01
3.103365723276803578e+01
3.104201323888870689e+01
3.104481627176471292e+01
3.104199547114955848e+01
3.103419758339858348e+01
3.102123340245676530e+01
3.100227030664253292e+01
3.097673094744020972e+01
3.094437757204378059e+01
3.090557408719104870e+01
3.085897096932227157e+01
3.080453902010451017e+01
3.074371654157697265e+01
3.067577945354215885e+01
3.060185157195379091e+01
3.052320275383547354e+01
3.044051990070261127e+01
3.035517045050239560e+01
3.026714873694115937e+01
3.017774037154131506e+01
3.008728304385819996e+01
2.999496902713277890e+01
2.990136267276054483e+01
2.980704754487588204e+01
2.971202348779586444e+01
2.961601644651779708e+01
2.952083664462057300e+01
2.942760243625776795e+01
2.933618085826524791e+01
2.924838868876382847e+01
2.916516359153197868e+01
2.908718281889379753e+01
2.901480553727073541e+01
2.894776808808591539e+01
2.888702403586653489e+01
2.883151183714701915e+01
2.878032325514584144e+01
2.873369234694823504e+01
2.869107443141888325e+01
2.865259970122725619e+01
2.861769689903859160e+01
2.858842457346147015e+01
2.856686167905651530e+01
2.855285451590274448e+01
2.855106625073553772e+01
2.856422097486598233e+01
2.859379552632227828e+01
2.864484404555625119e+01
2.871842690712858470e+01
2.881707776662713982e+01
2.894367334696411476e+01
2.909699214144201918e+01
2.927874387773382736e+01
2.948868813180806470e+01
2.972481862360013594e+01
2.998712507531417870e+01
3.027333175717612690e+01
3.058205236280264216e+01
3.091246752089742955e+01
3.126217616093411067e+01
3.163026890221165743e+01
3.201631538257600340e+01
3.241817949938193522e+01
3.283437635047511094e+01
3.326491562683359149e+01
3.370603248461020485e+01
3.415500526992380514e+01
3.461151138531741367e+01
3.506902777522698500e+01
3.552412788555545120e+01
3.597558155271009639e+01
3.641585785799678376e+01
3.684219991869446176e+01
3.725254340791419594e+01
3.764087654412717399e+01
3.800606959941248419e+01
3.834582935879407017e+01
3.865685436576045930e+01
3.893950922203021747e+01
3.919197135613116956e+01
3.941343061360875311e+01
3.960491860193457825e+01
3.976534470508457986e+01
3.989507056263553864e+01
3.999499215682064346e+01
4.006448615451325423e+01
4.010374943902458966e+01
4.011332416801879930e+01
4.009276649315466301e+01
4.004209341642805953e+01
3.996180581521274888e+01
3.985167037699929438e+01
3.971230940206418580e+01
3.954442710763721180e+01
3.934812158092901768e+01
3.912485762644584497e+01
3.887546475818449920e+01
3.860033495674009885e+01
3.830143394697086734e+01
3.797958432171867571e+01
3.763535398925780129e+01
3.727091952928488894e+01
3.688705931754461886e+01
3.648443067348326707e+01
3.606521916977863640e+01
3.563011497128140803e+01
3.517978123229665499e+01
3.471616005880625977e+01
3.423980320253715348e+01
3.375129575019387573e+01
3.325225031766652251e+01
3.274312201742161932e+01
3.222440911516245876e+01
3.169755651715550115e+01
3.116299986262212940e+01
3.062120003412629288e+01
3.007353179881569361e+01
2.952040820206246607e+01
2.896225594332450726e+01
2.840031477790155989e+01
2.783495161037295063e+01
2.726653662906385023e+01
2.669621320120366548e+01
2.612433814248435127e+01
2.555127268791844841e+01
2.497820655151808822e+01
2.440549491176243180e+01
2.383355063128890450e+01
2.326357545027499896e+01
2.269585750485919462e+01
2.213082576245207989e+01
2.156951033644173776e+01
2.101210312424036530e+01
2.045897328015110617e+01
1.991092111389869856e+01
1.936809042419250915e+01
1.883078253079100861e+01
1.829966301131259243e+01
1.777486184058107455e+01
1.725665109254631702e+01
1.674562506205500512e+01
1.624188113075408069e+01
1.574567300128144076e+01
1.525749487038858732e+01
1.477739231952599575e+01
1.430558030456978535e+01
1.384241554118667139e+01
1.338790284716156798e+01
1.294220501542700497e+01
1.250554968229985064e+01
1.207792060232442743e+01
1.165943563185289022e+01
1.125022748365006819e+01
1.085026543326202919e+01
1.045963653149970973e+01
1.007840116283822951e+01
9.706509595128352430e+00
9.344024402416387431e+00
8.990933793009871167e+00
8.647165858374872727e+00
8.312756561201288363e+00
7.987617933510091639e+00
7.671660551742521150e+00
7.364892001972936697e+00
7.067156513804773610e+00
6.778354974539679390e+00
6.498469811927101603e+00
6.227292670164106703e+00
5.964718933979449744e+00
5.710710682884287515e+00
5.465018440316026016e+00
5.227533346520798929e+00
4.998200314033522496e+00
4.776737369259744348e+00
4.563033824160553031e+00
4.357019942706439330e+00
4.158391143884752950e+00
3.967038426486630964e+00
3.782880451509218922e+00
3.605599969451639630e+00
3.435092043361579250e+00
3.271267109822248553e+00
3.113803102887478857e+00
2.962599990237439584e+00
2.817563519100860336e+00
2.678372287187702927e+00
2.544931083614869749e+00
2.417143901915727255e+00
2.294693263057637989e+00
2.177488579037463623e+00
2.065433477494408088e+00
1.958217179226932281e+00
1.855754472059856885e+00
1.757949281561027144e+00
1.664501854381402524e+00
1.575333824345989120e+00
1.490350749398234642e+00
1.409268461507283687e+00
1.332016134265494811e+00
1.258502712534707246e+00
1.188462013777311421e+00
1.121830277647845042e+00
1.058521098150066786e+00
9.982868985877485501e-01
9.410702751464650184e-01
8.867901335395447227e-01
8.352177995729782589e-01
7.863018248332842575e-01
7.399667536316653083e-01
6.960029821057530652e-01
6.543647681372775082e-01
6.149824029299916228e-01
5.776651471484084421e-01
5.423726959106845991e-01
5.090410713854643943e-01
4.774979415064820043e-01
4.477081245067263682e-01
4.196133271987159130e-01
3.930590630721121914e-01
3.680149151605385804e-01
3.444282241877447137e-01
3.221616753519597198e-01
3.011892118899428539e-01
2.814637251917660454e-01
2.628642062778673849e-01
2.453685061956955571e-01
2.289348872415614411e-01
2.134575170739037575e-01
1.989176787770870203e-01
1.852786790491788571e-01
1.724485225925928844e-01
1.604114825188447668e-01
1.491354750219841263e-01
1.385409788017188948e-01
1.286148834091635218e-01
1.193292822930783620e-01
1.106158877225446036e-01
1.024638696621938683e-01
9.484913877740358545e-02
8.771349094129085588e-02
8.104802542420004585e-02
7.483214705456621429e-02
6.901655698454707555e-02
6.359391600914342246e-02
5.854676622977939004e-02
5.383348122812620096e-02
4.944794786993395030e-02
4.537544147255549026e-02
4.158081132806445979e-02
3.805890512911386941e-02
3.479732208085572348e-02
3.176631485663958948e-02
2.896149280503660869e-02
2.637239729675865119e-02
2.397375624301164437e-02
2.176179209273272977e-02
1.972764061130014013e-02
1.784974411371661324e-02
1.612484968821963072e-02
1.454540710500657787e-02
1.309305882554168306e-02
1.176505386062890075e-02
1.055500376431842656e-02
9.447451796899750120e-03
8.440126854790362676e-03
7.527724059491180605e-03
6.697307967827061115e-03
5.946984688213850269e-03
5.272325409953845625e-03
4.662277115456618486e-03
4.115214611311333870e-03
3.627223610186847830e-03
3.188649940864483109e-03
2.798186304895679700e-03
2.452252825943117536e-03
2.142720398930273665e-03
1.868728364278510841e-03
1.627221632153973575e-03
1.411933143092866964e-03
1.222396354619171427e-03
1.056299685413513833e-03
9.090833697558477764e-04
7.804562001536353207e-04
6.687546885854656932e-04
5.705715422768207470e-04
4.856677324589698977e-04
4.127680645679133965e-04
3.492246529757659355e-04
2.948808492182089058e-04
2.487103809809427255e-04
2.087211598288952184e-04
1.748651519808995319e-04
1.463536180580101256e-04
1.217898316038837191e-04
1.011932748076071494e-04
8.400026817133132804e-05
6.927569076728870936e-05
5.705899256917409067e-05
4.696299342624832935e-05
3.837203725826201844e-05
3.132693248043105755e-05
2.556643053980714325e-05
2.069351415837725414e-05
1.674597890455918148e-05
1.355193471161666289e-05
1.086400257507979749e-05
8.714014351085837460e-06
6.992516334188886367e-06
5.550618082398313014e-06
4.412696747004338787e-06
3.511187496359174904e-06
2.759201953095911633e-06
2.174172604297543208e-06
1.715600950025319074e-06
1.334331139658919066e-06
1.042194629671939644e-06
8.156237344337148425e-07
6.276691977798316896e-07
4.859899983188266082e-07
3.772670634628553070e-07
2.871703542777456605e-07
2.204467890920901276e-07
1.697827331251592459e-07
1.277825665302945197e-07
9.727278981459034376e-08
7.434940535862220868e-08
5.530580259215137848e-08
4.176295812304340860e-08
3.169380996083166600e-08
2.329308962397074882e-08
1.745808252811625752e-08
1.316439582448764977e-08
9.557117306446959817e-09
7.116526913021633411e-09
5.338504806955313440e-09
3.829176405988977778e-09
2.837475099747197988e-09
2.121705891935510609e-09
1.505197898617945480e-09
1.113026327213884078e-09
8.322453787954161559e-10
5.856192742821100744e-10
4.341217770803383991e-10
3.262786579552046259e-10
2.291273884048617470e-10
1.715322822749648266e-10
1.305978874687637654e-10
9.256143026168180476e-11
7.070332560711874794e-11
5.507531607450745614e-11
4.004049452984991357e-11
3.154319499757535699e-11
2.535613367125022410e-11
1.920673662769307377e-11
1.568580629156662756e-11
1.303421982544506484e-11
1.034569823436701832e-11
8.720659787038522076e-12
7.440785721032277336e-12
6.145825361879078595e-12
5.291577957913680525e-12
4.589290961429823245e-12
3.894449738924895427e-12
3.391279691372360701e-12
2.964876039386880483e-12
2.555614086639618859e-12
2.236197159010522512e-12
1.960920160636057725e-12
1.703823210539320163e-12
1.492941278358386232e-12
1.309803988404007448e-12
1.142157925021199195e-12
1.000576756785774444e-12
8.772873669276004329e-13
7.659157919147056651e-13
6.703694685753400830e-13
5.871362724974592967e-13
5.125763153254590550e-13
4.481093890016910136e-13
3.919882489567943127e-13
3.419778762140367464e-13
2.985893599901677963e-13
2.608604266075587303e-13
2.273523263164365028e-13
1.982503178738456863e-13
1.729777484365068166e-13
1.505835635328215925e-13
1.311376302594606378e-13
1.142741766037609741e-13
9.935642254621810075e-14
8.641329025915250344e-14
7.520518049245242709e-14
6.530368398420707038e-14
5.672270447670085362e-14
4.930283289748949115e-14
4.275571357638475545e-14
3.708923082306570205e-14
3.219669540860843475e-14
2.788436886905470891e-14
2.415732160898341621e-14
2.094408720675542576e-14
1.811488387145425316e-14
1.567320748552642916e-14
1.357126722131624267e-14
1.172243478812979517e-14
1.012919151768060275e-14
8.759673514856173268e-15
7.556281162277602734e-15
6.520788861865941026e-15
5.632027777036153867e-15
4.851853709392418804e-15
4.181532519333348113e-15
3.607055100039647339e-15
3.103264491911102556e-15
2.671057998227992817e-15
2.301201869199144918e-15
1.977172822045160181e-15
1.699601958174511070e-15
1.462427956684977858e-15
1.254843060156914626e-15
1.077287526353186211e-15
9.257989916566133840e-16
7.933374900495506683e-16
6.802076333471904592e-16
5.838300186452103397e-16
4.996379703667956100e-16
4.278405316351920230e-16
3.667656584554678697e-16
3.134633098882478590e-16
2.680757960334789089e-16
2.295238424664682629e-16
1.959096298729938675e-16
1.673292992158376265e-16
1.430891722148635634e-16
1.219734330130830324e-16
1.040465691744039116e-16
8.886466460223327126e-17
7.565206632144347568e-17
6.445172005549127704e-17
5.498075311709072821e-17
4.674626101716408297e-17
3.977660612277895072e-17
3.389221109565247071e-17
2.878090681214750065e-17
2.446125846455829493e-17
2.081961354068159549e-17
1.765893491528291538e-17
1.499130761555415106e-17
1.274508704069451018e-17
1.079656353409142377e-17
9.153599457167313239e-18
7.771398409081762370e-18
6.572935153988792349e-18
5.563293085065992032e-18
4.714814323616225534e-18
3.979895785493451418e-18
3.361735883233531554e-18
2.843389425499635171e-18
2.395377911826377264e-18
2.019649049742472157e-18
1.705692041491225687e-18
1.435025570745456148e-18
1.208874023445533470e-18
1.020520664733660410e-18
8.583188295365127746e-19
7.231451644611899782e-19
6.106480740375370577e-19
5.136371734747193356e-19
4.327954602946670120e-19
3.653836714160603792e-19
3.071216419515521296e-19
2.585017793734500891e-19
2.178907351342076838e-19
1.827855938480363153e-19
1.534834032516778888e-19
1.290445282144092590e-19
1.079744282613190113e-19
9.042400969872732743e-20
7.584743565624844054e-20
6.332305774714199790e-20
5.292421442106491298e-20
4.432291940022838071e-20
3.694826161161625172e-20
3.084142104526059360e-20
2.580206858664978901e-20
2.148419412057716330e-20
1.791466368770843117e-20
1.497219555819388385e-20
1.245164147179591336e-20
1.037068582756553670e-20
8.656989520832983595e-21
7.189888408881450367e-21
5.980442014248394713e-21
4.985865016281766928e-21
4.135148473743407222e-21
3.434987503616555101e-21
2.860164719925853888e-21
2.368919606461664539e-21
1.965278128003744762e-21
1.634428447456917027e-21
1.351910325374388370e-21
1.120141760467224400e-21
9.304621808910332686e-22
7.686162764208699648e-22
6.360486974780544751e-22
5.277190596887370768e-22
4.353566603408147990e-22
3.598187273654204405e-22
2.981844019205119641e-22
2.456747316028355644e-22
2.027953870124617386e-22
1.678607198640707893e-22
1.381204227790000910e-22
1.138712540599856011e-22
9.414438316806465493e-23
7.736327050560948707e-23
6.370119775753541345e-23
5.260358409010282976e-23
4.317023587104706246e-23
3.550182884949374746e-23
2.928217919974384709e-23
2.399925041131685384e-23
1.971124997401607563e-23
1.623862350247457437e-23
1.329122889720016547e-23
1.090256334649217193e-23
8.971059571953589514e-24
7.332936478886685085e-24
6.007385683208196893e-24
4.937176925802228812e-24
4.030212032378651744e-24
3.297439927368394297e-24
2.706737632727388241e-24
2.206515800120731512e-24
1.802995221306127280e-24
1.478215305746976630e-24
1.203390246324899953e-24
9.820402212032121219e-25
8.041621311268664157e-25
6.537567737313980372e-25
5.328081514611687362e-25
4.357666836970417125e-25
3.537746901107158363e-25
2.879459550246275588e-25
2.352134656158227885e-25
1.906924108543065106e-25
1.550056646163700528e-25
1.264646236609739839e-25
1.023859403626800509e-25
8.311669253594976945e-26
6.773067970890396422e-26
5.475971592668624846e-26
4.439652310111311149e-26
3.613503284286620292e-26
2.917519671527528537e-26
2.362363287728992247e-26
1.920494862473640007e-26
1.548498598806380623e-26
1.252247790533005504e-26
1.016820098848799327e-26
8.187527371971454445e-27
6.612650532162977750e-27
5.363067382428676110e-27
4.312490913289261847e-27
3.478471384223382874e-27
2.817766595369928043e-27
2.262667827526195481e-27
1.822691219704219225e-27
1.474705010791393528e-27
1.182545808531606444e-27
9.513486822618762416e-28
7.687881106975821355e-28
6.156234204851988896e-28
4.946142249338804470e-28
3.992179655996759983e-28
3.192379451180862265e-28
2.561518284469245704e-28
2.064999221227434232e-28
1.649001115791194237e-28
1.321408567096331031e-28
1.063997327040764227e-28
8.484737806511652013e-29
6.790296722017298546e-29
5.461028628218577830e-29
4.348793316908112952e-29
3.475789365908421839e-29
2.792043765257770489e-29
2.220302804856702964e-29
1.772274905912006070e-29
1.421947499934867165e-29
1.129193609113954702e-29
9.001632865018220210e-30
7.213701246723993529e-30
5.720541492264720515e-30
4.554323981082888298e-30
3.645406199546344387e-30
2.886811407073628999e-30
2.295297896042193964e-30
1.835046318015038289e-30
1.451150328347430487e-30
1.152303552385275583e-30
9.201564167747399906e-31
7.266400008525044870e-31
5.762455906851673902e-31
4.596105210116921746e-31
3.624425863323879524e-31
2.870524692448824156e-31
2.286820121758896660e-31
1.800827845257128625e-31
1.424386766702659713e-31
1.133411983007632216e-31
8.912883416433631862e-32
7.040565418074030086e-32
5.595737797940260558e-32
4.394174674115523811e-32
3.466571301929767623e-32
2.751951214593121740e-32
2.157990547469287734e-32
1.700222737593574200e-32
1.348149478952866204e-32
1.055686651724428966e-32
8.306627718390468452e-33
6.578842642744021621e-33
5.144391284063462812e-33
4.042566093651818525e-33
3.197976798299570529e-33
2.497161632518086895e-33
1.959761335712453092e-33
1.548515994579962991e-33
1.207461275142489143e-33
9.463746391664370884e-34
7.469143837676768718e-34
5.815858081080402402e-34
4.552363749534488753e-34
3.588729903160906057e-34
2.790412885710212761e-34
2.181347177614143756e-34
1.717613921526730330e-34
1.333635627682646767e-34
1.041181764526796193e-34
8.188891263440046815e-35
6.349212795990402786e-35
4.950421196278765863e-35
3.889012607772581457e-35
3.011039499570035672e-35
2.344614746731539335e-35
1.839789830019418318e-35
1.422416607095276388e-35
1.106151219220962036e-35
8.669851212263095849e-36
6.693463798584265693e-36
5.198417420378020641e-36
4.069767845073452139e-36
3.137536321323561114e-36
2.433556549446428965e-36
1.903015046113725952e-36
1.465009286953212983e-36
1.134815938182265636e-36
8.863994293878922023e-37
6.814058086195369197e-37
5.271366046974766394e-37
4.112741988018567398e-37
3.157077275000821655e-37
2.439129057362313214e-37
1.900852074140826646e-37
1.457063979869904622e-37
1.124243388892686093e-37
8.751452643454350191e-38
6.698632681210399996e-38
5.161785571214310604e-38
4.013534936258063378e-38
3.067665001868746877e-38
2.360770214680620195e-38
1.833534622936061529e-38
1.399406881125922476e-38
1.075527916979197447e-38
8.343848820158633722e-39
6.359082330533257839e-39
4.880945143530584097e-39
3.782326744965699811e-39
2.878454095019079253e-39
2.206482448703591615e-39
1.707918010499612823e-39
1.297892207730614242e-39
9.935995313231722268e-40
7.682284776695444872e-40
5.829515219277864242e-40
4.456938802498030499e-40
3.442145717298003115e-40
2.608199459166069024e-40
1.991482082274893018e-40
1.536326877343442456e-40
1.162421829662384785e-40
8.864017965818406217e-41
6.830517358234681142e-41
5.160613885985620509e-41
3.930061975588921920e-41
3.025096492939792154e-41
2.282199913445335484e-41
1.735732400010706800e-41
1.334567638702077969e-41
1.005358049678271429e-41
7.636261378583582988e-42
5.864861033753005288e-42
4.411666061642733212e-42
3.346520431120327688e-42
2.567383176449990150e-42
1.928409833181275182e-42
1.460901365512257313e-42
1.119539803716871811e-42
8.396744182130647042e-43
6.352769167955783716e-43
4.863000727485787860e-43
3.641979026584923076e-43
2.751820353275086198e-43
2.104190964936441695e-43
1.573544234255133227e-43
1.187386122991207482e-43
9.069473367305748966e-44
6.772289858338783087e-44
5.103625703353540974e-44
3.893993063839364838e-44
2.903402579769921588e-44
2.185147159395887036e-44
1.665422957022534747e-44
1.239921492791292700e-44
9.319608290529122653e-45
7.095291962806791560e-45
5.274683362027199788e-45
3.959403726242112006e-45
3.011150227602372561e-45
2.235187395366344442e-45
1.675626177184207367e-45
1.272949220522835870e-45
9.435108218993036500e-46
7.063822303072153300e-46
5.360512519462242650e-46
3.967302288486306935e-46
2.966318185853589098e-46
2.248631053381230763e-46
1.661725259757193542e-46
1.240826623039001813e-46
9.396082573895631153e-47
6.933279944622706377e-47
5.170349914695577453e-47
3.911040004586405967e-47
2.881601378182912335e-47
2.146072055214986736e-47
1.621640519230040678e-47
1.193011942026083952e-47
8.873281524206992737e-48
6.697826531924527298e-48
4.920072101826901907e-48
3.654600309473466441e-48
2.755689407901600793e-48
2.021221925992488336e-48
1.499378385956718200e-48
1.129389610164743976e-48
8.271275041465876646e-49
6.127712909110754951e-49
4.610781567791915633e-49
3.371684471906696579e-49
2.494603064549203979e-49
1.875092252689952389e-49
1.369107238303515745e-49
1.011627081310111130e-49
7.596055973198075128e-50
5.537887935884677709e-50
4.086537368488792762e-50
3.065287371744391149e-50
2.231346908950192129e-50
1.644396762550186584e-50
1.232173473687009562e-50
8.955840322686426405e-51
6.591343405352870885e-51
4.933898695443586744e-51
3.580650881826883530e-51
2.631828155278729207e-51
1.968005975720598631e-51
1.426047813908867346e-51
1.046784938151785274e-51
7.819527519271589514e-52
5.657476427793126202e-52
4.147380059853060522e-52
3.094942859312786134e-52
2.235774846718883286e-52
1.636841879766449372e-52
1.220233349330055791e-52
8.801366664397480573e-53
6.435113795723280159e-53
4.792381518561324409e-53
3.451349850735385428e-53
2.520127016153728991e-53
1.874900502583392791e-53
1.348170323583973650e-53
9.831174639595466429e-54
7.306737748456388973e-54
5.245870148619395383e-54
3.820368536089961220e-54
2.836529965908309857e-54
2.033327758078280541e-54
1.478842970471565386e-54
1.096907232466526793e-54
7.850808905836045453e-55
5.702376645104936246e-55
4.225432793166790608e-55
3.019525284687175050e-55
2.190316417527255015e-55
1.621404527232910683e-55
1.156858575182072224e-55
8.380598393432355127e-56
6.197700205826791175e-56
4.415087336710654207e-56
3.194188249517209556e-56
2.359874295143131658e-56
1.678478777823733148e-56
1.212727964668895392e-56
8.950894138085679988e-57
6.356382721747261141e-57
4.586525232346536945e-57
3.381920154021787110e-57
2.397849720419822286e-57
1.727912740917891804e-57
1.272857542899257626e-57
9.010559211490963775e-58
6.484516165536171008e-58
4.772170216782135698e-58
3.372869356128142423e-58
2.424103899272844343e-58
1.782263399739778835e-58
1.257666334072836020e-58
9.026989600059083836e-59
6.630525525134512482e-59
4.671430569151340055e-59
3.348524474930705093e-59
2.457228574738602525e-59
1.728447182373286364e-59
1.237343241560064587e-59
9.071486993955618399e-60
6.371110720686473315e-60
4.555423273347012508e-60
3.337142335218451041e-60
2.340959306021755423e-60
1.673680308216951824e-60
1.226098691205959359e-60
8.610932393634634965e-61
6.223741216915348795e-61
4.562197761918793126e-61
3.207321153167109598e-61
2.531188498751558196e-61
1.927734472284864204e-61
1.290602207404750201e-61
1.416186407698733803e-61
