1.668135478146475605e-15
2.604087117263190567e-16
1.255710067177114729e-15
1.858781212998161699e-15
2.056279692432710178e-15
2.897138413159586588e-15
3.799252554003728522e-15
4.759869703724044927e-15
6.083973266591896397e-15
7.639255185892366052e-15
9.548492044635884190e-15
1.198560727118573843e-14
1.492143449061039212e-14
1.863974739704766724e-14
2.337606361239165350e-14
2.912117994520002478e-14
3.643359157440172174e-14
4.574790666444214726e-14
5.705450677880148052e-14
7.144383400919440777e-14
8.975823712346183977e-14
1.119860285759008292e-13
1.402704307977267707e-13
1.762504013945072218e-13
2.199230443297385504e-13
2.754943639064845330e-13
3.461400552383734685e-13
4.319021908400950400e-13
5.410153377453676851e-13
6.796044546447172826e-13
8.478634788035641380e-13
1.061853204477471902e-12
1.333316718962498723e-12
1.662857991758813190e-12
2.081635317886461333e-12
2.612043050308071857e-12
3.255646956029475816e-12
4.072593194419975647e-12
5.105463979624683006e-12
6.357909045714922683e-12
7.945647906614164223e-12
9.949608156379881085e-12
1.237781338264512682e-11
1.545246190207463528e-11
1.932737874580537042e-11
2.401968713417680732e-11
2.995501178479680348e-11
3.742540798153130483e-11
4.646659522515637955e-11
5.789031934564231406e-11
7.224955955727679379e-11
8.961631450583533112e-11
1.115293052384157551e-10
1.390328543862997986e-10
1.722645714905303982e-10
2.141242363487582637e-10
2.665849786363243927e-10
3.298914836284289063e-10
4.094933147688775492e-10
5.091393198387476867e-10
6.292265733947214511e-10
7.800257991451125065e-10
9.687358817200587595e-10
1.195936513430638814e-09
1.481183850200089028e-09
1.838481766166606472e-09
2.268619813607022133e-09
2.809464446288731042e-09
3.488529490451315275e-09
4.307072221774350867e-09
5.339719485365775466e-09
6.640574125003080446e-09
8.212770092618418877e-09
1.020471893001144020e-08
1.272152622087280679e-08
1.577305822189790641e-08
1.965250158204814316e-08
2.455917474906728143e-08
3.052220262361997233e-08
3.810813585234354558e-08
4.768344260272182426e-08
5.932301704611018734e-08
7.408805156136884360e-08
9.263154678187874888e-08
1.151233463050961613e-07
1.434860778128310075e-07
1.788517093618532912e-07
2.215691514596307909e-07
2.750139125908253614e-07
3.411036314394302572e-07
4.205025717942026510e-07
5.189669795221369374e-07
6.396812114098894276e-07
7.838334259309061843e-07
9.609725589429826920e-07
1.176292945250906190e-06
1.431800169478515250e-06
1.742943003368026395e-06
2.118082961007122295e-06
2.560421152944688802e-06
3.094521275220057431e-06
3.733793395030040035e-06
4.483141894524300732e-06
5.381501301259427995e-06
6.450518933301480494e-06
7.697702965974416184e-06
9.185392308572113811e-06
1.094879205219488245e-05
1.299993160308503471e-05
1.543966800731015154e-05
1.832503504458930915e-05
2.167634603885305601e-05
2.565632662092985996e-05
3.035569346412379785e-05
3.580938382582611189e-05
4.227529962512435773e-05
4.989369114781818119e-05
5.872380059728178121e-05
6.916301942562841170e-05
8.142035920524305431e-05
9.559310999749591172e-05
1.122711509361039572e-04
1.317515959564716916e-04
1.541862500041102455e-04
1.804110207782389701e-04
2.108264391589040701e-04
2.456533600621892393e-04
2.860224715279200422e-04
3.324516430742856005e-04
3.852411238071947277e-04
4.458737439747907953e-04
5.150103995371697234e-04
5.930443199142879139e-04
6.819060775760949888e-04
7.824511507287743852e-04
8.951958202475468560e-04
1.022673856447375894e-03
1.166014706413095276e-03
1.325911711180361710e-03
1.505709623766798887e-03
1.706905343250308266e-03
1.930438627530880157e-03
2.180685863080830678e-03
2.459598415815721171e-03
2.768421568191575029e-03
3.112755710789580008e-03
3.495075241098124803e-03
3.916962637749855924e-03
4.385408995180971846e-03
4.903461868206862757e-03
5.473066832051691824e-03
6.102793957208052858e-03
6.796308175263179874e-03
7.555980565664103567e-03
8.392231734849497221e-03
9.309430909713698951e-03
1.031048610781325724e-02
1.140807903477891044e-02
1.260749011882134757e-02
1.391229487833363539e-02
1.533800510297585011e-02
1.689116054470373579e-02
1.857612373724918525e-02
2.041195804905637443e-02
2.240686849517017909e-02
2.456613755697370852e-02
2.691325634015971288e-02
2.945842377604173182e-02
3.220806268713036213e-02
3.519091001032417093e-02
3.841922631388920706e-02
4.190086947802264261e-02
4.566980931819838302e-02
4.973995542008100706e-02
5.412069321246187198e-02
5.884959936981724177e-02
6.394149262296754122e-02
6.940676377917952278e-02
7.528434752610005387e-02
8.158998718279075746e-02
8.833401908067661790e-02
9.555739226731969904e-02
1.032790255989663730e-01
1.115086891883379366e-01
1.202961619912344959e-01
1.296679818430636066e-01
1.396349217874569004e-01
1.502671594495604834e-01
1.616027921125667011e-01
1.736576596070595058e-01
1.865320627213236104e-01
2.002756375489077589e-01
2.149138851812074646e-01
2.305785877783941562e-01
2.473265318311035910e-01
2.651946679528136008e-01
2.843392644247611512e-01
3.048196736587321931e-01
3.266822285317901864e-01
3.501005589406907537e-01
3.751371494067072265e-01
4.018453988383348108e-01
4.304192387439558232e-01
4.609304289139656841e-01
4.934411889148984653e-01
5.281756558454334671e-01
5.652190241002554849e-01
6.046448191625944935e-01
6.467033491377769394e-01
6.914885454820840494e-01
7.390795814011618114e-01
7.897292928697191572e-01
8.435338911191921918e-01
9.005667144042677208e-01
9.610715859713152565e-01
1.025150742322274766e+00
1.092868681726263835e+00
1.164485664301588397e+00
1.240121257647861297e+00
1.319845747468475494e+00
1.403983825664071317e+00
1.492676233794843599e+00
1.586032978410940375e+00
1.684468868905113714e+00
1.788116764765836697e+00
1.897154253668633439e+00
2.011998347346967364e+00
2.132695239331262815e+00
2.259441429956381420e+00
2.392414965384888959e+00
2.531506870343579241e+00
2.676797985820200232e+00
2.828034350464577962e+00
2.984994323167080132e+00
3.147562605147628645e+00
3.315151157280988414e+00
3.487542886528337327e+00
3.664498016766392752e+00
3.845350736642626721e+00
4.029934344607411845e+00
4.217991377227068739e+00
4.408893508445807186e+00
4.602492234019422312e+00
4.798531498459800204e+00
4.996427922113701570e+00
5.196063055634633443e+00
5.397183270657195386e+00
5.599349088106869488e+00
5.802529948214510291e+00
6.006554303738133704e+00
6.211236854031596977e+00
6.416597171393322085e+00
6.622614783304071828e+00
6.829210337816822296e+00
7.036292395213131989e+00
7.243893930102536238e+00
7.451694532214130362e+00
7.659419628382812206e+00
7.866993716668101655e+00
8.073769260164549877e+00
8.279425574344735139e+00
8.483788387707866363e+00
8.686179361353334016e+00
8.886367044191082698e+00
9.084215502601782788e+00
9.279265314865225989e+00
9.471309580270590445e+00
9.660326739713044120e+00
9.845933113138675807e+00
1.002777387422292854e+01
1.020585916741474719e+01
1.037952322599738508e+01
1.054830751500991148e+01
1.071205965044248920e+01
1.087002552324351967e+01
1.102200468155460378e+01
1.116773437082248321e+01
1.130712443719330729e+01
1.144037157635870727e+01
1.156749166742544865e+01
1.168896996568459024e+01
1.180504562645603706e+01
1.191595375135701751e+01
1.202176079385894170e+01
1.212250345836414489e+01
1.221796105297320345e+01
1.230783607439660443e+01
1.239224184745893176e+01
1.247073909701381211e+01
1.254355557039753499e+01
1.261103301089645434e+01
1.267321976466791256e+01
1.273074977258291263e+01
1.278394563862552680e+01
1.283309204615499333e+01
1.287878724370191286e+01
1.292119299592379456e+01
1.296047566261889017e+01
1.299701025748069405e+01
1.303082105448783068e+01
1.306204308057411545e+01
1.309079794005795705e+01
1.311700068087099602e+01
1.314078482262542558e+01
1.316214732614633043e+01
1.318101223351206386e+01
1.319742886244878832e+01
1.321146008850098319e+01
1.322317468178457744e+01
1.323256245848120294e+01
1.323983889136312442e+01
1.324518877183152732e+01
1.324864063972886363e+01
1.325046606927076631e+01
1.325080853659992286e+01
1.324973637831137907e+01
1.324744499459417568e+01
1.324401120064959514e+01
1.323947182681658674e+01
1.323402837157135181e+01
1.322779791496891910e+01
1.322080148850370840e+01
1.321340680844074100e+01
1.320580655442232043e+01
1.319806744080790573e+01
1.319068126042197342e+01
1.318385794686421164e+01
1.317770265019904130e+01
1.317271986758775881e+01
1.316910274060431973e+01
1.316696490394392605e+01
1.316680494666662860e+01
1.316881450603512782e+01
1.317313014158100515e+01
1.318023888014998768e+01
1.319031894401336480e+01
1.320355400359553855e+01
1.322044514289502359e+01
1.324112328148338591e+01
1.326586984228828214e+01
1.329511388321206766e+01
1.332879069970540087e+01
1.336721343000374063e+01
1.341018827508163369e+01
1.345725506963080775e+01
1.350843525125966949e+01
1.356255647479440718e+01
1.361897190444889283e+01
1.367729834788409704e+01
1.373614354540503157e+01
1.379514871776041929e+01
1.385388438699484404e+01
1.391167443806063631e+01
1.396851084730002590e+01
1.402419373401355251e+01
1.407869954248566735e+01
1.413210140176052754e+01
1.418435279089374212e+01
1.423556102735037143e+01
1.428575289281479144e+01
1.433491747743099687e+01
1.438306814819473090e+01
1.443019637132595179e+01
1.447629475031122581e+01
1.452128955135415644e+01
1.456515379752455708e+01
1.460785692246027168e+01
1.464928725979570068e+01
1.468943654232718288e+01
1.472824709227152695e+01
1.476567762408574858e+01
1.480178781234612906e+01
1.483655192959529501e+01
1.487015241261087084e+01
1.490271868331305605e+01
1.493432323238203452e+01
1.496534030144496796e+01
1.499587413340484865e+01
1.502606420332125303e+01
1.505616415836979094e+01
1.508613752261958751e+01
1.511606870119227075e+01
1.514582982917624498e+01
1.517525623286861780e+01
1.520429270450684989e+01
1.523253614693324387e+01
1.525985434738107571e+01
1.528609592246315430e+01
1.531099842616018947e+01
1.533463544804400946e+01
1.535690951511951852e+01
1.537805106355302875e+01
1.539833764838704866e+01
1.541783570325949171e+01
1.543717887829006585e+01
1.545666191590068905e+01
1.547646351530982223e+01
1.549721298159416172e+01
1.551907414825156017e+01
1.554221127803741176e+01
1.556699160362573586e+01
1.559346801302734065e+01
1.562173381450708476e+01
1.565195202456385637e+01
1.568416082535697598e+01
1.571841081800594608e+01
1.575484325614846526e+01
1.579353902563455847e+01
1.583455426743315719e+01
1.587811015847830731e+01
1.592432005430173092e+01
1.597326389826224435e+01
1.602521160443729187e+01
1.608026729267453092e+01
1.613851724712158031e+01
1.620019863881288913e+01
1.626538329713372377e+01
1.633413994029431393e+01
1.640663738814042105e+01
1.648292263781954148e+01
1.656304152678337971e+01
1.664711399420934157e+01
1.673517420426290414e+01
1.682725707192244968e+01
1.692345315129519179e+01
1.702377520477381623e+01
1.712825799044915343e+01
1.723693384823215169e+01
1.734976532722808074e+01
1.746677725334470210e+01
1.758787409299236870e+01
1.771294574315530568e+01
1.784197966676884306e+01
1.797470553391816495e+01
1.811094895777699776e+01
1.825064241370854745e+01
1.839336411190451415e+01
1.853890633422077983e+01
1.868715573696938037e+01
1.883760640315176715e+01
1.899004322494760544e+01
1.914432951264989313e+01
1.929992770410320446e+01
1.945662346548003185e+01
1.961427125364561164e+01
1.977231631904338727e+01
1.993054327173391016e+01
2.008879841265315846e+01
2.024650321365210104e+01
2.040344119550426427e+01
2.055944340961772099e+01
2.071390703530640209e+01
2.086662441602563334e+01
2.101740636688984409e+01
2.116565581218127079e+01
2.131119683253610830e+01
2.145382951682377382e+01
2.159303164597349678e+01
2.172868627410748488e+01
2.186061193172500339e+01
2.198844329940552456e+01
2.211213593642479225e+01
2.223156345039574333e+01
2.234656389086887529e+01
2.245715377966074655e+01
2.256328356741612140e+01
2.266497378831530440e+01
2.276227120629981115e+01
2.285519519087731766e+01
2.294387176769102865e+01
2.302834684571555712e+01
2.310867599389671767e+01
2.318500450497904097e+01
2.325736340646789913e+01
2.332580823510912538e+01
2.339045433179351363e+01
2.345132381040165370e+01
2.350845236855020559e+01
2.356192551356175002e+01
2.361177146490652845e+01
2.365800716271791160e+01
2.370071774054897418e+01
2.373994899475591325e+01
2.377571273402589824e+01
2.380812506436228304e+01
2.383725138672394905e+01
2.386311370799480258e+01
2.388587427290584131e+01
2.390561096152008957e+01
2.392236531988606885e+01
2.393633841188970379e+01
2.394760792131785010e+01
2.395623469925004656e+01
2.396243232986868676e+01
2.396626522471936482e+01
2.396780435250570207e+01
2.396724147707949371e+01
2.396461916027240235e+01
2.396000466222157499e+01
2.395353925316142707e+01
2.394524215469370532e+01
2.393516437868334279e+01
2.392338394454229089e+01
2.390990169797309406e+01
2.389474591396915670e+01
2.387793726026922769e+01
2.385946663027868198e+01
2.383934091051040838e+01
2.381754313844356830e+01
2.379406241012357270e+01
2.376889179187055845e+01
2.374200060440608340e+01
2.371338108142846934e+01
2.368302210791721407e+01
2.365089742050718158e+01
2.361700306482363132e+01
2.358133094815190489e+01
2.354386595650518998e+01
2.350460548360408097e+01
2.346354681236564588e+01
2.342068228933118590e+01
2.337600740180325332e+01
2.332952291137062772e+01
2.328122023153705911e+01
2.323109096639741011e+01
2.317913569288399955e+01
2.312533787329201118e+01
2.306968526789849605e+01
2.301217526315435080e+01
2.295278080147272703e+01
2.289148727820892049e+01
2.282828772094419634e+01
2.276314623022010863e+01
2.269604768704371267e+01
2.262698137727062786e+01
2.255590663375770433e+01
2.248280924853953167e+01
2.240767644025210004e+01
2.233046718421018539e+01
2.225116889497092387e+01
2.216976858340543899e+01
2.208622813571313870e+01
2.200053668606335577e+01
2.191268241893292767e+01
2.182263169218827770e+01
2.173037512261033299e+01
2.163590263651167689e+01
2.153918518726928255e+01
2.144021465923420422e+01
2.133898251534587942e+01
2.123546391584363136e+01
2.112965217278244978e+01
2.102153976048189676e+01
2.091110632483121989e+01
2.079834727751909540e+01
2.068325588169100371e+01
2.056581786848709115e+01
2.044603172843214622e+01
2.032389193203652411e+01
2.019939285530249506e+01
2.007253698369179773e+01
1.994332090978504723e+01
1.981175017511678504e+01
1.967783184493217874e+01
1.954156560296686962e+01
1.940296980856340525e+01
1.926205632844639837e+01
1.911882856073991022e+01
1.897331828530070297e+01
1.882554218387565470e+01
1.867550752330572550e+01
1.852325940475573063e+01
1.836881929779640288e+01
1.821219817101985328e+01
1.805345412980419439e+01
1.789261342215338146e+01
1.772969048005895587e+01
1.756475622393348957e+01
1.739784165466288712e+01
1.722896455919975622e+01
1.705820869401570761e+01
1.688560969365843789e+01
1.671118878906314720e+01
1.653504259851240832e+01
1.635721109620472546e+01
1.617771915073291567e+01
1.599667593245847108e+01
1.581412526496020554e+01
1.563009576661519873e+01
1.544470827891403708e+01
1.525800985013986555e+01
1.507003272420026541e+01
1.488090794107543502e+01
1.469068510486047430e+01
1.449939968417918834e+01
1.430719101721308029e+01
1.411411061473567052e+01
1.392019656880330913e+01
1.372559444001400131e+01
1.353035704013994334e+01
1.333452440754757795e+01
1.313824627033175396e+01
1.294157616404551625e+01
1.274455540564008160e+01
1.254733592551635724e+01
1.234997140776452085e+01
1.215250381877608632e+01
1.195508545900999664e+01
1.175776959114687692e+01
1.156059827995306577e+01
1.136372260673714152e+01
1.116719487092549734e+01
1.097105683789104980e+01
1.077545708267578739e+01
1.058044641451281009e+01
1.038606607863765596e+01
1.019246100071566019e+01
9.999679934743525678e+00
9.807763451473547889e+00
9.616851531580092427e+00
9.426990252517883917e+00
9.238219241395732695e+00
9.050671930486887007e+00
8.864391110785769357e+00
8.679414989400045854e+00
8.495868673996216813e+00
8.313791172047393374e+00
8.133218655472260750e+00
7.954266244654498941e+00
7.776968825279691799e+00
7.601359926671415579e+00
7.427543342767791046e+00
7.255549631970877655e+00
7.085409188552278970e+00
6.917213527466481438e+00
6.750988764691637556e+00
6.586761818772963295e+00
6.424611352638354589e+00
6.264558996469180130e+00
6.106628008150584819e+00
5.950883982610734257e+00
5.797344084307743728e+00
5.646027871847128843e+00
5.496987945675636311e+00
5.350237066696173827e+00
5.205791160437327925e+00
5.063690062380902468e+00
4.923942210514013595e+00
4.786559992083188497e+00
4.651570735318747651e+00
4.518978658191225684e+00
4.388792669478986497e+00
4.261027861292871144e+00
4.135684391988348807e+00
4.012767720988236420e+00
3.892281099448055226e+00
3.774220875942067011e+00
3.658589126111235768e+00
3.545377898052187060e+00
3.434580061036573095e+00
3.326194470169932860e+00
3.220202851047826442e+00
3.116594958603254639e+00
3.015366683841611550e+00
2.916490434882628158e+00
2.819953209423722296e+00
2.725748226082773229e+00
2.633839584412781765e+00
2.544211867474866828e+00
2.456855898911957770e+00
2.371728451091888790e+00
2.288812039165212475e+00
2.208095351139053975e+00
2.129528822473572891e+00
2.053093262113163675e+00
1.978775486910839154e+00
1.906520619906708847e+00
1.836308129479394591e+00
1.768123243808959133e+00
1.701906812645413991e+00
1.637637315004558225e+00
1.575298683592620375e+00
1.514828513307767244e+00
1.456204621725866843e+00
1.399409938348453730e+00
1.344379779481380988e+00
1.291091605102681505e+00
1.239527626400892757e+00
1.189621799675893321e+00
1.141351504124368699e+00
1.094698502125386996e+00
1.049596226104727359e+00
1.006022218738470420e+00
9.639580342939669810e-01
9.233373137227778304e-01
8.841379748413642492e-01
8.463415677390316860e-01
8.098825764194140797e-01
7.747394797550868351e-01
7.408939988054986658e-01
7.082820253823420842e-01
6.768827643400884275e-01
6.466782705502891471e-01
6.176063564219563817e-01
5.896470926780694732e-01
5.627830253708955288e-01
5.369543358741816208e-01
5.121420678161133777e-01
4.883294005365605428e-01
4.654592413430722053e-01
4.435136793113698683e-01
4.224766386915314587e-01
4.022940063063928928e-01
3.829489616811542207e-01
3.644262491079975352e-01
3.466748980609219433e-01
3.296792050334483304e-01
3.134247792561382084e-01
2.978638899366365944e-01
2.829819633123111244e-01
2.687654995210128073e-01
2.551700582313440324e-01
2.421821946660820679e-01
2.297893160318512651e-01
2.179502864499538173e-01
2.066527748185899016e-01
1.958851057356245096e-01
1.856094260330687362e-01
1.758144883216914145e-01
1.664895373317317184e-01
1.575999407280753439e-01
1.491354916540263142e-01
1.410863445120535964e-01
1.334209824680477052e-01
1.261301862023987141e-01
1.192049919990866291e-01
1.126168552904584924e-01
1.063574863040689517e-01
1.004187605600787292e-01
9.477493975383143032e-02
8.941860466045993550e-02
8.434242067594537040e-02
7.952328304304916162e-02
7.495458429027374025e-02
7.062973117248964872e-02
6.652808100602940200e-02
6.264377852645569567e-02
5.897092639219326388e-02
5.549117281597953921e-02
5.219935357046316671e-02
4.909022242624160731e-02
4.614754372167519103e-02
4.336678215672026132e-02
4.074329533547776938e-02
3.826278442171111849e-02
3.592128200315231057e-02
3.371469884260007432e-02
3.163049299954919652e-02
2.966520716708145877e-02
2.781525308600191551e-02
2.606967182287015655e-02
2.442546290209557727e-02
2.287948861340012574e-02
2.142221068101537659e-02
2.005103658108940354e-02
1.876323292127769424e-02
1.755053282373960494e-02
1.641070630177407161e-02
1.534138258510771811e-02
1.433542819486931068e-02
1.339093305180269131e-02
1.250585060946040120e-02
1.167405180129754694e-02
1.089390675754752826e-02
1.016365684336326992e-02
9.478056985095089162e-03
8.835721371247018743e-03
8.235144879707107304e-03
7.671855675965215220e-03
7.144679763905330619e-03
6.652333651017004051e-03
6.191018689155718124e-03
5.759744179675434055e-03
5.357419454770276541e-03
4.980829719435361097e-03
4.629142308963433983e-03
4.301433758684177454e-03
3.994993763829467193e-03
3.709125277113727113e-03
3.443049377068089102e-03
3.194489949043693468e-03
2.962865743474793305e-03
2.747522381847606558e-03
2.546555871129052833e-03
2.359483347385717741e-03
2.185757331553078806e-03
2.023791307001508027e-03
1.873185594718079338e-03
1.733484023774730211e-03
1.603369572605888157e-03
1.482512571382122238e-03
1.370534369902298320e-03
1.266345539225873472e-03
1.169675104082936292e-03
1.080209826399517771e-03
9.970516310974729922e-04
9.199786059652854432e-04
8.487324556572166476e-04
7.825754563783595633e-04
7.213265885428057434e-04
6.647735940368064119e-04
6.123127452060608692e-04
5.637969687099942534e-04
5.190525179822065962e-04
4.775872554567738644e-04
4.392821382573626303e-04
4.039955373727142896e-04
3.713278172323928325e-04
3.411829536260379864e-04
3.134459602144193478e-04
2.877934796161511028e-04
2.641483096181602855e-04
2.424174252482118677e-04
2.223400739752685266e-04
2.038544010978244724e-04
1.868853896784997788e-04
1.712234882826121755e-04
1.568193267353429549e-04
1.436126082039143083e-04
1.314355377889273816e-04
1.202488666144155283e-04
1.100043067663602380e-04
1.005680107907998164e-04
9.190889622528176082e-05
8.398844642283307684e-05
7.670030027885579740e-05
7.001992993208002510e-05
6.391673475121493748e-05
5.830650338351481727e-05
5.316994539902405217e-05
4.848283823586156899e-05
4.417873883304224147e-05
4.024252823418919691e-05
3.665509689507394196e-05
3.336420167543404432e-05
3.035803719940682364e-05
2.762157778536912186e-05
2.511389247093029313e-05
2.282579936846083790e-05
2.074552587835603410e-05
1.884112310478726023e-05
1.710547718573427560e-05
1.552939922463978311e-05
1.408804464943637456e-05
1.277592178815240387e-05
1.158588588671240315e-05
1.049868795378704161e-05
9.510103177224758282e-06
8.614597292359400728e-06
7.797311768365003642e-06
7.055007685713633763e-06
6.383415409870118027e-06
5.771110664220801412e-06
5.215619339447879303e-06
4.713662662489537343e-06
4.256494502420914805e-06
3.842231815351769535e-06
3.468369897669713453e-06
3.128241649985417972e-06
2.820418687064788122e-06
2.542996756977513428e-06
2.290910886761688292e-06
2.063080867347048394e-06
1.858062081079102959e-06
1.672012603700837093e-06
1.504118331512810507e-06
1.353280699346245893e-06
1.216584455375991751e-06
1.093419292128380422e-06
9.829445974727930774e-07
8.829475098922698190e-07
7.929744025200261038e-07
7.123789114901287302e-07
6.394867037867969623e-07
5.739644265215206742e-07
5.153171466872172141e-07
4.622903892140896691e-07
4.146417184037307345e-07
3.719991111264891244e-07
3.334379348542891839e-07
2.987823089590426657e-07
2.677613423646666968e-07
2.397058329029071467e-07
2.144866822531824275e-07
1.919136478989722371e-07
1.715079447890938405e-07
1.531724915815402880e-07
1.367768897433342526e-07
1.219773138715050838e-07
1.086990520489092469e-07
9.685206218705715388e-08
8.618441645927070008e-08
7.663837053773704668e-08
6.814877407187389323e-08
6.052633979500472371e-08
5.372744402805163136e-08
4.770194328128412151e-08
4.230579758427690802e-08
3.750747561896664167e-08
3.326701415654257488e-08
2.947575886226872176e-08
2.611203478167335726e-08
2.314430686633406228e-08
2.049266849848739981e-08
1.814275028242284597e-08
1.607067621247379575e-08
1.421938233368574848e-08
1.257938086051893274e-08
1.113346471251858653e-08
9.841724903719930184e-09
8.697698767060868426e-09
7.689443058428580024e-09
6.789215288068839905e-09
5.992416311238151419e-09
5.290879548593444400e-09
4.665203313818114375e-09
4.112029173095240927e-09
3.625737035414392319e-09
3.192635834803351877e-09
2.810279831937342821e-09
2.474741133991962413e-09
2.176321865963616323e-09
1.913277322138738224e-09
1.682832618202414888e-09
1.478142682113300232e-09
1.297991966324720805e-09
1.140418876887539025e-09
1.000631989256997072e-09
8.778004285106271455e-10
7.705459765107371839e-10
6.755507244841767175e-10
5.922581868541960261e-10
5.197032502494713410e-10
4.556268707478241847e-10
3.996798202278865358e-10
3.511564515095804340e-10
3.085911709981545615e-10
2.718592814657676934e-10
2.402217912324011286e-10
2.129499271507491836e-10
1.905202784292651177e-10
1.711506940148008702e-10
1.552175039111950931e-10
1.457640484606597330e-10
1.341747930134832069e-10
1.216933681153386018e-10
1.246792382710458796e-10
9.921870237691179439e-11
5.912645613518070215e-11
9.388571953985283737e-11
