-3.054430956060506517e-06
6.080689936002865502e-06
4.321011505607373787e-06
7.765173899841302847e-07
-7.653777462763336855e-06
-3.296895265939133525e-05
2.608446537416177636e-05
9.051749953985234172e-05
1.940190867457915330e-05
-1.417818960612225124e-04
-1.277944309066782625e-04
4.567420898507525422e-05
5.281341311628997507e-04
4.789622091970434088e-04
-6.984059478309760649e-04
9.319734688816381900e-05
1.234693664543146238e-03
-4.641995320633943113e-04
-2.519977201584439313e-03
3.074842742330428404e-03
1.778130742017729540e-02
1.520790952507927187e-04
-1.444334389459180946e-02
2.369546173291125005e-02
8.356608282131924859e-02
4.677335659145034907e-02
-9.344707445329449025e-02
-2.438122545066221947e-01
4.804230093656765982e-02
8.595980044577473667e-01
3.288517955000058723e-01
-2.988198884230427232e+00
-7.312664058447873039e+00
-1.567276994563591508e+01
-4.296767637743577239e+01
-8.842095684112015874e+01
-1.859813048811235490e+02
-3.225587712806382683e+02
-4.587746817491898241e+02
-5.515760270330165440e+02
-3.140919988416796400e+02
3.573791783963428088e+02
1.528827448171981587e+03
3.380914871676122402e+03
5.899126835074348492e+03
9.397710680731030152e+03
1.443847455220996926e+04
2.087368338824394232e+04
2.906636259235398029e+04
3.683584712339034013e+04
4.296131237973144744e+04
4.511008320484236901e+04
4.195161996943795384e+04
3.532086313693522970e+04
2.646681405515547522e+04
1.891288943845286849e+04
1.271110813327045616e+04
8.452218129144361228e+03
5.707761540402419996e+03
3.853072441462886673e+03
2.781297596691699709e+03
2.061496628528809197e+03
1.651958516221194941e+03
1.444675085163029507e+03
1.305364190766020329e+03
1.254287989110590388e+03
1.283067844101108449e+03
1.313325929100668873e+03
1.311781804189948161e+03
1.219026969217755777e+03
1.098493002550102347e+03
1.019604857057172012e+03
1.014480173130601656e+03
1.052847958052323065e+03
1.086623629850499810e+03
1.055835708112697375e+03
9.693406460534077951e+02
8.866102986996553454e+02
8.496263374830738258e+02
8.339791500068946561e+02
7.982973757057214925e+02
7.126022769607276359e+02
5.889973232812086508e+02
4.578384572632934351e+02
3.307360758698345080e+02
2.459403991506361535e+02
2.001818227669598400e+02
1.889865357911805290e+02
1.702534517718963230e+02
1.370032342165648345e+02
9.182807397849640552e+01
5.577243280885284804e+01
3.269292502355869345e+01
2.166015429752211574e+01
1.362964516814659355e+01
6.955136211365666732e+00
2.283729003214099773e+00
3.880807238688182420e-02
-5.404433922930932388e-01
-3.385340022245701963e-01
-3.344452192640505195e-01
-1.363491090242032744e-01
3.948509584209884682e-02
4.749223279458141683e-02
2.646836992768911850e-02
-6.725428483809801558e-03
-1.077169034201552918e-02
1.173070674395209614e-03
3.533709862918003441e-03
-3.506220520341238843e-03
-7.771647414927316914e-04
1.810748249032981998e-03
-5.671051388925075066e-05
-8.989741328838346621e-05
1.812339146395318011e-04
-3.213653644020928211e-05
-1.304177527759198858e-06
5.767617754861763485e-05
3.587705037355062924e-05
1.878076510676517831e-05
8.008226910620327369e-06
8.482989120237122908e-06
4.842885662508273678e-06
1.785179341157721763e-06
2.743331082432548329e-06
2.021743284667559740e-06
-1.786236771197418100e-07
-3.492230319407852899e-07
9.234791978597396659e-07
5.976894743456491036e-07
-4.678627534755992485e-07
-8.688532140849537651e-08
2.116095127326267782e-07
-9.074854239678828985e-08
-8.027702679760846209e-09
5.713091249858807292e-08
-3.646534568126565149e-08
-1.973730601460095699e-08
1.616446845278241021e-08
-3.218484411909270408e-10
-2.705911197677117386e-09
1.350492556133227373e-09
5.442058355194299076e-10
-4.835506131495202484e-10
-5.976016722369677733e-10
-1.554898442503850491e-10
2.123767374082848647e-10
1.835299024993362816e-10
-1.187765369471407809e-11
-1.489207524175843308e-10
-8.930274523576878833e-12
9.310394859608987052e-11
-2.315110857787326989e-11
-3.347636553004000350e-11
7.132070847520341057e-11
-4.122407147733303353e-12
-3.326458792859989138e-11
3.027899860092007821e-11
4.006543834505836206e-12
-1.169542121631461464e-11
1.446310741518527654e-11
-2.632427683810317055e-12
