1.366592075300273623e-07
9.332753958534943273e-08
1.583729514967838101e-07
2.073306250479233325e-07
2.291317176109993507e-07
2.698184114562473849e-07
3.103576521625390982e-07
3.482825896395276238e-07
3.931454027113347156e-07
4.415754787843584602e-07
4.943264186044542352e-07
5.538123209910539649e-07
6.196292717610061102e-07
6.933601706718208378e-07
7.760444267639414180e-07
8.678065411509289751e-07
9.709241346415632707e-07
1.086453100201438847e-06
1.214685940121195614e-06
1.358754479509506791e-06
1.520031076101628838e-06
1.698933795896232044e-06
1.899758137227993189e-06
2.124375891595686765e-06
2.373368093279881067e-06
2.652621585353789646e-06
2.964695149808753249e-06
3.310393042822929416e-06
3.697763813263121369e-06
4.130297827025596414e-06
4.609107027039791728e-06
5.145166284150736687e-06
5.743221583076669575e-06
6.404807999765063845e-06
7.144839877338711002e-06
7.969745094109083024e-06
8.881635386674364486e-06
9.900703373837555689e-06
1.103562167752871587e-05
1.228928576807665929e-05
1.368894082238061890e-05
1.524624496570341870e-05
1.696516162912928120e-05
1.888231737965633542e-05
2.101331406260841236e-05
2.336356118322679024e-05
2.598206747319920762e-05
2.888960504208305222e-05
3.209350826244557827e-05
3.565901450690418074e-05
3.961365258061788874e-05
4.396728862954607297e-05
4.880638601532732800e-05
5.416730695889973005e-05
6.006326538045973806e-05
6.660849214048653575e-05
7.385086199974688354e-05
8.180807119834330944e-05
9.063050916447130490e-05
1.003808915418778373e-04
1.110828998409260198e-04
1.229334711498600221e-04
1.360141980932721485e-04
1.503565642211606866e-04
1.662167510155701359e-04
1.837002360601123954e-04
2.028484215960897109e-04
2.239927099983577742e-04
2.472689567587442027e-04
2.727311919506232715e-04
3.008067549610996916e-04
3.316702352216921142e-04
3.653921308346267435e-04
4.025218747043784583e-04
4.432828060715178313e-04
4.877669980812785323e-04
5.366768419858323298e-04
5.902957810388900425e-04
6.487431942150183274e-04
7.129100158925465863e-04
7.831533595676109030e-04
8.596259673241902956e-04
9.434514473585835443e-04
1.035078436752572299e-03
1.134700976427737698e-03
1.243733397768164014e-03
1.362738728019258867e-03
1.491964183759083608e-03
1.633186325450562129e-03
1.787108321190476051e-03
1.954045443418904633e-03
2.136215145875966590e-03
2.334488136321487967e-03
2.549262472317012380e-03
2.783283269095074026e-03
3.037621795540505331e-03
3.312774355893540433e-03
3.612122855167571901e-03
3.936982739554320022e-03
4.287970571868133032e-03
4.669245890129047546e-03
5.082420511670517407e-03
5.528261415590791407e-03
6.011867532216865796e-03
6.535202547805648438e-03
7.099216443961562165e-03
7.710120686375510242e-03
8.370292450169290396e-03
9.080899291773827237e-03
9.849465341535761434e-03
1.067885534465636173e-02
1.157050082894338708e-02
1.253347743169182064e-02
1.357121695091602874e-02
1.468547345151170747e-02
1.588712127041339711e-02
1.718023078896348255e-02
1.856692934378625578e-02
2.006011709213666519e-02
2.166457787110031771e-02
2.338284697449086874e-02
2.523010791218496807e-02
2.721196794602680213e-02
2.933142405937512812e-02
3.160631053819874803e-02
3.404319704006954911e-02
3.664565410130849604e-02
3.943459177535624943e-02
4.241764032089297837e-02
4.559908179741664624e-02
4.900318405426411922e-02
5.263864046872374775e-02
5.651051782658471356e-02
6.064647367509988507e-02
6.505622403504450479e-02
6.974559672601601812e-02
7.474560216988056227e-02
8.006700875255695626e-02
8.571637598763749699e-02
9.172823119882805853e-02
9.811450938362893670e-02
1.048825744164454538e-01
1.120707880463764905e-01
1.196923122859308714e-01
1.277554587851261192e-01
1.363025076180372219e-01
1.453477260939088911e-01
1.549004315266140352e-01
1.650064395834773268e-01
1.756808913014875351e-01
1.869339881595621089e-01
1.988145294758455472e-01
2.113384131448849401e-01
2.245165267973414647e-01
2.384004633724069178e-01
2.530069924291776240e-01
2.683476180926083199e-01
2.844770308901794498e-01
3.014130804155620291e-01
3.191680099881546440e-01
3.377999820428420619e-01
3.573280167798754681e-01
3.777652224400738223e-01
3.991732922793752025e-01
4.215724246215749593e-01
4.449764955879557671e-01
4.694508279518496696e-01
4.950170492399722511e-01
5.216896034761581147e-01
5.495384993447527400e-01
5.785874944669547881e-01
6.088518123803723370e-01
6.404083306335544012e-01
6.732836305812532895e-01
7.074946162647209880e-01
7.431266624826502465e-01
7.802088739532061501e-01
8.187607495584382500e-01
8.588748906446643794e-01
9.005812713898139199e-01
9.439018054590804230e-01
9.889320476445452313e-01
1.035700856654059754e+00
1.084231273384305361e+00
1.134617105354779110e+00
1.186884951928134813e+00
1.241057778282651958e+00
1.297224431512694398e+00
1.355408731832164815e+00
1.415633043772253741e+00
1.477979078352517961e+00
1.542467316060552207e+00
1.609118943448691219e+00
1.678007393274268289e+00
1.749149994704063626e+00
1.822565457012044865e+00
1.898321315914869079e+00
1.976434607264038634e+00
2.056919966633382391e+00
2.139848680047734764e+00
2.225244523504847027e+00
2.313118188964061073e+00
2.403565579849693101e+00
2.496628109778593174e+00
2.592318981688859658e+00
2.690790591748832394e+00
2.792111240285000129e+00
2.896313522365770332e+00
3.003631761257393951e+00
3.114155511793637920e+00
3.227957015118834594e+00
3.345331566691576164e+00
3.466357881443598021e+00
3.591148016865391757e+00
3.719960625985392788e+00
3.852815672131740588e+00
3.989826902091453409e+00
4.131076628383601346e+00
4.276497082176067721e+00
4.426147232371266504e+00
4.579844771492161293e+00
4.737445461264853996e+00
4.898922954459600021e+00
5.063846403702267907e+00
5.232026412337630994e+00
5.403358467247918462e+00
5.577239419756454986e+00
5.753459881566888257e+00
5.931854999639661230e+00
6.111731180473089609e+00
6.292885539149929208e+00
6.475110450023657371e+00
6.657722706880194963e+00
6.840565847272905842e+00
7.023425293036029693e+00
7.205761418067845980e+00
7.387496493064553249e+00
7.568463641790116547e+00
7.748364177746062786e+00
7.927194213423986113e+00
8.104867784779594686e+00
8.281308575540510475e+00
8.456551943590163489e+00
8.630574891878730170e+00
8.803425503802493779e+00
8.975149156313005250e+00
9.145755204311946329e+00
9.315337824585297355e+00
9.483929827105624710e+00
9.651576186477534236e+00
9.818340763258486703e+00
9.984195003055097217e+00
1.014921052412874936e+01
1.031326986516204514e+01
1.047623265386508429e+01
1.063811441942443103e+01
1.079849714536890382e+01
1.095716085036406717e+01
1.111398347987362278e+01
1.126835590568663648e+01
1.142008794478398670e+01
1.156896368354028759e+01
1.171444785463903848e+01
1.185644332646787369e+01
1.199477174198499085e+01
1.212912123249144791e+01
1.225945929996077766e+01
1.238571833432672342e+01
1.250778702810616849e+01
1.262566361643001045e+01
1.273935859457409059e+01
1.284889474315568769e+01
1.295430026844508298e+01
1.305559695500475570e+01
1.315286118912479019e+01
1.324613299835077207e+01
1.333543095808718171e+01
1.342078043429793865e+01
1.350217724516028817e+01
1.357966524072515924e+01
1.365317032404994890e+01
1.372261829079717721e+01
1.378802918640982078e+01
1.384931971326838784e+01
1.390645375181720311e+01
1.395933102654562497e+01
1.400808148734177294e+01
1.405287502248885900e+01
1.409359703106885497e+01
1.413069679459042405e+01
1.416448684660283952e+01
1.419504119787587548e+01
1.422298160915137899e+01
1.424848878272026020e+01
1.427178654940438740e+01
1.429339384491236054e+01
1.431330932713465565e+01
1.433167354740697697e+01
1.434871140990286342e+01
1.436442621418809651e+01
1.437882995839779809e+01
1.439192623437788932e+01
1.440376256499827790e+01
1.441435308169223184e+01
1.442368921782353652e+01
1.443179080017487870e+01
1.443873150289199891e+01
1.444460315612462686e+01
1.444941233575748996e+01
1.445327135156346010e+01
1.445627460487518867e+01
1.445840028933622001e+01
1.445972503595513103e+01
1.446020827722196245e+01
1.445980147183951736e+01
1.445848186488499465e+01
1.445620566718646849e+01
1.445300339991032779e+01
1.444882912225909521e+01
1.444388487403031363e+01
1.443829662610214903e+01
1.443210391520326397e+01
1.442569080206831167e+01
1.441915825366944226e+01
1.441259861353453431e+01
1.440629828417481839e+01
1.440027966722561104e+01
1.439459699570235429e+01
1.438933861129361880e+01
1.438449625139869781e+01
1.438006478371775287e+01
1.437602692531032567e+01
1.437238499816701598e+01
1.436910146351713813e+01
1.436615170907966110e+01
1.436356167620226465e+01
1.436129746994845746e+01
1.435937907619102383e+01
1.435785008463540358e+01
1.435671369356586879e+01
1.435602987932549013e+01
1.435582785429859598e+01
1.435614925152819055e+01
1.435702616668859299e+01
1.435844170720455892e+01
1.436043915409030625e+01
1.436295580086971135e+01
1.436593244158449956e+01
1.436937643512401053e+01
1.437313876605492524e+01
1.437715386375421112e+01
1.438138799743727780e+01
1.438568851656639502e+01
1.439002069349363211e+01
1.439433813193583944e+01
1.439856949881198211e+01
1.440271918442277332e+01
1.440676262438531907e+01
1.441072001532304725e+01
1.441460900181806437e+01
1.441843384673499884e+01
1.442224203572045127e+01
1.442603609339683501e+01
1.442982769281697308e+01
1.443363415898435242e+01
1.443744369624414858e+01
1.444125618406048872e+01
1.444506472575531575e+01
1.444886510773456934e+01
1.445264717266545773e+01
1.445642377179235361e+01
1.446021376393960445e+01
1.446401181462776009e+01
1.446788128637736826e+01
1.447186089811547127e+01
1.447596262470372430e+01
1.448029369399749733e+01
1.448489583945048409e+01
1.448979845721418158e+01
1.449511479260870139e+01
1.450087169908087326e+01
1.450710357756186397e+01
1.451388779474269342e+01
1.452122946280573323e+01
1.452915338208178575e+01
1.453768377365831377e+01
1.454681026356564821e+01
1.455654253491236716e+01
1.456686324340969740e+01
1.457775664051821529e+01
1.458922110569768904e+01
1.460121821408947085e+01
1.461373233358906276e+01
1.462675569882451398e+01
1.464024249598472593e+01
1.465417899499569110e+01
1.466855409213436090e+01
1.468332343177126376e+01
1.469847685841696361e+01
1.471400282973117868e+01
1.472986611505912613e+01
1.474606049531732488e+01
1.476257733593643628e+01
1.477939191522510853e+01
1.479649909266807839e+01
1.481389361979919883e+01
1.483155381444592003e+01
1.484947223129614002e+01
1.486764406922962145e+01
1.488604257114897322e+01
1.490465781778492982e+01
1.492348304470762521e+01
1.494248613680447058e+01
1.496165697939382078e+01
1.498098757146445337e+01
1.500044538769712688e+01
1.502002126535755977e+01
1.503970771778197602e+01
1.505947396012487616e+01
1.507931093074814477e+01
1.509921162809161110e+01
1.511914526740727815e+01
1.513910246713718699e+01
1.515907572604684184e+01
1.517903419798577502e+01
1.519896939243687939e+01
1.521887370066092871e+01
1.523871928835649925e+01
1.525849942354897948e+01
1.527820759331910949e+01
1.529782016569037495e+01
1.531733128163368463e+01
1.533673524032647073e+01
1.535601020881520817e+01
1.537515040265833299e+01
1.539414964822149479e+01
1.541298699101793979e+01
1.543165769613806049e+01
1.545015539229013157e+01
1.546846320373086314e+01
1.548657862608265923e+01
1.550449704935430262e+01
1.552220858554611382e+01
1.553971225012247181e+01
1.555700639562182275e+01
1.557408613457561763e+01
1.559094983543571900e+01
1.560759776445344116e+01
1.562402394895495661e+01
1.564022441572826416e+01
1.565619884544969942e+01
1.567193477565539972e+01
1.568742604292907039e+01
1.570266982427845193e+01
1.571764708810999167e+01
1.573235133089490922e+01
1.574677750819306965e+01
1.576090531361391101e+01
1.577472970884082670e+01
1.578824547243208798e+01
1.580143628367924080e+01
1.581429864777934746e+01
1.582682880289159755e+01
1.583901467680680142e+01
1.585085299528609504e+01
1.586234131609504061e+01
1.587346805278885142e+01
1.588422907774955561e+01
1.589462202292746440e+01
1.590463267747998799e+01
1.591425614482739448e+01
1.592348917399500152e+01
1.593231534088932477e+01
1.594072988672113311e+01
1.594872869749540278e+01
1.595629613755352771e+01
1.596342852252053035e+01
1.597012163449460331e+01
1.597636343221843802e+01
1.598215173553300161e+01
1.598748308224696402e+01
1.599234994459060921e+01
1.599675150606341312e+01
1.600068557892666377e+01
1.600414833587119645e+01
1.600713972285134545e+01
1.600965874858404447e+01
1.601170346028391478e+01
1.601327380399551714e+01
1.601436926551525275e+01
1.601498818819444026e+01
1.601513034178002570e+01
1.601479508090406867e+01
1.601398133181532302e+01
1.601268929197329172e+01
1.601091850149552442e+01
1.600866987485736104e+01
1.600594433029607799e+01
1.600274208462830927e+01
1.599906581190995958e+01
1.599491660776105029e+01
1.599029489478416721e+01
1.598520351491123925e+01
1.597964351571602748e+01
1.597361496550147564e+01
1.596712104149616884e+01
1.596016329339117057e+01
1.595274216009913992e+01
1.594486266359230875e+01
1.593652673809846654e+01
1.592773609210052399e+01
1.591849649904651365e+01
1.590880896978402070e+01
1.589867553165623626e+01
1.588809915271490780e+01
1.587707938755499271e+01
1.586561664292430507e+01
1.585371048757214041e+01
1.584136062866013894e+01
1.582856586727619685e+01
1.581532681120464545e+01
1.580164512787348485e+01
1.578752038864523399e+01
1.577295799877841276e+01
1.575796088948330897e+01
1.574253095674044189e+01
1.572667588854116616e+01
1.571039738164424904e+01
1.569369816696536013e+01
1.567658241080670045e+01
1.565904955121967745e+01
1.564110062447464067e+01
1.562273459541280296e+01
1.560395025222780063e+01
1.558474661955941265e+01
1.556512142777723540e+01
1.554507470961312521e+01
1.552460540509214759e+01
1.550371400812077205e+01
1.548240169137926969e+01
1.546066879631903035e+01
1.543851807253875918e+01
1.541595029861899668e+01
1.539296674384349650e+01
1.536956897638621911e+01
1.534575637473815668e+01
1.532152979015762995e+01
1.529688732545026220e+01
1.527182716413061314e+01
1.524634909839446628e+01
1.522044798117147479e+01
1.519412142336206806e+01
1.516736835187478327e+01
1.514018161943120866e+01
1.511255864912208224e+01
1.508449780503322479e+01
1.505599108792789487e+01
1.502703603378853359e+01
1.499763069844318153e+01
1.496776734568986633e+01
1.493744390879284012e+01
1.490665863495438259e+01
1.487540463054424400e+01
1.484367996768803621e+01
1.481148349021291288e+01
1.477880794720228508e+01
1.474565059920563215e+01
1.471201041257112152e+01
1.467787725526250497e+01
1.464324693676868527e+01
1.460811737320726955e+01
1.457247455432560912e+01
1.453631355870191477e+01
1.449963076374805304e+01
1.446241070482494706e+01
1.442464927196250279e+01
1.438634234939427969e+01
1.434747674855863941e+01
1.430804980266442428e+01
1.426805844843502769e+01
1.422749275161438831e+01
1.418635045245851423e+01
1.414462980472942100e+01
1.410232134930475567e+01
1.405942179061100994e+01
1.401592941870101150e+01
1.397183212579016143e+01
1.392712544479627645e+01
1.388180647240407595e+01
1.383586060440083898e+01
1.378928342877785340e+01
1.374207106938515999e+01
1.369420938641002650e+01
1.364569511548898184e+01
1.359652461412566460e+01
1.354668652678721941e+01
1.349617865654785653e+01
1.344499832096663816e+01
1.339313673819102135e+01
1.334059204791494757e+01
1.328736224767221685e+01
1.323343976412996348e+01
1.317882272873391969e+01
1.312350927280690627e+01
1.306749248801701135e+01
1.301077072384569711e+01
1.295334212239035310e+01
1.289520084671138278e+01
1.283634576123627902e+01
1.277677518742600782e+01
1.271648485782406190e+01
1.265547429718761308e+01
1.259374212624492451e+01
1.253128612300388056e+01
1.246810664426130089e+01
1.240420274630569786e+01
1.233957500183036693e+01
1.227422477499849407e+01
1.220815184362532868e+01
1.214136012711087531e+01
1.207385188201844173e+01
1.200562779624721799e+01
1.193669470572580771e+01
1.186705535405453737e+01
1.179671112387429410e+01
1.172567064470528386e+01
1.165393690573386820e+01
1.158151154165572727e+01
1.150840445229773223e+01
1.143461912821097926e+01
1.136015729714570632e+01
1.128503090451388147e+01
1.120924444618305493e+01
1.113280006988716231e+01
1.105571305793120018e+01
1.097798913032599444e+01
1.089963132061520312e+01
1.082065874254194249e+01
1.074107807786182356e+01
1.066089338519754115e+01
1.058012692524792797e+01
1.049878590522282984e+01
1.041687514150008731e+01
1.033441897491717754e+01
1.025142494383398351e+01
1.016789826402612640e+01
1.008386488911586021e+01
9.999332837998160528e+00
9.914307604077185587e+00
9.828817099399131507e+00
9.742870081315139430e+00
9.656472475133924149e+00
9.569654743727237900e+00
9.482426468456718993e+00
9.394794226652431135e+00
9.306791203188627293e+00
9.218427641209645529e+00
9.129710836732080281e+00
9.040676253210540025e+00
8.951334522923628967e+00
8.861693523377677906e+00
8.771790251287697515e+00
8.681635529280455899e+00
8.591237588410130854e+00
8.500634363116505554e+00
8.409836819872106517e+00
8.318853375174844800e+00
8.227722680196521310e+00
8.136455895595407384e+00
8.045061584662098753e+00
7.953579165017485408e+00
7.862020027157320179e+00
7.770392930959260980e+00
7.678738105910839273e+00
7.587067120987064150e+00
7.495388975957275157e+00
7.403744544244154291e+00
7.312145441659912315e+00
7.220600877475537693e+00
7.129151974431141348e+00
7.037810241062101291e+00
6.946584992842457673e+00
6.855517120403705533e+00
6.764617902741030697e+00
6.673896633449617255e+00
6.583393560050890159e+00
6.493119659837891966e+00
6.403084100075621343e+00
6.313326214898172140e+00
6.223856642871512079e+00
6.134684363223986026e+00
6.045847635122638231e+00
5.957356727791025541e+00
5.869220402777312273e+00
5.781475704864821097e+00
5.694132485268022847e+00
5.607199264071803135e+00
5.520711677462234235e+00
5.434679084929881832e+00
5.349109722586089966e+00
5.264037551427505512e+00
5.179471356425204398e+00
5.095419021492276990e+00
5.011912546651455358e+00
4.928960078866584382e+00
4.846569072833330161e+00
4.764769344438006371e+00
4.683568375051834209e+00
4.602973132134048129e+00
4.523011127024529898e+00
4.443689172263464826e+00
4.365013722767016269e+00
4.287009931051530387e+00
4.209683932962960284e+00
4.133041665163785794e+00
4.057105858326096381e+00
3.981881941658028001e+00
3.907375321426772352e+00
3.833606196618519757e+00
3.760579248854958756e+00
3.688299323010609587e+00
3.616783963082094822e+00
3.546037078243749807e+00
3.476062914543955884e+00
3.406876290459569745e+00
3.338480349504032940e+00
3.270878717722335072e+00
3.204083502573114473e+00
3.138097110968016690e+00
3.072922553865127693e+00
3.008569299396780750e+00
2.945039047119515807e+00
2.882334213270183021e+00
2.820461701452943615e+00
2.759422520500881326e+00
2.699218509482488315e+00
2.639854056832294127e+00
2.581329490369657531e+00
2.523646078415559657e+00
2.466805733957701197e+00
2.410808121411176952e+00
2.355653940469322194e+00
2.301342694821610912e+00
2.247873419565513231e+00
2.195246256335597224e+00
2.143458412020111226e+00
2.092508338882445251e+00
2.042395645784292668e+00
1.993115391048826401e+00
1.944665492266558049e+00
1.897045061232928154e+00
1.850247165325056287e+00
1.804269230162289350e+00
1.759109907551617002e+00
1.714760423024688452e+00
1.671217748489520538e+00
1.628480108706336749e+00
1.586537029174710955e+00
1.545385067567519588e+00
1.505022051540870320e+00
1.465435953310940009e+00
1.426622960916526628e+00
1.388580536382578057e+00
1.351295258793628440e+00
1.314762995378526478e+00
1.278980878413985556e+00
1.243934264936651379e+00
1.209618750505603746e+00
1.176031177034038366e+00
1.143155851982323501e+00
1.110988145426383911e+00
1.079524648691750244e+00
1.048748785128523986e+00
1.018655741863491615e+00
9.892418972938389343e-01
9.604899465436185224e-01
9.323949338514949670e-01
9.049530597298900414e-01
8.781464394450440025e-01
8.519700132036235329e-01
8.264198370066583310e-01
8.014775898675369215e-01
7.771381458625565841e-01
7.533974491979924526e-01
7.302368821215420303e-01
7.076512888692076952e-01
6.856365341114009082e-01
6.641738371189382928e-01
6.432580461352852552e-01
6.228849775286930956e-01
6.030358134017341776e-01
5.837054369590038982e-01
5.648896457120247128e-01
5.465697008082991415e-01
5.287405484328571159e-01
5.113979944055201399e-01
4.945234848817987028e-01
4.781120542039423715e-01
4.621595412364017941e-01
4.466476727105979094e-01
4.315715934711829571e-01
4.169271977520119243e-01
4.026965779718348903e-01
3.888750089338803284e-01
3.754584601786392639e-01
3.624294644487245920e-01
3.497834430743353429e-01
3.375164584618685071e-01
3.256115480357957281e-01
3.140642934659296781e-01
3.028708652557394188e-01
2.920148600804263750e-01
2.814920312296672611e-01
2.712986703250520604e-01
2.614189787282890642e-01
2.518488903184345484e-01
2.425848287973569606e-01
2.336116371227998922e-01
2.249254365792262844e-01
2.165227919779047772e-01
2.083892166897655385e-01
2.005210241650570158e-01
1.929149274941608927e-01
1.855571314942064676e-01
1.784441445746844934e-01
1.715728334596922366e-01
1.649301079936534853e-01
1.585126724985930491e-01
1.523175509329849353e-01
1.463323647743653422e-01
1.405540135461660900e-01
1.349796803970422232e-01
1.295976987028534810e-01
1.244051610152173970e-01
1.193994101386182671e-01
1.145694859922323505e-01
1.099126707190453550e-01
1.054264659306263924e-01
1.011006078326432689e-01
9.693256363731632408e-02
9.291999177165641277e-02
8.905331023406730384e-02
8.533016585679549515e-02
8.174837090204209455e-02
7.829900703246184257e-02
7.497989446983344131e-02
7.178899547911463119e-02
6.871803417742711195e-02
6.576499730410216571e-02
6.292799256608473668e-02
6.019936276572952771e-02
5.757725378214143680e-02
5.505991359218848774e-02
5.264027785410280158e-02
5.031664383296362980e-02
4.808739410536167630e-02
4.594602977177250636e-02
4.389099147421576808e-02
4.192079032963185597e-02
4.002946432840034929e-02
3.821558933469316327e-02
3.647779865997514276e-02
3.481063790170898370e-02
3.321280994290745636e-02
3.168306375182435020e-02
3.021642288642399296e-02
2.881170908172774742e-02
2.746778031852252500e-02
2.618010842962531851e-02
2.494762594504646228e-02
2.376929318353635662e-02
2.264100081274937615e-02
2.156178427304161413e-02
2.053069958363733238e-02
1.954402730007066477e-02
1.860089811348904568e-02
1.770045720203284809e-02
1.683934676720431206e-02
1.601678535996312394e-02
1.523200092212169052e-02
1.448196994171909238e-02
1.376599174177449425e-02
1.308337082091217893e-02
1.243139162074338895e-02
1.180942747812069142e-02
1.121685346436246920e-02
1.065123678102795901e-02
1.011201836888412850e-02
9.598638138268434511e-03
9.108922081529883738e-03
8.642372694100687244e-03
8.198489264164592755e-03
7.775333890855508009e-03
7.372464942689766973e-03
6.989435913823809597e-03
6.624523649813958068e-03
6.277337080723924094e-03
5.947479035134831983e-03
5.633421085750952781e-03
5.334817780834868496e-03
5.051316716532969382e-03
4.781565512064332550e-03
4.525259752941939925e-03
4.282087538180445047e-03
4.050855171870451805e-03
3.831295048998643003e-03
3.623131800953859581e-03
3.425314342031035488e-03
3.237607990203563227e-03
3.059770222727594465e-03
2.890877737846475788e-03
2.730725217610238242e-03
2.579099573770589262e-03
2.435191669758742135e-03
2.298822305318263138e-03
2.169804685006246174e-03
2.047431383349689830e-03
1.931546367588262911e-03
1.821986260054958952e-03
1.718134009027005773e-03
1.619854077485249986e-03
1.527003892972510907e-03
1.439046499801484085e-03
1.355864444454353990e-03
1.277333600098335678e-03
1.202987821252166946e-03
1.132725565850157970e-03
1.066439029339573278e-03
1.003724507281129755e-03
9.444944185840698989e-04
8.886553714327318160e-04
8.358585738456773351e-04
7.860286597151209956e-04
7.390849303814886343e-04
6.947267479976333444e-04
6.528894044567689963e-04
6.135033440285224101e-04
5.763100336823896849e-04
5.412540408334546920e-04
5.082755569570128256e-04
4.771527601878910443e-04
4.478382710844441622e-04
4.202807774627464522e-04
3.942903812027931756e-04
3.698266789556778323e-04
3.468457416876511595e-04
3.251853643557500772e-04
3.048111730437728798e-04
2.856856385985247953e-04
2.676705239916234375e-04
2.507366540719991373e-04
2.348520362185543809e-04
2.198991302453489737e-04
2.058532319754866535e-04
1.926871298138827676e-04
1.803011134203290713e-04
1.686743132211656704e-04
1.577836382130530339e-04
1.475446996737645594e-04
1.379399077870250569e-04
1.289497148491744851e-04
1.205028641683529578e-04
1.125845636366499988e-04
1.051783044993777132e-04
9.822405590632907256e-05
9.170940623305488424e-05
8.562044585931483771e-05
7.990671556709435142e-05
7.455782436306728151e-05
6.956207942346026303e-05
6.487716234198399477e-05
6.049439331525026278e-05
5.640396520475343185e-05
5.257046668780804744e-05
4.898666373010355412e-05
4.564434921079858244e-05
4.251395814040734414e-05
3.958947511325623593e-05
3.686404738302362312e-05
3.431304666143989102e-05
3.193148224067365285e-05
2.971364511725267635e-05
2.763906562754884699e-05
2.570361259428895640e-05
2.390254059820828069e-05
2.221887473334644889e-05
2.064920305234603675e-05
1.918958999866654926e-05
1.782599046145503637e-05
1.655559286696909346e-05
1.537514068311447805e-05
1.427303905949968749e-05
1.324697637693884987e-05
1.229426405298938171e-05
1.140535154277847058e-05
1.057834256348997926e-05
9.811022433545159001e-06
9.095542145674179234e-06
8.430349634293241791e-06
7.813624695759002018e-06
7.238931193079749234e-06
6.705001657258887727e-06
6.210343466041243287e-06
5.749690870943931296e-06
5.322011145759779361e-06
4.926083049352673144e-06
4.557608056106898729e-06
4.215746601879910629e-06
3.899501733434045872e-06
3.605372356909243196e-06
3.332677477895821001e-06
3.080605069812641988e-06
2.846309931380889424e-06
2.629240932410312921e-06
2.428738157912335760e-06
2.242494609266684884e-06
2.070065260126842408e-06
1.910915018867868523e-06
1.763177476689230649e-06
1.626494093372665988e-06
1.500431965742099201e-06
1.383484517170047395e-06
1.275363536792802902e-06
1.175719582045953140e-06
1.083339262624819976e-06
9.979914238290251644e-07
9.193946274129983677e-07
8.465738064902790069e-07
7.793439854090914948e-07
7.174790058926037237e-07
6.601970735130554984e-07
6.073505002156151049e-07
5.587579585183799413e-07
5.137940242737541491e-07
4.723410467438925930e-07
4.342539697566022924e-07
3.990335867958372489e-07
3.665863870223625421e-07
3.367965914140876405e-07
3.092666342074641851e-07
2.839223593125191568e-07
2.606715638978307004e-07
2.391983400921710926e-07
2.194440134745826709e-07
2.013353220091920274e-07
1.846218080771683167e-07
1.692571517958826492e-07
1.551832722214748972e-07
1.422020486089910470e-07
1.302769969777836343e-07
1.193621755401199092e-07
1.093012165762866708e-07
1.000654484462639804e-07
9.161861336999274666e-08
8.383757530261286303e-08
7.669985313304885299e-08
7.017689639983077248e-08
6.417195672352383037e-08
5.866744688261011285e-08
5.364093616188135996e-08
4.901658042487991865e-08
4.478065221181307295e-08
4.091556861906939042e-08
3.736200713897317168e-08
3.410927732545399051e-08
3.114362752481649324e-08
2.841876258690263228e-08
2.592637610176310814e-08
2.365573718665592150e-08
2.157079882760801035e-08
1.966512167570124705e-08
1.793035101933705260e-08
1.633848285201104450e-08
1.488453658372058440e-08
1.356202225106980981e-08
1.234923347495450821e-08
1.124232673628791941e-08
1.023627204565944220e-08
9.314282515241461829e-09
8.473398866244589527e-09
7.709731496411903577e-09
7.010327481524882715e-09
6.372913554470977347e-09
5.794488785231978853e-09
5.265081237001700155e-09
4.782948613796160673e-09
4.345780881821105587e-09
3.945918469647056473e-09
3.582029085424817881e-09
3.252338573119073509e-09
2.950976881983118614e-09
2.676927571882283305e-09
2.428831154410808817e-09
2.202199237389181859e-09
1.996258128716776140e-09
1.809968462186968006e-09
1.639906107133080109e-09
1.485483496874842785e-09
1.345907819453141556e-09
1.218572805437913600e-09
1.103033263108506185e-09
9.986858285325034517e-10
9.035512718673721431e-10
8.172930541905659677e-10
7.394530389949814108e-10
6.685316145883399447e-10
6.042749659541413735e-10
5.463360244998247408e-10
4.935811814507173709e-10
4.458194582378391919e-10
4.027885307408039610e-10
3.636334461688046614e-10
3.282108470310795289e-10
2.963229181819767445e-10
2.673263777984107717e-10
2.411138788799851710e-10
2.175365979300390993e-10
1.961116860389376009e-10
1.767589715745277289e-10
1.593667531501626923e-10
1.435735286951969884e-10
1.293196002058453180e-10
1.165213326035518382e-10
1.049088458019268934e-10
9.443785220518420584e-11
8.504589307079423388e-11
7.653218954067263246e-11
6.886406083938956545e-11
6.199499867378180361e-11
5.577635156283737379e-11
5.018421493448200115e-11
4.518407948398256386e-11
4.066673469966857100e-11
3.661498709162289961e-11
3.300332128201156526e-11
2.975264665363757373e-11
2.685108913397636119e-11
2.427957405164387003e-11
2.198272662101615685e-11
1.995371196914471250e-11
1.817526164871831473e-11
1.661341822481397432e-11
1.527170307106943907e-11
1.410987687581118899e-11
1.313182029626551849e-11
1.239762260549001360e-11
1.170972886811852634e-11
1.121297508533010143e-11
1.130465214769822245e-11
1.038305991299496817e-11
8.945856030068861152e-12
9.883725843860180373e-12
