4.449165185201863965e-07
2.913919051268041599e-07
4.515274147443844226e-07
5.700828028576411150e-07
6.299297134570309149e-07
7.277111584241693917e-07
8.270611789777904629e-07
9.239602276355728654e-07
1.031877127391122076e-06
1.146294192226779985e-06
1.267754739790227521e-06
1.398943085976393486e-06
1.539675795362788896e-06
1.692855216511610537e-06
1.860091824422107197e-06
2.042194224539704745e-06
2.242790130461977199e-06
2.463177324299223168e-06
2.704214185363265730e-06
2.969805109268726002e-06
3.261488559499796586e-06
3.580191386086420579e-06
3.930810221595308558e-06
4.315415320208420817e-06
4.735195766606346937e-06
5.196544059009509616e-06
5.702162184078340650e-06
6.253607556855750214e-06
6.859157106148520824e-06
7.522289978325562858e-06
8.245025390089915756e-06
9.038023791323448130e-06
9.905756479686312133e-06
1.085082982360731481e-05
1.188694457023980028e-05
1.301983909369500375e-05
1.425287120310590473e-05
1.560361507354716119e-05
1.707942002030744130e-05
1.868460351315724081e-05
2.044165993926041089e-05
2.235998079570002795e-05
2.444510427136880226e-05
2.672576193222085406e-05
2.921393164196022603e-05
3.191670115736583479e-05
3.487070346912596514e-05
3.809119094670354941e-05
4.158721938213810694e-05
4.540542157702222325e-05
4.956518730370592870e-05
5.407806970242386570e-05
5.900332268072074353e-05
6.436554729145347383e-05
7.017945241140097841e-05
7.652017855986968208e-05
8.341888160353859146e-05
9.089424650130896249e-05
9.904140038860875859e-05
1.078997450896350960e-04
1.174929835269257201e-04
1.279413846118967340e-04
1.392947027394842645e-04
1.515829797246452291e-04
1.649580183114064430e-04
1.794825095378286921e-04
1.951944614224270565e-04
2.122850501133861966e-04
2.308330847220914340e-04
2.508865184221302264e-04
2.726855980926565053e-04
2.963292314863927323e-04
3.218777790486339069e-04
3.496327041728185822e-04
3.797179979268600807e-04
4.122095481168593784e-04
4.474851853114998851e-04
4.857001381372549323e-04
5.269497343301887508e-04
5.717068403283139368e-04
6.201654491676441552e-04
6.724451706159532537e-04
7.291367446204499551e-04
7.904820859315291569e-04
8.566310304923113175e-04
9.283199254804267104e-04
1.005849669846306093e-03
1.089407469195958046e-03
1.179908776264047094e-03
1.277726948537501227e-03
1.383095065000322817e-03
1.497148668553090070e-03
1.620350372644788943e-03
1.752989690846808515e-03
1.896473305224693692e-03
2.051373893908987195e-03
2.218051084099921869e-03
2.398245298476078292e-03
2.592663772663610870e-03
2.801753324317148366e-03
3.027661392227072937e-03
3.271257377098624967e-03
3.533094840323276319e-03
3.815811646453914387e-03
4.120471202100686563e-03
4.447755369963296394e-03
4.800889942120582093e-03
5.181171260763603459e-03
5.589435125197843648e-03
6.029613981354595316e-03
6.503284382869461630e-03
7.011469309566174986e-03
7.558949321468515573e-03
8.147633572795385387e-03
8.778772854199605805e-03
9.458151210504328957e-03
1.018806440307773800e-02
1.097003319957777327e-02
1.181101001011283097e-02
1.271373795028178308e-02
1.368004976329667381e-02
1.471825911360404894e-02
1.583163447617957562e-02
1.702237352822252164e-02
1.830039294590150162e-02
1.966957906361376310e-02
2.113256720216785331e-02
2.270114774985339604e-02
2.437991408944559929e-02
2.617201768893016173e-02
2.809138238305297630e-02
3.014339210284728079e-02
3.233178162574183029e-02
3.467287146152529809e-02
3.717293679690777952e-02
3.983636722705092420e-02
4.268219779572898775e-02
4.571771601316765993e-02
4.894806780660344164e-02
5.239534855452334522e-02
5.606795982494872099e-02
5.997191478286093003e-02
6.413264289765877035e-02
6.855971914914674170e-02
7.326009872861832806e-02
7.826272802578020105e-02
8.357840683345382771e-02
8.921507672423142910e-02
9.520537093635338122e-02
1.015613794558987426e-01
1.082920837237620754e-01
1.154339554203813872e-01
1.230004093836367801e-01
1.310015136898762256e-01
1.394776119799341629e-01
1.484434235737995544e-01
1.579100978868177574e-01
1.679218023932501080e-01
1.784945515428914276e-01
1.896405578054738139e-01
2.014078532456223258e-01
2.138137891769795740e-01
2.268716964672222447e-01
2.406335616317881732e-01
2.551180589655393516e-01
2.703397398910981075e-01
2.863543376112453465e-01
3.031816228437593241e-01
3.208373835006317898e-01
3.393802962376364918e-01
3.588307295696686605e-01
3.792055591127809766e-01
4.005649587843167492e-01
4.229291436337024868e-01
4.463157356365159978e-01
4.707843608577050309e-01
4.963541665018408877e-01
5.230428763082509702e-01
5.509072049104201119e-01
5.799645156191098883e-01
6.102316288854374715e-01
6.417608762518363097e-01
6.745680908614947180e-01
7.086683291103856863e-01
7.441113052848415954e-01
7.809131896034042786e-01
8.190878954731080075e-01
8.586887348386842422e-01
8.997346915362640640e-01
9.422414681236924716e-01
9.862719053393678159e-01
1.031847486310355277e+00
1.078988466013302894e+00
1.127762705286366796e+00
1.178188926558782157e+00
1.230289688697262962e+00
1.284121383790251425e+00
1.339694370530385426e+00
1.397026624997941280e+00
1.456152039563060274e+00
1.517074404287643619e+00
1.579803622682407038e+00
1.644361859949069249e+00
1.710755100737855861e+00
1.778989436785943345e+00
1.849098571228774190e+00
1.921098740965319518e+00
1.994999042912898091e+00
2.070863026889765202e+00
2.148721810762348472e+00
2.228593884565412520e+00
2.310584343776452609e+00
2.394740129103211324e+00
2.481097124075042348e+00
2.569798603133554238e+00
2.660895709624225614e+00
2.754443262420477989e+00
2.850574504287638700e+00
2.949313765154582434e+00
3.050713855257721985e+00
3.154802518685538182e+00
3.261542374079229312e+00
3.370944398535199227e+00
3.482849168765560499e+00
3.597147599443673460e+00
3.713781406701390786e+00
3.832401426169044889e+00
3.952850549664442159e+00
4.075009222160145050e+00
4.198405421695810880e+00
4.322871886695484278e+00
4.448256371925906727e+00
4.574047223189224631e+00
4.700098800210803951e+00
4.826251042697766280e+00
4.952035046613278979e+00
5.077342760466765803e+00
5.202030044072689208e+00
5.325740667382207860e+00
5.448393604648961386e+00
5.569889946111765688e+00
5.689987256811707361e+00
5.808599343523987102e+00
5.925685063084566551e+00
6.041038092062683162e+00
6.154549344969726832e+00
6.266205631940065857e+00
6.375777486739458766e+00
6.483150511113388248e+00
6.588287535337141065e+00
6.690954770315121536e+00
6.791056967982591175e+00
6.888513580475583709e+00
6.983114800346982065e+00
7.074794214949441162e+00
7.163454964471875464e+00
7.248915769409348897e+00
7.331157569248805572e+00
7.410099267188524408e+00
7.485651235437087436e+00
7.557870587441885668e+00
7.626714318583903918e+00
7.692290871615499626e+00
7.754719445796000699e+00
7.814018680254703142e+00
7.870475959919910558e+00
7.924207320436666535e+00
7.975285127025212972e+00
8.024012973013396888e+00
8.070463149354967669e+00
8.114716889306375691e+00
8.156982701056938012e+00
8.197305263969701272e+00
8.235753302194540382e+00
8.272454848839851493e+00
8.307445013408708334e+00
8.340779464477831695e+00
8.372547456253062848e+00
8.402775189240594855e+00
8.431490574370045010e+00
8.458765012054559662e+00
8.484623348984314362e+00
8.509073762757555670e+00
8.532176666966162060e+00
8.553957311530471230e+00
8.574427131332358343e+00
8.593644276594581299e+00
8.611634364123693430e+00
8.628408300314166723e+00
8.644054443542978916e+00
8.658614927573719200e+00
8.672117114217925860e+00
8.684716505552945165e+00
8.696461655050896411e+00
8.707406406747226768e+00
8.717751905200577411e+00
8.727543862631199190e+00
8.736844214008590015e+00
8.745822742490824808e+00
8.754508138900842340e+00
8.762951590193241103e+00
8.771194597052380360e+00
8.779221672822748346e+00
8.787048254047407525e+00
8.794566171368188634e+00
8.801732456563236440e+00
8.808524802187642777e+00
8.814791067124561508e+00
8.820511166280052606e+00
8.825660394942394404e+00
8.830171974225997644e+00
8.834066506645086747e+00
8.837345767473630431e+00
8.840067109240861143e+00
8.842273465720026593e+00
8.843992453325869363e+00
8.845364262757886564e+00
8.846432798411644427e+00
8.847239414605519769e+00
8.847932745902182816e+00
8.848538600994723780e+00
8.849093024150677778e+00
8.849675124747770738e+00
8.850283934573861089e+00
8.850926008080257645e+00
8.851593172994350667e+00
8.852278212367650667e+00
8.852956997005195561e+00
8.853612856539992748e+00
8.854268597225193105e+00
8.854901948965483882e+00
8.855588337359751705e+00
8.856396071567425921e+00
8.857339742266255200e+00
8.858615751672024530e+00
8.860318363004809683e+00
8.862507909165984188e+00
8.865450678587277977e+00
8.869230069676619976e+00
8.873933019687118673e+00
8.879810097301508165e+00
8.886908731542238371e+00
8.895308939878610488e+00
8.905179948602521378e+00
8.916536477954437601e+00
8.929429118347339767e+00
8.943938869197598507e+00
8.960066331352956936e+00
8.977837540341358391e+00
8.997274453938700844e+00
9.018367857174984792e+00
9.041133276817774345e+00
9.065537495785815025e+00
9.091544342525317290e+00
9.119154696805706450e+00
9.148245626759614169e+00
9.178739476039821099e+00
9.210602972430370627e+00
9.243598924259355698e+00
9.277619106707350127e+00
9.312586171006625335e+00
9.348182254728707008e+00
9.384302510253432317e+00
9.420842265182573172e+00
9.457494849919566349e+00
9.494191958006673815e+00
9.530838464768953244e+00
9.567231433764742832e+00
9.603346676032581186e+00
9.639128283039822165e+00
9.674502082570485939e+00
9.709469807230162175e+00
9.744015700252697698e+00
9.778149178537006492e+00
9.811878431589454053e+00
9.845208382159917448e+00
9.878177312718774417e+00
9.910796570288344043e+00
9.943075764655061377e+00
9.975062614863368537e+00
1.000677783487093642e+01
1.003823342347178738e+01
1.006949349834372143e+01
1.010058996215022376e+01
1.013154132688682729e+01
1.016243251653775737e+01
1.019330046635682230e+01
1.022417119009364050e+01
1.025514000769351952e+01
1.028624015030420225e+01
1.031750071957708137e+01
1.034900964649282962e+01
1.038079094195417085e+01
1.041287072701454619e+01
1.044531635365674482e+01
1.047814171627201318e+01
1.051136632946472638e+01
1.054503233188058253e+01
1.057914476388708280e+01
1.061371580667680270e+01
1.064876241583414362e+01
1.068428192617788319e+01
1.072027935725520464e+01
1.075674824532900331e+01
1.079367966641330412e+01
1.083107179098722916e+01
1.086889961460431842e+01
1.090715067773289881e+01
1.094581767059359656e+01
1.098486540440409520e+01
1.102428098472823592e+01
1.106405421044762249e+01
1.110414804969372149e+01
1.114455099300095497e+01
1.118525249285052503e+01
1.122621837754282303e+01
1.126743868058290055e+01
1.130890378785246142e+01
1.135058314561038806e+01
1.139246781561598176e+01
1.143454914269113232e+01
1.147679953476088066e+01
1.151921097317992704e+01
1.156177558896836111e+01
1.160446890428459454e+01
1.164728404755472013e+01
1.169021419442513121e+01
1.173323827218517046e+01
1.177635027758456765e+01
1.181954448154897719e+01
1.186280199864483365e+01
1.190611696706130651e+01
1.194948409064575046e+01
1.199288486810215382e+01
1.203631336152469444e+01
1.207976410034479997e+01
1.212321868925899260e+01
1.216667155044585336e+01
1.221011719530576478e+01
1.225353836957655140e+01
1.229693019065135751e+01
1.234028759965064559e+01
1.238359526917006903e+01
1.242684902978199268e+01
1.247004441750865666e+01
1.251316838546823718e+01
1.255621755205851819e+01
1.259918813040858510e+01
1.264206977578856339e+01
1.268485998565688000e+01
1.272755584757500280e+01
1.277014973841353118e+01
1.281263980647247713e+01
1.285502399970122589e+01
1.289729652394041892e+01
1.293945577427567883e+01
1.298150016683406882e+01
1.302342465367585866e+01
1.306522772875371885e+01
1.310690790843145059e+01
1.314846053728914477e+01
1.318988428678000702e+01
1.323117775955900299e+01
1.327233673371872236e+01
1.331335995211203738e+01
1.335424618630693239e+01
1.339499119877384814e+01
1.343559347478233512e+01
1.347605179266856190e+01
1.351636113571338349e+01
1.355651960630442687e+01
1.359652576709230587e+01
1.363637366500313242e+01
1.367606121851933310e+01
1.371558681639639765e+01
1.375494395911023915e+01
1.379413045770260204e+01
1.383314464456598714e+01
1.387197940649985917e+01
1.391063217754368075e+01
1.394910108440652330e+01
1.398737776850680170e+01
1.402545909151090875e+01
1.406334274433030807e+01
1.410101894611583084e+01
1.413848420272104889e+01
1.417573582732212500e+01
1.421276328464254490e+01
1.424956310236060553e+01
1.428613246043966534e+01
1.432246088934137340e+01
1.435854515074967352e+01
1.439438244285516610e+01
1.442996284638549298e+01
1.446528339938141805e+01
1.450034142181389640e+01
1.453512774510187988e+01
1.456963958629716593e+01
1.460387451164844741e+01
1.463782386794051860e+01
1.467148478816965174e+01
1.470485499691115905e+01
1.473792560346830349e+01
1.477069346261942329e+01
1.480315608905636360e+01
1.483530385789942407e+01
1.486713355990306873e+01
1.489864229729441902e+01
1.492982028196525945e+01
1.496066470561791206e+01
1.499117255727689013e+01
1.502133496403396151e+01
1.505114966890215378e+01
1.508061401312960115e+01
1.510972034829001664e+01
1.513846662132462129e+01
1.516685065956191281e+01
1.519486532519360544e+01
1.522250830426432522e+01
1.524977767776673510e+01
1.527666584969913721e+01
1.530317002997953502e+01
1.532928818813694605e+01
1.535501174218507181e+01
1.538033756569148203e+01
1.540526324123093183e+01
1.542977951129106273e+01
1.545388336680834840e+01
1.547757208469510815e+01
1.550083687548499789e+01
1.552367531055232419e+01
1.554608484489729747e+01
1.556805820565210041e+01
1.558959355122093804e+01
1.561068890828294364e+01
1.563133831258890716e+01
1.565154004291043144e+01
1.567129250571783672e+01
1.569058981394891283e+01
1.570942999189584377e+01
1.572781130136355010e+01
1.574572717318361015e+01
1.576317548810986402e+01
1.578015418499966316e+01
1.579665646315200256e+01
1.581268037174483965e+01
1.582822384319144149e+01
1.584328060038669150e+01
1.585784889414427568e+01
1.587192695234193529e+01
1.588550898825690894e+01
1.589859320353491867e+01
1.591117803607994574e+01
1.592325755795920017e+01
1.593482975966691484e+01
1.594589303590589680e+01
1.595644102948514664e+01
1.596647162195053760e+01
1.597598311161734230e+01
1.598496905822479697e+01
1.599342741359114406e+01
1.600135652404642528e+01
1.600875032164190870e+01
1.601560689967860895e+01
1.602192476014722544e+01
1.602769838126427615e+01
1.603292601198479872e+01
1.603760630443788671e+01
1.604173431483819812e+01
1.604530850350061399e+01
1.604832763858332001e+01
1.605078741762611472e+01
1.605268657751296146e+01
1.605402397448508012e+01
1.605479598463869451e+01
1.605500164279289876e+01
1.605463987555381067e+01
1.605370773214986357e+01
1.605220453540005821e+01
1.605012934068305697e+01
1.604747985513258257e+01
1.604425560983412069e+01
1.604045590912485153e+01
1.603607888391977099e+01
1.603112402939922987e+01
1.602559088221547867e+01
1.601947731151521737e+01
1.601278243719103855e+01
1.600550574673465221e+01
1.599764401593217222e+01
1.598919582904914272e+01
1.598016027294146646e+01
1.597053275987013699e+01
1.596031153626563537e+01
1.594949518983555414e+01
1.593807837821819540e+01
1.592605943224508991e+01
1.591343668367500541e+01
1.590020511279580973e+01
1.588636347959105422e+01
1.587191025874786021e+01
1.585684158534885846e+01
1.584115669783216873e+01
1.582485451033858048e+01
1.580793239111983617e+01
1.579038979168399415e+01
1.577222607261664677e+01
1.575343912334786189e+01
1.573402822769231513e+01
1.571399289335156801e+01
1.569333058189123520e+01
1.567204023695715520e+01
1.565012114696688350e+01
1.562756999973662708e+01
1.560438560121741247e+01
1.558056693257847058e+01
1.555611048798982310e+01
1.553101530468448921e+01
1.550528032975346449e+01
1.547890273543679029e+01
1.545188193595827819e+01
1.542421717225205491e+01
1.539590652932462334e+01
1.536694958797031951e+01
1.533734591733269603e+01
1.530709393559909337e+01
1.527619308119601449e+01
1.524464299333825501e+01
1.521244172441399023e+01
1.517958848584486908e+01
1.514608273577200315e+01
1.511192204351319290e+01
1.507710557613322067e+01
1.504163259765578609e+01
1.500550066630205137e+01
1.496870914373996797e+01
1.493125728331993152e+01
1.489314319031961809e+01
1.485436652235314625e+01
1.481492671135275963e+01
1.477482264931025213e+01
1.473405423976298323e+01
1.469262116119915973e+01
1.465052300340520297e+01
1.460775982374166837e+01
1.456433150329912962e+01
1.452023814860135076e+01
1.447547993576390724e+01
1.443005687761860401e+01
1.438396953483914764e+01
1.433721824175301052e+01
1.428980311887084298e+01
1.424172527340646255e+01
1.419298525920758358e+01
1.414358333938148782e+01
1.409352129852493363e+01
1.404279993047273400e+01
1.399141968970273098e+01
1.393938307553580813e+01
1.388669109030735704e+01
1.383334439062534393e+01
1.377934612551686655e+01
1.372469747407716234e+01
1.366939926264005933e+01
1.361345524768006676e+01
1.355686681457861908e+01
1.349963493048321439e+01
1.344176406994025186e+01
1.338325592216452797e+01
1.332411162118826908e+01
1.326433662308775041e+01
1.320393302883445408e+01
1.314290222607664838e+01
1.308125092963833858e+01
1.301898169981260089e+01
1.295609627729982627e+01
1.289260276215183687e+01
1.282850413577164872e+01
1.276380254039300333e+01
1.269850737406620844e+01
1.263262195109814989e+01
1.256614878373437172e+01
1.249909834933593089e+01
1.243147422325031393e+01
1.236327920561385696e+01
1.229452467033052088e+01
1.222521444746671015e+01
1.215535155925352662e+01
1.208494826436357705e+01
1.201400870686865829e+01
1.194253613512391077e+01
1.187054385751249974e+01
1.179803640922880348e+01
1.172501733618238084e+01
1.165150120503098918e+01
1.157749297447145764e+01
1.150299656816912197e+01
1.142802788710884698e+01
1.135259227058523024e+01
1.127669403998354980e+01
1.120035030036500068e+01
1.112356668445096197e+01
1.104634785145024445e+01
1.096871188214455550e+01
1.089066464577615179e+01
1.081221105183581521e+01
1.073337004177161269e+01
1.065414774958044752e+01
1.057454930059999398e+01
1.049459461533609250e+01
1.041429018532549655e+01
1.033364140328633596e+01
1.025266941912357765e+01
1.017138115429645673e+01
1.008978235605986207e+01
1.000789553969711676e+01
9.925728033828054464e+00
9.843285974178716202e+00
9.760593091926521581e+00
9.677657006404103868e+00
9.594484176468476733e+00
9.511099166747712275e+00
9.427509748597131534e+00
9.343722574249367696e+00
9.259762643799522408e+00
9.175637794878003461e+00
9.091354758321450902e+00
9.006938747959493341e+00
8.922397655147012330e+00
8.837738244792037179e+00
8.752985927401887523e+00
8.668148672064981852e+00
8.583233297635599612e+00
8.498265483237874562e+00
8.413253286434308365e+00
8.328203616389716402e+00
8.243142446383384225e+00
8.158077898310112985e+00
8.073016981170429318e+00
7.987985888605459550e+00
7.902992759781219512e+00
7.818044676989706510e+00
7.733167915209730126e+00
7.648370582505216397e+00
7.563659790054580334e+00
7.479061746049973536e+00
7.394584486413739555e+00
7.310235108713210472e+00
7.226039619847862028e+00
7.142005944336388801e+00
7.058141130251789797e+00
6.974470850977579239e+00
6.891002876259586074e+00
6.807744168958332232e+00
6.724719927837165656e+00
6.641937723994762344e+00
6.559404395283665146e+00
6.477144526823130022e+00
6.395165455758438533e+00
6.313473855382543576e+00
6.232093582027206757e+00
6.151031715897754992e+00
6.070294733952725785e+00
5.989905679714491171e+00
5.909871359507468114e+00
5.830198031986532747e+00
5.750907858500598380e+00
5.672007350146317073e+00
5.593502529437508919e+00
5.515414596217493859e+00
5.437749735514396221e+00
5.360513712305220224e+00
5.283726665219890428e+00
5.207394417018369026e+00
5.131522447399917475e+00
5.056129725011545339e+00
4.981221677819086757e+00
4.906803469921539929e+00
4.832892803698444872e+00
4.759494690102576087e+00
4.686613951105287335e+00
4.614266953704517782e+00
4.542458280323756981e+00
4.471192392084317291e+00
4.400484278484332989e+00
4.330338088266860730e+00
4.260757910472711352e+00
4.191757331412168774e+00
4.123340062436946063e+00
4.055509813676798636e+00
3.988278747986814476e+00
3.921650134665258580e+00
3.855627299472768055e+00
3.790220962334539312e+00
3.725433945447400585e+00
3.661269184945350030e+00
3.597735941115292935e+00
3.534836585598723158e+00
3.472573660448753152e+00
3.410954956860270837e+00
3.349982395716735173e+00
3.289658122525472628e+00
3.229988460249472393e+00
3.170974882633263547e+00
3.112619138902042781e+00
3.054926095375845030e+00
2.997896785782204532e+00
2.941532566108794544e+00
2.885836867157938634e+00
2.830810292604335920e+00
2.776453810698682911e+00
2.722769446077016209e+00
2.669757384618667739e+00
2.617418214469461546e+00
2.565752591077258948e+00
2.514760296882073920e+00
2.464441549584646562e+00
2.414795680227378671e+00
2.365822084397214198e+00
2.317520621192976193e+00
2.269889350286081076e+00
2.222927299378508526e+00
2.176633983239139702e+00
2.131006251332816070e+00
2.086042784613061585e+00
2.041742770230380977e+00
1.998101915389492778e+00
1.955118576892203475e+00
1.912791632956975629e+00
1.871115720785160308e+00
1.830088896148744926e+00
1.789709748136158796e+00
1.749971917842362057e+00
1.710873182952300731e+00
1.672411863471339410e+00
1.634580678186378977e+00
1.597377149282964037e+00
1.560799347493478262e+00
1.524839142743788400e+00
1.489493824256901799e+00
1.454761233108426310e+00
1.420632464367945103e+00
1.387104597258641325e+00
1.354175263008448260e+00
1.321834857578132905e+00
1.290080273888764451e+00
1.258908953726192603e+00
1.228310672036342588e+00
1.198282159827266602e+00
1.168820690605627322e+00
1.139915498360015933e+00
1.111563176882626403e+00
1.083760853156022996e+00
1.056497300966218189e+00
1.029769001321237054e+00
1.003572956606150424e+00
9.778975601317787536e-01
9.527392037145119286e-01
9.280947867149872410e-01
9.039523989980521312e-01
8.803083655252567086e-01
8.571595033858055990e-01
8.344936721345039832e-01
8.123071507749330955e-01
7.905966937687329832e-01
7.693499990853892578e-01
7.485633192532756830e-01
7.282333645607064199e-01
7.083477357896947879e-01
6.889026772070381277e-01
6.698948722598548899e-01
6.513118850203012400e-01
6.331499685950342515e-01
6.154057959158720781e-01
5.980669513080068000e-01
5.811297127972033794e-01
5.645907582044169537e-01
5.484377457395352984e-01
5.326669933956856839e-01
5.172751983845346180e-01
5.022501430026633518e-01
4.875881991372862934e-01
4.732860969443860588e-01
4.593317892805303115e-01
4.457217146143414577e-01
4.324526485692516409e-01
4.195127569638134601e-01
4.068985562085643548e-01
3.946068788056489862e-01
3.826261416203982080e-01
3.709529490098525950e-01
3.595842006034768445e-01
3.485085979866787698e-01
3.377228421293436700e-01
3.272239088596184953e-01
3.170008137709664497e-01
3.070503618118788913e-01
2.973696129106100372e-01
2.879479216620014492e-01
2.787822031016772284e-01
2.698696080051232182e-01
2.611998507985225926e-01
2.527699615096815622e-01
2.445771873790234530e-01
2.366116195153384616e-01
2.288704067133302822e-01
2.213508972113887308e-01
2.140435719240842138e-01
2.069457011487493836e-01
2.000547376400217681e-01
1.933615618128259606e-01
1.868635672608673082e-01
1.805583138459978254e-01
1.744370880563349824e-01
1.684974077222776145e-01
1.627369415658788954e-01
1.571473858751306629e-01
1.517263828772754675e-01
1.464717111478115175e-01
1.413754778837527648e-01
1.364354491483733833e-01
1.316495136664797561e-01
1.270101882239038360e-01
1.225153614888727094e-01
1.181630319823601255e-01
1.139461224948145196e-01
1.098626424472223945e-01
1.059106991943880444e-01
1.020836158475319361e-01
9.837952016205718520e-02
9.479662679453071394e-02
9.132865157952929636e-02
8.797383768849199870e-02
8.473050502660264827e-02
8.159275286364131574e-02
7.855893644508137041e-02
7.562747841392424009e-02
7.279285075096934843e-02
7.005351708902513019e-02
6.740799991485434128e-02
6.485113202084238915e-02
6.238148146757128976e-02
5.999766738214643708e-02
5.769487053062016119e-02
5.547175922895784816e-02
5.332704579484193880e-02
5.125624538999236368e-02
4.925812225087584928e-02
4.733147823950566158e-02
4.547214876176125520e-02
4.367898952274739538e-02
4.195088812787094862e-02
4.028398565231772199e-02
3.867722474458436255e-02
3.712957483754504573e-02
3.563746782122095835e-02
3.419992873012252937e-02
3.281600483348729586e-02
3.148240383920203334e-02
3.019822861545135365e-02
2.896260023978210196e-02
2.777248722385930457e-02
2.662706575439639095e-02
2.552552668637227476e-02
2.446508441413269841e-02
2.344498399263507740e-02
2.246448204959938452e-02
2.152102412933669731e-02
2.061391979389203682e-02
1.974248748993611205e-02
1.890438945099405174e-02
1.809899549575715721e-02
1.732568200891594634e-02
1.658231379873487815e-02
1.586831681979120057e-02
1.518312160699464980e-02
1.452478184102140059e-02
1.389277563729603149e-02
1.328658400497336779e-02
1.270443626366188350e-02
1.214585887316177622e-02
1.161037976912678536e-02
1.109639119162754949e-02
1.060346429653981175e-02
1.013117053955944410e-02
9.678052912330486687e-03
9.243723793286272306e-03
8.827794901940150957e-03
8.428948385261597273e-03
8.046834549581742199e-03
7.681102277064295533e-03
7.330561859444440290e-03
6.994898417215835058e-03
6.673795050713225013e-03
6.366179777117571270e-03
6.071769598734775598e-03
5.790279046201967338e-03
5.520744034711931418e-03
5.262910696451825882e-03
5.016522360707389994e-03
4.780713602594358763e-03
4.555257110279353414e-03
4.339922536224588567e-03
4.133934461420349545e-03
3.937089730306242950e-03
3.749181999316713882e-03
3.569517776649469912e-03
3.397915832328051583e-03
3.234191663134792713e-03
3.077726188316175834e-03
2.928358035565804471e-03
2.785922531543921863e-03
2.649868035464965268e-03
2.520051120656717838e-03
2.396325081708606825e-03
2.278199270390776892e-03
2.165546442360642872e-03
2.058236140140144461e-03
1.955832760269845573e-03
1.858223619030067216e-03
1.765292921167729671e-03
1.676654634701851918e-03
1.592209149360682488e-03
1.511853872907075683e-03
1.435247320943385755e-03
1.362301596893074253e-03
1.292925971563571022e-03
1.226818909008272913e-03
1.163902986717533497e-03
1.104098111234712168e-03
1.047138496380248729e-03
9.929560666654148587e-04
9.414802435924750400e-04
8.924771681892832743e-04
8.458870898230888818e-04
8.016479246508485682e-04
7.595542699788857769e-04
7.195537750729340569e-04
6.815919246709694051e-04
6.454886285455514868e-04
6.111981006650559064e-04
5.786725560465925781e-04
5.477543760728849787e-04
5.184035869025070253e-04
4.905783767708203581e-04
4.641410373769443132e-04
4.390567305809363568e-04
4.152889356192932349e-04
3.927175504474302590e-04
3.713122659043133775e-04
3.510412387528349010e-04
3.317999052471217012e-04
3.135619423501016128e-04
2.962996338881524480e-04
2.799221026297103341e-04
2.644065271000040139e-04
2.497288253793975379e-04
2.358101523616840133e-04
2.226307566030453805e-04
2.101697502620971725e-04
1.983588456928264915e-04
1.871809780344138260e-04
1.766180612680347760e-04
1.666110536820107353e-04
1.571452370138745375e-04
1.482049783066985156e-04
1.397393179005907511e-04
1.317355833233558845e-04
1.241802852751358100e-04
1.170295155044846335e-04
1.102723817426545946e-04
1.038972644472496866e-04
9.786639605029211816e-05
9.217043048749603976e-05
8.679937601791222143e-05
8.172080268756905155e-05
7.692670489945220547e-05
7.240850542409039948e-05
6.813840526290914539e-05
6.410955877546806734e-05
6.031461561620651601e-05
5.672978721856916569e-05
5.334922985254702339e-05
5.016665534816852791e-05
4.716174182206227190e-05
4.432950936719241570e-05
4.166458770240671184e-05
3.914964615163658482e-05
3.678044823525743363e-05
3.455241542809750472e-05
3.245079336033993028e-05
3.047198423200553810e-05
2.861209124226470990e-05
2.685857505259686551e-05
2.520838560562465726e-05
2.365821204193038679e-05
2.219741615428020296e-05
2.082341685665131976e-05
1.953340603060769965e-05
1.831837447232097336e-05
1.717614199485687488e-05
1.610433110961360782e-05
1.509532625939185161e-05
1.414728948116680738e-05
1.325821156150539944e-05
1.242166756127589427e-05
1.163611131409912787e-05
1.089984809928871913e-05
1.020746897034694891e-05
9.557676370728868071e-06
8.949043815618835929e-06
8.377028685279737063e-06
7.840545211412473214e-06
7.338395494499783188e-06
6.866775542234321982e-06
6.424780167814569178e-06
6.011406212078664622e-06
5.623480011378128260e-06
5.260250738637884505e-06
4.920881246585034350e-06
4.602737150466758642e-06
4.305200236658732752e-06
4.027575176446555705e-06
3.767691327733146330e-06
3.525045434618815573e-06
3.299063858026240943e-06
3.087978372297865295e-06
2.891386856511049000e-06
2.708820961768795397e-06
2.538866902001004959e-06
2.381213537420221137e-06
2.235484949115383632e-06
2.100586548999889111e-06
1.976291509240204189e-06
1.862306915084092092e-06
1.757836137477191084e-06
1.662733744958377535e-06
1.576784881865790478e-06
1.499477597420795959e-06
1.430748092171621671e-06
1.370323245055287081e-06
1.318009906797150817e-06
1.274084474843521375e-06
1.237714781277158248e-06
1.210729841397688158e-06
1.195774133731911353e-06
1.180747886316461504e-06
1.164483229129905707e-06
1.176004498468068560e-06
1.073070774045727724e-06
9.132078487392865299e-07
1.052511915500549466e-06
