-5.694325843602001527e-08
-1.541900178179799280e-06
1.494637075836107254e-06
9.778930193188712405e-07
-3.390684493451022139e-06
-2.887610771347163969e-06
9.000870117644866933e-06
5.807928274930531530e-06
-2.706876752986008507e-05
2.336750043377642055e-05
6.698573981298331856e-05
-5.591157178788586557e-05
-6.098665174186074494e-05
1.364626487006604717e-04
2.072864827678282573e-04
-3.624341038007256846e-04
-3.082467191487049717e-04
1.197769552510372744e-03
-5.140707496592491089e-04
-2.274130721699227364e-03
2.435045188625705598e-03
2.008044301522920409e-03
-4.484551739970382526e-03
-9.582674561514498970e-04
3.934549165705351209e-03
7.235671111489133840e-03
3.062510104620263379e-02
-2.160018355524596576e-02
-4.243601720329073096e-02
1.333884518664472940e-01
-2.710333969707071078e-02
-7.818748498320771123e-02
7.898091167116598754e-01
3.587441648903433866e-01
-1.240782232165833499e+00
-1.227104678433949436e+00
6.093062791482912743e+00
1.303644708945869013e+01
1.349789417226793020e+01
-6.446514670870796238e+01
-9.290513466800294395e+01
5.559468972468091863e+01
4.323880089507091498e+02
8.359904595985218521e+02
1.184313708523869082e+03
1.756236238288081495e+03
5.151585596752056517e+03
1.201135775014670799e+04
2.344195194148556766e+04
3.531938090240997553e+04
4.491863502630535368e+04
4.937351004752934386e+04
4.788658387008606951e+04
4.306335030512451340e+04
3.541230943307676353e+04
2.749420784433900189e+04
1.970824299519092165e+04
1.313904685491527198e+04
8.536765312520130465e+03
5.270157945889544862e+03
3.379999791095593991e+03
2.183698844828756592e+03
1.423091635400297037e+03
1.024429569951600570e+03
7.825448989582622517e+02
6.683719054862368694e+02
6.342559873338653915e+02
6.114376840983202328e+02
5.914071054067401292e+02
5.343632650103646711e+02
4.697698258435291336e+02
4.333610756247359177e+02
4.182587542095691333e+02
3.973978403645462549e+02
3.709631919638447926e+02
3.190504451713428011e+02
2.565149370972965812e+02
2.018734665908546333e+02
1.695820701407165814e+02
1.693848655757988411e+02
1.899514107876226774e+02
2.185024769261926565e+02
2.192552149958359564e+02
1.924241033672889785e+02
1.310695548401843666e+02
6.850195420615121122e+01
2.274753351402099710e+01
2.037702026580766379e+00
-2.163373582070653445e+00
-1.742069817835768308e+00
2.311388975831085157e-01
2.306330628877751310e-01
1.256607371654897554e-01
-2.642337091616844130e-02
-5.295650299788293158e-02
-1.507975493739152455e-02
8.487893253199261731e-03
-3.804588933881498415e-03
-2.453860507132947272e-04
2.179992419491557764e-03
-1.323371086240854788e-03
3.467971412006962161e-05
8.261880927412837807e-04
-2.393330873269099385e-04
-2.988585699589362525e-05
2.201138894872472834e-04
-3.955601607544194744e-05
-2.993180960381768715e-05
3.835606154666387340e-05
1.266135881555473693e-05
-8.311237752512407373e-06
-1.767095208592830070e-06
8.647942001253539862e-06
1.132230588369564641e-06
-2.317660785155189358e-06
3.621821221718738793e-06
2.341449972669944348e-06
-4.708716005930104804e-07
-2.567856276031148059e-07
4.152456657195168095e-07
4.588939141716796142e-07
-1.411235949179370660e-07
7.719652482717143760e-09
2.149029573467236509e-07
-2.022973328026138528e-08
-5.957101182482789059e-08
4.260938331860008848e-08
4.207856309644712741e-08
-1.239317397813970065e-08
-1.179549619353748446e-08
2.717203591510005627e-08
6.290814402009355163e-09
-1.262792445042980360e-08
5.434314702804185572e-09
5.093293057507856478e-09
-2.815100941951489028e-09
-1.007784023839279329e-09
1.067439272379074262e-09
4.953729722880907748e-10
-9.115096133401560461e-10
-1.951766511080252423e-10
4.271983945495017927e-10
-2.175651101363338011e-10
-1.363354300070047492e-10
1.086232447902295957e-10
-2.134707170802656203e-11
-2.800275572722967229e-11
1.210219178787855910e-11
-5.555084511709499247e-13
-1.563198345751858363e-12
-9.320574127687471536e-13
-1.576190022290275852e-12
2.292513294828821209e-12
2.114934597668499492e-13
-1.926129076826922354e-12
3.712212351022913977e-13
4.671279321215782264e-13
-9.046494694267508547e-13
5.869512304205972150e-14
3.466658787270106999e-13
-3.286909710280159157e-13
1.345918578979719970e-14
