-2.200169722661248465e-21
-5.003541584112603400e-06
-9.998575851492366739e-06
-1.500355841921915522e-05
-1.999889959825941791e-05
-2.499438293711176025e-05
-2.999996748480570803e-05
-3.499591231201235270e-05
-3.999180803360498262e-05
-4.498765811044445120e-05
-4.999373937768247268e-05
-5.498991440763749774e-05
-5.998652463836950255e-05
-6.498278417519835022e-05
-6.997886228015980428e-05
-7.498536618745729764e-05
-7.998227482647096882e-05
-8.497876592355094031e-05
-8.997544428393447621e-05
-9.497208154093551434e-05
-9.996912146306628051e-05
-1.049657470325512243e-04
-1.099726075738548714e-04
-1.149689281096597242e-04
-1.199654270904389365e-04
-1.249618719492201144e-04
-1.299578532787792201e-04
-1.349635908408971922e-04
-1.399588995458021356e-04
-1.449539856304875654e-04
-1.499582799439961017e-04
-1.549517012196551641e-04
-1.599542471808987083e-04
-1.649448466375589813e-04
-1.699434466189209190e-04
-1.749392485071320409e-04
-1.799290458691432594e-04
-1.849242838868680539e-04
-1.899114516819879188e-04
-1.948926738714080325e-04
-1.998631307611237380e-04
-2.048065446108170867e-04
-2.097129215906393877e-04
-2.145632631193636439e-04
-2.193217355773720127e-04
-2.238966286582116548e-04
-2.282091908124952496e-04
-2.321231102866740939e-04
-2.354776494766449592e-04
-2.382350309814187093e-04
-2.404133134656712568e-04
-2.420432872624238090e-04
-2.430070687602366804e-04
-2.434456796556576114e-04
-2.434546842393515835e-04
-2.432795424828806106e-04
-2.421381420486890326e-04
-2.405793005594349132e-04
-2.383321073073761817e-04
-2.354817620612839808e-04
-2.324946158384353148e-04
-2.292826524466565750e-04
-2.263539652223977693e-04
-2.234858812137741979e-04
-2.207750493686755561e-04
-2.183933360644366086e-04
-2.164935852724231930e-04
-2.147488921044324382e-04
-2.133198867907577507e-04
-2.121225428157785722e-04
-2.110148739736016153e-04
-2.100292887893371479e-04
-2.091055748950015696e-04
-2.083834322947627853e-04
-2.084055738061917919e-04
-2.093302759222645049e-04
-2.104834864128728947e-04
-2.119381842088654492e-04
-2.135839008472901199e-04
-2.152118767453353862e-04
-2.167150546826420690e-04
-2.181745789333378082e-04
-2.193651115334888362e-04
-2.202122391572063661e-04
-2.207391196505645639e-04
-2.213437435189435009e-04
-2.221101946416390418e-04
-2.231544783327741449e-04
-2.241798437397144307e-04
-2.255670849777855814e-04
-2.272654877995288110e-04
-2.290147300914980948e-04
-2.308517875195256546e-04
-2.330516931440026053e-04
-2.358461699583532228e-04
-2.393636319786644740e-04
-2.433646369044563222e-04
-2.473928256751733936e-04
-2.513260199655687616e-04
-2.552352174459191587e-04
-2.591610700978507495e-04
-2.629124856880264921e-04
-2.663718548868981980e-04
-2.695363642687876758e-04
-2.723801570573337362e-04
-2.749034006809600436e-04
-2.771949754981565660e-04
-2.792314423574102610e-04
-2.809480955403784999e-04
-2.819977379787368533e-04
-2.825109135897278800e-04
-2.825668351916315029e-04
-2.827263562977452849e-04
-2.840515223344934831e-04
-2.870384572389247674e-04
-2.906028578693094916e-04
-2.939638518149649223e-04
-2.970844394438133459e-04
-3.001756208986280493e-04
-3.032544884745310950e-04
-3.061731543200090530e-04
-3.089437055160601780e-04
-3.117397482513192537e-04
-3.143786523534618086e-04
-3.168659188458969886e-04
-3.195243042603230035e-04
-3.224585102505123286e-04
-3.254429374111676839e-04
-3.285018275537271285e-04
-3.316643821131516818e-04
-3.349971177010817010e-04
-3.386080672533400577e-04
-3.424319825687131618e-04
-3.463380671465009957e-04
-3.503310858877027698e-04
-3.544325546354394206e-04
-3.585682469016754554e-04
-3.626864882083647703e-04
-3.667831440288216128e-04
-3.708184307672708385e-04
-3.748425500336541620e-04
-3.789266089191390395e-04
-3.830186807456516869e-04
-3.870069962623497585e-04
-3.909162737606101511e-04
-3.947776695145994324e-04
-3.985578309711110528e-04
-4.022456856518470073e-04
-4.057802305170609054e-04
-4.091334380451551629e-04
-4.124247846421427027e-04
-4.159478180376942314e-04
-4.198228882232777313e-04
-4.238378502860514624e-04
-4.278467239792712370e-04
-4.318864011258126108e-04
-4.359077054257854116e-04
-4.398411090015840776e-04
-4.437069048116114691e-04
-4.475167259319563274e-04
-4.512914141545439788e-04
-4.550606745311243937e-04
-4.588505957637710659e-04
-4.626884056912579303e-04
-4.665370460421159162e-04
-4.704543284653967330e-04
-4.744092325446823671e-04
-4.783682522314378419e-04
-4.823448795344774777e-04
-4.863678512348917926e-04
-4.903839203613586826e-04
-4.944216697243090930e-04
-4.985855868451945748e-04
-5.028434854716477961e-04
-5.070830617689626356e-04
-5.112383341973648909e-04
-5.152966097854760679e-04
-5.192647371928722517e-04
-5.232027588125094187e-04
-5.271578283081692273e-04
-5.311915687260476780e-04
-5.352809569380504590e-04
-5.392868543358152406e-04
-5.432182193528862666e-04
-5.469714147192160456e-04
-5.504008050562542338e-04
-5.536188101303498189e-04
-5.569552243490519597e-04
-5.604327394463119380e-04
-5.638956319815959829e-04
-5.668898211483514634e-04
-5.694708136733696562e-04
-5.727943897853423000e-04
-5.770307523886476645e-04
-5.810038582208715057e-04
